10.3713146841449
8.636589802998294
17.48738697618877
11.48129989687767
0.7791505984466806
3.4319529829330615
-2.869823516701597
-9.742340649899091
-13.626554769817552
-17.061586442858175
-14.338621891628971
-14.497051003325335
-27.400579688853828
-24.317800098431977
-22.970438181528486
-12.460130611790865
-11.591344867275348
-9.600116766390967
-22.014534539594326
-9.086106302676825
-5.020020762386358
-12.757681217422185
-0.8118407592294579
-15.775805847567158
-15.924235189989055
-9.889120815860213
-4.698707448659668
-11.10739534468267
-5.3505707006265135
-8.504150273019338
7.9326636133770565
1.1532981351908052
2.418137906370502
-4.0232458262925554
-7.109536634500588
-18.36898749145729
-10.749917378211684
-11.850280773044947
-18.615380628760548
-10.41783909260676
-2.1542691388642066
5.0424924219235985
-11.690518773796553
-7.557507136457183
-22.477186968945013
-26.415307126376128
-22.04532219346661
-22.42449482221705
-37.39920609709015
-27.01787791934052
-32.0641660168932
-36.97382302448243
-40.97828513327961
-52.49064541154998
-49.485004863616496
-45.070487271700195
-36.572427996567306
-36.80831148324342
-37.67795724406776
-40.124904926975034
-33.126424745598925
-38.92934021044681
-45.993598630558175
-36.6688008137343
-19.505127592341672
-10.193036532597782
-21.4045088490146
-18.273245720834684
-12.211162614312675
-16.023373846075494
-14.289715236733427
-14.906286868962964
-11.356797304975672
-5.548746496212096
-14.258376327232545
-25.06194333359532
-22.34863507774991
-32.926468378042976
-42.88749260646457
-41.783920591267254
-39.77219386307519
-38.63499345534397
-34.07809477861129
-32.488030814101656
-15.907200281629178
-14.440022522988516
-25.265315731262728
-14.34856883012003
-13.851354672537624
-16.925798803825828
-19.76005218517844
-3.200547725735848
-6.133213505828023
-24.307084887571786
-36.43274279478693
-38.60805004891839
-34.608308938604125
-34.74759472719667
-31.959850283439888
-39.767133258093075
-48.49723851939585
-33.38167508245644
-41.92803428558986
-30.766431613604194
-29.08951311940572
-39.264925629073694
-28.874959139864764
-27.309223560898985
-23.183900073258787
-9.104831431234636
-4.57549309755035
-5.046887403166112
-14.294763295609119
-19.495807045297134
-28.00748559468565
-29.121144968154297
-15.60520271682002
-8.428513427707406
-8.487155889502148
-2.2500023100908786
-11.128745848829231
-22.619470050921016
-29.833333432906525
-32.00935538648229
-39.46335652286616
-45.177333598821455
-44.63874016285405
-41.02339155471385
-45.252578364947176
-44.06112419020781
-46.57994767047175
-56.181943119379795
-48.50659417158307
-51.71886711009378
-46.303458613681364
-42.21151207899822
-44.7568834599865
-41.66890198446699
-40.429141610936725
-46.42456650259971
-46.08762292414371
-42.98953607208632
-33.58556840656596
-35.323404792111226
-24.043719247889108
-22.105993327894524
-26.23323135661839
-13.905687316619382
-16.092132374808656
-7.462123327446282
-7.986396038933155
-11.959021889368536
-18.663754883428577
-10.587236753976418
-2.6704554266900837
-2.6434389048310303
-10.054279125158237
-7.543880397644888
-10.418412200153481
0.5559727113952146
1.7700938944926932
13.66881950775591
10.715909900124524
11.127706275280916
-0.937306492779928
4.246146477896889
13.237370797138569
11.57704403853859
-12.497261241211948
-5.2413798156980524
-6.619127176659782
-1.5476785049569717
-11.557876432370055
-19.377500227398922
-8.605280625116169
-5.426232231623832
-5.428735128108517
-9.036265350981584
-9.280110813429319
-20.369754576938835
-14.40391758476632
-10.024006616594033
-11.875383201392046
-5.260582434624991
-9.018053282260837
-9.383658394903787
2.3627809312928765
-1.8309797454178312
-6.614417462013857
4.971546821015045
9.83841233825732
5.6427042343215135
-1.1082705463843483
-16.552997127297427
-11.427499827985054
-16.784529483086096
-30.202023958359536
-28.66010888528549
-31.534994685038825
-33.553116007170374
-33.707242572755625
-46.14387638770532
-20.296643597849997
-8.572422908957977
3.089817482159654
3.058664324428456
-5.280690616266322
-1.8706828978776049
1.6240641664059938
4.469001897681482
-5.056676184942461
-5.619101011055778
-4.632390058819323
4.807320466637528
9.828188856082905
16.30864002428969
12.282185421764565
9.573903055834686
10.084534650457883
16.106389684550322
8.571970111325433
9.814057441273542
-3.3156401066720687
-8.464372058267951
-16.872421713529732
-6.55028900055058
-13.033724812383475
-16.381696916992222
-9.478586840518249
-15.598824368035588
-15.611547438599665
-6.268072558445174
-8.77814830548618
-2.491272734955683
-3.4050070455875114
-3.2460929867520423
-1.105496571221367
4.608185706033206
-14.12229187446942
1.0994265720739025
1.3682377298606885
-15.922081573798986
-11.270946038589909
-18.495433145211887
-20.483638031643647
-9.373714823897592
-1.4051412707276263
