-33.82460193006523
-31.992201503901143
-21.11947937546466
-12.095253729645545
-19.44964978261139
-26.134584580358425
-9.601673977772156
11.532635843172807
1.4005254835870096
-7.061777738165878
-0.3322602681722183
-2.943715665176672
1.9538777368273668
9.986440936226042
5.30109097298099
-8.168412122581966
1.33635903894519
-1.32783985684383
2.5066312136300333
3.0921795253396733
-6.60352617582111
-6.557624677746251
-21.22989282404436
-19.85175593103903
-19.718020854455265
-18.864789513048887
-27.78203724393286
-16.850100021715114
-24.16229239631771
-13.958037460414145
-14.001291485016887
-12.505603314424087
-12.67406900982558
-0.8274160109755107
-12.920428326336017
-19.296650862268287
-18.255796507670816
-16.106252084142625
-12.290254995099495
-11.738729737172722
-15.146564885314426
-17.29123908470304
-14.235409584818225
-26.429502538270288
-29.07636536699708
-18.90100217335936
-17.856050951550763
-14.770173591873741
-25.03443459698845
-23.57614853626994
-13.392719661581454
-10.930971529449286
-0.8009720168519945
-15.295907866207273
-4.952828784702276
-3.0064526008310417
-16.433907597001493
-8.288947644969586
1.9969338636191327
0.7793671594621098
-9.58378677660123
-14.918010435492539
-17.43741542558609
-17.833622139500424
-19.597695761332627
-24.874727953118967
-18.91612796958188
-5.856189743290943
-23.08256965153429
-22.758205146615797
-5.270053949072801
-3.638888902126293
-11.474225130401528
-15.972917964859226
-9.154212559970334
-13.144252353791584
-8.511702761305592
-13.39494970414565
-17.317634665197662
-28.938978571258932
-22.68211845404008
-9.646536850274412
-8.711344136456287
-4.961614029480822
-10.487080588623169
-17.803041613597454
-26.07790122657155
-21.69792374650427
-29.854896740598477
-22.36271040510604
-19.864403503110744
-28.189020622910814
-24.81372832938849
-24.46714971085844
-20.01230505919652
-20.13731580249144
-19.63801420530497
-26.003178738390922
-25.406804583470286
-26.095794044001693
-23.94919594180011
-10.359599677113113
5.211406627853832
-3.5058746721955614
8.059832568994311
10.610377636412966
6.563643420928188
5.182762088013965
1.0072455566729452
-1.476402320391116
7.707960216595013
-5.386293511281932
-3.969319114915439
-5.4477781625095485
0.20141145073928374
-4.5980597171998205
2.439949851600474
-0.6578094932749611
1.9370338045795228
-6.366822551766187
-0.4135309606115509
-2.90908056671908
-9.945246014116526
1.9043693974780365
4.893239235981969
6.807686870157447
7.641302255484207
6.501578859900851
3.5648022787460416
0.21704817166375795
-9.778036377992267
-5.96618602414499
-0.7915542690712094
-6.606408708341261
-22.169739147991873
-16.868231038942653
-21.010896654883307
-26.27677173209057
-19.32098461204684
-16.29600792438776
-26.319312060373072
-27.13555832109508
-22.595557519522053
-33.59745128569467
-21.60015572210929
-19.43781441253801
-10.66053610448379
-7.742681355095363
-7.589724721923946
-22.05973350499919
-26.825488233030182
-25.73697239678853
-30.866210428574323
-30.91493163711805
-14.223012453222175
-20.375073196630982
-21.74241930011213
-25.76184605245906
-25.35925122030336
-7.653025870956039
-18.578152730217536
