3.0977487925670184
-0.1451960961327265
-6.263042731809177
3.1746911125842785
1.4124821638026843
2.5420926960647496
-13.39472728875236
-15.083407259548665
2.8090630569915414
-2.7047387984484916
-27.57894827110289
-18.589335191145747
-15.562534017916894
-32.31569981155726
-39.37232024969527
-24.99926133807562
-21.343533813421413
3.2106239471183264
6.670946699514027
2.901472887367505
-5.202569062355312
9.802511104949689
11.429088125301785
-1.3557467405318069
2.1877112283645057
0.6344947208270868
-3.8709554942783577
3.957887732215271
-0.067361898215893
1.7121417248575972
5.419381292923597
16.11986055897732
3.074900178199094
3.7687777575469417
3.5223979140576174
4.982815132389044
11.584466163359473
8.33443485575838
4.551012865751726
-2.9666223418375117
12.526646213810382
6.137935214068855
22.162012345964154
7.127834020239344
-2.609765630922108
-8.069273657363572
-1.8093675357088093
-0.16875901075519076
-1.5476317763585885
-8.238053510987328
-3.3538044124222384
-13.870838547510893
-2.741825629043744
-1.5657995563242055
-15.008308711258302
-23.03522874643777
-10.215571061631683
-7.215551764463017
-17.511604127497293
-14.58112773098109
-20.114896158568424
-7.130919121201685
-9.791460838993713
-0.6306514750722708
0.5149874132211288
-0.07357094526021263
8.180995067792624
6.642014353753249
17.7787141343417
1.3565090899522985
14.220023308328186
14.689049641338219
15.818978531861141
6.512146886451047
6.238546713529716
2.8724271282651226
-0.19203202346106926
-3.0040309346283536
8.02131482203885
7.951287295754278
5.517280015173775
-8.038334218726817
-22.749927654522608
-23.05812720880619
-23.32453214470072
-26.035433754648377
-25.810531587383107
-22.64307388864416
-13.601591897422646
-18.633224937256376
-9.385208959120689
-6.464222796212675
-9.423127394687326
-8.625468529302688
-0.3353306543690656
-7.521421518487438
-8.021958243418979
-11.772125914034095
-2.915650740330258
-0.9123129168809232
-8.665263987864773
-13.788532345923825
-5.976596213863948
-25.49638673490134
-26.38736677811871
-22.974708625169445
-3.8089102923608986
-0.5139349250424508
-2.14207165751631
-3.4609368093636466
-6.28686626200933
-10.764106624242599
-16.470699612860802
-7.182782050416328
-24.366777029559373
-25.113212214724307
-20.519678454653818
-16.340673050068453
-11.393609408385847
-10.64858530132351
-13.163619340010026
-2.9177644610693503
-9.854717407942543
-1.5733531120878814
-16.075978126044323
3.0184384422309414
-3.126363591105885
1.3301189408277982
5.558321879362841
-13.532196914782453
13.354920489937742
-6.129122520172629
-0.9537615280938688
8.298885145738232
7.884105309393473
-0.2432940992967369
7.863523982060144
2.897206561745404
4.668252668356424
-7.9231144193429515
-10.253338892946092
-14.623836279885989
-15.23048022787916
-8.893045036150097
0.07981603921641753
-2.343388639779409
-12.628882809251836
-13.602678610894374
-16.5518210414296
-8.632428542985323
-2.3633918993382435
0.08809204058778593
-2.264843543435544
-19.1164288855532
-6.5186702593571075
-14.299380884488087
-3.1756845711628614
-9.96719859753441
-10.569474367079556
2.0909032850741167
-0.9852886690558332
-10.179757185044279
-3.3138919559074314
5.476961135896647
-6.73378440969482
-9.057002720022057
-5.305737557100309
-4.213847367898713
-5.512995021865548
-1.255709384231403
3.0658149353101933
8.561197836306869
-6.720854472949167
-3.4051069221472097
6.246708202839152
-9.157531626656947
1.8520042341006009
8.709283529119308
6.483739305922676
2.589333536156083
-5.72030791853868
-5.443872719808972
-18.576448352960586
-31.234574111062926
-18.4500867587929
-18.807852608550483
-17.725740487403485
-19.739282327456287
-20.065728160733304
-20.659261492768756
-21.869826744030405
-29.226465415601748
-33.607016534503394
-41.81186634986416
-15.847959968807695
-4.700629526520559
-11.329276955674713
-9.856022430354466
0.5504210402097511
6.512333282816954
15.678609552384696
20.014727579183052
21.064286566248512
16.582553573645587
-10.313122244387587
-19.2756323017814
-13.218476425713801
-3.543223924691989
-9.19430923105819
-26.515133240189108
-29.920216479474373
-29.785707913861
-28.732087165871306
-23.375314668562694
-22.238781509656448
-21.454169784231034
-14.798564197444042
-13.349335780359375
-28.672441083873316
-5.3710074586609045
1.723585018181681
-4.631013616062913
-10.673202333016755
-12.193303564390154
-6.400932723753343
-8.02601603226885
-4.738875012166044
-9.039536956128774
-12.614463492569675
