-6.497562555804043
-11.242626554919033
-24.280898990416837
-7.821905155327058
-18.602060633373306
-2.8899758190639497
-5.389410253923245
-24.03792043637391
-12.688502203570044
-16.02431769826667
-5.080960033520307
-13.122956109995703
1.2888323707229072
-4.996930978586193
-7.536125177433404
-5.660146677710923
-28.471748804656052
-24.70348125722912
-22.65775950995232
-19.96781309450377
-24.016756515859853
-17.689858952970553
-27.591115826642014
-18.85945590060264
-24.736835931615182
-23.291657197629323
-22.559774516750466
-25.039891264339605
-24.869103585927377
-27.09796430649647
-18.369343088407206
-21.859788426224043
-11.393420341516109
-9.531495745934569
-19.205998532074176
-28.43410586211717
-12.89429662225127
-30.556539458920387
-19.691552349727736
-10.479455238196149
-6.410049360932258
-13.847214335000505
-13.991455493843825
-21.241453108616163
-18.07426578869894
-9.021257518256911
-27.14602893936547
-30.289341526350107
-45.93441325037561
-21.36625266495997
-25.354435004528536
-31.601131319663647
-39.194565312539396
-35.504627691880714
-44.02385867096928
-31.51570962982985
-46.89187946588775
-45.681571706134385
-43.79060887305933
-31.83422415081483
-36.324467604420256
-45.52641671209435
-38.81589951851277
-49.53513230620379
-53.546987223035536
-60.331807838506386
-68.714562140146
-44.849707342548754
-56.145954751000346
-49.224804937083434
-45.063964956212644
-55.32562624893193
-49.75067854057871
-34.31378874852395
-19.858510094029004
-22.2664454670066
-21.22285866091648
-33.62786651063976
-32.18397352907085
-13.047916189980281
-17.675455669874736
-14.520514227405247
-9.416870261692075
-10.868588481592766
-5.965339128431397
-12.829918465358412
-4.542531062902462
-0.3745410323109702
-0.9021836166692888
2.1140486237528067
-5.2276664112264335
2.114014454270645
-7.477865311752505
-16.42823356505855
8.506495597521797
5.8559123537555715
1.3594016490937777
-2.86848628595096
2.3249843624510724
-1.7510364483312997
-6.738709289936513
-7.6755184294799195
-17.591513290121934
-11.702709199551933
-21.754489520860904
-30.05672580414989
-43.24439013805961
-37.58463858776279
-51.72201437658869
-52.84608755198159
-52.235196744972804
-50.898698001726096
-39.496871859024466
-29.23993628295984
-38.354494909013646
-41.084387161582825
-24.89877420095575
-22.717872116415982
-28.07258826001317
-7.752611419530277
-14.74730908569633
-5.9708166787026755
11.166726312508152
14.67093154685173
12.441443440928689
1.1544334257698263
-14.070609553243356
-5.282281201627583
-4.948754895466876
-2.1368901554360744
-9.366569591952203
-10.68119758231665
-15.725015072561572
-6.8910547534967455
5.5794711791630975
17.727047227209546
3.623264584776524
-5.599242198869016
-8.216389718510676
-3.8883295303129177
-11.653258220613155
-13.079061308872108
-12.287942387653166
-14.692621650427622
-24.76445892762517
-29.520200386103244
-37.05944462929378
-32.33213311764945
-30.54656685139103
-35.963259009775776
-34.50391887170601
-33.19836418944028
-34.34574919059724
-34.69454009499955
-33.74592365656262
-29.722705635291128
-18.4407929762246
-17.83975137981217
-10.432563494523217
-11.613869842302652
-11.204756235313926
-6.405529434561206
5.481406925284616
8.798797230797295
1.216115519937904
7.251677604852798
7.532302152856153
13.237204735403411
16.5115095154235
16.41764711706195
15.203312754575874
3.5815473647149325
0.5012255922029063
2.7039979463373416
6.411883007487711
7.05439465684788
11.960002589427338
9.6852618561602
17.506358687941425
12.312773535262046
17.684708933490406
8.879846294900489
14.5876302083897
28.55468869741143
17.298359165644026
7.932625970552117
0.16620451548490214
-2.7220983955167863
3.86358111657199
0.1836798820624181
0.7081340485410073
-2.835755352947898
