-8.1836634520894
5.186125825814414
-2.3630884930226235
-14.894307480916689
-2.7933868077753297
-4.550999458945005
-13.278923583724046
-23.8172975956802
-43.484087447518455
-41.38699309718317
-28.248069412189878
-25.603311515843156
-27.866752898174106
-33.69523137411876
-19.392264076136414
-25.320733095047828
-21.964155061628837
-24.559165259690676
-30.90031475646657
-39.33289986798479
-25.77336927334614
-4.9488292848206346
4.524370793550462
-10.195203514233087
-13.876969551496932
-11.914860779417836
-8.179691470398243
-7.051807215588303
-8.471626531723805
-17.9461676643782
-1.7529141619120436
-10.066646446513653
-22.817184193082905
-27.276194731310266
-34.2858496714924
-50.428958879899
-43.917383378932826
-56.229547685120295
-48.323169620364254
-50.59730153382517
-35.621771689888355
-36.23389453870386
-20.954325574489012
-21.38435955817808
-18.949090049027497
-16.28112000351
-12.336151839039204
3.169719894103629
4.954343320068004
-6.018275635151078
-6.651849653310629
-13.981828739826831
-17.23936499964249
-12.209007704002712
-19.868205684199847
-26.610899035307924
-20.392086154144565
-10.993319116573833
-13.553983800340081
-17.63864917262335
-15.90918702897034
-4.027367067278257
-9.461232552846806
-13.570360355684665
-26.785246862563387
-25.622070987483355
-15.316570456910545
-13.108887157391553
-28.148062985354052
-35.945448344144395
-41.122328975008934
-41.45230681212398
-36.7820077361825
-40.79663385150019
-48.955612837374154
-52.8725099782755
-50.977086612124346
-53.66932206180666
-55.243623530265296
-43.93586005003654
-48.45967901722495
-25.89315378819555
-40.001677821243646
-34.10056893157444
-21.40695175337996
-7.499593157729557
-5.055371884612118
-4.540218066459002
7.012433437829996
-2.623355417378022
-8.994240422112762
-7.516454469496621
-0.5922905425520635
-16.261076951510013
-21.650012652451803
-15.640075064173699
-14.485883626900135
-9.335968903152109
-12.335697965869555
-7.8580195676641615
-9.201825495239953
-14.974887421884839
0.23707493927244996
-1.063341835919193
2.030467678106708
2.6278725461364614
-0.1983559633489737
7.5769373384478165
7.992391113505397
17.637563547388375
5.133780245575755
16.903193797351992
-2.045600584117406
13.427469855232115
9.911464658012726
16.366366005156017
-1.5149318143939887
-14.480327389260676
-23.046246367411946
-23.72355740113253
-10.778755980137207
-17.649290367316485
-13.028084292329902
-13.345038643829124
-6.6556605011185255
4.015822608485906
11.138973440254603
-1.6683357038061375
1.9640725195909507
-0.966270255580032
-8.550043966970348
-15.749419889411822
-22.107526483659164
-19.292211269795057
-32.34767776072999
-31.973779725255064
-36.38302226870624
-30.5532916353377
-41.38811968636761
-43.928042177089594
-35.893416338806674
-35.410096933240354
-28.431931342819976
-29.386166418616238
-35.225615587698584
-42.383023580774115
-37.2706193719543
-33.26248034561436
-40.71004729405436
-51.294532072944314
-40.93525297679203
-22.755291804772057
-34.1052238271415
-33.1542544988401
-41.5747551483818
-33.61074448663599
-34.85106719564107
-38.966568055411415
-41.06136233874029
-46.10028574366157
-51.29427488801082
-41.04962236830501
-42.905753460562096
-35.68149882752606
-50.87647796683115
-53.23499590962626
-64.78167248884473
-64.01184186192441
-62.34450828607253
-75.84869661699855
-67.83853629540987
-59.40157180074755
-49.090004731897935
-44.043095675870255
-48.86566947777636
-58.13436818474826
-39.53352672640372
-43.461775218425494
-46.457111003143126
-48.80229440601486
-39.7061803490531
-42.620435702511976
-26.951789250224447
-33.457623018328555
-28.008119451903266
-23.42396573952326
-24.090084186226377
-31.00830583677801
-23.37946190522865
-19.06612460515969
-17.56264725137594
-7.66620826563384
-7.0395545912971125
-15.127829578877803
-14.107491141771671
-14.453624646989352
-21.395350308234477
-20.41816082933377
-14.191209805654413
-23.34207776257045
-21.095275552533426
-16.557399243771368
-14.75420954584787
-21.527715101770998
-21.1433218594635
-16.243847941180533
-16.67733028387334
-18.441720767986787
-5.267071107681994
1.7317285761304428
-9.784550207648124
-1.2987775201706084
-4.84074656345585
-4.690921496881663
