-14.205624638895486
-8.700779169014575
-12.275658898873337
-16.019316910127593
-19.58152300599856
-20.50506435992836
-28.563700143182412
-43.15794497118471
-37.84448349262015
-31.884274343625197
-32.17238829827686
-30.686392930691074
-8.140556238238053
-2.7104866602185083
19.24984833610041
17.48101376885771
14.498110390679884
9.900922607037806
5.7514887177695275
3.601650376337109
-16.140543054665827
-13.568298283953018
-22.110723516935078
-25.33765032153421
-22.08284318580726
-23.425154250636268
-23.02966745265789
-30.13536782709981
-23.103462117411603
-19.02506724601829
-12.825015351839305
-16.62015302690134
-10.583520028952073
-11.841188027253294
-20.319167357198587
-3.218607412910859
-11.571362613704546
-23.124913273989378
-12.817443286884606
-12.461170211318144
-39.949785171430285
-26.63441144073661
-17.501768715804744
-15.298306624759483
-16.771403914733504
-19.19581528364324
-12.894011671267688
-11.860387886613085
-9.26546423208627
-11.453774162956845
-10.766930821019514
-14.070622797248351
-24.116355349822054
-5.746679540720737
-5.70889898898628
-8.423760430934546
-7.0832760597096875
6.1174008150606385
-12.849368800047278
-17.326967067898547
-23.330282433875908
-33.436819872144014
-33.889387180782634
-34.694116758941476
-24.098124907064427
-22.161006415771798
-39.39570762973358
-36.677110754267616
-29.125869312293247
-18.983109811888827
-5.38048209425654
-1.0111973507803873
-11.658603959108436
-12.337601229421516
-1.1317867638298171
5.725239805319653
3.3287978848755126
-3.879921828623536
1.6569097541607958
-2.781039792413368
-10.07969996227826
-3.9843896188596615
-27.59859389942248
-37.38422825293152
-46.07491396273032
-42.84262997504856
-43.20057214732086
-37.92487375170656
-36.059066630655494
-29.76310296874616
-26.574118446497163
-34.65728530221304
-37.44307513943527
-39.89257641203804
-40.56168580810432
-36.575091909241465
-45.690297908442176
-65.599971710006
-58.89494578837971
-68.92478432303707
-62.831621813824995
-64.7244231749627
-60.48062651134634
-38.73749207132792
-41.25792483806408
-44.96450804575229
-33.71851982080679
-19.092892922053398
-24.547564088596182
-12.562602224193515
-0.8330220363985288
0.9036852543739944
-17.60284714573706
-24.601999329756808
-27.533881279541713
-22.002269685705574
-26.800171687102537
-28.678611382418552
-28.963581740964674
-10.42788793494039
-11.370149302476447
-7.5703155448563795
-18.387803366267406
-20.30846280853481
-23.297404891048497
-24.602100156765623
-24.57808329480355
-19.144016408002898
-16.70926413600426
-8.632353046799848
-0.7620616975993383
-19.616242745038853
-25.60363759999797
-24.349472217714144
-23.1689284178854
-14.042368763298535
-13.06054934662536
-8.629417408575607
1.7756077540726916
-6.678545884949497
-8.767531691821418
-22.470086958067007
-16.059695807548508
-18.21717208155578
-7.4894253783176055
-13.83329565204968
-30.95000121488853
-37.288270446420604
-44.381056831818135
-42.23396213855556
-45.10035871975282
-26.372048686874923
-35.93030334952801
-38.67923857822082
-22.263858311927237
-10.308360641851717
-19.803380153962358
-3.7098366471933377
-5.492436864749879
2.3387505426857347
-4.9455190038273535
2.772338006836514
6.9515038927941415
5.137674017034005
8.655599510192685
9.624297476013318
16.80919782590231
10.52267089097689
14.572860836461885
-3.7288743973996734
4.094302206179768
7.88679313804992
10.058350926202401
9.764341915703259
7.50436861727878
-4.133520003171072
5.7491076557874665
-7.5051254685023725
-2.958658411998908
-8.759489550926673
-5.780579980197129
-6.127574714539444
7.261513778342827
-1.0446254153041843
-11.43398323405635
-10.843442787175968
1.48149013487524
4.4509284535358695
15.672520129803539
16.495034888527687
2.0282148320298927
18.523453597905355
12.010441520461535
7.124057973831443
1.9390918722784296
-2.4982786804801242
-9.569203292554107
-19.19764316159957
-19.345677655730274
-31.795766590594926
-40.4454786164247
-25.22278503827139
-33.67061189560565
-24.86615434706261
-34.446524383345704
-37.20822405068554
-19.583667556119057
-10.294988418338534
-37.97698932816368
-29.05471382052525
-12.758771603134436
-21.609242474115792
-12.507868027430794
-20.99018526769508
-16.08432469583797
-24.86044317365266
-13.242759383096605
-14.659336349951253
-8.003969003529589
-20.205054772051
-16.466684452267035
-9.603432139172993
-10.604319606263518
-11.068906702609294
-19.445296909419497
-15.24223753238843
-4.328577915886323
-2.098159075266382
-15.331364984711357
