-19.276361839549033
-17.38023271947047
-29.01725300911349
-21.615100451949765
-14.655593309511238
4.954780638882128
0.3015126025095272
-18.57865528912533
-18.24207778836586
-12.379528923517931
-9.284152370516654
-20.77758133719416
-22.51998045058384
-28.450315155841583
-34.66300638043758
-42.46549753774332
-25.741691457337
-26.499341414299533
-14.40241870424927
-13.43068558290755
-10.588177500379134
-23.602826280319466
-30.056026426797462
-33.81427940377385
-28.779456810208544
-26.868211831849152
-18.70335318410633
-22.839916743927255
-19.877196362354567
-31.43878578291768
-23.41004380401366
-18.97725199940964
-20.17447073271589
-26.23139840590962
-23.65065832040986
-21.688934473782336
-17.959901139888483
-9.30239687465135
-14.593049548663547
-21.109190420987968
-27.04102403811545
-31.315151614357802
-41.41360629106903
-42.56357064147213
-40.45750369278393
-39.13990065537422
-36.682154693130116
-34.49253961575367
-34.30974907771857
-23.28840529595498
-11.153270292530658
-14.922700159245045
-21.993212670454675
-28.59073605107824
-38.05520400679842
-39.310196784991476
-42.071029186072685
-38.13779031964883
-57.45111067201334
-56.547285056102744
-45.34576109130133
-34.102510039433625
-34.72026065485517
-36.75596841647406
-42.31843904107336
-43.97164119084728
-40.455020252113904
-51.61378682783679
-41.911519133846326
-46.32846065738181
-34.83804089699371
-40.11310556959126
-35.770461646991684
-44.91139533825717
-40.29049998851253
-32.667607531271514
-49.56594212586904
-61.841264591685544
-63.50530533150757
-56.201829262426386
-57.38777399121469
-58.60629812587694
-63.01375517135868
-53.564362061812496
-32.879502571596475
-23.806439587570203
-26.94904576935509
-17.160000652054812
-13.99719034396828
-37.238725684594094
-27.25433565847144
-28.237735828636133
-25.778413179970897
-26.65843981003629
-17.907362222966785
-23.157915014387427
-28.624159478683964
-30.4476000677321
-34.55036185063753
-24.724328294130746
-31.54260019750258
-26.752794954666385
-31.845433901179728
-26.401370436322786
-28.51842983606119
-22.550029943264903
-25.730286417656522
-29.494651249049568
-24.09083128732456
-22.362720945037733
-14.686447068023135
-12.650299692317624
-19.572825179535123
-25.507105654451546
-17.400032428346492
-29.33554786438342
-24.177964874938198
-12.142189487247233
-16.832909876677732
-31.433342321229897
-30.66654201135566
-24.74035315315018
-22.13284630640985
-12.010977988589802
-24.75391828820489
-21.87681918893014
-12.597341310620436
-19.045277750460308
-13.555891242362067
-29.48311985809147
-22.605014925661987
-29.873585686696003
-22.392409021392627
-19.28927567201937
-31.84027336456837
-37.73125734390649
-42.7885082462019
-36.20516065144411
-25.87751936167308
-22.4440603290945
-30.691416744234196
-24.285290087900787
-22.523423060684824
-29.015116546687427
-34.884900780041
-25.788956605059393
-34.03186177397116
-24.569811730746107
-13.314249697576024
-8.849066735128165
-25.59150934577541
-23.65837456018189
-22.069948999445575
-26.978672077799807
-21.288402772303048
-21.455082811931078
-20.40141894568199
-25.57025179300673
-27.63927723015692
-28.6120205163304
-27.04542619933207
-23.18216798445005
-31.291679980787894
-34.90237486778183
-37.70591282107448
-34.022544007031584
-28.763754700176182
-14.677628199847966
-24.437816593211842
-32.14429988334513
-31.14493499285919
-30.90646030305583
-11.091656128002636
-6.177698155244241
-8.568916558205968
-1.2229849825960144
-2.2090614602950587
4.0842241523258425
-9.673000111621787
-9.75108774746173
-17.61544294940955
-18.32310915304313
-20.959166749635692
-24.407802110905326
-40.833153758320286
-46.271967576414674
-37.44340979058156
-35.62827500523017
-53.29261882120049
-41.254079524449025
-38.21180595161396
-39.357729259938466
-24.12048763814219
-27.322494902609115
-20.403035235740052
-16.688158008346043
-30.33496808013135
-26.593795540546605
-18.53810579712469
2.8310260636098654
-6.099438500997588
0.5727293872949454
-2.016518752490023
-1.6785100844527785
-0.2717663727411791
-10.184929079251862
-20.42416183808278
-18.202545791293527
-25.782691326537343
-32.57935130662144
-26.38649921803453
-41.324741369804975
-29.303976296969736
-35.03472642513845
-38.970242021832775
-24.967713838246627
-39.51666023173305
-37.36848282828398
-26.32735446559659
-29.68627571458675
-24.506413526411013
-29.178988520825662
-32.56086775337878
-25.973524413811287
-26.72144368264825
-31.61001663411373
-32.86899788339803
-34.02859080960892
-34.593878663405825
-34.52014339484206
-32.18208607708251
-26.915540541456128
-35.2156800612387
-24.99273445736257
-27.760834527473754
-22.26125523450284
-17.318089765105118
-15.665934726730551
-8.420462907463119
-0.25664833858070163
-6.263315223011079
-5.8308849063555535
-7.902882498066645
-8.527803549223206
-0.8861033590696862
7.765665633356107
2.7744874141815594
-0.6171207526700672
-5.414298343094028
-31.64557463759251
-18.999347281688944
-18.98032142917601
-19.2852343215842
-11.878012599928887
-12.390824486853258
-23.93587934763351
-17.513174533519447
-6.486187371515781
-17.524821484730598
-9.647419703701928
-9.020940006037849
-6.407725223990088
-3.623772094896857
14.470304557095385
18.26676689684148
8.97913576661545
9.578288826156122
8.62453038571299
2.1006510197328665
3.5796490126042104
-0.7494792543473393
3.401504398275033
0.6979185018502547
-6.581022837730131
-4.431593665973404
-10.245255758139077
-8.021500543630582
-5.498978869210012
-11.358225790332938
-13.661440940957153
-18.168825637582078
-15.257226863748839
-16.11314328304757
-22.58795988777105
-15.606874958078318
-5.4356014125189605
-16.033038640672707
-8.133026746264957
-0.5249120066396471
-19.921026808075812
-17.40677060459151
-17.59920189916452
-11.06925372339728
-8.642447609861922
-16.777647263106232
-27.89694513633005
-35.777441179071275
-21.185687155515907
-25.72833789084509
-20.8414307835653
-15.953035734448552
-19.392656960941025
-25.543899401433386
-4.14291046439193
-3.0436785295397613
-2.5035518244435915
-1.8943810031238484
9.135467547644547
5.225901304879375
-0.8677797960564201
-25.464906611799268
-32.80654300536293
-19.068650623588837
4.222590284724486
-10.188293423826119
4.258015263017535
-6.37685635884355
-12.091751836803624
-19.377632062051138
-16.33347252494998
-20.86230058747705
-6.141073558298067
-3.0055422713600217
-0.5723628379958796
3.9436281637205526
-3.606061296026883
-2.6708519214474924
-0.019820508265360512
-11.677398070602727
-18.283993583549854
-18.081805998773675
-16.185040171842562
-12.151663377318327
-7.667832406245411
-2.5428646538415216
-4.958929027216053
-14.63031977734849
-15.235055768385726
-25.287103405409326
-24.789801369756827
-17.31307587796806
-18.644297964413184
-15.012007644121278
-13.226824097268402
-6.7212277970373275
