-28.90129478791688
-30.14789422764236
-24.639118004074593
-20.367058234588686
-9.137053669422151
-20.96254944988155
-11.851780204560947
-19.021355691257085
-5.406110208805614
-11.901735376619074
-9.363305675796596
-6.854871179136749
-5.795785595064883
16.765130977992403
-4.903223336470923
-12.047137514484714
-8.133986237848625
-13.084268021535534
-3.36931888688299
-10.378474596880874
-6.325654059563838
-7.7169291414614145
-21.15824691225876
-21.104648202216577
-17.744402603015835
-10.394848132341398
-22.45431282547167
-30.907731838598558
-34.90371047301497
-20.343811615499426
-28.64745419117277
-23.67492228867789
-13.692857712203825
-13.542439077696862
-14.866566889258873
-5.469009893597522
-8.128623731235855
-15.854955965039613
2.733086186928072
-12.095587756009696
-8.489785250440082
-14.953932673666385
-17.444204054737018
-15.580894673143703
-8.442629705993973
-15.559079209690614
-12.629705506844466
-12.129501091137644
-20.562788410236877
-14.311930449630307
-6.784839355653683
-11.274552739265296
-11.975111161537956
-13.149285851733145
-10.058674966274353
-5.794151313160901
6.076453763667563
12.261266854619045
6.735861827423637
7.8477552306361416
0.6795744365949653
-11.594419780874007
-2.1000693090568308
-8.970689881834616
-11.21046048254913
-17.394681174699866
-14.863785567461715
-2.8731276389158302
-0.8172187659565552
0.21781127036304945
-4.365697192549907
7.790950394707682
9.875688588821447
13.290752004311914
-1.6776405018399894
2.5342530452216567
14.250071698693276
-0.4010470308396852
0.27713510443951056
-6.756886109160651
-8.248232979462196
-7.808877556653532
-8.509436458096765
-16.544669491382813
-12.062063825673444
-0.3446162991787435
-9.842286502042217
-7.173110922150173
-4.023601317860529
-7.20991685933471
-12.15800610826366
-16.703574845564695
-21.830823662893682
-18.58054275516467
-18.78889166844728
-6.264708553710553
-18.353999147849425
-24.607416845879268
-28.29653329801443
-30.125853999539114
-28.640889295830835
-19.63589521498333
-3.646438282864716
-6.394893790087847
-12.14346931908026
-0.3042743592086376
0.6532440183074556
-8.347549140257538
-18.624470855508523
-14.594791087051563
-4.060805421731197
-9.72464665839987
-6.541584612895241
-1.4980610390133708
-0.23242812869495946
4.992316172867653
2.734209972104812
-1.3335243127012948
8.60397748672
8.247996223792452
-2.651670275443444
-4.320596918135103
-8.320145055283472
-7.624392962393503
-3.3508518151962616
-3.4150252416944333
-6.336641373047176
1.79187472464284
-2.896169690072726
-8.370962905956596
6.9741141399218
9.780423702726289
6.722838988791593
2.475832995095088
3.6374978755667713
-1.3246667060812671
3.1920906860767477
9.217104965300086
4.010154307532122
3.2950645231586533
1.6423758975978453
-12.20167200282044
-14.281400914778345
-24.72738192947803
-21.656109172739445
-8.62533783355446
-10.73353395670052
-12.965651449947789
-15.655910733474547
-26.75479440595982
-24.37113188245957
-26.115125844263893
-27.151376744634103
-21.271510648444075
-16.519696202695613
-25.689642087132068
-16.960308065452303
-15.561084931680126
-33.99948791331965
-42.27806312749264
-35.08646119638801
-38.42315955584524
-35.45057965701531
-40.120333220949114
-35.099061592323054
-32.50557900778984
-32.63475494830232
-29.871468004064194
-31.006008644933004
-29.306421618562442
-38.183335732360796
-37.36863911050282
-40.4617235336129
-43.92443229249602
-25.478718648789354
-15.189163370879982
-12.174235103321314
-9.16609868009102
-9.84380499261356
-10.659158579021103
-17.413995895584257
-23.16643281651855
-33.414600350763415
-23.900398369338713
-29.715648445472784
-43.3009321926206
-34.28887619471079
-42.57384042535893
-51.31101881277064
-61.759227524241865
-69.09163466724857
-59.96941444353322
-68.9413367138019
-69.29113261761151
-52.877724327964145
-52.58060331639239
-52.61673748305507
-36.93969336543681
-43.53778316036344
-28.12091589437491
-33.92559257120413
-28.67993342449142
-23.72079630918992
-25.113955029180318
-8.17035087389811
-14.736084333217663
-5.6009954226742185
6.743845414336928
-1.8158651956738223
11.863153701379128
-0.36965307436096784
-12.234301108474744
-10.91535650296236
-3.3497765064190346
-5.316532340418068
-17.670300617942953
5.390568013679781
-4.451793485024043
-2.280049632120161
-3.2236810699076663
0.07360438794700727
-11.428462785341349
-8.727884346811129
4.900375291386044
-7.048861982809318
-12.138759175290875
3.3020921491473345
8.406707679750925
-7.960806210005237
4.347256224970395
-1.7192657342016846
-4.207374474160335
0.7010397781850985
-8.15423766790108
3.4141383006778727
1.1326408391047615
-11.369860057277913
-30.33090953093904
-15.97921460255204
