-19.377697012991604
-20.872506347339648
-17.10186563225227
-17.904074991300252
-12.799426351589556
-24.140972106151427
-18.853075911156907
-13.593536054802186
-9.677744419545501
-15.01986824011802
3.667503548627951
-9.613375345759081
-16.201679738664698
-22.600653592934385
-18.483715616750256
-3.442814951818129
-13.710240239366893
-6.907374887999582
-6.8979125915546815
-10.226641569365627
-25.9108773744462
-21.5423517261618
-19.332903735743447
-10.807433746431546
-19.631840270628274
-8.784219800958638
-21.176061297148824
-20.938636466914712
-23.976430786928486
-29.50762016960597
-30.997032730445625
-28.122225630575482
-36.2844119850456
-34.917759433635375
-30.54596063504525
-34.55710786204945
-45.34745729392189
-50.336862880035575
-43.570166987253245
-32.297388058896686
-31.665597344450074
-23.42764090825665
-26.788054287081213
-18.416231373752748
-19.433496840190653
-14.419142075968956
-20.297946375301798
-18.02557897647374
-6.614416257006214
1.9270101761666587
5.275755934424586
0.6184613896537732
-3.6540630270922883
-3.607816629127956
0.5298172650005003
4.724684058125999
5.485456754540506
7.322520434195727
-1.913496753639208
-8.987885908992414
9.100134991248344
-3.892610341436448
-5.327638155442731
0.6897050294185464
-1.8179201561498304
0.756206060180559
-14.359190540014056
-19.40917036299021
-27.433820821365646
-40.337314852303855
-33.55409260216278
-40.64646465519431
-34.94344525070455
-22.891483446273337
-28.300614590249893
-30.077525208414578
-22.69073204827733
-14.468812884472765
-26.0762298862256
-15.193477187633867
-19.74829099826604
-16.506509189040045
-23.189353310758538
-28.275067800356297
-10.989928820804694
-22.46694977149065
-23.063984004972568
-8.773419642791755
-5.570221451837914
-14.592912660352786
-18.354890625352915
-10.383513344815107
-19.001843405148726
-25.82095325133342
-28.764743898673093
-39.71316258980689
-53.994305000255395
-46.227062123791114
-40.801431375929496
-34.94435513936545
-45.00845276956677
-48.333844028058635
-47.2166185056804
-58.14449537781289
-36.44116856636185
-33.78319162694821
-39.305004762635996
-42.741112148632986
-51.18231751989629
-43.934954793774615
-37.88081685378739
-39.05466033010007
-50.14251846448142
-36.10292902362127
-35.72253044951931
-42.95328749954527
-38.776654625366774
-57.32157577831526
-62.19345370295574
-64.79109302018293
-46.73242672369162
-40.19809323012749
-32.13624408471581
-28.235464552863487
-23.74189623132215
-12.936875503450546
-21.06406653870471
-21.16796301256161
-11.730235485163364
-15.024822460978625
-18.813184225991858
-10.715255923370767
-5.556979110431959
-6.459377891357063
-0.6697062667289079
0.7988518253521174
-2.2045609493442657
3.110317757771239
12.724500688956375
17.872568226443494
0.6596355235515733
8.277029509653241
3.5262536461469565
9.248806932266977
16.582518007579324
13.11415520881867
8.032000640550788
10.936963479258774
10.382434289608742
2.07521336925886
3.398828801245112
-3.790439021934057
-6.648565074470025
-17.26447980476497
-12.935556781815876
-4.727701940270026
-5.3067013271886365
-2.6088365663144075
0.2759600088760292
9.52734730368845
-0.8487841133141159
-28.70375696818057
-23.93224179941936
-24.169018640934286
-16.71662542510571
-4.035656739847698
8.77271418524741
4.491720512813166
13.714992046511538
-0.3733632633455349
3.2065989742498684
-10.08301261520532
-18.85653950926097
-12.268821417205023
-18.10651848037859
-15.765300594621008
-27.58265522618101
-18.78254497331673
-15.976905475636814
-17.901146913694216
-9.149247236667083
-13.042518459708278
-23.577641773381075
-41.66017447362602
-43.22869240645461
-36.3269850894246
-41.663030724539155
-41.76315222806117
-40.69279618860257
-35.07140109587739
-34.44709455421363
-41.431339331721134
-18.76983522043303
-8.97179323538773
-2.3714979152844267
6.121833937420559
7.593506334370741
10.688752839341698
10.819167773705473
6.080267980509242
0.11833060772943092
-0.28463404937183523
8.700167288152876
9.000694700962498
14.292098130077775
5.4256319703358
10.202949547467481
10.551738877101329
4.717193280959676
5.62068838512459
39.01875999510261
17.364149089911148
27.539225812249352
23.11165735482432
22.275039546040173
26.23039020025515
23.631128280703038
11.304746561121359
8.385332424100628
8.857425251645505
-7.971747541899716
20.082082362626547
11.342141417676757
11.879007279918534
22.654122295545786
5.0276639079121
13.216226936222695
14.027641146400844
5.3044570401351265
1.8169130416347763
-2.353604003032794
6.820337138154796
5.840145459104371
1.1292823972099253
-7.390176608397624
-9.420923150393346
8.219023684515788
-3.775169788267339
0.4957743475570359
-1.2555697961608965
