-9.974658988199383
-6.736659362540705
-27.700598370167018
-18.647332797626554
-8.860087753613932
-12.643097879062324
-24.315790419150662
-15.54197441172587
-17.080327880982985
-10.078631929902873
-4.925368479055697
7.318624563657822
12.772203400663386
8.305275271375448
18.610874008375426
16.214656452733696
19.50505626637226
12.620564291815695
27.43445366166957
16.624328699415386
7.702729303946091
15.731660106230418
-11.193675119175978
-8.5460921447954
5.667515755248492
-9.995150863138461
-16.214295871957788
-20.74949755564181
-23.461791161424717
-26.10517426278101
-26.597653310543667
-36.19025498397309
-41.5494468353796
-28.035384479234647
-26.60597032910361
-23.211912450479627
-36.15124336291987
-24.54848377055658
-28.09254253091495
-41.23459793671896
-50.18210233955061
-51.26741441792322
-59.120033772573755
-58.215581315120744
-57.04784352041562
-42.03941801818751
-44.55012924652593
-34.535094440579925
-17.17145970828972
-13.13935283406882
-13.864119181823886
-5.670691798370488
-9.537280345794867
5.734033420362593
-2.832999079066449
-1.9894873938694408
-4.954360773242045
-5.289583072919126
8.030527227083526
-0.4713182483634917
-5.042466529589351
-13.459177482250494
-12.498305355404124
-22.312227446919522
-10.524892012806317
-7.111738146591464
-3.2594577689853597
-9.482397300181937
-8.663004279759626
-9.448656408752482
-6.4093591810578
-4.05446309192154
-5.599296009629369
-1.4208553814699234
-15.481475606964679
-1.207377594417772
11.682760836277206
-2.0295893203945674
-19.408970787623545
-9.261182234938637
-14.855328445266824
-11.781028495586936
-11.644229955851507
-0.7174051649436809
12.462159507240452
0.5258769475272295
-11.047331654176695
-10.46962835429944
-1.155128846367574
1.8564459598235148
-7.421520625475908
-12.735156370769687
-8.294900627384301
-16.895805486838523
-20.47557289486223
-28.18454074200933
-13.08369237351772
-16.399072497329556
-17.684104425615413
-21.057329968012287
-14.046773379638276
-15.800757068747671
-24.13592222005557
-25.311319741427173
-26.36449438921005
-32.47581129813492
-30.139836909801144
-36.234808251899686
-27.927033100822158
-34.93623161860152
-23.058494054956988
-22.236876130987607
-23.86848105219861
-41.05694436730267
-49.09100195874278
-55.79548091219525
-44.584429630266285
-38.47847852669349
-36.23774698690171
-27.874670432965946
-38.209785164399406
-30.051214363556305
-31.062434123949913
-34.64513785341815
-21.60476242383839
-11.918459116827488
-15.640294363452014
-29.21522700800196
-22.01351878915339
-30.71562268533275
-31.286215473570905
-30.059684001558914
-29.85921111760713
-30.473563871114568
-36.441177228576606
-45.479830137392426
-43.38975895652664
-30.112083192686402
-20.47489824965539
-35.19125521540306
-29.292872049798394
-30.674683872130775
-27.98535990640308
-40.20266138443896
-33.70999288792426
-33.80098447331378
-23.53492460262394
-28.668151137837967
1.649331056992075
-15.896671553042193
-4.141655593272303
