-5.8252697429463005
-16.365424775242552
-12.699370279690676
-14.550526060797555
-19.852347127832715
-24.646820117454613
-37.69354051451428
-30.766887680277144
-34.66356381638506
-30.457238376896548
-32.449878286823385
-18.878784278655967
-8.217349048224717
-13.770165267951029
-16.66686268426698
-16.60503883980163
-11.203968962319506
-6.154679648142428
-14.028334238990496
-17.737656770064994
-34.99574897227612
-27.855398711457962
-32.684965405840146
-38.30449193481602
-40.93985287463593
-32.825285970656346
-42.24573522124361
-31.087698385749828
-10.20135510266142
-25.435442081737637
-4.739479168956669
-18.733956475086973
-6.6037153087228875
2.8662778579181603
-9.8004105955311
-15.687199952342384
-17.44278210637187
-23.646703665590426
-27.862464279759273
-37.79407968687976
-36.61839657794819
-34.31390910942646
-44.16806893549398
-38.62032459394808
-33.013117682043834
-26.46121729484592
-22.339796440013753
-19.97385170841348
-16.943112822593555
-21.23956269526866
-6.026190826701593
-6.715712890493668
2.5964784132539145
5.2063832035828135
4.7239925353640215
-5.0010503705545215
-6.107452989415947
-0.8624230965803752
9.223051149902787
2.689075793726888
-5.375685295040354
5.724934973144088
0.013517199465031752
4.672226562463639
-3.650872105144
-3.998287775756745
4.296714246087825
8.000704391094272
8.774599888680465
11.523146552179945
5.888678852513332
-0.09512826048485866
0.6798133879122494
0.2456721987341376
2.273201730255999
0.009741388717704974
-14.976758120766375
-14.165075886402207
-10.821973211367848
-5.316012194515436
-5.996657573215946
0.18152469414021005
-0.8519106003079223
-1.6403846382292393
-3.362475580100025
-1.7661740445486087
-10.563656998387293
1.3045404063338584
-3.9057395437270106
0.6845785428078016
18.105081552233628
12.184780568255427
14.296996212267834
5.033161954856225
0.02736898178762797
-7.948162383058487
-3.5870849668452167
-6.3407901608766375
-8.454451092222946
-18.356596629451566
-11.455084365146408
-11.071199885599828
-4.076354433230784
-1.104962705638076
-2.19510806665415
-6.2205552235597725
-8.656823020258098
-7.492596857547118
-1.185399887770746
-3.111906702189757
-5.9325844248702735
-8.227069164706002
4.780017594463278
2.779816867902837
-3.662184123834655
-9.82489116301009
-8.3114414087195
-20.17508895045812
-10.798205330306123
-24.16806614093143
-37.86237176425829
-45.42968919497746
-37.523069588951785
-37.98604119503232
-32.310258852656105
-34.71149634403233
-33.898345702687934
-40.669877269261306
-27.87295851809405
-30.567257955205584
-27.6868503513816
-27.85539800121838
-33.834973292252165
-42.3422522124261
-48.44689723388665
-37.760541528348796
-20.003401023392264
-18.28818043368488
-21.221042433703264
-29.664805793134324
-19.20202447018545
-9.623787774748768
-12.916034094554865
-20.95738652371229
-6.7894316218693875
-16.157752984685462
-3.758409354169896
-2.5818751990701783
-12.720762554702342
-16.404562295783606
-19.469693613305644
-4.808998808131961
6.952984886120107
-1.1036596446513527
0.9279057115884896
-0.09601241190861598
-0.8417400451017042
11.872431494985776
0.4096552999233864
-2.8864169819872423
-0.8741380825523667
-11.094861574796012
-16.929669969611773
-16.37551443352791
-4.7148088185415995
-16.27118838085041
-30.844599314387327
-30.27922068971848
-29.727821113423392
-28.30252874441091
-21.945197480568556
-24.923654542004023
-12.202111950096073
-13.391381504501936
-3.7004077148574432
-22.785294845949878
-35.37496798015461
-36.060422820030176
-23.966523133678784
-19.839831760314887
-19.444358343801433
-16.392982801619524
-28.73527497584435
-14.9422446524326
-22.420032743468127
0.6653009439314864
-0.5652332053065687
11.634713609836915
8.726983492109866
8.743688410466419
11.318518361253558
11.798675406501946
5.496824707954247
8.731075765331928
9.387098032042946
13.547416696135027
9.608687276744648
7.094996805509952
6.6150085302340615
8.845317096718516
-1.2983436814570395
-0.8536676511846661
13.432414795137058
-9.03301036982897
-5.641994142699504
-8.310978691633007
-0.7253198711469271
8.884281957205122
-5.850945871853372
-3.129593179044101
2.195513158378515
4.4651024611487005
6.908259150874875
3.2107655954366146
4.20317202436602
-5.720981599583702
-6.964666014855977
-5.26668633498267
-2.8493947219398814
-13.9101167850823
-10.471326621864751
-7.822554499969954
-27.00135072825303
-38.558296376264565
-43.0197726209548
-26.684506447536677
-17.792118008619575
-24.195270497841737
-25.10296939978025
-19.884438659025786
-13.909291436670538
-14.880084668697105
-26.689163548299977
-23.53416739615573
-12.98193433126148
1.1908958413146933
-15.372175197388716
-8.88312016874361
1.0179442234377496
-10.946265259666983
4.6767340670320925
-0.060856557453709284
-20.097494985075983
-15.531896007866905
-22.2017683404186
-28.995439832522322
-28.905838697503157
-24.987976993040174
-23.893242801020197
-18.253538540159973
-20.49595323995548
-38.14536054929805
-35.226427308912136
-34.929075178192285
-47.07073558105012
-39.76543188773693
-40.64067773377005
-43.65357260725879
-42.73898830868863
-31.29742394219652
-25.25283519386291
-31.429988008763853
-29.705350009346965
-20.058137450758487
-30.603379385786962
