-0.8954793543627323
-5.919496393445103
-20.95345671453983
-4.596975557035808
-13.652141102290384
-16.576003475215234
-10.106067590897716
-9.72905649387782
-1.2830352134374172
-5.265702277996653
-15.199043938101793
-15.071423523923722
-4.974356185964414
-23.25977243824977
-19.99249823290319
-29.220950471847953
-26.99786429185514
-14.648467309379404
-19.827330563976773
-7.205874541698713
-24.29070143364832
-6.907010450519135
-13.394183231003735
-19.029050477753234
-18.295873812435204
-7.250805110865329
-34.7812399007971
-21.358526631276135
-5.571542389721104
-9.970714197330274
-17.807818458915648
-8.081679299300541
-12.045285558489411
-8.057352379820879
-6.358806307954241
-9.473000965556286
2.2441841863000764
-13.615732634459867
-14.599587871607813
-8.996799219790363
6.483036465601168
-0.5480903893188315
-1.6390079219516127
3.2118899843918336
-11.952324781705046
-7.355345335461181
4.976785930128945
0.3090354368155012
6.98464983270441
-3.1590180198984776
-8.306809268640269
1.0502774702519857
-7.1899453886240545
2.142911009063193
5.75924697002891
-15.797822198018176
-25.533655283597497
-20.929380613379273
-8.571092063908518
-7.47135734274749
-24.55499096738473
-5.392966622888697
-7.502279978328816
-17.42489780684322
-13.621927295193533
-19.921265122300465
-22.192150670204374
-26.86207823657546
-34.959044249295445
-27.96117789907041
2.4089716395520275
4.828908972643457
-6.320893572630283
-8.634691523335212
2.0806727951533794
0.034623957427646554
6.00096720127147
-8.187490202749704
-10.876138557021171
-10.97873205823482
-13.07496556949236
0.8976622971549957
-20.241520864378018
-21.012698260646857
-28.41506841062465
-31.892596836539973
-29.418255702643048
-30.060134171769057
-37.2863684003605
-33.315254121014675
-50.048376977909754
-41.90011212010207
-29.654097892723666
-27.08339390451739
-37.84562029273649
-43.78450700430914
-44.682302733302066
-39.98502001016289
-24.957508720560824
-37.258289493372594
-35.736189601353786
-28.214579171423964
-24.929337889149195
-38.91199359770553
-26.426710684289688
-23.155239730078364
-17.74079482794463
-20.76607409239228
-16.01661566570387
-15.953956332188607
-20.727106539700824
-21.57226458322109
-22.63111802875409
-14.045294567459793
-21.19321102960095
-9.720325992989967
9.634843218732806
1.4361733607508147
-8.444816137657806
-17.70134130464366
-19.804522493536783
-13.668721320241435
5.9170650225043495
0.2740570647949868
-9.77372760385528
-12.097433310809082
3.5137285935952742
5.39931897760247
0.6623168477172645
6.7364755048905085
14.960620705690973
4.708376887624691
17.34254064276967
6.160188076111518
20.051095420280962
19.313726529730168
14.87292771796832
9.724062978489293
17.07554806670354
9.57807131260392
-6.279543354525429
-10.268401271400721
-9.306796161371162
2.6921721627091895
-0.8287110194574397
-10.028437372430133
-6.70750558325827
-0.8583831570035575
-6.748980107511076
-10.394322719238694
-13.39806227793892
-17.399028908099062
-23.42885158074774
-24.07687775202992
-18.676289703203484
-20.44187470637076
-18.86846953909428
-18.952640707570122
-14.378959488829393
-16.2453453106928
-8.055335838851128
-8.901707284086585
-15.755618975643113
7.318525625603178
-3.515370368499409
2.4478151855415518
0.15729951787224952
-6.913943310470857
8.013111606852577
6.510673222946387
-6.394515165028894
-1.1979652664731926
-1.6201318599590104
-5.281438399523762
-2.594818171141709
-12.788929510604602
-15.003603916091421
-9.818037041055266
-8.228712636579852
-14.387444241261726
-28.898475752083744
-31.38103867651153
-32.55530452099709
-28.484792566560103
-30.817416764794466
-24.07543114579255
-48.25501222403346
-29.91620787105598
-32.72159344001991
-29.24769837067016
-42.967531888134964
-38.907465040733655
-22.94145419190548
-31.51640887601539
-29.113850959797126
-32.939988769158894
-23.156461056451263
-34.75002390073102
-39.70556017078085
-40.343494870548504
-42.90496110503915
-45.289897215376705
-48.4297582515636
-44.20420790268017
-27.92111960179817
-26.55141261348814
-35.04447415614606
-30.311352858017393
-30.94742699962368
-19.837884833838764
-26.527784220330616
-33.44468175108599
-25.737088581694646
-25.347235785639487
-20.938341960077363
-29.476898034288048
-22.756986404576896
-26.860727336595534
-19.919239288046708
-15.591397511001697
-20.015757409360766
-33.84213096382012
-31.418337560435194
-26.893917347925377
-21.358970397935863
-13.584109367868008
-26.116238828718505
-21.65340831281836
-19.09817016043323
-21.086605970866305
-28.394783295866713
-17.42081828650814
-22.145523168111435
-22.293913130912948
-11.184545259093314
-6.890504588852654
-9.494111825655505
-15.204721619516055
-17.980339629846473
-12.875034395988582
-25.011293667087394
-26.520220588896
-16.80923279807688
-17.807058064561726
-22.82623151203511
-19.781036767774726
-15.969320700386284
-18.58805586792828
-26.964650423735126
-23.18473085195797
-16.303681779475
-18.132947317823923
-27.36813403934645
-20.007462303429627
-12.76531793190572
-14.695902360530253
-29.95466356929468
-21.559180140348982
-11.01243850060346
-24.247931862756094
-32.0778664867472
-15.2700469403654
-9.935328583611566
-29.315199278301613
-21.4795129959193
-18.497146063418835
-24.949854559507035
-29.694501099442125
-30.857469661011528
-41.818763381639684
-31.069492773493057
-24.53210479729205
-30.697856422890663
-32.386519514834475
-39.92534579120689
-60.802399176316136
-60.9434910186956
-53.22789945458037
-35.55660838733472
-32.53830687157814
-52.95867778154711
-51.41253776529472
-45.691621431854
-44.23027516054204
-52.63639388592164
-45.452307618588065
-46.4345700591744
-44.598123888584375
-43.971566103309605
-25.670366878614512
-12.915114687007554
-9.855233327767918
4.211707400623626
-14.756939973460831
-24.553032008784033
-33.70585228533506
-26.004182256266432
-26.371525870069647
-38.87330009282836
-32.88356731464587
-27.03678962040988
-22.819381478870497
-3.172212137456733
-5.952048463267261
-8.264162378314843
-9.877051911776114
-1.6988406387913628
0.2374047616331468
-10.843912915427714
-11.76732671895208
-14.473999195493574
-10.361708931198164
-19.483033465118734
-26.742152875095
-27.975498897757692
