-29.831792374942133
-34.703658372853305
-36.59270643390269
-13.646215564429966
-11.73733915042597
-8.155682692548995
-12.688185122196439
-11.094025028003912
-14.655676341304693
-9.299598479041697
-21.11334202324133
-14.864731013469575
-9.009925205601164
-2.308796329627626
-5.466302396322024
-6.721471575589402
-26.153550799150143
-27.895695503288717
-12.44777204088225
-10.047516794770383
-13.327458945998604
-4.975508076578371
-10.816668036158523
-8.926346330397687
-10.988995758000886
-21.693856443299588
-7.245482146494335
-32.372928623413195
-22.34501148220936
-9.267476501453864
-16.024204742710214
-15.756326086432988
-11.059683036744238
-9.440263731201071
3.6390340120937696
-1.923419709697384
13.390378524128694
10.222045424766883
14.817495488293247
10.342084334079221
10.13891766253458
4.516009986658845
-6.827369539379988
-3.7373882780817436
-3.972855224557084
-10.267147732213408
-14.424645072052467
-15.582660132555532
-20.677105070998174
-36.654826528678285
-22.1338622443634
-18.479144338128116
-17.906293011202052
-16.75577251417012
-17.650784612987835
-9.097416456152017
-3.225800131245883
-12.282510688184042
-22.611675990265113
-22.273579900494354
-26.12734632496093
-27.98331073767847
-20.950792451562343
-25.81218960813806
-31.985348130571857
-25.33476331952161
-23.787917522710792
-28.32988269977271
-38.854747814206206
-33.23697696053347
-37.984652694307606
-28.494788016767224
-25.524282734236454
-33.69803232282936
-17.72524411218714
-0.8768464914731949
-0.9292491188528056
1.8711477730498975
3.839582755881366
3.3432145981449306
-11.114112711008275
-20.15827800992102
-14.053971255199206
-10.834718058504945
-15.904962805238169
-25.899030273458877
-9.813978403338265
-6.812222171262035
-5.209465917406434
7.350745910193376
-1.7073313010363678
-6.726555427630725
7.291818327951383
-2.193953409885174
-20.335582636588338
-15.594183313437314
-14.021177357617116
-21.286027356528468
-14.58715114077758
-8.795515056844748
-15.510639395754144
-13.262279764001667
-15.87156221546679
-13.087993889532065
-4.2448616398385335
0.18058608395673945
-0.3913463472306912
3.2961105529414128
10.797934122987542
10.82289314226744
13.8537425496506
5.975810982899502
2.373829420289777
14.338100105594664
12.181754248348758
14.777784534894796
-3.4147828561920783
-9.023680749439762
3.3463366078917893
-0.96399447641443
-3.412388365100851
-23.48601073876295
-30.859209873538138
-17.649653606042172
-5.331536464794087
-19.828975252611254
-16.60456162180589
-8.990457357855439
-11.001680250731264
-0.5407126353181766
-13.378770288862635
-17.2711165200635
-36.53544916846376
-24.784906841229663
-36.60567098035961
-38.28535029445392
-38.11196774710388
-38.48977860454532
-38.45051527303833
-20.23996448137886
-22.34417809751649
-21.64045141267808
-23.44670504310623
-31.01611779414975
-29.445149744519625
-20.149393014585264
-9.938564188328114
-7.495668422025047
-28.949453401857816
-13.804715828373833
-10.059612854751904
-5.6479366067718875
-9.923200873849268
-13.088795427956937
-10.330682517476571
-3.4709641214108435
-1.931531921543033
-7.322318199756527
2.0369187293009414
-5.504510597178878
-1.3871111020224292
-7.631728745451367
-4.8068170017562055
12.132924152920136
1.1727862601088503
-4.941350371177359
0.7001180509879078
-6.2423997064631065
-1.3745316238530665
-4.24301226981614
-6.517416680896848
0.453098655310788
6.9210044235466395
7.78765225876063
9.298069046929225
10.005015040016023
7.025336410543242
2.45301911303512
-1.8776180869162544
-8.990277038089909
-2.185485157725505
-6.067936887727166
-9.540885792479159
-15.176915802899961
-19.548060029989546
-15.458839611477197
-19.72274840739557
-27.270796746668182
-19.54113555093148
-16.460390108511657
-21.818195546259194
-23.649314239852465
-20.1501310413106
-23.92359550831339
-36.76262804829114
-36.54148753448297
-21.778927180718174
-15.358194371916952
-19.73501694758817
-20.958115897862037
-15.986356147107436
-16.53046079977921
-24.55551147521683
-22.342496364016093
-9.756334972056255
-8.035325577133657
-22.19752385558313
-23.401874462351042
-12.837548398989675
-16.564050940410645
-11.67423915007449
-14.126753233942273
-8.32462701277102
-10.150943014708863
-13.232573134474793
-4.439063533768094
-8.999686834031927
-1.4484898705233225
-8.363462170897767
-10.773176950509319
-3.8764517551309225
-7.424680179966053
7.744073661634121
-4.653837890926335
3.7353234865290297
-16.08613221483849
-20.694264845585888
-2.2617794052713744
-10.05945487952042
-17.596552408278747
-13.699615522215845
-15.181391712113207
-8.08676251237137
-15.219005183752707
-8.10384966944887
-5.175370463779502
-15.366658614137304
-7.208690023679316
-3.409035386451674
-5.539216769516134
-15.731176541459739
-9.075083790979813
-18.466965052177
-7.5490053022597685
-7.136341228535779
-6.808194857170798
-18.42078620014243
-16.498841638041483
-10.999904743667553
-12.129987698514386
1.0972729079800831
6.730412291314808
13.016950426370654
-1.188721591532143
11.865284485720053
4.512038598068068
2.367127383723664
8.807593506592006
8.859835263229838
-2.413180513593637
-8.494059023980817
-29.610973836060854
-46.07649830742319
-37.472044630384225
-32.09274899982554
-32.76164306095451
-45.17043269471408
-42.56930855594934
-44.772478210839004
-35.410418497642226
-29.893478846038064
-25.048077085529727
-33.526408769184535
-33.75670158860085
-28.93534430539121
-31.682004511049872
-28.831877652483932
-39.04993820258519
-31.869826005282587
-11.899791522160234
-15.030498218898805
-16.4536309797668
7.237954008255088
10.325952721387882
13.87639354314032
10.710272264125603
11.082369976735123
14.890718068605207
8.164296503151942
13.983803121155914
18.40273986062051
5.9067813265530225
12.399446464803775
19.951272621338294
19.77516670934768
9.1095036334746
7.848104251427191
12.53577153720102
19.05071969153713
19.727132681898187
18.86840976391708
7.811584517180727
8.764163156012717
15.092569770398304
8.914571998716132
6.205595922401067
19.46992693821511
11.90689849568666
-0.3049403007284242
4.038056229134689
7.7377920823168775
-9.657189742672363
-13.173675042226513
-10.249223755886488
-3.5239173154804324
-6.965751005610831
-11.981106672543113
-9.972430171683817
-7.459736618030683
-4.576676247442187
3.8073354118242286
9.590001022499793
-13.158920060050974
5.172085290754861
-0.5095641156624413
-6.02231887430787
-17.85145616584521
-14.50803455125161
-27.28290377085372
-29.63837583910382
-35.745952021491775
-40.01747586443111
-44.83633366162237
-41.79225401527357
-26.00893269698768
-21.230195631991602
-20.867810313954468
-27.72840314607573
