-10.1171181992705
-2.2339105616495467
-6.960091217095548
-6.865079468974396
-25.538488205437485
-16.28107154439168
-27.607670160021872
-20.883724505810637
-19.329555368576955
-18.72328770490697
-24.19904395393325
-25.459151908247257
-5.220503595849216
-2.755475911018759
-2.7105686819894346
-4.601566985942554
2.3224572956417098
10.597805956082578
20.937419950475004
13.052626327425962
7.1668789784495655
3.1400696479765875
-5.963778312012014
-2.5788400058891554
-16.618429287256287
-22.83648140323913
-13.854663480228936
-30.604008216612407
-17.906169693874872
-13.488724931710562
-7.177969637713268
-8.669969684132033
-25.703199456128736
-12.957097586356234
-11.78164409584475
-27.107631897858038
-22.20449842765129
-25.18977990774048
-12.901684633965855
-8.491567872863682
-2.594286008472273
-4.2040337877303084
7.153067935008132
-2.0161405781370516
2.173260551278122
-7.082497673165099
-13.341839588767586
-21.754447755291626
-21.271783510023077
-10.292658257575523
-22.310764498435717
-15.333531499036761
-13.800302968112936
-6.727547855539098
-7.244344793201872
-15.744740524561006
-1.0721179401652725
-0.9260089382615122
-6.936650775675237
-11.813330128220864
-23.882743276820783
-34.47111681838479
-35.1091942839653
-33.65408522730436
-27.59682147997785
-30.00222443830118
-28.087589844476927
-33.77430683925353
-47.1273092608605
-32.486738895771154
-38.8345286472431
-30.48938289380639
-24.6565519730787
-31.04723233670296
-29.687233939024363
-27.65394066939979
-33.879170870032624
-43.9506047881995
-24.48125464779151
-37.368678458878094
-20.00387921593946
-29.95382153433207
-16.86836160007793
-16.44628323777184
-23.704135285518348
-22.546010064430604
-34.17376343005324
-15.69398476119916
-22.4334396236473
-23.59846784697608
-19.7104602975547
-30.81682239703031
-26.15335347305066
-2.5428551030978377
0.53053113539075
17.051981200549818
7.958111384958202
4.495825345811237
2.114616793274521
-3.5555588049325677
-4.924815704461778
-2.2061947561937147
-16.577093030066756
-18.842110489760877
-9.674279968851655
-19.059312587573988
-11.176617352176004
-11.806941512440208
-7.909119431556733
-18.01963605001346
-16.746227469832622
-12.687262190999045
-20.76736217824258
-30.410849790977093
-30.086316552003087
-24.454959840381132
-25.99033095731106
-18.894925887483378
-24.66311970701324
-17.213008261477693
-18.12742402087175
-22.4165205375101
-30.624714771969188
-24.094708381896353
-17.224814061978954
-22.450707219300977
-24.690869101023694
-21.52151085798151
-19.97583432963688
-24.68242940838209
-14.154639819282274
-13.338457335131269
-14.740151476556905
-6.961232361086028
3.8301423971162647
1.3259640850032954
-8.60241537999726
-26.36204971616644
-27.52643002379233
-26.437642292997843
-43.17150007340477
-29.882424771126317
-11.598968027950285
-21.638384216425
-23.12298825521821
-26.047257613447318
-16.417493605557116
-19.942061550836886
-22.078643367463783
-25.90539404086352
-13.719330990575068
-19.739232751217898
-13.650516419947571
-30.523228390931298
-19.010487307223926
-23.72028041303689
-23.990169983679337
-17.207801560507136
-11.216301097472796
-6.97997555672888
6.52096377439748
11.758735235829198
14.099938484739097
17.80512442822578
17.289204702556567
1.8395796418301544
6.375606446505425
3.805044277701658
9.874459876359484
13.319437637678153
11.898387020030984
8.584680156396134
7.40607693831598
11.929590597103074
-3.7330639406360646
13.90395062522825
7.962541415446219
16.28407701768738
14.788940408044025
-3.008115192519216
10.7194331883221
3.723421622018367
2.464295642077554
3.7695944417223086
4.1488877471653165
1.4105657968747058
0.2883860929082531
-1.986238876766018
-2.345693655690445
-2.3041793246486395
-3.0123941553013727
-13.758305079087904
-5.712684877525783
-15.852325151280905
-29.83431027953889
-36.955585738624364
-28.30180340422716
-23.56146699525125
-26.70247876081181
-34.53500064574071
-23.279973887597198
-23.390223004270233
-27.20373116793353
-25.73439236744418
-28.55090481488195
-30.345761202182654
-23.99667759220892
-24.318624626478965
-30.017357586371322
-40.566108336318884
-26.31440369086372
-23.26680433955401
-14.592596737960589
-18.38875296530505
-20.03662369995982
-11.088897961260876
-6.8101348179330685
1.1874904256328156
-4.229209956186477
-8.384184519265308
-3.6886059773825473
1.6712970615121432
-12.633671260564434
-27.827766411346296
-19.018782245935334
-12.446036070014319
-10.53116874121882
-26.67340635937831
-11.805024397032144
-3.7453524662327338
-11.983489504319232
-17.799974202039344
-25.93178579341871
-17.57918872663598
-24.10254685081121
-19.539346620224496
-17.575932063440963
-10.465276165233053
5.182192287627032
8.191194013730579
22.218306197031986
15.964213595467765
28.830373163992963
32.289373549833165
24.207641630677237
25.67752231158257
25.09697457929734
15.038933560810769
13.595027432561764
21.558826159484447
21.583072808369995
21.71771760679882
11.78294582915866
-0.12735139948102664
-0.5992824912510937
-4.456022649591193
-9.099833185620124
-10.025976552812741
-18.477840665443576
-5.0160760017996555
-16.322327820326258
-6.364193844563402
-15.7213210948451
-27.55152869405618
-26.750260216210236
-6.332273419758438
-8.427346523241006
-0.5036507326393663
-20.356243276891643
-20.75609646605005
-6.0305557868502895
-7.110999472895774
-19.57914353499081
-16.795904411008006
-16.458094734152382
-15.533244549589984
-19.490395026230445
-8.62446257075804
-21.245261019189574
-16.398628049981046
-25.5022215467256
2.106790780807738
1.3692889396607422
17.443254924316324
3.4892736302681535
17.052750650636607
18.178826515523482
14.151989952282474
0.9298266552585102
3.3158879537203063
10.79720447925435
12.638654830519304
6.2078161674119725
10.216632666980383
7.0617230043600845
11.697569393017714
11.074634586139373
18.42867718161081
9.447389243389011
15.521225023586465
3.0716107363141503
-1.8793870608276493
-4.846299459440288
-2.6168631915584903
-18.48876157598545
-16.968033531945768
-22.94986903668802
-34.652664633208005
-39.065456295505534
-51.208683829816465
-42.88788695422072
-31.21831608477902
-27.04132666423644
-35.750680625787844
-18.16154388098268
-12.764965765609126
-18.26363727161622
-15.35800388114029
-8.4549450305168
-31.291094018680987
-17.838000263294774
-9.079462746083529
-15.380994329613127
-18.00713391104605
-4.984411339065075
-17.19743919532754
-8.910640143938418
-11.46020639065352
-3.7427029054908574
-2.4440733521666744
-1.7649202502701271
-0.13223456480025916
-1.9763365916359623
-15.040429649859504
-1.700635392991979
-11.323899731545815
-7.583563055084581
-2.082937655119516
7.952991189046258
9.583686757059468
5.929054799486624
-5.5256418578660265
-1.9649988169025323
12.874220593424232
-9.457638577323136
-10.53706323316609
-2.0115571229935365
-6.222000528077348
-4.727708572241464
-12.465016688190167
-20.381360241406373
-3.2842601488072822
0.5330604191963871
-2.1187918550489324
-3.083009467064086
-22.89931850078094
-7.522434511363832
-5.968104804372791
-17.703435424599267
-20.8644306234028
-20.816762579185667
-8.373936905502688
1.0155137144783222
-5.171451607867104
-14.34755054421122
-6.694405960201419
-9.69914123119776
-13.56610849365948
-0.7233751261347634
-4.085493624826198
1.8882772883682668
-4.979266020203285
2.269735005001882
19.50500845295084
16.654249388744343
32.05351107904726
25.58415373737553
15.932856387513823
16.227676837585964
9.101193547293198
4.296501605842957
-3.241618098529888
3.7820242506420017
-5.069713882730074
6.720066979918473
4.809968328281919
12.754568422216337
-11.483350785689016
-9.84177874675083
-9.513439778537453
-13.39421935217638
-15.17204005013622
-11.312676804705358
-13.482005716050502
-5.6244269634398085
-13.140841279901686
-10.474585681720368
-6.166611318108032
-12.509839163069309
-3.64725354377264
-5.721115194997506
-8.042337163902097
-11.177785416316881
-0.811322833686229
3.666208348697659
2.6243849275910467
6.592386610037883
7.609945882815553
8.976579140819403
0.7607103294073196
2.821093624186482
5.371376046131568
-2.398943301677697
1.4249825156782336
2.555954905789414
7.676330591209072
-7.965367888532138
-15.739587698222964
-18.51969396662137
-19.687025146105878
-6.653016089250697
-25.65661686969122
-4.706446320208307
-10.847811223118805
-6.424396633849683
-3.8754830101878026
-12.555449726799415
-1.2223563751767474
-9.603477530950617
-8.616500412310156
-4.4166064835119965
-9.875271969704011
-18.719216421755885
-0.2442213233476667
2.5180988051926034
3.0679735727195503
-1.7954183743213816
-7.710708904454365
-0.5596478493866115
-10.058254735985813
2.221997378149172
-16.763274759372777
