-23.72484047196949
-24.69608033361228
-28.59987755357152
-28.191630893463213
-28.273657827626877
-27.582025925918693
-21.359923949554368
-19.82672518910698
-16.365000858700952
-16.428156147669007
-4.6514865525673965
-5.726050804285612
-5.788942600809798
-16.549482509277762
-3.2341899503927167
4.095719110721525
-2.242789775163702
-0.1928761967032981
-7.803113528923499
-6.946602525584247
3.8529175361691728
-5.246613270348339
0.8193455991220102
0.020623633312499612
-0.4234668002022264
-21.508784517335165
-19.36211917901547
-24.46727384891128
-33.310791701054484
-19.982524381484183
-25.512525252082852
-34.49532972843005
-30.547664379421573
-17.586503558971902
-21.038229377418336
-29.630025965070896
-42.800127991329454
-39.955179358523715
-43.11634961715518
-35.892288053749574
-40.48092068907307
-29.974217353625043
-26.548458514014715
-33.006085373649036
-27.63289209909655
-30.12565402275536
-18.240317858616688
2.2817112893960965
-21.682131812792345
-17.088637752016478
-18.395592484182465
-19.21215490618683
-17.843564125325795
-11.027827257279636
-23.724186201868648
-13.803136878497712
-1.6641119708781698
-15.089476873604347
-24.93252683221711
-18.769699148462642
-19.652713449347807
-6.814044327467135
-15.658972980970349
-22.2092844568246
-33.6470556494658
-33.856568142081684
-31.48515032944693
-23.93272120596341
-14.254931930124235
-16.538387230454994
-22.715443457005502
-35.39722446963942
-28.874255934991922
-27.429725837411056
-43.61508926067549
-33.41346867074549
-23.7562490581996
-14.978483978710225
-14.131198967046812
-11.86196028388304
-28.7333525451368
-31.59726687304036
-28.848272147398113
-26.092140171165404
-24.45145190411245
-26.953365319158806
-16.9759827190205
-16.69962151949929
-14.699038160927765
-14.53479999508003
-18.03106060142249
-16.587118265747424
-20.490133382324267
-16.594964911306857
-24.759843936459447
-29.38471643552912
-21.415351214290407
-7.106411449055479
-17.825074746613073
-20.156889583252173
-15.755955203142896
-16.343333430117372
-22.772054188039867
-22.2327884110372
-31.9472753923211
-33.231428567573936
-42.66308669231345
-48.702164028037615
-44.326451391651624
-43.07243278969863
-49.94311485621708
-34.0089133611207
-49.42463407043788
-46.54297589429311
-50.87182057891509
-31.984193436558986
-33.28371249792034
-40.84570019856852
-31.71554327735126
-16.539198403736638
-15.058403066389582
-12.761847730960865
-18.54430820447284
-7.106001628789768
-8.011428196433206
-9.323445643202648
-22.014185058601445
-20.99604363696584
-30.7925071317886
-22.605279319642353
-35.1324875635006
-34.09575520953452
-36.86625246857533
-26.801159037619506
-31.89824131676709
-25.501560940590352
-27.632245844928647
-18.950541374703587
-24.217910542110218
-19.88203749690964
-20.491687423883057
-33.77362388914402
-17.140599844357972
-21.959683914451922
-18.617740459710923
-8.128105341354578
-10.232502500987582
7.975166891383282
0.5122919406647756
5.100010042916363
-4.541562912423012
-9.1454619275169
-11.1174405665939
-15.898553709614491
-15.9199701093425
-25.689486343613197
-28.504967806070155
-1.843546001852692
-26.023359264695678
-12.920367508636325
-15.211681850091365
-15.783670759988244
-12.250031904915687
-11.513867567014115
-15.82105427818356
-22.13022422085618
-18.6080982902662
-23.0032232382056
-13.28031677651006
0.11569093270604396
-1.3828834041645133
0.7562083216923293
-0.7045149089895146
7.253342141976592
16.539582921625062
16.5387574541501
3.060263810032064
2.9069737792225165
-5.910208062456099
0.5901207479638175
-0.20072720696352364
-8.974444482190895
-5.157144850365146
-0.29607423540126176
-2.7813759973828263
-5.826701751481415
4.947960669148894
-9.503226350903542
-2.764864821316005
-5.309619404933106
-2.6557646674327797
4.6417778622483965
