-15.679189662023669
-9.687739665775759
-14.367775090395494
-15.219956337619251
-11.838211178012314
-19.81199401306102
-11.472377793700108
-17.945974846358475
-15.234886311568939
-7.4990638973874
-16.157094265312693
-33.59600429616406
-13.793586122541196
-8.265374105858589
-16.792078975957253
-27.87346764506141
-26.50192689735766
-23.182796252072066
-26.89977911534202
-25.85691908977887
-33.505807089501616
-32.58280970755443
-47.941196685871724
-27.033576620622807
-34.091653672913445
-30.477359346945747
-26.031834227577
-24.50331953144382
-29.33293954956085
-38.683371834093975
-20.548642703134718
-28.296201411816693
-26.789745074286532
-27.548386223886684
-33.86305435450129
-22.707587140999994
-16.441125238167494
-26.057182786988967
-26.62251185496861
-29.306769536717304
-30.8403932508783
-6.503038061158861
-25.84308683817669
-16.200270234331693
-6.441054963501452
-2.8928500303911098
-0.5079365188208702
-16.947428938460558
-18.536077410186213
-14.914492338164095
-11.294885357957543
-17.310202192762947
-25.13399068152576
-18.605708270209387
-24.00803662525535
-14.916870560919405
-16.120335461321844
-19.65782103510239
-14.93028574776459
-3.9191286038924895
3.7968532217759434
-6.5218629252061495
4.217254879737763
-23.34114570825642
-8.166926481074437
-5.668907223476511
6.295880680769992
0.028567301089923895
-15.127253667940884
-16.524202635166098
-19.391677896920843
-19.207202872475122
-2.531766496377305
-38.41012187842968
-20.40012816571997
-27.980517853412806
-24.757452118010203
-29.19955523942464
-28.586602886405426
-26.06726524122106
-25.966952921493387
-35.612875184841045
-45.155067695487354
-48.42344615082201
-48.52610286097863
-38.04435225051371
-36.351537590009215
-33.77243522696081
-36.20081477930637
-31.51470737337203
-26.30646944305297
-20.59339485946563
-14.85903868164735
-5.639587247534572
-3.1604655532956185
-24.306215561989475
-26.371347867342106
-20.67462412534564
-10.495018956663849
6.665586035602218
9.519317985419525
5.74065028425634
6.467475437291247
11.485012400306363
10.196228240158954
-1.4642493235990848
-3.502752536350191
-18.054059088627774
0.491025926562311
-9.28035460066961
-26.93288841810918
-14.066229061651564
-20.929966149984875
-22.076227783218627
-20.201313737338392
-21.661840923426684
-22.251029392026368
-17.509754818958108
-35.20454207191142
-40.39475485790039
-56.207065601586436
-35.99284874842222
-15.600861946068392
-20.36559892105577
-19.84003195225138
-11.180661523113386
-7.897184736523622
-13.699336468901505
4.2263456684420815
-7.304500870451826
-40.4997223530756
-40.62647823688877
-30.000680782065515
-19.869323435470353
-17.301898496148947
-13.224367155083884
-34.10794241397497
-26.6372727512452
-21.189163122040114
-12.742964437946467
-23.539562412582693
-0.6477259333308202
2.0205062144939574
-3.792233873257953
-0.4632095754270663
-35.56380977030775
-57.08080790838194
-40.673593382342226
-41.12496393008496
-43.44964904808775
-29.5240897869392
-35.48456159197788
-34.689254895743645
-30.873418338800203
-22.659196484454263
-29.11909078958407
-35.374016973662854
-20.114696802242825
-14.473787716747776
-16.51511252678782
-26.74135866344676
-14.74411528479285
-17.374771998954138
-24.84498180921072
-18.282550953845085
-27.004454885765824
-26.67208608766809
-28.40088604302805
-39.54055498911409
-40.93114235770412
-49.1457219550251
-36.04646584711711
-36.95292919382419
-43.90555235476428
-40.71430782741714
-46.720918309453936
-42.75362619239157
-41.45314538211984
-24.4276182443996
5.446134197509246
-7.437970995244258
-30.259227811580896
-23.73680252729032
-15.40768733187283
-4.552021222757539
-14.477156890256559
-8.671231885059749
-25.112699235469023
-9.033716679056717
-17.024002568533724
-19.352324041536104
-34.3077727076882
-32.891896214556276
-34.75572634702635
-49.2222774611392
-54.97475823938284
-60.789971607235906
-53.59242343350395
-52.79867779561618
-61.62998469325962
-53.381612251568406
-43.034022951167536
-37.88841654701981
-33.05526033084909
-26.45746762220138
-18.85418592326298
-41.34299572084556
-25.247948378626987
-25.784760243311556
-41.49435051722932
-45.064055372830246
-31.84443627955657
-19.080195619674534
-19.549475891518206
-22.3481670446058
-21.98726477292005
-20.1345779267068
-28.348961154342106
-23.944437933706602
-12.969113686632314
-4.173154138183633
4.612663780072245
3.508909407973956
-5.355894023441093
-9.635003218722119
-4.4445813933720935
-14.452035119146018
-24.83055170938047
-18.899288648124884
-12.020298039002494
-20.15597978591812
-8.362905193289961
0.9916115689486934
3.215217520536853
-7.99891883332963
-24.358334497254553
-28.858612169726072
-17.81177793599668
-15.659390415885424
-10.974346664058187
-13.724194026515825
-10.424016875924137
-15.759170215495795
-7.876572207538332
-8.810318257893586
-14.533448325478895
-2.62087204140304
-8.712776683018987
-11.73601525072883
-7.716603868806655
-9.66376600703238
-12.850651969602769
-8.950791448814046
-20.076200735559517
-8.547401566227688
-9.06318106219906
-12.938664008769797
-17.479376657733507
-18.64013477041458
-27.99600445152111
