-18.912309822982373
-20.031159981646702
-7.65961631197621
-0.4672696370489751
-0.6391501702405373
5.854840279094838
-9.065459687012588
-6.436165595734246
-6.251841743693568
-1.564776384008167
-0.1143783460216572
-10.530827313333033
-5.60306012523808
-5.584578628556463
-1.5483528071786503
-15.928365749187611
-12.585355378591107
-7.592384146151962
-6.8518346463202935
-10.034797451845694
0.9980730837756197
9.90621712816838
-4.683548775567639
-7.0090430997455275
-11.95445230674752
-12.240749194452869
-13.522501253058396
-23.364466706594023
-25.703715175318308
-11.7868467693747
-6.183711634714412
-27.627902539018496
-29.992483483032352
-29.100973197789997
-26.29650405336029
-26.88068936033033
-18.90455026306097
-8.669559869556318
-20.640455487001454
-9.16174355112015
10.842155707862203
6.37958999727656
0.2759254607012055
2.388891889388243
0.035175594351963435
-5.583998807875748
-10.757646434691177
11.136715228080632
1.969792110648644
-4.0142548069976565
-2.5195163838451737
-3.534765029344497
-6.017675135974009
-2.9240912092173774
-0.09666043229946322
-4.465534188177798
-12.169964183020658
-15.467688112912773
-28.280976635471262
-21.31844090304297
-12.683257105201864
-19.641321697804173
-17.590596185457613
-22.886115749395948
-14.921843877198976
-7.422963359768146
-12.089699117166031
-2.6212482729371165
-2.953937267692168
-1.0208403718451466
-0.7130357438740826
4.790556441530906
13.967205087166695
18.632435364029234
21.769859439273947
6.944305078920224
1.9397549088960773
-1.7104336173118844
-5.314239985718424
-0.7203577644509549
-1.4930243865674913
-2.034412830259858
2.9171246534012174
15.559195873596973
2.60543282318516
-0.4978935163476847
-6.019907974655149
-7.691282059401412
-7.294460735228657
-10.31623277102154
-5.1809170618917335
-7.674663834557259
-13.289748621250734
-12.687887691177727
-15.138765048551704
-11.840145634441356
-13.93891538566516
-10.659889540379382
-16.029868009186654
-10.477884673700194
-0.536748560473264
-2.41519169005948
6.6062770760124385
12.921842192474909
10.18207237799032
18.43328012645828
19.479407391840514
-7.086767888934188
-5.542906574912873
-2.914339812235582
-11.141203935995817
-15.192143634136706
-8.585840590437313
14.46114173633296
24.33919729553628
20.933248898867127
22.59514796364627
13.174838888080151
13.267257002713633
4.503768308904599
7.6288136533035455
16.33995210700952
2.6860336325949894
4.1264243478964815
-4.212626626024954
-17.708747574542148
-12.393862854429564
-6.207232176071162
-8.66635167901245
-24.653507422968172
-19.95344402507247
-17.787055264884373
-21.400351220352928
-13.586657660503151
-13.769565949627475
2.004764875920116
-9.024008110217927
-13.693357557819347
-13.965005987057607
0.7819670588305341
-3.8765539390947295
-8.81479064934942
-6.088545347796153
-1.7323701259185085
0.8166550115244535
-2.9351347762992286
-14.47036061862272
-11.149784666658118
-6.816337992949372
1.6645559153794725
-4.375456062321224
10.009709799908952
9.165485596324787
-9.787281373860182
-18.107226816582564
-25.682698225764785
-26.18279746979993
-34.89217727510096
-21.45852707323381
-15.622976701184662
-14.549102452479582
