-20.70506476500629
-27.79127698554932
-16.20015139955832
-4.685154679203592
4.327229795080108
-17.5663027775363
-17.045896637116673
-24.594606450019345
-23.122053432601795
-26.374087945182318
-33.0095860714574
-31.295319024197983
-33.69848936034256
-23.605799805385946
-14.448581014068274
-15.68059701047858
-10.163161293604572
-14.787942782680018
-10.375702290118086
-16.173215583689586
-14.649262158552537
-23.72389027473395
-29.662369738968803
-30.271947173719145
-21.440796152457718
-17.910986564224515
-15.900624503099131
-21.051138951064924
-5.782973873586884
-21.021586339204227
-25.199530955792678
-23.19370289647315
-17.785108508495718
-26.231622166883692
-20.37989580063901
1.63913130956953
-26.47955898680668
-32.63851474980565
-33.447351407875665
-27.69872284838861
-21.127814980141515
-10.913810964243996
-18.213830522860807
-10.44393362333042
-1.220847413068168
-1.4274829546885093
-6.620590269689775
-14.55464068446807
-11.10142832775538
-14.957449807928937
-15.041668846919215
-12.655517873004813
-4.869669781685467
0.9860062909180408
3.3460646923338264
-6.4339227005725785
-15.88733080965824
-25.366179513449964
-27.99873329994237
-4.485452377289421
-9.13625492888362
5.541431637269534
6.846776996030273
-1.6437706661746494
-12.242366893865295
-12.184903151221516
-10.868789590878963
-18.944192248265487
-18.0225464414318
-17.682123725375586
-12.09727042162296
-5.7750342284377565
-16.34387675409354
-8.380891266408424
-9.840291002896137
-11.323510892665892
-14.302473557185042
-24.85114085853361
-48.55019254172095
-35.375098331562256
-29.644832396844567
-40.59000812888921
-35.36784906272121
-13.455377078016207
-20.430618651269988
-26.850492527234426
-14.758673198653323
-2.1624641940398157
-7.534798649548456
-4.604177232523316
-12.406608216660702
-18.06474422945777
-11.249807155773835
-14.421527551201383
-16.832329226354663
-6.8664472554923375
0.3514095265708284
0.9573605483957284
2.4650096954170726
0.933175396149558
-3.760202569891172
3.2100793811573665
-1.5579393327116198
0.713233887496427
-5.067370121466358
-6.633039264625412
-6.369065511198898
-9.693591729668174
-4.990249787884248
-18.25832998330852
-16.04647617324995
-20.72512887815461
-32.293112415369805
-36.791775803064226
-33.324507859044765
-36.06844598971074
-26.85554850869357
-26.48244834314189
-34.45491224235493
-29.931109993693227
-11.527625726650093
-0.4842914572305687
2.0838914997569145
5.23860471380356
-4.5624358576195085
-14.680086522518186
-13.608872358703106
-17.10477221472233
-13.101238295812953
-15.977178381977104
-6.403574747864419
-2.7183142761422125
-5.429100784812636
-2.7932645714839994
2.763287350642498
-2.3138776667924037
-2.9079678738269417
-5.798244754532317
-9.032483632843316
-10.735644456100117
-19.51029768047179
-15.248576556277332
-10.076931431651122
-5.700173277083768
-0.4428789733158
1.9799005870138944
-0.19517855798919911
-1.1157663667216722
-3.2368730779244275
-4.962465229638405
9.083807602166882
8.432382156891906
5.7776220375112315
-5.283208023901204
-9.692926817653888
-14.115736686140387
-15.490128303446081
-15.819355375846396
-11.789757213164007
-19.015317216936964
-26.477473836406645
-31.50900824685213
-35.105521518442714
-33.39962863861507
-37.65442278591919
-31.07485233807457
-35.67767655033778
-32.140952411110824
-22.72292219136007
-20.595820860505476
-25.824441701066608
-5.428181114372329
-2.3747320345980283
-1.822259097820873
13.352858441338336
8.179256798250602
6.810596023113081
9.612046673242256
9.40330035252336
6.041290412986182
-21.06516563852367
-40.597701962466594
-39.70871822397883
-38.47107120632716
-43.54184580597924
-33.3573206343713
-30.24581726144975
-31.739051311476736
-27.958509881901694
-36.7486196685112
-38.468020447228206
-40.330837811587635
-44.515155997175405
-47.17393498799506
-45.62227885118552
-42.947207482405354
-42.5724427723145
-34.39579144213088
-38.21550840916806
-39.28290864496115
-36.467061868424466
-22.115783178029428
-16.38674288008009
-1.7922381601111774
0.17363521490891234
-2.402093114225213
1.8688875727073462
3.1484331779005497
16.9708461506988
-6.452938238646095
-12.93847681588273
-6.540199556410898
-2.6976297519853465
3.3727131133933614
-0.8368995862919661
4.097380091453634
-14.909038322792393
-17.736190502972427
-26.446918332797736
-31.00365197653397
-24.434050604571404
-16.36739706363402
-23.83823848499465
-14.620746309635994
-16.570554320706066
-24.159933620373224
-25.30670864695355
-18.29684272045464
-20.420602359073698
-17.724003199585532
-21.54503563102816
-23.462207898837303
-28.376757150146513
-27.49260728352709
-15.700731798708613
-12.531841802274322
-26.18341396527618
-26.916565069178173
-30.964393759898876
-21.588844642666654
-20.039329079771978
-17.091646816967422
-16.221139300993748
-20.229457379999253
-29.46305815489961
-18.735661564426184
-19.52027003767528
-9.7397898885004
-8.742881597244013
-22.5284916439187
-2.4115443089808184
-6.665283389529993
-0.5370858973925478
-4.448089466016826
11.76722173622517
5.995880771852793
-19.95985291565753
-6.217246755140481
8.71668989974308
0.9814387780742768
-0.6706937797401337
-3.747392195859419
3.462974493570965
2.7492391921100534
9.89511514376941
4.297205965922095
6.965819055771287
7.522540436677072
7.162528235572076
8.786731970361746
14.069539366107373
27.428358370529644
20.63013828664705
3.230467081759431
7.410784128445099
7.701831129396865
3.057460061415795
-7.85496679981876
-1.5062635577591312
0.2580408382380974
-20.35100822822522
-18.660211661185425
-9.746419052810838
-4.058271135810458
-11.398571771718842
