-11.361875185095949
3.761653579202422
-3.210467424893841
-4.981074404345518
-0.14872016756768802
-8.688219988225674
6.5212903284058745
4.4358946096421485
8.349865114476742
-20.456103434167574
-20.6154196218957
-14.268336396967616
-19.235290796310462
-11.157179865330491
-10.00206857021537
-21.41869753843821
-14.949877744545587
-0.8592614382261621
-6.3185029897541165
-18.629531359469077
-36.86832646926069
-49.95118168473896
-30.56082703959427
-29.876041282643317
-20.299471156677093
-21.22399208012861
-21.567389327248996
-3.1436173073521982
7.672966624790546
2.421052264185915
-0.3693335124417457
6.96185057558053
1.8491649778653196
-1.834298006349096
5.325729759368469
6.968777963439156
2.0376146307895366
6.6470187274969925
-7.6146585212387565
-19.269415030969505
-13.907490819320204
-12.671444810810955
-7.651698689100393
-18.231643473290802
-20.295142434502715
-23.2473446015322
-13.994424169808186
-7.189412334725669
-3.873581921010452
-14.896838225485533
-8.13926030352304
-2.091279993548115
1.2009098352124186
-1.8855145626037528
3.1529024523491422
5.840617625161159
3.053548375690127
9.160357594548172
10.418038521992033
4.130496172792664
13.01600513310826
8.876858764063181
-0.0012153994603616516
9.63150490741288
6.665150432430358
18.39653337421284
6.468472309486482
8.976176855203637
8.302550559891754
10.82098162254016
16.226647513326412
3.0014269557376902
4.074845019380938
5.898539137806398
6.543382906716159
1.4783828691772043
-0.7452086751567013
-3.244726223860821
1.7586237440445447
4.935605865962872
8.093920313629539
0.8631944587180863
-0.04517671486427393
-12.854477270428125
-0.14851458378455204
-14.010338729477338
-20.41272625496807
-25.149394254094
-13.655040152042105
-14.006300397968982
-22.54170790121988
-31.402005321970503
-14.31426702272521
-9.378242925457323
-10.374408443358377
-20.976466808551017
-32.46009811289685
-29.26647737425159
-19.77142176105788
-18.61683697831979
-5.6021228502538
-1.9898447527900605
-4.327219360313858
-10.05706310937382
-7.1807176429710005
-11.555963256367447
-8.205010569540272
-29.575500119495825
-13.60196439621115
15.246433261233818
17.23014488296522
6.66814714251013
11.384713158909907
6.8772708697295855
18.200529621999816
22.57630476782243
22.753234603820246
27.212130970027555
20.14015756919264
10.604180753533466
8.420382536071045
9.509489355499301
6.508616417366937
6.88513112188921
7.1978733513458755
8.219269949282367
1.8965791391371325
3.8573747669139014
11.28827342549994
6.8753118975621925
2.667711646806917
4.170227751523728
10.040793838317152
0.9697023084690832
12.942026198422749
5.698479771740515
6.613771453612079
11.343639728140609
4.286741354140166
-1.8379177361916943
15.520953576709733
5.114153579593287
8.901135246952007
16.15699014741453
10.021726167894064
6.886070985977812
16.446311688560662
18.79510505544684
24.770138258820964
18.362180895317312
-8.113527684998948
-5.211535193579423
-11.353490146018972
-10.210564325041334
-19.9873856400718
-24.07944116248296
-8.493489764497191
-1.343387385946005
-2.407238476420434
8.724176153538165
13.094774508535087
4.979002987219814
12.724925093163266
11.932878607576438
11.902468889953886
10.04075521511598
10.156237044228204
11.2227147857958
9.748701822059038
7.161880454707753
-9.129267438109617
1.046973831356147
-7.459653699256707
-23.36975390625751
-33.32013892965774
-26.006550134370976
-11.869350796472983
-0.46027507704081105
3.5369382982408197
5.5365525989822055
6.702487219354158
5.7836419209388685
-0.7698667384868763
8.394303006848725
1.0585504027154975
-5.078515585358795
7.8671871790287184
-7.155279651657018
-22.355830304154605
-14.942585668747096
-4.556378538696976
-27.74681139521902
-35.981646476681405
-43.38920943211689
-42.888168517202956
-40.01022521519089
-41.591475281288645
-29.537870363828112
-9.819025773689672
-8.139428301248044
-21.52586543401208
-16.179269415827346
-28.15960357751533
-19.178807284540788
-13.454214694959635
-25.875709922213865
-35.6115520231044
-32.362287740471565
-30.189412819279145
-29.928566003554007
-48.24728155050848
-37.94596900043057
-44.13244165307135
-36.85548300297509
-14.407488936981613
-10.628163546437113
-6.474615496317298
6.444567186832633
-0.2852261954490584
0.908291606608869
-3.444309721362155
0.6818346920959842
2.118898861286862
-12.839960421541262
-7.879687670382548
-24.381682784536604
-46.54309231224551
-43.723267709061496
-41.9747146878189
-34.65810129965291
-31.794253725217104
-21.419715643210246
-22.922298439511465
-35.996090727881295
-20.40408335434547
-19.634134012449614
-27.982556926123276
-15.048026546598996
-2.7157515287503933
-38.77407840835498
-27.746651017137946
-21.203356865354852
-23.720301565728978
-23.67642205855709
-24.848756887477908
-5.343534756484561
13.433431729289616
5.801109440316344
15.412979556721638
18.712393782115235
15.415854720719125
15.619525971230766
12.13229464015705
14.216854233766432
21.681326897537847
9.285342188041989
-9.644887451017642
-14.747608921411949
-16.372687995044128
-19.349439719406973
-23.076315098074236
-12.731889187112053
-16.185926943405335
-8.153096682676772
-4.5715579822611865
-11.615310954916994
-5.7103429059004736
-0.6793545746447492
-4.33096117034985
-1.4659158986931355
-7.118894833430648
-13.15250730387286
-22.315447048299127
-39.7550527262592
-26.56455639047905
-33.22605784884098
-32.049894013124124
-35.229093175410746
-41.41801001214317
-46.71104586548109
-37.826026163853314
-29.994399502303363
-48.582879441006185
-39.56968295157746
-52.798145501879816
-49.795949141680346
-54.4606941526412
-52.27879618316413
-48.07454829713587
-42.915392304592025
-39.504211723535796
-42.00187599671786
-32.47598617038548
-26.97361173118001
-35.26230876395992
-30.661896565523342
-29.63764611452899
-26.24717371894328
-26.14781045267835
-23.92403417770453
-11.341846074765892
-15.441875776917716
-28.225927542927717
-12.438483544655385
-24.688764986790986
-24.602481477983524
-19.47090338531217
-11.746869605530836
-5.344630943733226
-12.262299721874006
-8.697342801700678
-5.8012910597664655
6.863140474680575
4.49966953315234
6.131504450884725
6.489363797644014
6.783248716981929
-17.731468740413174
