-17.373368704553076
-5.591266852374894
-0.1792890737343421
-11.631554952804086
-12.180531403651758
-20.66248520247737
-28.09516098094776
-15.311626214490454
-20.278882596432787
-12.742793910675664
-11.45673000741164
-14.52712961117858
-9.189132323091297
-11.245676272481449
-15.816268291180752
-13.908910381676352
-7.525677506900643
-3.5325184351885914
0.920442683981246
-2.1085525447781883
-2.795043540547621
-6.8239702638489845
-10.705681363113104
-8.955260706019162
-26.27419139177223
-49.84006315197585
-47.317066213708216
-36.44878900111061
-28.526336044073528
-27.084135501758734
-21.76179928652744
-11.802087135764642
-22.550222123845106
-4.990390905465829
-5.476370103911475
0.8370046205029963
-13.669013189211205
-16.809650288520242
-16.854101088997393
-8.168531491298111
-8.659210211211487
-26.398662380782614
-32.019090602957995
-16.853922358339418
-15.737685585486195
-32.44579571947082
-7.812080582609582
-18.25330323829864
-12.12799237488589
-12.698772311496684
-18.891931199105414
-6.590561621943612
-16.632709985804627
-18.118823667222422
-18.502664707225964
-17.92128782473307
-10.400254118710134
-2.884335233165043
-14.570417327259364
-12.353485341635025
-19.457208915518606
-34.64542130091745
-20.295822215291047
-15.705362439963634
14.272429451272615
21.33817699428164
13.053952492029062
16.508256009654755
15.980586170332055
23.2788307256146
13.080058765850612
18.45497557699976
8.009310015298967
11.09484065518105
22.608429792935468
-12.76578850183382
-7.639737975107001
-10.869698879386174
-20.25466586252639
-14.016863854030143
-7.4820709663939775
-2.4870426412510467
-6.936693018773716
-13.925035737368553
-28.02592573422952
-25.37068450962224
-28.96794449820436
-29.667725922925676
-21.471765797927738
-8.155487639405353
1.6455266276528866
3.7209163548168314
-13.932046702134098
-2.423058833296242
0.3840091836979175
-23.933544780539414
-13.34201327536742
-3.0341397458388624
2.2663769525677826
-13.972318090853724
-14.344715991813192
-7.517819759989809
-10.3267768885682
-3.548520287435657
-8.087969802970361
16.634973962604143
24.346241767588076
9.337274115249404
0.19494552977546398
-13.927113889241886
-9.980432821603467
-20.951736571639813
-24.092628540609105
-28.50967234661506
-31.28867598074489
-40.75958439917674
-41.84711908071144
-29.89420740088785
-27.24744284962589
-27.924378803812324
-26.15678763464531
-26.388884573061706
-32.588271679280766
-26.90912006196891
-18.08788742105612
-26.31794158331707
7.729798662134799
-1.4118203101290834
9.01359760436934
2.8556113697506946
9.468955935451437
10.801992936206037
4.568854426229014
1.6414926085799009
5.101376964172356
6.977755632407229
1.8371883879945885
-0.08638123509613592
-2.281794172297111
3.791364742175616
-11.142768937432523
-14.159526112127216
-17.10881861246041
-12.234757078873225
-23.19066690018406
-15.573278939457758
-16.2818859053916
-22.11267306633017
