-5.204921616567214
-24.002281089214453
-25.852391733058123
-13.108398150786385
-15.28717193477274
-9.919098071700164
-23.28106412862577
-9.472179700418515
-26.77683968046856
-14.588409303902838
-3.7871217702629085
-5.8129361542541576
5.9489246178993085
2.586330310293002
3.936857978241365
1.4872886698571088
3.831546106756561
12.419578192276926
8.736038112461141
2.35903942289204
11.90369028229477
9.308377817449358
3.6942671105084064
3.729508516742946
7.7385078357827775
25.47157049232992
15.864222931717515
9.231042274744643
10.512966776363447
17.943764699977876
0.3439565154925829
-3.184307604554076
-3.387501814489726
-12.288128034347992
-14.333952288800788
-11.208318357595946
-23.762072170438145
-38.83671015081681
-37.077286163106926
-29.87627380398385
-30.69385160320388
-6.900597441811397
1.350383624973421
8.654256993683736
-7.7778026307279235
12.930449207317276
10.397219662786103
5.7355184191412585
-3.2510787176609925
-12.94390501333595
-38.614346478076136
-48.91764135313645
-44.20011758520626
-45.82691884578551
-44.79557982605386
-34.98608544306457
-27.156747945087808
-26.10625121437242
-32.4956955491196
-38.98623425735128
-35.11256300899378
-32.82272364203808
-20.846206177585664
-23.36586728478675
-38.25780317208017
-21.46371295511362
-23.590755381506877
-23.406227069079705
-25.373072392666234
-14.367018896949213
-22.780234739480573
-11.664425950163949
-14.10046043675407
-4.416958681562424
-8.648942875326165
-10.07326592133489
-19.981149738720585
-27.621798568208536
-27.60323869660897
-37.37350211433434
-43.73552734383628
-57.29661447821679
-69.21541201808206
-65.93492768819962
-50.18648670356929
-42.727962174998936
-24.908862233877645
-28.52925087460139
-27.34207241144421
-25.96314941352172
-29.80876200405363
-43.025617899779384
-65.20328193435431
-58.252934113921434
-59.36919000030224
-61.750984870883386
-44.05123903598873
-37.47419629443018
-36.97015263890892
-30.59209461653204
-24.547930102527012
-27.98521020563946
-28.453817210833197
-28.651191851963443
-27.4489735487222
-20.349513396262253
-6.9102699231692295
-7.85627900327388
-17.901192341101574
-16.195226277392962
-24.375805636791195
-24.993069042613325
-22.85744908098754
-25.096440358696643
-21.259619607011928
-9.515220755567348
-11.530413649959588
-9.91219556247015
-14.492378281272586
-5.915146441311905
-11.024214054014735
-13.652487148780274
-24.96586990522505
-14.27113678587654
-16.058785827623495
-13.052018701322934
-11.022485171435651
3.873572923070218
-16.224043519561828
-26.67662835843932
-19.711410387292236
-17.208223612274768
-16.525899878840367
-7.241362839010803
-5.413748275935099
-7.3461729281569275
-18.20703126013096
-6.527475096275532
-9.8440785064377
-13.227157356870256
-15.413735504428727
-12.990289942600867
-19.13581279994269
-23.01762555352493
-21.86085167505634
-24.213428817542173
-22.971833669412323
-20.36019243148705
-29.898155131609396
-35.02854209657268
-24.29954128963435
-2.5248994750773583
-4.11740891740394
-19.83454372602472
-14.19989671774908
-0.2517268539788882
4.058259420465784
-5.921513249450711
-19.389637970333602
-12.531408799046712
-17.499715302237934
-8.071030830522092
-11.87677444253266
-3.4519203017105577
-0.4009029584531884
-0.4562509346330602
-3.597282536130523
6.313603838856393
-3.2707704513149416
-9.660589130214833
-8.390771402051236
-21.128689178377773
-42.189293465530895
-33.74584009944333
-29.29689440061881
-33.2416976298505
-33.776258919582766
-32.169728185061935
-24.523559093283772
-26.499973484674555
-24.429628510642623
-23.10543378058357
-22.422018747445044
-14.351486847905415
-16.302091016872858
-0.5731073050481198
0.8327112089330948
10.836333457681382
1.0406297139133358
7.1073516036309385
2.1100532319656398
-1.3699190674221429
-8.496271330160662
-19.10207491387461
-18.781378029044124
-25.17420233545119
-29.295706679870896
-43.17920157062785
-26.076302879891518
-13.173774966814587
-18.849636477437343
-20.678814456209395
-8.494996596692323
-21.632469415289695
-26.09289819336892
-3.3531301055241247
-15.293230214023971
-11.80419494353315
-1.8671414204308256
-8.568466078964663
-3.006929322944377
9.691056473653687
-4.851656259127203
1.6256992694530816
1.4041948191179272
-1.2230908323469467
2.7810810996264257
-4.121253206606382
-9.670426915039686
-1.5908157231593802
-12.75451075211329
-24.337993973016893
-30.26896736088408
-26.03911401119461
-32.98467873187116
-32.36720644494581
-20.2137716486794
-21.587525883628672
-47.647664072955905
-45.947742511267506
-43.4888989205875
-45.06883405570974
-47.911177333886926
-25.77375323681693
-22.025130996251086
-16.258280346270467
-19.26050313713453
-3.552418048029939
-18.140324156312307
-14.955932970964522
-26.99545610282709
-18.032746240543638
-5.557517210075852
1.1818957777161723
-5.179512522332759
-2.305028386151189
-7.836654223487816
-22.348836054265504
-21.090079131948517
-14.326541528679712
-13.582263250916636
-11.737465527315793
-16.728493508191892
-15.889248738235922
-4.9585598134792335
-8.688544317201908
-17.77978074783098
-15.196414916545386
-19.534660989084088
-33.54116152596005
-47.72379686565883
-53.9324214655066
-49.0613730925476
-43.9298112331934
-58.790609558887844
-44.229292181911276
-58.060556669164065
-41.53987820570111
-50.259927647295726
-55.968121127844235
-54.193651406251576
-60.2486599257321
-41.03294346997305
-47.493139650501746
-41.5102985933244
-41.696522180101326
-27.027732549116568
-23.65335001773789
-21.771342687527174
-31.588423783240327
-23.792705882433506
-22.041136736086575
-12.901298749333536
-22.007981907776184
-17.362725183780356
-14.270006659178696
-26.434010695555482
-12.35244486245074
-4.010364882548093
-10.988352155132706
-2.9656770077475345
-4.38141653353097
-0.16214431357456285
9.197880037080145
-23.773701411115926
-7.26724124370003
-6.339014352092682
-11.793932101641454
-25.79356942455802
-16.636603714102723
-24.594381959176435
-22.081219464660144
-24.625506297776926
-6.789390699675849
-6.795895452128907
-7.313946828817627
-9.445051950814793
-14.595047143286598
4.839281849840343
-21.04137273951947
-43.44702783991991
-51.78723480986544
-51.52231213574729
-55.54374217418935
-38.536517070350776
-39.51380320617378
-58.89022919745043
-58.12994298141553
-54.45358950710743
-55.01912686959402
-71.14105968780504
-64.67223315187454
-60.605629123237826
-69.07016753844972
-60.88564134491317
-54.86143366830453
-40.51147340339906
-33.52841676417818
-29.3340675700905
-25.732090291492103
-36.15408281698143
-30.67848384471519
-20.45893328523853
-28.650532978488563
-27.252921642606772
-22.497604964479365
-19.410657931323968
-19.113462363356074
-14.683709325340455
-18.153697153306037
-19.86902001679849
-34.75408515656376
-12.803562551578178
-12.116944141333205
-6.805888654146581
-11.790400354854254
-15.345967763298663
-4.564188658589453
1.8098074624404341
-12.260135519995199
-6.290701153423238
-17.03570305638191
-44.21786520225441
-51.15086554966664
-36.19096750474506
-21.24145239971196
-14.674890597720351
-18.87979006067285
-18.177509327753754
-26.956187962400584
-31.93290410592383
-30.128789032682683
-24.641452795599626
-33.64992680413164
-13.606533567890313
-19.44132276634721
-18.156187646495773
-11.826124441423294
-14.504769103101498
-4.723680395742068
-5.200958005472731
-9.316911863689109
-8.770732844874226
4.193041209364722
-2.918187240660552
4.841094294921484
-13.692176792541275
-16.721609183404244
-5.78795923675053
-1.6221743082850968
-7.669496009490336
1.15239894065254
