11.645841255513805
0.38987304543421225
-0.8530938466797249
2.7573023062030435
4.863444466712702
20.0635354273753
22.42523188536822
1.020055557875833
-3.581851564498121
-4.914987076722031
-14.255537341026034
-10.986003501054046
-17.174833285356787
-18.774785475301485
-16.23307319556118
-16.208705179776125
-22.171750285242695
-30.650774720134926
-14.679939346955287
-7.900766330483947
2.5319405739409704
4.93680537513132
0.8404486190241014
9.282908059683242
8.394035282311739
11.945585567011538
22.216283572607733
33.57031958348424
26.574654083536394
34.11552696761791
37.590306527621024
20.152827312548037
23.01034708202849
20.54284613836911
32.47534713987525
24.656119821473442
21.75241537134671
18.667898608525952
20.59598186264913
21.058415875501886
16.0817198832886
4.548795353873921
13.603209637408328
-20.110528601674613
-34.18299859044681
-47.399911490645025
-34.441475753803
-47.21982764527272
-51.48663911547517
-43.745924327153865
-35.143270974462105
-15.784364886682091
-15.835577356841974
-7.228691661097785
-6.117489186841559
-3.4667081941231137
-6.775493225657928
-6.8887582054474175
-5.169970519842121
-7.920481425031433
-10.335649515946452
-11.410665473515255
-1.3729211658803122
-12.263328307428253
-29.57415794915436
-27.32393609093855
-27.51967816547838
-41.535507642607435
-18.154749855377734
-14.928890380496194
-12.119662393292892
-14.993081428908505
-23.49383847095921
-10.262021316402805
-11.976301198744421
-12.290884555653179
-7.638721617524
-13.218456617924776
-10.78608750404798
-12.293321743306064
-15.675173218384685
-15.982118289505664
-10.939612530756282
-12.242162882814474
-18.16535956393388
-5.861828798974849
-3.497640775667272
-4.805442585560515
-7.168931060776012
-4.488232881066608
-6.27418490265702
-2.5553887550837784
8.089065192094948
10.38670997601979
10.34253697590157
3.0326808685192455
1.5427171193487046
-1.6732250843195076
-12.343422646686873
-9.815699372915207
-11.835713664846876
-15.601916015161569
-24.041252816204327
-22.41817353068769
-28.083558612912725
-22.680242807861948
-22.37708330044661
-24.445465114230718
-34.754639018899425
-31.67479079172172
-14.27943239097402
-20.0782988899387
-26.364755131608568
-10.840598846051398
-20.507889738632056
-3.0328608286457928
9.229105331220397
4.963080480398296
5.904685517404982
-20.660052088912078
-20.565592434106648
-11.280443721578665
-7.161496859592254
-11.358119679907505
-9.097710590585194
-10.649321394999296
-2.5264600343202597
-9.665909792408376
-11.142360574180524
-13.495276540761536
-9.64848870680693
-9.977356134728597
-3.183255238836108
-6.893028463719916
-10.847566144266775
-13.983524059719546
-9.541280928051226
-22.86583470695899
-11.541403302639111
2.2453469542115383
0.4414475386867052
-2.630067010680868
-3.4934135951577137
-14.449910239873931
-0.07043337918250576
-9.93110670427143
-7.342117289186798
-7.134213117150326
-11.291359136603413
-15.671362920235396
-4.176733273160954
-12.431389884184508
-29.21059238527501
-27.92780030050874
-28.54525632924069
-25.202541244272503
-27.76725430698764
-22.193128116741363
-25.552931480881238
-24.51572275855304
-21.01224669003064
-26.7479829950098
-29.295237466197094
-28.189271888709555
-1.006987145756124
3.216250134311371
-3.2151827256085723
-7.058162465306475
-3.6824788019245935
-3.1430611518227463
1.00469280168433
-11.890780974706097
-15.683854926110563
9.53331068707966
9.740444212213301
-10.878109170276213
-17.709104346061928
-19.870067311202874
-4.871159806817118
1.9232157906197085
-7.263162649361044
-1.708905568500756
-6.565327293301326
-12.759294961261213
-6.337111599133896
0.8609111606172934
-6.1989569680071614
-3.3749358512367555
-11.330724458110204
-12.826850039409145
-18.158343612379635
-13.000433952468214
-9.41345890151107
-9.136116409697994
-16.785584777599706
7.307979243422272
9.137217911957482
-8.919952455882829
-1.221064739392919
2.021246511670653
2.283991976268039
-8.575292318923436
-0.8410078531671208
-1.5028860825661503
-1.2911482347945908
4.302651024221467
-3.366063261157592
-5.3521191255351175
1.5710299918577832
10.322910499620637
10.939314563431989
10.625069666023938
16.81807787152134
10.894394965817638
9.262079131565486
14.721037605469801
5.625074543569943
12.918530263720694
18.54593890764266
11.324495421504595
12.826396379289633
1.6073367516581782
-7.177161509873452
0.7968139484663376
-3.330341501636061
-18.34834619519484
-23.949351154421787
-22.259784373556066
-13.882924535130217
-9.193480844441924
-5.553106922702396
-8.814700218172701
-8.427658733248121
-11.686697623812876
-8.440363415290783
-18.86577074307376
-12.326848872568322
-9.40504078359967
-17.693237753087747
-9.420522437485724
-6.879565157963923
-5.120026843369428
-11.093039812196697
8.147064662934115
-3.446053698232836
-2.447617575282999
-10.111157369229415
7.275205801927135
-41.168536799232285
-26.681929922142032
-22.73847021210113
-11.457550994487448
-14.360447274569163
-12.060790879053998
-10.087886335614627
-14.129820620737288
-19.765686615149182
-5.2172279336652245
-5.236323809392774
-13.06352499688514
-11.931250530398149
-8.712102103509256
-12.632200736972337
-13.61911016475533
-6.414389844735919
-11.2348297068197
-7.6398638017353475
-2.311872078420172
-8.513150183186557
-8.40286697195394
-10.131887379728088
-15.71985599115542
-21.494305173841305
-13.216242652780045
-9.703310682534203
-18.982847242782274
-4.161121436759804
-8.897826114643218
