11.018332389462913
8.117596302983221
14.08571862538393
13.166942990299198
8.52238023816983
7.3597708233884624
-6.301577298502821
-1.000288313657477
0.6944622788362977
6.138531108744446
3.5851553260781976
2.4081845678910696
8.469037722151652
-2.322991168046491
3.115703661172176
7.78718673936002
-4.155096056938722
-0.8042517392036032
-2.2547431903737034
-23.776927090221943
-25.411690536728624
-24.25210592721768
-14.433205062827096
-18.92900562738781
-11.548744558818445
-21.873563991471052
-25.531469974581533
-25.056471683033372
-19.9062635813544
-8.241615459243413
-20.925854578856057
-9.7417934319559
-23.40485774175953
-20.34565925734063
-19.536819568537737
-19.067477140321127
-11.037718495040476
-19.656939700553373
-27.08883134502424
-34.038732947082536
-35.30261418807515
-49.10454639558963
-42.92345222761017
-37.3661464497915
-47.15496245269504
-49.463365981182406
-52.955119456683356
-47.00952065293532
-50.719218074354885
-42.26445411420578
-46.64143208926572
-36.88744672270303
-26.957690985630325
-33.90622842507177
-32.67688439866886
-18.866544603470647
-24.737388203051893
-20.308970522931272
-18.254158137752388
-21.09769177181211
-8.584003591828651
-10.388701367335463
-6.391296202008495
-1.4872800415953231
-14.9659721275066
-17.94587963575991
-28.110605131809567
-37.59462212762861
-33.44349892514278
-26.43513046310572
-10.595607203695232
-17.84981203196188
-20.4498671674528
-18.965823468628077
-18.4794796132162
-20.472573053845185
-17.301035581800765
-28.815706776999868
-27.263884697596513
-35.31806753812808
-19.87978074019217
-29.25367978954203
-33.095868723570064
-34.11667891935614
-30.07691565491571
-31.255609920780678
-35.748827881054794
-33.1892697437378
-41.1562230490557
-44.39730827715452
-50.064492257707975
-62.30795320409285
-48.912961474264456
-56.003423325837815
-39.377213617169204
-22.33163596383605
-16.091014419386486
-9.478499415588912
-9.261603987949405
-6.9477677454642
-5.717575872777232
-12.559117280675904
-14.26036260798933
-6.769025187830132
-13.650481958471225
-1.9653007642061509
-8.950251594846128
12.326347351017535
-6.652619893980683
-11.751093640569975
-12.845484225926304
-9.367509984108446
-9.450884510631324
-14.731680880720116
-20.523020781283677
