-0.4677711235045237
-12.947033714898813
-20.150998565816
-13.683161912885636
-29.776104508233647
-29.204347476377286
-17.469767320448927
-19.867471101750525
-11.012863874314633
2.1030720830056553
-1.1168176077070222
4.746086043041982
7.777493708610589
-7.561673149021679
-0.9740539600297108
-0.7732886458857458
-3.9212349542756217
-7.981717749054201
-7.652181147123684
-10.090989643925658
-0.1296004061628339
-10.370447536013089
-28.102550022968845
-28.53960745462027
-42.55170899063366
-44.757219706095505
-20.57013755819168
-15.66390360902107
-12.026422602218076
-10.580896747072149
-21.245859409848308
-21.53572001754737
-12.69310822884092
-19.2670202732285
-3.969844456957599
-9.245563616412573
-32.734071683631804
-27.564121745035767
-39.98038243885868
-32.52012451886065
-24.51030026028112
-13.903673521946535
-5.446324858606712
-3.5052258874957327
11.022477085714934
6.769209007964535
-0.6551974719178905
-1.5282215422235683
-4.772779997693494
-3.2667455701461843
-14.638851244489432
-13.622086487067078
-12.201699418912765
-22.55706038712817
-28.165120933284573
-51.32895693673767
-40.493017819502505
-16.673746581469153
-15.512150518780375
-14.051819475763136
-10.830178087836584
-12.377008764317171
-12.003409837786755
-6.619952914549218
-13.796427705060301
-18.603745373865696
-25.00814206930951
-26.95404348485185
-24.20865114595067
-24.602029680555248
-14.59308362948348
-18.506105302843288
-24.572472036256844
-16.26018779650729
-7.480928154127338
-4.007797700825578
4.084490834612101
-7.709491888110629
-3.1906563554737497
1.4485248734464131
-12.998302781547453
-34.81636169236214
-30.41372516000759
-39.441835097988346
-50.375374091889704
-48.49362422490221
-52.693630133340776
-43.094923805630806
-15.19879516714866
-35.504722381247355
-29.991226902939683
-38.09266550143335
-36.182432502318
-44.013502208069
-42.56663614525476
-21.94606941512234
-27.388298087943767
-20.830701218351145
-23.474669118839284
-18.471697334296998
-25.389590880049766
-24.431238573438087
-20.79171830382528
-16.17835312973612
-16.062656493290554
-19.834847842843487
-17.341679250902427
-18.07091261802356
-26.15495612784773
-26.44074838189458
-14.089374228650314
-16.779963290126187
-7.777955194673475
-8.201336138585424
-6.8619082588826394
-6.913435987180931
-6.025301015191455
-0.8073259633824733
2.7102581152714067
4.772451098499189
17.263015139848832
5.873260281677022
-1.5382700411970418
