-6.829380470162077
-14.374903778653096
-0.731354164983215
-4.2607522296474665
-4.8308071058346505
-13.284981969254368
-6.429220936812714
-12.074287196888454
-10.66043297934806
-12.401677228242868
-11.410911598695641
-6.15091074805378
-12.038405295392444
-14.294530223471815
-10.8671546366593
-15.255852221077205
-15.866790638865414
-29.08092301776857
-27.07786869434432
-25.283493097983406
-28.6882304554967
-28.42143533164509
-24.126436777279228
-23.186086513332548
-22.25792654696664
-26.530317352162086
-30.984269689579808
-23.468308642126466
-19.27261832052434
-13.637324077219349
-10.919850273252482
-8.69456667222618
-12.683589159038418
-8.552357272618995
-16.404816950379356
-17.319785208167428
-28.110170759979468
-22.731299377588893
-22.93198762705442
-28.247858187606425
-26.435790440802712
-25.480552097219572
-27.175950065655087
-27.493452735521227
-24.41667729488202
-26.809513913336072
-26.015301521418532
-27.84662035044823
-22.75601252313352
-18.375765642517397
-32.982912511368696
-21.849723286512262
-22.334284798384786
-16.880896055363905
-13.541942734380575
-10.575794099476225
-4.125613750591277
2.565403499778843
-15.368226840012007
-21.33365014740839
-31.420981638315354
-22.677380192454628
-22.70674239521138
-34.92416890213565
-18.894594851252922
-23.63026210971679
-26.10234856484451
-34.32536966437734
-15.56696846138716
-19.962647293707715
-29.78992052237948
-30.626939154822942
-30.596133011836272
-26.192914665224105
-21.241423101379322
-4.4471806092682895
-29.12300143089755
-26.79821030308396
-34.02209108357368
-33.582145235453474
-35.34350255792417
-41.20204822009667
-35.262995013273404
-29.378378039616642
-31.7988811243946
-36.350464964613295
-48.24922552986797
-40.79697094416536
-26.818544453002435
-3.4816407326286303
-3.5985712094848736
-1.6933031308007305
0.1711566286471714
-2.865798224766342
-2.5324585354085727
-5.747168662567211
-14.421777465217936
-11.085973310695362
-14.71869215520314
-13.141659277047276
-23.317333092350694
-13.862297957605225
-20.574472945867004
-19.58414442054206
-3.5810310082910113
-0.7385342319796104
-22.56035630494414
-18.669248664614425
-25.29466766459449
-35.487849949325316
-42.73710902163129
-41.23561859566569
-42.712093668742384
-29.946701341632906
-7.962094482295253
-10.835814663871732
-9.804873334347658
-17.69202271582901
-12.14831848996716
-9.314236407638065
-1.3293368707780204
0.5619860679299415
0.9869234128326352
-14.21524399128914
-16.43254970421693
12.545359743403713
-4.4474844489586385
-11.21907970982724
-17.983780159247264
-25.059648300247932
-16.261071411263536
-19.950545268786822
-15.732232251086376
-12.84986772855209
-12.022513693780574
-10.17644751891823
-10.146514736034668
-12.121146240404851
-15.99373519110485
-9.30293452756604
-5.176459543928135
-4.321259337444787
-8.27936060205958
-9.504086412932716
-18.962497345181134
-12.911810110297337
