-21.267699160006426
-12.602057169031465
-17.19315572278607
-20.61465516621529
-10.471109965869775
-13.154142352498047
-28.77044267941255
-35.80722993011595
-34.426287126610774
-33.42572436857195
-50.08635853998621
-32.82801244225254
-23.151755772392303
-24.198522181977182
-27.014537871037682
-22.18816965247343
-25.998023315029418
-23.455873508415646
-31.974420822239452
-18.7446382372561
-23.826078239999408
-11.793604857649314
-10.508895532532264
-8.700987493959525
-11.626186378064995
-0.46662262891853296
4.108562066774474
-3.651368223879535
-4.271248454302792
-5.461988384443351
4.4740769157929385
18.183692387738773
18.922161903280603
21.927398689275012
24.222710156556374
22.90626310033901
15.749520074134919
17.276621377350594
17.76169074639434
3.0675283803676643
-0.9106634781184412
2.665906848757396
0.26519319989536017
-4.011729832672794
-19.274071924973224
-17.626231516232764
-26.947046560905388
-35.948295556251246
-31.230780382364717
-24.953880497646146
-20.065316669844986
-28.944261880519164
-28.00996941510783
-19.247705198644304
-24.81492160019124
-10.131895912859516
-23.206059663879188
-24.771148520179192
-23.491650823438626
-20.969501342917127
-16.623453796670642
-18.41750154738537
-17.44783849398337
-12.952533082080937
-13.861151843964699
6.686389660715562
5.475581759466512
19.56718739464545
15.39547025657112
16.115997757050994
16.939907287004107
25.909079902476037
17.399344718786082
18.53519312800063
13.260463866285749
13.114061640989645
19.3509624162922
16.690146197024973
8.406487454128321
10.037813427711571
7.615841349842875
6.383415524703307
9.672891707314779
8.465187533374733
12.171836740807596
13.066778751397901
14.940586379065964
9.631295565239741
2.8659567895565687
4.495126049610068
-5.136404408171127
-14.29784122303026
-25.293676395788328
-24.33059947200838
-24.353470252012038
-30.146665422566837
-29.56674336646327
-29.181164813001324
-23.70873751520225
-22.338324665060934
-28.7161769164756
-22.432154812282
-11.875713240139744
-8.358039849810536
-6.360171771151853
-0.027732938968513917
5.640493825273694
6.088122291716377
3.6204246172751873
6.903029223496753
5.902704448569287
3.3107198407945577
11.630605197766947
5.0283564488126204
-2.184657796164355
-19.80045999147852
-18.636088061096352
-18.30376956361759
-17.688339411279408
-20.55057784894929
-29.55010455240248
-29.97840238320619
-13.223249500361414
-24.14732223887142
-15.964472892570456
-22.480867532423602
-21.73202338253347
-24.954046126111933
-18.71410962044225
-11.103425262593973
-8.453819411282014
-3.7875467006805024
0.8440860603415671
-2.0492851829731764
-1.997955794380636
-8.042054771818881
-7.225999440616688
-9.732587628324117
-9.016492830066717
-22.47229477907445
-3.908578191512345
-6.4226090408447405
4.5194174388976505
13.754261160104615
7.38015440348323
0.7371687170329989
3.3635221780793167
5.239236900339853
5.87367557214764
1.9733656934845472
9.011365107294193
4.423046813206657
-4.81607465831258
-26.85606404209477
-11.930521171913073
-16.371484228814158
-12.651146269559979
-10.892060537875599
1.0239518953668505
-6.685866294588054
-16.915060927964927
-16.382713236815814
-14.669624839641578
-14.005323710482516
-13.163616795025453
-7.472927063290517
-15.16250085544589
-3.171464309966315
0.5409645844244261
3.630234819890489
-3.3122097183496497
5.235330892609447
-0.8727378963843466
-4.591618138951583
-3.2676693094688685
-8.212752296620918
-15.086780976191069
-19.78254437309296
-26.13060656687116
-30.609579744506284
-27.054371623372703
-20.822435934784664
-28.706730335093976
-36.69072815471157
-35.984431547723
-30.60887567699702
-34.63005110983656
-33.55395156670071
-13.565826248934435
-16.70112775106438
14.343293442888465
-9.95010537635691
-16.699884334796387
-17.74108319617619
-12.604506071060664
-34.20989948072286
-24.57138582409654
-48.096361924996614
-51.522453244280946
-40.72536114472476
-32.66531954605657
-28.481951714155613
-32.36565647476303
-26.52402921535227
-23.109382662267176
-18.611885852581526
-16.011380932139694
-10.427171541377373
-13.037591379416053
-22.92270639220116
-20.539805920845595
-24.42295152411027
-18.433890342040588
-3.2854697353899254
-5.8105015350080125
-25.32322108940003
-1.2156803940554337
5.526055224625342
-8.755245982612905
-12.123752074494526
-4.199155526790602
-6.3612110373798085
-5.521044494036965
-12.71024820857456
-12.242548335784251
-22.758688489960274
-25.2330760550416
-13.19269007388885
-11.146191305566218
-11.753569455964518
-10.776427808755058
-1.5014928414062905
-25.1255266892907
-36.16333240319441
-38.000409788406245
-37.29072629707784
-36.88988011236122
-35.301772320395884
-43.702583961149045
-21.506651757925034
-16.057859481893026
-21.59809416359523
-16.798816696967823
-21.276756908237022
-22.58052818474425
-12.994219864381487
-10.694002754189617
-5.0919500589233975
-3.8979121592051658
-25.934292958226727
-12.497018210855568
-16.683167940315663
-22.33960698275022
-20.228992767735548
-12.531955438746172
-10.359214333266626
-9.155158819560668
-4.0559270250808215
8.360371213464509
2.938764719652555
-4.37825091589865
-5.432429168458337
-18.259499894386465
-18.495770360259897
-15.419206188893346
-23.15715801745586
-32.243649977300684
-31.862310404980445
-32.20725865055897
-22.10536936687717
-31.592212339564234
-34.48700082177183
-28.169848825804998
-30.66444761710647
-31.853028203260823
-34.39088857195959
-36.2823427091979
-25.744889570869013
-25.75374567293485
-30.22082592121838
-29.228337650377263
-24.899551315924715
-19.68031006313452
-23.88347889488913
-29.97168158920569
-27.50479347594551
-26.975623876380748
-30.69486769796363
-31.065346428263663
-31.548893955395236
-33.2874786720042
-40.182644969643924
-26.753689716024386
-14.49041493829366
-8.671082215187294
-11.798177007855418
-20.787241430982693
-17.15503100285351
-14.423857130910536
-17.666785116061835
-19.72826401093369
-15.636768867191488
-6.238857531139095
-10.293002901174127
-14.773890559458993
-21.883270852148886
-17.165706043287347
-16.013986699687788
-14.661143207650587
-13.668503934426546
-13.737837471647394
-17.367203610141317
-13.513256826143124
-9.618794919459463
-4.062755692659169
-12.64445391710048
-14.644320142539295
-5.880821757137143
-3.940791241171061
-4.3355379457262835
-0.17507780142723126
4.8304551961960325
-0.7799864842360161
2.6021207416268406
5.84690949514263
0.04925852809875357
-6.0928019916704805
-7.329900055921907
-6.795961069585321
-5.7502358576470725
-2.891825196178965
-8.34908215071093
-1.4714918886306356
5.250932449321168
-1.5011978231232181
-11.958841663560948
-13.576339900593188
-16.000357032142805
