-8.840952295496802
-4.086683779079011
-7.814522167647157
-10.47322936927166
-8.642963676465763
-7.717528858361557
-10.848071545799042
-7.327735803152626
-10.545372402158891
-11.067967915252972
-11.064293593464773
-13.517123831723294
-6.634281486838107
-23.51145777965852
-1.3536957663398999
6.823753225854793
11.257770262421504
14.511608567620785
19.296333117092825
9.381551619868768
9.596586239018368
9.108367113132342
11.074464993175924
15.905511034199517
5.512237075878169
3.060770308810232
4.6846122573524
7.760011336443451
12.3498675030271
8.888499641610203
0.7982442472386124
11.903519675099256
12.352032643960033
3.2342006332545896
-1.331208068635275
6.157491249233491
13.714208296143806
7.05112825239197
0.1384016873194987
1.2204499157163684
10.774859491939802
-1.3498500630999382
4.644109984425236
2.4496459701904563
3.7582557311550304
1.8728626360887588
2.6155978147739245
-2.3407427041454216
8.472501333730785
13.610947801893792
4.805020545854458
9.218948272641061
3.070930367101112
4.8972521185910045
4.522012067299622
1.553126964466475
0.03320220216059912
2.2780049052480438
5.7469344048727296
3.5445195975553125
-1.4778930473489251
-12.364548351317902
-19.568599029670942
-17.82457153262686
-21.678913409060648
-22.202917456136923
-20.07921737466221
-24.385578834528168
-32.666582510935754
-28.476161162189193
-20.298130115349267
-17.802696228706875
-21.637661078474697
-27.722836262646073
-16.42370534728121
-24.478334405766038
-18.07905572325837
-21.24720572528201
-27.037647556744197
-29.04545981685025
-21.76665115041393
-18.70611661081009
-23.5248800822352
-6.020920000488862
-23.076210481026568
-11.335935221376124
-23.556136182671064
-24.04396679239595
-22.152674629998323
-20.67523490015102
-11.60419065727058
-13.26212245696902
-8.463644213525653
-1.3231975392764077
-11.630732052005449
-11.950995748843164
-13.890621476080986
-10.245020577285851
-10.925593026572344
-10.576685108302119
-5.149629618562751
-5.7971893367009715
-9.559501021145817
-9.559647257025157
-16.069728745949302
-7.496335179988277
-9.406218270265343
-7.6352939664968025
-12.232851521148119
-4.77305318193876
-7.208893595050357
-13.821182468795815
-6.6834722985501465
-5.497655371731632
-12.726411198275702
-12.382115062755425
-6.799567068427564
-9.02175865949406
-12.222158121494687
-2.4964450506254083
-9.819112160732802
-13.703361072570932
-14.211536979952982
-15.072446619382124
-22.28540530640302
-17.024989561378565
-20.75887620393155
-26.16289692543765
-16.32401555407758
-18.101202419260236
-15.763434264246547
-21.51924234471485
-19.773083517384933
-26.64744601559885
-28.141015015661306
-25.93501087827961
-22.42609138467129
-27.98464717695361
-24.56014480463671
-24.68910426316401
-26.042311686828732
-32.92421234412239
-32.343961608029645
-30.693502725966486
-35.191071545397875
-39.149009389520174
