-19.181185269800373
-6.52718728282841
-12.411949572434823
-31.10052717085054
-9.436735665563504
-12.38882946740474
-5.495697558603079
-4.308191546574577
-5.288357095795248
-4.785652342974566
-9.49893050869767
-6.9083310193446925
-3.872414445078321
-10.175152048486515
-16.071169782693985
-13.574284915463595
-18.219260498123955
-5.853064092450707
-2.3711838083553434
-1.9616577857122413
-1.5345453975028085
-8.840902032759468
-3.0641591505332983
-16.031980869924382
-18.726353511472144
-24.186400656015888
-31.81758612776558
-18.736325569360027
-2.6825669471576816
-3.797519944309395
4.020286440491988
8.915992741137837
1.5437766069359868
-0.030528371098705605
-6.7774134770661725
-10.042222285962339
-4.740079204077919
2.1413212436625426
14.518796165114972
-10.095955112038562
-0.2686529639294862
-6.2473111360341465
-9.935537424807606
-16.46109289512048
-9.779722770583438
-15.206941371234016
-3.563122153205901
3.786315750454528
3.37344314990242
-5.355253881163172
-9.724151404094403
-25.192108416376406
-32.09708975720167
-44.024104819149606
-42.77939918518965
-49.23666438535493
-51.134924467971146
-43.46249302593438
-43.28846278599934
-32.80910900715563
-28.809015433710822
-23.285546520915894
-27.87974254536293
-32.751160009042074
-24.03828747474039
-25.86656603984107
-19.25868080859816
-26.140898577266544
-14.803313817305828
-19.08749993488883
-15.058939726080848
-7.5758678157379995
-15.175969104331939
-31.441664255654906
-27.769378425767478
-22.78154133069129
-22.25510182218081
-19.6091944028635
-22.38525640289813
-26.382668418515497
-22.112832821656912
-10.335458082334801
-4.58408567976082
2.3900429963034817
-6.288073943630122
-7.296733232282338
-11.175779728376892
-20.097335552769
-19.997421400513645
-20.9723667938607
-26.578340360769467
-20.905084552554168
-11.528253170280713
-7.2826905440908325
0.6710563978025873
4.104712695801019
12.015976647560182
10.288942581405186
9.182372564494713
9.54009859311772
3.535918727838192
3.2546335077971382
5.631039745355787
6.3131168037857455
0.9756895098567652
-25.680362193993048
-32.50925446974599
-36.56170371668028
-37.75249661554269
-44.71982310339235
-52.020258535843794
-41.500999181867606
-50.805387404989034
-51.31744105333078
-27.679288814041172
-28.111892797503657
-22.39529926371707
-19.708584537212406
-18.266278052210566
-9.94343964183256
-5.371389595937731
1.37498086742652
-0.4201666023954306
-0.8813012254730686
-10.643783533730415
-3.9657513698051483
-22.383230699360247
-3.0640667471047016
5.268086399922257
6.5819252574133325
8.209720697503585
0.3029657392641309
0.5074131170257985
-3.4575857319158017
-17.926180026159088
-23.92916893587447
-29.670446466496486
-27.54927126783648
-30.151198951470178
-40.061185121220056
-22.585814024820827
-28.636908229010054
-21.052670878071037
-17.237616182027256
-8.378008860043966
3.3123741140113014
-4.954705841457236
-6.139030964475538
-4.470962080761009
-22.792734630788942
-12.6591907036622
-16.11428023931631
-6.3249947598959215
11.858455836769226
7.065291974054996
0.3589643114236519
-5.807964147716705
4.451366629888887
-0.7942511717710791
0.7938879498124212
7.318638621513956
8.551319742022361
1.8095250377515208
-1.0029400677043103
5.296021668959886
4.064848949346989
-0.36272961898624206
-6.024537486854444
0.5732117210969772
6.059672617424727
6.995033682955627
5.109592524796447
0.6713917823138067
-5.360350712761541
-8.596772788312443
-12.396869526021408
-16.63053157943456
-21.69014051254428
-17.785972017942928
-0.7379133668681427
-9.8560408090545
3.481335046866623
-6.539681069054099
-16.899841631902767
-6.3311683627000015
-16.37185164102626
-9.161460912808966
-3.53667704426011
2.402893553309744
5.189829427070041
-9.092775209650542
9.171661054303172
-6.134692415865583
-15.041745993460063
-34.50430015459358
-26.096521611124054
-37.9562050563862
-37.83330010088029
-38.438878454811956
-34.239909034516174
-30.497519369832826
-34.15906975084164
-30.834601308124935
-43.310305672993614
-36.616763430333634
-32.514056216549285
-34.969268134986955
-17.862664756493633
-11.321916992852804
0.2873927078571382
6.413807185179294
5.88978521093624
1.9307626808613412
-5.891289463394616
-11.333730445609387
-9.557173824861136
-7.6663263904375185
-6.3288658350766065
-2.9002916947272634
-4.0743678839340225
-4.52538145330162
-9.611459850984836
6.611118131486381
3.264868944207148
-1.4648735739706955
14.150502533194318
12.322823940156455
6.204941613404811
0.3536171258328431
-5.775334623823621
-19.702160667482776
-19.4093427304267
-7.968752142653741
-18.642828762885856
-19.317192239388504
-17.936503895464657
-22.553738125769804
-15.559964707867744
-19.419745655499067
-18.38836494855016
-15.735177947153835
-12.402789452645026
-12.387061021377347
-20.94960026170129
-17.455507408975635
-26.30292033252202
-22.81266504200566
-19.294483395106713
-26.18165106396229
-29.42052835283955
-3.481471545570831
-5.011944009728781
-9.68710038121959
-14.925467341587908
2.4631928827570784
3.5089948256348342
1.375619295908178
4.567646733541582
9.468956028026174
5.064047756107922
-6.0554237661267045
1.5291843333074204
7.264560185282277
3.59492654626606
11.438037585517275
9.701772222784477
-0.35748493806091824
11.453748256302678
8.583532820564411
2.834675853262038
8.976867733111531
9.0643767206671
14.04482576161856
3.7501161931277927
10.522891235646446
5.044420706623671
2.84329227984449
5.821959967069887
15.004085143310974
6.500760733053901
8.330312605792056
-2.283658960320959
8.545850097398784
-3.466765443778882
-1.7730581540273782
-4.881844981706234
-8.81720943905055
-13.93903124662401
-1.4861102570501448
-8.345894696136503
-9.269872697536144
4.924735924863875
4.3765201100992455
1.405414872001113
-6.704948949728885
-3.8006844597905824
-11.848706743745804
-14.055428802856838
3.4572214375867336
-9.192374655114348
-19.339126371123246
-21.703027107648836
-5.561264505200832
-20.50779878886727
-12.132672374541846
-5.00119415883321
-4.489119243367458
-7.790152164249129
-21.06653650796864
1.0328257367785143
1.7233802618267295
1.5905131623247744
13.830920478593864
12.281350932915453
16.42483524026451
14.59539712954495
11.484642378324196
13.358212727171654
12.124091223200445
11.710863359472539
9.074542903912963
16.144230186985787
15.781334504108553
11.970561874309334
11.870132874781325
12.89409683115512
10.638431160693194
11.554314535466276
12.438174318506244
10.379979835094339
6.972637723435943
16.32594735697972
12.193437606060586
5.845295330313421
11.107278968150275
5.3392942936933485
-6.425523230886425
7.792409766669303
1.7474984376939162
3.5870102099301646
6.447521847252228
6.9023746970807185
