-23.22086937079926
-9.922446403486774
0.07358730168798758
-29.038742771208764
-26.051829258818067
-25.73909245168393
-26.938778506965583
-26.403106461123453
-17.031835827803892
-9.544423696991077
-4.726859493498457
0.5304709792143223
-8.627733795250508
-17.091625101636968
-20.634971664875952
-23.85702872058814
-35.40362315789396
-7.360693688374948
-19.276494077336828
-36.259333127965995
-17.973758146016323
-1.8592329387672395
-10.007275772851232
0.9426705340608555
4.6977743867722594
5.491568036553793
9.31365882003407
-5.365980516873697
-8.602831113929781
3.5641371783925666
-9.172996934927358
-11.806913904434676
-6.327096755102077
-3.7700438078881584
-4.012366327835794
-24.861344343904715
-14.825535172294304
-14.780504053669613
-10.11686081280108
-10.322945184882917
-12.545595507877517
-2.8679734663092273
-2.534984683029633
-2.4057292146444897
-1.4212871441445811
-2.325896708673192
5.642619857892551
-3.94065928997241
-5.678381357114753
-7.9057863255788465
-14.536673245373054
-20.874294092111768
-20.653453861971048
-20.3594101246472
-19.653412839407483
-12.331894148147487
-21.42224610603516
-23.67588555316689
-27.491804364923443
-13.389827714993794
-7.281796337263668
5.292021438343391
-1.0184106434172049
-0.18640232901431372
-9.180089147661604
-2.654221079811207
-29.966393964334326
-26.541573765519733
-14.556352269347716
-13.420771763859642
-31.927240547324534
-20.318838007401126
-30.65502509210528
-26.94567816237389
-20.102518354127827
-23.372063618171307
-5.2118826652734604
-12.762002748806786
-15.54944858553358
-10.498744864095581
-15.722609312242467
-13.865547986305401
-18.749604211560733
-15.717205274457571
-31.11604159039641
-36.81494407647872
-41.295506064973246
-47.2106552531377
-53.798087691542435
-46.27052501565172
-45.68789128210193
-52.058934382822606
-51.610941982480256
-49.683287902355424
-33.484489234483746
-33.13327364571015
-32.02468523690139
-28.56771109604844
-22.74402445765889
-25.417644292003054
-27.753145809899284
-16.78426114900191
-15.4408301400526
-16.161452653413047
-12.483901074145033
-14.685407719580136
-16.718792732785587
-18.851187343277378
-24.89449724472228
-13.997134208702006
-4.440893913128585
-10.266959130819787
-6.2681379716699945
-5.617280860058818
-21.584804887106337
-16.8441293277471
-6.496246805470532
-10.947442630029215
-2.8888083561730658
-1.4333254191968663
-8.142537228910218
-13.657410363008427
0.9492669856676694
-6.873371785072187
-15.865030741862665
-18.591864088532585
-1.212220283134979
0.8418620382985075
-12.889939725058408
-18.060505234475503
-10.286864799711793
-7.107592042111723
-7.752899526027745
