11.725882826149853
3.365597060114001
-2.2196691781487354
-5.294674130047793
11.593185117726724
8.46652226092957
6.1596401041868445
2.1718773368580155
3.9534708128767986
2.0498519503254453
-5.917756948088736
2.5749537975521624
-2.6755576787522197
5.057542465871257
4.2445008785294895
9.017442037241462
8.916612143507542
17.78643561642139
8.026935873892237
11.442370476597082
14.530021425353544
11.016872823402936
13.669968612993168
31.562953946431357
13.137902294455333
6.577173353464642
6.189902519481171
16.12460314961692
12.33938170585055
-3.484040181288774
-17.996741882244145
-17.283203175228714
-16.921760284950313
-19.169686076704494
-13.377226294489803
-13.623279649934414
-13.69746039431629
-13.098215349273
-9.263122050602943
-5.568996995521044
-11.708755755313069
-16.734760326973767
-15.279421848086413
-7.933281302531828
-9.258973652873305
-9.033724623026163
-6.011191968970913
-9.858738031441755
-14.061170430511956
-18.28393463649925
-23.88980124498281
-39.56656267345922
-33.49889495878436
-32.86704329413918
-19.97088661265084
1.8964069145545892
6.888411414110865
12.382757806532489
15.076524599558725
21.78462152371763
21.59424739631277
25.65296347156757
12.518167764895045
18.159177155979734
21.09411992767185
17.705134060073732
11.212930018535252
17.659402439181854
17.193519109435865
12.042841837849624
-0.05980142967884947
-5.889079523387915
-15.033340410692228
-11.317423445009124
-12.310800233724015
-3.220263281332524
13.59379900264169
0.3037931527769382
-10.260664438974393
0.8836274383076056
14.259943036922405
13.456808934438213
3.966982346737737
3.222797038561287
2.2828960865307333
-4.58019891358056
-1.9760300639448745
13.689846781567061
0.6216874535844669
-2.877828684671922
4.102249551177512
8.165303616600017
13.52045021550065
9.444216493054514
-2.2524714755887194
10.030312016579604
1.5546996421426762
6.022749223932856
-6.726305144280079
0.6063173407873976
-4.65823600590552
-3.1627265589699016
-3.1898805034082205
-9.806847141502756
-6.264974158181434
-1.8805895147369471
-4.656529273647455
-6.163315334522853
-9.284448870605518
-10.457781564712576
-8.967306368353261
-26.233316681207608
-39.488753805826065
-44.49634974289829
-59.637349801780154
-66.02693245658992
-56.1302099684805
-44.73991380669064
-38.65771989819871
-36.55695537372795
-41.3131912860856
-41.424266142565116
-29.768352202372423
-35.645782294259426
-42.52783931232365
-38.42864082998709
-39.82250337745066
-34.987583775808325
-24.492879961225423
-18.27486594112946
-17.05140843210485
-17.43051201178399
-22.1031968719728
-19.949579161550115
1.3286133724031624
-1.5261009318394083
-20.930294508792926
5.55527568558075
11.969982089960187
14.854736076096179
10.616886637527553
4.351061812448618
2.403991525570196
-4.537084527991004
-6.92532066667873
-7.693524670096477
-0.2995935952866395
-3.602520441105268
-9.920858082418317
-10.665336237921233
6.163119620709307
4.886373893008299
2.8143877813065354
6.970207809117281
3.3412158233446734
-4.008183755953365
-3.0844941331914995
-3.3062103741104143
-9.05172459316209
-8.435824281609005
-7.721664321484747
-28.6819920515408
-43.86692062296292
-36.59525829593399
-45.50357568103535
-38.74028086920625
-43.89505867875434
-40.24773158774439
-31.060366452723127
-25.549739612963272
-17.887179845790676
-20.47466244037975
-26.84131821405845
-7.57160483900237
-13.6971600093595
-46.30317427412811
-30.87504950078299
-17.05107971388442
-15.75076419111968
-15.219407071292665
-16.709520117150532
-5.846488876863254
-7.589489500980608
-7.616635214902978
-13.917695047724292
-7.809089154643862
-8.120152136393841
-12.115509835752329
-3.935219415630218
-14.504991856635089
-6.591463014798484
-11.002084870780923
-13.36713459771747
-10.29773421078742
-5.061780744646058
0.8511854403919155
-2.070819164633092
-4.554217227271312
5.415974876402996
-4.423651130439088
2.2167952738248298
2.6200585983318163
-2.059824295844229
-9.869311050788024
-20.551635217181644
-21.00457540549057
-21.84857061532207
-22.961384539802967
-19.044736163874067
-24.908972358275484
-22.296712740095252
-21.75426904589619
-15.364245279817714
-23.254909590130307
-32.49315241965044
-14.857331542977517
-17.5311308836883
-7.281250997993883
-5.934496266206349
-14.082734322225232
-40.59124690768472
-28.762115056027852
-30.113777741546226
-34.52300483022469
-39.427629210876454
-39.15490668040805
-38.15486217948329
-41.04241791869706
-37.133279794733184
-34.664228487211474
-31.41110840715012
-34.14996436723458
-34.75345377093249
-27.48922888533137
-18.765749025841302
-14.881909098369105
-10.036246834568196
-9.840520441901782
-15.927064986059177
-28.59415867434707
-32.64291476261157
-20.36926421077379
-18.176109663778764
-15.160802403303899
