-1.2509236278248668
-2.6786167903114046
-12.725503112589431
0.7816538798770779
3.021163348309954
-0.2519994707144599
1.8833211646773875
-19.39895128207963
-31.78655488117589
-35.953122831739165
-29.467930760071038
-32.36811408664284
-31.607336296809866
-32.12422613521291
-25.756414828915528
-25.642552935859236
-26.455482982998205
-38.763548120101134
-38.389103642430975
-41.74534958372903
-42.03557827833454
-40.405506501634314
-33.922191470958474
-36.517092470647036
-37.49713266090025
-19.90889023629121
-12.3654811509621
-11.214963294855623
-16.67442221159476
-6.627640465210862
-6.809693684022317
10.970948181554313
4.85843831669602
-43.11254066336765
-30.719781527622857
-51.93335335708022
-63.18527011172068
-59.68460522394412
-49.39366948297465
-49.02167824347355
-40.071721781173814
-35.075188052972194
-31.952265247488423
-36.816499922673614
-25.945543434478488
-24.698169448742977
-24.17634177778132
-28.23218239418236
-20.298275407859897
-20.52511483643516
-20.780632609166318
-16.273331176976065
-17.828369724400265
-17.147497869601327
-10.906320883335924
-17.78773436045789
-21.954630904194296
-25.97291530935245
-33.42770139948191
-29.989494925251694
-38.20154599349815
-37.01200711651655
-40.854563695596745
-46.783857212893146
-32.13442526867544
-23.610932892814738
-28.387487102888244
-17.725625974210306
-21.809800008998057
-26.574144226744746
-25.8171718658856
-14.155963702820628
-19.409297583298386
-8.334746000894311
-19.23177380700818
-26.682940996151576
-38.98865991694873
-37.412020630637436
-25.533181299409453
-22.411202191549272
-33.0129784631934
-17.9742522112212
-20.58685790673859
-17.674450819065136
-13.57433676351005
-14.130980957922278
-25.606409674536604
-24.347908101346498
-12.760797257540565
-15.882315238346925
-19.212346087953197
-19.830727119138785
-3.5671598014103365
-18.034160550200593
3.0537244219753044
-11.127300966949036
0.2336049372893788
-0.26323250468245
3.15706157013238
-13.914128018982778
-12.773458917738626
-26.85406950865307
-28.693330856240035
-32.378158202273504
-27.304634399918793
-17.003248630096735
-15.179967467109188
-21.082770586412508
-21.600433962268802
-44.78958434474915
-38.87137480696506
-26.29816580279144
7.300277202614273
-10.6272158484206
-15.792673172021143
-17.781036627708218
-12.665380024840713
4.632090859979034
11.101449279888046
22.319070171950436
30.891375450412806
30.042464526971887
20.887898015077113
11.812148889401232
9.681924451152176
5.289071191503568
-3.0097859512579688
-11.615550236569115
-20.782141523001187
-53.61045302131514
-44.862677499705754
-32.4317983639151
-30.461406549883023
-40.04782339879091
-40.15417003682045
-38.04567535897358
-25.814339972293617
-28.958197516875078
-21.573759468115803
-38.60083285257483
-16.294617807788804
-7.232263606544167
-15.565165831266274
-6.100294584855789
-7.590277964914367
-11.019879450037847
-8.25612791626894
-8.706204737595927
-3.679686844758865
-2.3143146585657
-3.082462073564198
-2.633026418346066
-4.156601192097062
-7.401179800233773
-3.5484596185450417
2.8922960006256115
-0.6452628634899247
-4.84293760363018
-6.763142124511648
-5.70896666193347
5.461572210200695
4.065193268704129
-4.621150647035062
-15.300517363612672
-6.635919626935007
-4.669134298316632
-17.011912376221684
-13.986109856397405
-16.607288259265733
-10.307800925344964
-15.033857222489988
-24.488573252246177
-19.416799273662622
-22.71235085240213
-35.155373165359094
-29.62744235559316
0.29197050539854197
-0.11127433994993154
-15.561538337522881
-12.569753615196724
-9.719416727441924
-6.148366964508304
1.7216891859777113
-18.276765714237573
1.7915802313785891
-0.5053843862709376
-10.151555798454515
0.8489119500626187
6.626190875102228
-9.756099708833927
-3.906661772720479
-1.0080485616337893
