-4.5519683446641945
2.8579909225827924
14.901743979432748
1.2368793272603174
1.2233123280886764
10.203113528257607
20.3817502099412
20.16172985579296
19.20926757638408
8.738215847037434
0.6916139700945053
1.2137309716342173
-8.928638773455841
-14.710487549430855
-17.395705329465017
-3.278363520814628
-13.013953653384394
-17.096595096632115
-21.95661398148497
-22.625089099379863
-29.92533270393631
-13.181494064229
-23.017344617486962
-27.04333342995332
-26.584027355554127
-51.07301129486748
-23.462617193533035
-22.544631366205607
0.6823412193870546
5.270369399103664
7.8820348983763004
12.410287186524062
12.579239578306264
7.212515277202464
6.851349967546844
11.889543062604544
13.075359857234714
19.822687667610435
26.066161530412487
20.774494996781584
24.853789224313296
23.481077215180232
20.91220880492672
22.90695990039278
21.023385364002237
8.882651255626909
1.3711582102115212
-7.567859300446025
-4.551445125917314
-10.642947934319752
7.429862500058983
12.753070979545818
10.60357615005661
10.858827672645807
14.80323807584898
11.073683365313354
14.307887520659618
12.39453827542411
-0.4455195880573409
-13.71912789434737
1.719274106700974
8.277711542217302
1.2323401251110502
9.091542076014596
-0.7114135394248158
13.828763780263042
8.80832093289752
6.15090384983362
12.24586762108103
8.163120527778638
4.14698173515621
11.79613592037768
-4.711816920704531
-15.55005443858906
-14.698509390528884
-31.74926223205144
-36.198107346679095
-43.04872673453888
-43.83792841623568
-42.507728038854864
-50.03586042868279
-59.168474602263025
-51.230110724689894
-49.839642580547206
-58.53347452072522
-48.57963776658128
-42.30194537609505
-42.87660875210718
-42.094658913815664
-35.38134954484887
-33.537850611377216
-24.356554495022632
-18.281890619412
-15.620179178721235
-16.227375708867743
-13.946743411473088
-18.31769444688407
-8.4078980714095
-5.26526789736675
-12.544903530229346
-7.5356913011043005
7.945594164389808
10.896558318958137
10.91560496272989
7.913988837445191
21.796460824422013
22.92932338631104
30.91083520405229
17.679907387099664
14.486158003745393
15.537999849118162
23.585137852241093
19.977796863475973
-1.4297136366926857
11.87737243503007
1.8209362306021364
5.796614329743076
15.631990628333757
20.164041246976982
15.855984208535395
20.767360616677987
11.225587527952865
16.34377942396008
20.63872623141257
20.161356278673136
29.871276074627374
40.969581564297826
45.13761494615763
22.66927786013027
26.02654759094605
20.20492934435659
20.74235184827653
27.08238408753454
23.632153365877453
15.659667093569508
19.380504775619773
25.94011859189974
23.306836492535506
19.44491963294652
21.94371128918224
6.1092717796893785
6.881209863268997
11.929659118222876
-7.901012595259607
7.786205501080163
0.893283606507144
-0.3365564326541532
-2.83485327583656
-16.26996675617531
-13.130227923353756
-27.51809900096183
-23.37811758565388
-22.66414578258368
-24.98438140151377
-21.12003790717077
-11.941885984640846
