-25.65627372233572
-15.298751402692801
-17.924998268506652
-12.691974298094086
-13.156580344217202
-14.491199782295167
-8.091699852098559
-17.160254982113695
-15.253264971931195
-12.405459711062873
-11.7344290623196
-1.0432018643692456
-0.6234501645244537
-5.5241178296223605
-13.79358230468099
-6.382793774390353
7.2216820454887936
8.93491751204277
10.069891858522436
15.515845051311489
16.795739885972512
19.613142224482946
26.878001911348285
32.562978426528694
32.079719254199446
29.91586631645689
54.26489886808386
40.884874632204536
40.13626922113088
48.314677639927424
38.80280213078974
38.614878488196474
21.7440756048028
24.565438278789248
20.244350065422786
19.75233988366505
23.129432897221573
28.983906610831923
21.596782394150893
21.258227621172622
17.214479361650902
10.04394165892322
14.220815606604257
7.090362851769159
19.922784501863397
23.393307919728656
14.169683692942602
21.06515732306181
17.090912821811855
13.102221358785403
-4.693076865038642
13.359864189298134
8.803082464707233
11.387163636982852
18.41984713611686
17.96613531532079
7.9468819633645795
3.919276654452304
1.7126089712507184
7.5740420935886865
8.468035732262424
2.0715217415416896
0.7733195075664319
0.5727250601373756
-1.9811268060325682
3.585449040143314
-7.6861787408914015
-11.386506795730948
-7.735034477618138
-0.2964859128892552
-4.846156507049156
-12.09590858906986
-6.900204847569037
-5.274609713563552
-9.413616485349273
-27.33004981594784
-31.251146024707406
-23.510412778557864
-29.668143477802467
-26.41025872346227
-19.07672408244073
-4.909032917202861
-4.995916610631653
-1.7852542292970894
-17.158221462703587
-10.145594314267576
-1.0535821352792718
-16.102095625794224
-11.764086307631965
-4.081842085294418
-2.510685759425337
-9.017261931495689
-21.80951152865213
-7.2465274517849805
-14.621636448154822
-12.094693388633448
-8.627483874650574
-17.24355204245153
-9.025775387262136
-12.918488897631955
-25.311841113946137
-13.827553964362746
-13.745921162184224
-12.848847376547775
-9.01166794725845
-8.962543322607507
-16.153358965396613
-9.77030584944916
-13.734462123826132
-10.02102082253456
-18.652595710482675
-20.91826170466153
-26.51466118646553
-21.043093659443983
-19.73409369374505
-16.784052149575338
-22.52372480104711
-8.555943936096027
-23.110746347825607
-14.965913380739007
-17.852551960020747
-20.08282760235557
-25.59303175434687
-18.45343249174506
-25.136175398529268
