-10.236977498814195
3.033558534407734
-6.627005093961152
4.5353343589596316
-6.096561052692847
-11.399430084088486
-5.604204186185135
0.6522926352798757
-5.076469379007425
-5.81122712066869
-1.0268660554080928
-13.663815625720586
-6.183153720998178
4.8898369460706155
4.241580196393426
1.0419959410269826
18.958915365507075
31.78662403775077
21.513584062980094
15.025648070257171
17.20682063814247
21.887599203743573
27.440088384049478
23.99354424523447
22.30564205862852
7.206879760693568
5.001799463365509
5.025001483639161
5.46820637301131
-9.654659564628547
-16.416262790963586
-29.32508994575099
-24.39098551017464
-19.1425491504214
-36.16066993121928
-10.440010774904804
-11.548561052490845
-13.666753785472824
-7.298819184628838
-15.424552017185139
-16.26197469855181
-2.40253181279028
-15.319897781461606
-18.650865865256147
-21.972337224322306
-31.033592564875555
-27.318067548545923
-16.322870340317674
-2.476300950018275
3.962228508741678
-2.0299471892455934
-6.5911121450653205
-11.532105239754818
-3.72214336316216
-12.88938696773236
-15.412183929315159
-29.79584200554737
-11.332183540722372
-15.485921100065045
-10.166934862732953
-4.68365972979163
-10.224046882888665
-10.330191493320402
-5.801270802671204
-21.926316038386243
-29.17336483762638
-12.535326441071744
-18.238630450634783
-1.4969365008397089
-9.139620928360523
-11.540042532242355
-13.11436556511526
-1.9302737090670408
6.91948327628433
-3.850459270369618
-6.776679965957268
-4.45452039246508
-10.640149537558852
-8.561104542733236
-7.90226335313203
-9.642655593804283
-4.285138690044656
-14.337800080164545
10.894771515986724
-5.720897866853647
-2.0047875041891863
10.409162059912513
-3.340232412237836
2.7658560700628705
-3.035535772010729
-0.9860080354819925
18.135722866548267
6.55312496603642
6.786063871599303
1.1472911288429537
9.755631574288326
8.647856610020364
-5.127396140906073
-0.4937038973051437
12.591369717307662
27.624820191205316
8.874361792036066
8.277149222000338
6.650699122167287
14.459887272573006
3.677778276085815
7.373612234359894
7.643847693292952
16.638175276919373
21.34877087645279
22.707233839157762
32.62019602118704
18.79093105810551
20.540840541832004
13.979641375869805
13.860037358216715
9.857730397308485
-0.6838428609680726
-4.736247859468473
-9.480616719088392
-3.1387648100319114
-11.294510013205974
-15.452317938414135
-13.950912324044031
-16.394406344297533
-16.362626070392444
-14.43956096318417
-8.278058015262443
-5.925014543148622
-12.293168964580314
-30.10276476359112
-30.210145703237572
-14.936044788479045
-33.53650731474988
-24.553902681971604
-22.97000854637439
-24.790896702044297
-9.858784124388192
-18.737486877606848
-4.903661362435413
-20.629688439024545
-0.3991154008817052
-0.5443678033397397
-4.753964336029862
6.259223099546534
12.667428937544992
17.049008233852803
27.52398496347601
25.227204523648737
6.9721184703586845
2.580984549827542
4.195710354584309
4.728645360518466
-3.3357679494798766
-12.95882313922935
-1.2569090509274503
-9.791115227253561
-3.8692800512265983
-4.326866225567587
-10.33299219240896
-20.21520840142872
-8.382359266044126
-13.146633218849207
-9.77573409783936
-14.508927713621485
-23.72281554100865
-18.302453385440074
-15.934724216047204
-17.602635183376414
-18.608245223834807
-13.086018316774918
8.269287320003441
4.768591706951506
11.397365936485858
4.876449417113138
5.01173861324534
5.820379867628965
8.542969177657643
10.374886267594967
16.210952013669893
1.395316153135524
-5.114357989650203
-5.367491652815769
-2.617508144690325
-12.561953977489248
-16.279612395373757
-8.26784582275876
-5.8328452231144885
-3.8296574494488786
6.4625670443265175
-4.010697413263554
-7.6073973082971795
-11.37910546102985
-3.3941568299179887
-14.75873628344172
-4.653638413938384
-9.220321466356882
-18.409746966561546
-23.86855422587757
-8.611639809539179
-2.9896450642191805
-8.65683240105247
-6.8381313890141255
-8.92695304784949
-9.290450616661943
-6.779353521227621
-5.619921178326379
-18.099562517236908
-11.286203383340249
-16.655175683899518
-8.130000461520924
-16.310807894191345
-17.26940594745125
