3.287068542274335
0.4880822414670925
5.608815359965232
-1.803475489647416
-0.2685442998880161
-5.3927313682484135
-14.038916036096857
-22.93621547420091
-9.207417455891722
0.2981862612990329
-2.9048449777176404
-2.136833744164687
-2.948508688711333
-0.5470980469962439
8.356896746550252
-3.2116068099424204
11.026347813908748
16.74634016341534
11.178481957219896
9.710476837884393
3.8745327215741034
13.203595544556633
-0.2671336698480435
-0.445887327893597
-4.436272104248625
-6.607111082006496
-9.042436870060968
-4.257479227643499
-14.972017334455106
-15.562835674542413
-5.554554057242564
-1.1691350666013791
-7.1404039810365285
-26.47529007206079
-28.837317554496092
-18.184720939858387
-34.463789719688194
-34.38591319808152
-33.671877727852014
-42.006285878687855
-11.73107199999301
-4.640915378702188
-6.11047578877462
-6.672466133781816
5.889843635777947
-2.0027924142939044
-4.8534081184443405
6.977166257500671
-3.0715284715574294
-22.44482476512033
-7.758123889585095
5.6444311673921606
8.019808691690923
4.616803695236423
3.727881488272221
-3.141270774020437
4.486814475651789
3.6362788128413768
1.973462531029736
8.697589454344186
6.825972298353869
4.837279141832059
-0.5415521977610313
-3.058732854519852
14.470959337438982
3.825760711380396
-2.5605643170074224
-5.483490891305456
-1.2000037448620429
0.9088549697890158
-2.289783438313532
-0.1171144887809981
-9.748335844292233
2.3808526356734823
8.124021580902701
15.475876720023885
13.36052565726636
-4.510879069088287
-5.9729614435158
-7.631055220276205
-10.941975434392726
-13.719756949561939
-26.049856464265343
-24.369493040190807
-9.657172995979776
8.035241806866782
12.033123993606136
6.012382853521948
-1.517426079055064
-7.236796569536345
-7.596923641874444
-13.973040207011692
-1.7156543747343809
-1.5201296264839852
-5.061070815882991
-20.275657202824075
-21.09597636182212
-25.950210181340836
-21.10751916953856
-0.8249753615698604
-10.043255843839708
5.479362088564161
15.541068415779689
16.919430988499528
9.251299228604934
16.905508903846698
7.983016226610488
2.2415232259894733
-9.23909344952988
-22.587398075398212
-22.217516464253254
-10.524640884234667
-11.294240748237279
-18.10619000327879
-32.880968041563875
-21.366371158802053
-24.723834666570536
-11.525669820444286
-15.774448587866955
-7.618361244047687
-11.676626378258149
-14.651299359782687
-19.16418686707011
-17.827047366100036
-17.924755770293018
-6.2067116758542245
-5.71840236712898
-9.76233066988464
1.756902181439905
-17.842649323457447
-18.159449774730067
-7.2397150038285725
-6.471462506085412
3.4090755045189525
-3.724677115448047
0.1342588978389516
16.70739228827665
9.15108026393506
4.052939248212262
2.6988278557708827
13.472458737914367
12.072363289017606
7.1642092349034465
3.383929873037077
-0.11904683813483545
-8.936166239220427
-7.486805985590579
-10.624019486858238
-8.028481456098456
-24.04612424612069
-21.601709187831432
-34.07658488198943
-22.77086641544716
-9.703939902673481
1.8016251143840571
13.938605429415468
17.945011404723424
22.70671340172009
26.66420479245597
16.17617361760155
16.013612082913188
10.190315288773483
3.5140505343439767
17.724280489207764
14.310329612109495
15.432878753427188
13.787915208063447
16.80943047952697
21.416254215731847
17.501355749353486
18.189938119389343
24.274932703629798
20.995037044466343
13.088613483489025
10.682831188286693
9.47913961148572
2.2464537458322837
3.941339246451889
-13.122488059563956
-12.231264891713055
0.2466038701296629
-7.3835369816741006
-19.420132562635636
-7.907023419307562
-14.209831201290676
-6.416505510419402
5.95267759835616
0.5268666830750383
5.453577849592447
-2.9765841758534903
12.361404333149213
1.2447947489243605
13.487387936491606
5.910561539748255
5.548916234892162
4.957463611681901
9.239116149042756
6.892550218903633
1.9581009386095436
10.704497885307491
5.205506683726585
-6.289694856525619
-9.37511360658409
-3.211804502063929
-8.557671667458349
-18.79921619766234
-9.86169423097824
6.272377891818793
1.8781463883641618
6.761444654020115
16.142323472069258
10.705268324814712
-3.182568234227914
0.7344938962078349
-2.5378592734307177
-15.928416474676533
-26.220906131078237
-26.78626364761809
-10.139711406038986
-13.202115883773839
-4.315910363894363
-3.6284423085478408
-8.879121146458207
17.808106614980797
17.039973326152527
15.045702736413984
16.390131568943413
14.778786294249516
16.084029093926564
14.729808914855196
16.933959311144854
1.05460850022211
5.040997316792006
10.20341186053441
18.483406889185844
8.692252126725712
15.588665550712776
11.149327122024667
9.706116201008523
11.555612853808748
2.533982920425852
-1.2468974656873513
2.247307906026415
-2.3706044135969657
-16.19023582586961
-14.495345106097181
-16.74220990100082
-30.16423752878642
-29.714742157146308
-16.88215240307508
-22.388521157989477
-23.958095988925592
-13.428307469826045
-4.249830099859668
-5.467768290921213
-10.182062808291557
-6.5506661962654515
-4.717109207516738
0.1714249631693309
1.495367077321291
2.8794608682326834
-2.2815242800196835
-1.4975458310534446
1.0603050840612611
1.8777829269124056
12.157749571191149
9.157097408871033
7.986111975699322
7.798398112585182
17.962107070301442
20.596010139286314
15.936218516991891
16.309190573385706
21.92481263131051
14.50148701167208
26.425708404642997
14.596238254906163
-0.6974585156031154
-23.30654750924684
-34.72555618496661
-33.844753014589664
-35.730369576140966
-34.146842814907856
-34.673596569784785
-44.28157518205364
-45.98810164778077
-48.698308882103575
