-4.605665331807637
-0.7149130363572979
-7.502189040364533
-9.856638380651257
-3.2658898082227377
-6.544245355999196
-12.3549718062104
-3.644762453843737
-14.254146839247744
-8.537985105301905
-7.744420693705307
0.9146927519000267
-12.566019416874235
5.019122752318197
-16.25861128711081
-17.99679647318898
0.7558316509396483
5.597963935928184
1.297015328525782
11.765112335646107
3.2813057847947253
-1.893246493575502
3.836483320757601
3.1492112432277244
-1.893695659179844
-10.753572021123645
-18.790584198041667
-16.993344978277555
-21.679322186474792
-3.9561087365860903
-17.844973327572315
-23.63173836493137
-12.764808613064195
-15.372291305972974
-10.012265785021707
-9.070600020949419
-3.668095451461468
2.5089690351034597
12.550814583545115
0.0055899133762427255
-8.877752286185178
-0.9758594843032942
-2.381569660529641
-1.1670999286031467
-0.10991946641200938
-3.2876891918899367
-16.403822093465692
-4.837801641121594
-2.3293243506482213
-8.64074163136245
-16.76781714983966
-3.8384433495246406
4.406214208170481
-14.519009847889173
-11.775057336036296
1.7542737564676203
-3.2804133677522858
-7.933003648299142
-16.418116494570366
-21.06106540015812
-18.924562097377173
-11.093054810074275
-13.769219882756767
-13.177390383185045
-27.512037588406482
-3.970928614494368
-13.015692243806471
-18.32244617127489
6.238364307258488
4.234073397002715
-10.836387070378683
-10.33953532036845
-0.819593757939235
-15.06671471868768
-5.6293794118889675
-5.043963091098148
-12.024221928499891
-7.168762541091104
-4.221838919886729
-7.013426676084952
-16.46457651285288
-6.047394696824338
0.4651600877432126
-25.89842737210753
-31.011920675154208
-31.806756219939817
-29.84783904417799
-26.87290011394611
-33.5334138664957
-39.90094634156338
-37.68253929912557
-34.370262268803295
-33.98851782798272
-22.775130066332785
-29.20193922799376
-36.77514148343896
-33.44016379498503
-31.774623345034733
-35.18233372384914
-26.61090345546237
-25.24367503767224
-26.83267725075232
-28.809913425946426
-24.48253537021968
-21.487441132081013
-31.352317695173262
-35.837949702584595
-32.994405949515965
-39.42999416386994
-43.594387701224356
-38.355988905036845
-49.28694322892112
-40.36699955837712
-23.516472135925607
-27.70055543949495
-22.730087066279783
-15.718855926473164
-15.434369921583789
-14.627124634596527
-22.727678086284442
-13.800121584060006
-23.192213950508908
-20.598804149089013
-27.611386240845718
-22.482272518060945
-12.883388372909884
-5.902368708418207
-1.3791436725358832
0.6875699021436732
-2.0429972593339736
-3.8243795307536583
-1.2226980487500367
3.3203533453982947
1.7251192305625855
-16.183934830227173
-10.492537702826686
-8.5866759882873
5.728800164023488
-3.570022694789145
-3.57022795619214
2.5605744856097985
-10.54235591383901
-9.935099129968924
-8.963900199311475
-6.3523803792159885
-13.296646910766722
1.2420976000601645
-0.8037384138291719
-9.63364128214121
-9.929491593277367
-11.343711543234091
-19.91367298193321
-6.874378736915263
-9.413939623453695
-6.508656746262168
-9.350843162687623
-15.82393921691313
-8.205719698905304
5.307490090923117
-4.169267164325558
-8.100894207307594
-20.407931850308707
-11.86669963341373
-8.78486913526615
2.7459778807254094
2.4382617138597293
-1.1687789060975595
-1.9781012521052248
-3.96608195714516
-2.0566802485931746
0.1526866629713402
5.073982055868172
1.5858228834930228
8.233059830613918
-0.5456298674789778
2.9637259164874035
11.216793075553896
3.6093840066797567
8.76391813867082
7.097645500313071
-4.0505298884497325
-8.6650316724757
-16.29398248806656
-13.780625166198618
-11.855088886647556
-1.540250311394234
-7.1762908501868585
-14.339725665010011
-11.02072192038502
-2.8478231851997764
-8.11234507750604
-10.852892133176136
-9.027323616268284
-14.024040974788615
-14.971445911119574
-6.1748347120171925
-1.5229195501295876
-8.23768980530113
-15.65305625178817
-30.53054272991808
-23.411702496694733
-16.679604992738962
-2.573544251854881
6.607731967997166
-2.1508049411552657
-5.10513366592955
-2.6516239517847104
-11.007129639165218
-12.375968654070336
-8.608725786219848
-3.876420694184048
-9.003940282957222
-11.064924848157565
-11.567856325458742
-4.268711065382953
5.5243590024754905
-9.889643796703792
-6.228747494952319
2.423147778953408
-2.3631458852504856
-2.3665455230739583
-12.606773263628936
-5.317882372651239
5.907330733771192
-7.02405088751841
-7.3921214818968295
-9.501890473865275
-6.137920709191039
-2.3791513545143506
-9.356279473181493
-8.610471849145528
-1.0491316508249169
-7.16837380808029
-10.825185302480008
-9.348328165188267
-10.772441766505434
-4.634224974924396
-13.486536058231255
-1.7412520121225654
-12.834910562803454
-0.4502492095631855
5.242000611059763
-1.3557581836638264
-2.82871086477618
-12.818734622439955
-5.989626598272178
-8.092420768904192
-7.716864916425017
-10.67562808073328
-13.334536663937484
-5.890219314692925
-14.259179784623466
-11.938225360761573
-1.3517592599284602
-4.752565043920509
0.4616516635157494
-14.006622255817074
-11.11702358376873
-8.68238514481807
-8.839343234423623
-8.559767537116594
-10.666267598115738
-2.966874978342493
-2.539458325168178
-5.740294236648943
-10.778811252666577
-13.163534264736688
-14.37502924965724
-0.5281240782262123
-3.5082802395804094
-12.979989898347236
-1.4396252973697503
-0.02118209984648919
-1.016941280541252
-8.277913304686379
-18.7552221266944
-11.277792866612707
-6.591900341961759
-20.96397264243216
-9.57228874790061
-9.717659694470667
-16.059908533066253
