-19.45672208421279
-21.73620979726616
-19.46324980744616
-13.124065306190019
-14.586239691725288
-18.125999802983515
-13.620866756978495
-8.249225795812563
-0.4176005812453397
-4.038656925678563
-15.368148537463307
-23.095520434829496
-30.178672818615585
-12.000022969676655
-4.201525453449608
-7.7827509019701715
-6.146380773487163
-12.874330388299315
-15.929990370875394
-33.26757588565018
-32.9969191137983
-19.0712345991732
-25.75731019849403
-24.959684885311013
-18.704974635271228
-16.9752923871619
-16.572268536051823
-19.72394396436564
-11.654734032613552
2.0891881682298914
6.532676944917716
-4.718124766167548
-12.116538686877352
0.23984055159184986
-8.228651656675554
-12.747136987934535
-10.138053353120393
-7.7671232743953285
-24.21906337773089
-28.66278375998743
-18.372487221317407
-32.43462710744256
-35.32003701739095
-35.53026466178873
-29.15020561633553
-27.277496862324682
-32.74851110314458
-25.892517759651426
-28.986782258748594
-33.252910681864556
-29.588282774302826
-37.82564200542892
-32.49132769047386
-43.331687939131726
-34.06343433721614
-40.453200931410535
-26.36570246932489
-29.757726891307936
-37.76962956641547
-27.287958807548907
-21.129430114041774
-18.653487604960624
-15.451887343523333
-0.6163005273679925
-3.4815066922835762
2.826501906781732
12.899334662002733
7.60662764288866
5.972174348196321
2.210962146876834
-0.6279368866395376
-17.503345698791776
-3.7342490571167573
-7.595051920474122
-19.140199938741763
-17.07726834210325
-6.4463073827594695
-30.38194268906321
-19.09814137611389
-21.319378800267984
-37.9781190145373
-31.416421603989328
-27.395805364111872
-31.48730601013875
-26.048167352718963
-9.588694917841185
-1.4091957095757912
13.439834685963035
-8.779200433686293
-4.7088139339862005
-27.47408179373392
-23.075876123757723
-14.519741215251965
-7.520672340336986
-11.798432076119035
-11.726371647603786
-2.329259545987437
-12.854360590730524
-16.937240186845962
-3.671088694975891
-13.73621449144483
0.9799857222564026
-2.2968089074036926
0.04280779605744403
3.1451497754861006
5.149580021210907
6.279535693132264
-1.220951688459739
-2.1335927148079485
-12.673846526976426
-8.679237173649257
-4.148799537641124
-9.753449075617018
-9.405901506567217
-7.691601978928591
-22.56176259720103
-26.160801480584343
-26.76784827727747
-32.401947299896165
-52.48655265871662
-39.25671184763978
-27.22063669346348
-31.408860623269387
-15.386466137809867
-9.905734705235362
-13.160257991141865
-6.2261286153505395
-24.395063247896328
-34.067116775664374
-42.00413419105581
-42.8592801895222
-32.81305620961241
-22.55200166668335
-20.427765412201623
-18.723673622514227
-22.77505774580218
-42.679905503949925
-36.134099048930395
-42.23766746606788
-32.60936675009785
-31.076754497633647
-28.83478888147119
-29.311546951003603
-22.76214850063773
-32.74748464392247
-30.29080549148575
-34.785853734654175
-45.80377510409539
-28.9619124529953
-36.23708223371453
-30.375674042167805
-25.71148161940269
-31.17894188597226
-41.07643014578946
-39.72702690551206
-48.08401758654629
-50.307127179788935
-41.874322736902116
-31.371103914358525
-28.292784152691173
-29.226274976818875
-23.531833569742645
-29.88268172852601
-35.89406474311412
-31.00721371733257
-26.946500094015736
-34.24378218937002
-34.288843479829076
-38.626143131407744
-33.819275814752146
-31.371267101631783
