15.097285395040624
4.624702142798307
3.14665629512958
12.228502793772256
6.857779739190584
-1.3945965380868948
-4.731176248866657
-1.3324957911227548
-3.568646525350881
-7.841887494779148
6.1085300947853645
-11.499589936017845
-8.923280149893245
3.936346955753348
17.07131635946167
10.461796761112987
15.975346532586961
12.682075758477385
3.070052750353636
7.316899309467582
-0.14976050516209705
-7.301959889438495
0.454506765237666
-1.8544520303006111
-8.352648043626989
-11.853412129548975
1.088872106938193
-4.65289616780225
7.070648566728518
-7.397129799021126
3.3470421557410948
3.2092921473538087
-11.962113797034347
-14.158255414512336
-14.180198573076988
-7.733352567245732
-1.8392385522788233
-6.327873838958224
-19.035337165898547
-25.969198236823477
-26.38186705918434
-19.535651294218603
-5.346212128606156
-15.99151950408282
-20.830130820078747
-11.081138914707546
-14.408082117249162
-22.30141813173836
-33.36163637549091
-12.763479139785359
-14.000040723226295
-18.17956527558819
-13.406565584834736
-8.337174839880403
4.050299531433324
-7.6972229876646745
-26.305013083038855
-9.12266761946502
1.5970665939761963
9.44611326270475
-21.886565263438946
-18.08514910243158
-21.97359870321342
-24.703039913562684
-8.120458530652382
-2.5954714692372023
-2.2916247087698265
-9.239053477329145
-24.972427735379505
-25.836409678975702
-20.571355334519858
-21.172119281525788
-14.845884513433425
-4.999515066251751
-13.19885141867092
-15.0823074889421
-19.69331159767657
-23.37570771459005
2.4282464061606426
-5.996806972684054
8.566788207383839
6.039259359290508
10.146581303374623
4.504676405179853
2.0536896507869
-3.5835499846777616
4.148199953618924
6.808736632928133
-10.33825936802485
-14.073872399075322
-14.332349483596607
-5.082521681090649
-10.627011086692402
-19.232436183769423
-7.296763524719883
-5.103940434212562
-3.4954261176811348
-8.529219490570794
-9.460644596586503
-7.067742704343152
-9.701569941908378
-9.009044936027307
-2.8334104606163377
-4.809792143749001
-19.566874060828443
-8.389466707484846
-12.008587792484247
-18.35495780360508
-20.457763206649155
-12.985760105417393
-25.318189225894947
-12.249190392597024
-24.63248530081322
-13.720245750589855
-22.112739591219874
-15.959847774253594
-17.502690528199462
-27.117177684518342
-22.86552530382524
-18.40509523570149
-19.229015238314634
-12.982434299404053
-19.26686638496664
-30.98387944493417
-24.426662001154032
-18.896507723112247
-14.494635209651378
-3.3687761233616538
-13.014700453593653
-15.783180939138145
-9.356870523642266
1.4548417177239177
4.063816780203695
-4.39088193485925
15.879992674099881
34.824433872857604
32.785727804424226
25.87385629612988
25.88365562314313
16.66178884645642
8.020030924647706
15.171789912173901
-0.3266687929096865
-10.067525734667523
-18.435195062910637
-2.948399359128942
-9.912501504665332
-6.5420364414473555
-9.319632076766577
0.8972354448832305
-5.886826696262863
-12.17287533973636
-10.803509699573276
-11.888329563721795
-11.372571795686305
-19.700239508822218
-5.059005580307839
-21.34668039339664
-20.364735473177053
-13.438927040831926
-17.646217465342325
-9.226604481773313
-16.312693183218713
-10.203225920231652
-12.357998813892335
-12.79650351974214
-14.962617366522956
-10.35272457598828
-6.284217117174897
-7.0626821801302055
-9.340591976865436
-14.705569450356537
0.09351800895784047
-7.0726306910700485
-15.98196673423242
-28.05799710530738
-21.205908701394986
-11.3070042974453
-5.908226097480674
-18.23436799991326
-23.155198423108526
-13.542204134960086
-23.788868419953822
-23.00062877755537
-7.294119738155417
5.014286112510336
3.5178983609721293
18.448146085624884
29.296810490481523
16.732170837670274
16.432763460130232
16.44885857963527
17.51222371083573
30.885518371390553
25.876608491616555
21.07906533737181
13.994046112917788
22.587419362712946
29.378349103839533
19.942309514613317
16.720236565785154
11.4096159938509
24.24773970601954
20.617826113489553
