-4.038275041690172
-2.87221356514613
-12.898611618140874
-20.45158075841492
-9.842156652729637
-27.935874181162273
-33.31443972855597
-28.468436616874786
-19.659957557527086
-8.270993953969972
-15.17606884291257
-29.28599966952803
-29.724057187478447
-25.92519689284051
-25.56755867174231
-17.491687583782547
-14.022520938403936
-15.156662811165573
-15.057691941976175
-15.776298811986887
-20.115633810602656
-19.598694498524512
-19.042976002217287
-22.46952006355504
-17.812369016924343
-17.711031555449562
-24.132141121964846
-21.795795611194507
-12.365044132373988
-22.209263304614463
-30.50665398969856
-31.841898710029696
-29.36932223681715
-18.336913974356168
-24.89624775755727
-31.98425392432092
-21.78831673058442
-23.290381869189893
-7.9065317923571685
-5.01778380453719
-6.951910848835598
-9.435066452862305
-1.5081214480928382
-8.593089879722761
-12.787119551001938
-17.860341025416574
-16.07719167400834
-20.83976349187889
-21.239844499314504
-16.48394361039725
-13.461507908871656
-6.754862653418157
-13.531303689983098
-26.99844544279873
-37.56866320260061
-54.7818472184905
-57.441923011262894
-48.609358545981216
-44.76223980818565
-51.33417357183901
-42.51078754612956
-38.581840996051156
-32.31152984099549
-20.580581402335294
-18.09739285689214
-28.480412882290512
-29.0367302097148
-34.14735857680034
-37.756636680508095
-33.96228632427358
-22.95011024826813
-14.29612147555915
-14.948973737600506
-14.341487535522134
-9.893746775091572
-35.13231403742648
-34.84638438265964
-34.699978301814475
-36.27763733082064
-45.6441424483961
-48.272389805110656
-37.49578731055139
-35.509312796669484
-25.46642390712836
-11.54169773634357
3.2779592501831893
-8.995402047463458
-13.623317124678529
-19.479111234488897
-9.363749299023661
-7.857269144138267
-5.878987618663883
1.9317091494450984
0.6606755091501894
9.67501551336278
5.743011187340387
-4.488837697829261
-19.084005495410885
-18.073065156299087
-6.28124094053419
-1.9537973178096124
4.348650462657154
-0.7469151952491934
-1.7468819414004078
8.48940353934901
14.470307437028533
16.448975705202596
13.725230883242322
13.160460599994115
5.264497270685985
9.651088910333153
8.09253613020361
20.692999119396216
25.822556774662218
24.572418626246762
6.812892628820492
0.9802575606576748
5.256053703279121
4.896169337609362
3.620908107524989
4.938606236460622
12.253748587427197
10.61261999294354
3.583359672107395
-6.681656728727907
-0.6892167163502654
1.054183520077174
4.800940346156286
2.6663557451207502
-1.3519869915146756
12.155880717943626
6.869950563189168
9.86644244284418
7.65829847945638
-2.9072041511348754
1.7515775825507702
2.0860225900017912
-10.188451462391498
-4.65892663102419
-12.137299678989644
-8.226167302129316
-15.766678395000786
-27.25999735389327
-32.06086751483482
-14.972363560929814
-23.89708130255302
-29.073605372924906
-22.39084429580827
-42.288847664698274
-21.757793139161524
-26.166178613681797
-35.146403196004876
-30.339983608047532
-19.280345489701126
-24.777180094336657
-20.89434192166852
-16.107315419388268
-21.86591743405255
-20.08190032449396
-16.47763813969385
-18.834847203804532
-15.929756792202337
-5.056015510591732
-3.908118614327103
-5.319749267059564
-5.920345311405304
-1.1071605550817885
-2.5500430786659827
-8.191997428588046
-10.378075349721684
-9.790346094944386
-12.508459879090688
-9.323107607930103
-2.8209596970639583
-12.880777561756775
-22.58325124437196
-12.316239552252672
-5.906992947268957
-4.558659353470325
-1.6549070051634065
-13.119843492364314
-19.833330013428075
-11.426861934982664
-8.050543488148657
-9.632241998645707
1.4792657252150962
-13.741309548367296
-6.150452257191353
-2.7000757880000306
-11.84973579541899
-29.189854917164965
-31.812887629675078
-24.726142435645908
-7.9343781649580745
-7.457071170369401
-14.546551332702315
-30.31256955491285
-30.274683939999427
-14.461636469921794
-20.2603712387893
-20.466911905545548
-8.878352671020743
-13.584097832933669
-11.865186047592053
-15.782737478152047
-15.61096551835753
-15.964012008994565
-21.300069668911046
-22.104705446331344
-40.65000252288139
-18.563626828802906
-9.094644129140072
-7.060530125760934
-20.05004017132835
-11.320508541134656
-12.862999392533634
-17.935313169029985
-29.165223538892
-24.62449336613009
-28.994202662371865
