1.652841284598505
7.576359053365442
8.759367339159844
10.346253895045868
30.99469568560337
5.62222330929018
7.286601124364825
0.3102358968360057
-7.644211465186625
-36.665418892965945
-24.30830982241961
-20.46409287269939
-11.717156841083007
-18.1104930676444
-25.659767630866
-13.730413996591357
-19.421268028872603
-10.681670278836592
-10.714447055849952
-15.081059694039107
-25.90266208049621
-27.21343169589111
-22.414344580230928
-16.124617584581987
-16.892509940107427
-18.294637143624836
-13.616758965714455
1.442974690268047
-10.704314307929737
-4.588885873367487
-4.5961912615243765
-8.447764231280505
-21.175087021323822
-20.576921393721168
-28.58341585649137
-13.558585768165086
-11.934304609842634
-12.13671252338765
-4.582490256453732
-21.400064736310767
-14.357703362920065
-14.299200170727778
-22.796481309668184
-9.4543988066564
-24.50669677867574
-40.690184141352695
-38.5966804637464
-30.634433870425163
-40.88921894371892
-35.82122753172725
-51.26700568140507
-57.47746183271512
-50.679220044772464
-52.014954590491456
-33.38387728735361
-33.26271837254828
-23.393148512428155
-8.800756133307607
-2.4644253346305702
-8.416073562986828
-16.03688549760726
-5.1473547295361515
-10.4767427814949
-2.460548563854067
13.220365849556167
15.943886521216367
12.510554471817713
5.401839272641954
9.839047709134851
4.8616043749089215
2.4590134767819927
-3.0308473197865133
-6.607674526558356
-3.73334202823799
-14.646109089411235
-13.296508927347007
-7.428283396919035
-10.13033170416989
11.383930724355336
4.033047757850727
-0.320551635343352
-6.401114825183959
-4.791445336309082
-4.467730709349982
-4.855940283528283
1.9234544751989595
-0.3910975702228723
-1.3604148299285501
-8.377268677902045
-11.120586186190586
-24.213612918484543
-8.345964071280122
-6.717079649341294
7.757040476385435
22.28091374068343
29.22716777486313
27.12804461659133
28.07368147907683
16.540404386955448
23.429450495222135
33.496413590590514
26.88568113543764
18.441217359265174
16.68018525253132
20.41078231025533
34.39472258166698
40.49578263442756
39.682319617936756
30.951584054785968
28.209929622885642
21.52317742624671
21.130432207970408
25.544075887341666
28.924707114038963
17.301970906313823
15.333063998708427
27.33756782076627
23.278823413821947
20.86291835948984
7.435521837557562
13.887633277677894
21.483179249325122
19.706612550982552
21.92256604821136
15.511942703165143
5.49546732105314
8.184643698998824
19.68346168630302
31.745554636595074
28.85714072374664
33.5161991355125
5.004339273003241
12.825076341568739
17.200094992356
6.5664508498769685
33.97358089733013
33.40320164547209
7.564861792321353
28.83792357288906
22.63404229535736
6.644312152579437
12.826886920547773
-1.5901095809190864
-6.176342895250814
6.797812063147945
6.244646325246503
5.938602085504409
-1.4807201640362544
-5.878332532770464
-8.884877087041444
-0.8708726684659908
-22.33481223553992
-18.353944074349954
-18.210700403570872
-7.806895942049693
3.0008807993601563
-4.7010882041839155
-4.6281521067687335
-11.808076620760774
-2.4685491325149003
-9.073077374961027
-11.696886875299528
-7.108761482235343
-8.534124274749074
-5.608809003715232
-2.9851068988290717
-5.0592079138688515
-8.172607276575734
-1.0966756975375895
-11.642740162124918
-4.927558638235532
-10.900650670106904
-12.338573003821976
-18.974097333864854
-11.240469558922644
-12.028239482371447
-11.273987558496072
-4.763517121007951
1.9219258310351213
11.867272238036726
13.262541894149948
14.58485702206301
8.681668839728179
1.2851951591601742
11.252769215292037
7.855897240778079
10.573606236905817
22.616824485638304
13.450203058312573
21.535325345881734
10.039968074791773
19.50349455322061
15.805028770191676
14.252610539799619
9.735593307541286
13.930484584278902
16.848071546213287
11.953869048092852
-0.9004506264531341
2.599349095299594
-10.791527204679117
-16.99086504542775
-25.244557032562142
-15.283597383555305
-24.241755005232328
-28.289013522817413
-17.991123621041414
-22.878221160808987
-29.953653666880246
-28.4767189873835
-25.16989875639605
-25.79308820661179
-14.332487659296145
5.794795833210839
-10.463202856942893
-15.052211702311164
-13.424842554717223
-7.562132821341722
-4.533039053357244
-7.014879216748352
-2.3018073504383625
-7.185925253561053
-3.448442619409957
-10.393955785816127
-20.579109941653048
-21.14389785524956
-37.11656749493499
-57.937523773468406
-45.0408894048697
-42.450634731168144
-35.88798533219521
-41.18467125097165
-32.590447454369745
-30.61576227066295
-45.14403340536024
-42.87654016322685
-34.53266312411126
-37.68970311478021
-35.427419230410685
-41.22793419207129
-33.87444784011838
-30.1851299284029
-32.508171259494254
-35.68000528647238
-16.000824354124948
-10.305565834056068
-6.777625323035568
2.7265046742116383
2.1649585752909144
-2.619306481717408
-0.8895015218193557
3.800907439782862
-0.11921931616716523
-17.64868140450647
-3.843204439902904
10.536425314289438
9.693705953423313
13.529429061994676
10.096144790597283
13.685564607825173
11.119534008192094
-3.542983566834007
-0.7852287312301004
7.1690797760591565
2.7847611498200022
12.067240710625978
14.29900023751654
18.77946893505352
7.641320836933058
3.217256698289797
8.095843331811265
2.2406013997730034
2.1468073386895914
-1.2886460102068524
-5.8275920301342365
-10.010166503534444
-3.8707499875740137
-4.2106832586177125
-11.988438539215181
10.977475067879565
-13.39183859294092
-5.560845909404957
-12.774997884555507
-26.35945842749284
-23.693242403996766
-16.418482865152367
-16.34696048252938
-22.565451729604625
-11.063035155369317
-28.05442304738236
-16.37255531218371
-4.1016437099380365
