3.117770207649971
7.686106505523046
12.113641286877938
-2.4819787414929304
2.3270281742909464
4.090811504404554
16.950064856536482
10.354600136886834
12.653934175042107
13.785928681257104
11.925358277575429
3.9345148423090737
20.24488469279576
7.122305183757421
1.5380448976947756
-12.79757427382374
-16.50431100435709
-17.085984143698855
-14.62529863061551
-12.756004710067732
-21.586060661450606
-7.583322884021385
9.204819515409351
6.2852421476496705
-0.7265257511604627
3.2199778123380933
5.703477853521828
-2.493593108324505
-17.98485569671735
-19.684504294292594
-29.28396858732488
-16.246901959615236
-18.934362371185006
-19.28660756687111
-16.62115432059202
-18.620154411255434
-23.080334195333656
-28.38845479171474
-29.776469355555452
-16.357632077687335
-5.816956436407666
-8.951685516534068
-5.3525630500745525
-9.299140947576534
-29.315455060369068
-16.39216199620175
-14.09608220382889
-13.21034976934456
-13.79209914053058
-2.5941859155439864
4.687186315949173
7.270347129804567
11.470640772948556
14.981208198515713
16.724432023252707
15.935817976039095
16.639715124919984
32.118282840473064
25.852908827342404
30.19627425534912
8.713561452664637
16.181559311127494
15.136534934873405
-3.0217135336700336
-4.566013596596832
-14.929495752658873
-12.939043836120053
-21.698289947754574
-7.022205911665764
-6.067407754395098
8.843395043812816
7.322043935261451
14.045714477943873
7.389086481131468
-1.7032981848604865
6.9332157418699225
14.325733687307785
17.005022569855925
19.146800869888057
16.788763105992395
-3.28595279152482
-0.4734173010531351
-4.184847042300818
11.315246072813533
1.7673295566498215
3.989454739664584
0.696404148000654
2.2785041486311384
-5.747309047813065
-5.83296604378187
-18.23759460605305
-27.06189708333129
-24.03012383161332
-18.026760718704885
-12.138735293798936
-14.262227327536815
-15.08364693958722
-21.512072051658944
-11.654283509210467
-9.238838736923356
-15.330907164808753
-13.930088242496664
7.879649609304249
-0.9944910130815608
-5.927415260462795
-2.5137138667458343
3.0474341157575013
17.990608927932538
5.613174331539889
7.9979308097622
7.874147377341747
4.0014569212979385
-8.218710920422144
-16.7614279322638
-11.984645814180086
-27.06255687150545
-13.294562445085855
-10.474405364066797
-15.470650202282703
-12.37937395972783
-2.7847306321373524
-0.7652503435942376
4.742781924592161
1.5501284616834177
-1.5322580750850776
-13.192640527877774
-0.4061726654942424
-6.205625690368631
0.35633318307880035
-12.008762790939084
-7.606810047844955
-3.5497224199940667
2.777684003885041
-1.2719240228740434
-5.389654871364382
-7.8045776339859465
-14.09692111053084
-7.3747964218864785
-11.103991889805016
2.3305594481986467
-12.97372681457532
-15.383919750171705
-10.341463752573432
-7.057729150159296
-2.9809161654178213
-10.22190461887301
-10.062809353294536
-5.376545938579119
-6.354988431722123
-10.043520088293267
1.7245571225708642
-3.659650744326031
-5.978510444860965
-16.483921504725238
-26.79987607253363
-33.6216395408413
-25.061797279558693
-12.951272017873544
-40.26151111793036
-34.05267806326718
-36.410025061019006
-43.93437075234535
-27.102171633624803
-34.17999762012927
-35.117349296085266
-39.51989498299035
-25.32874852825354
-26.82188142605309
-21.60249481789193
-30.53019314916709
-31.360386522518606
-21.97900659229441
-19.213982489028893
-12.84937753879476
-32.113349536194946
-18.740307725721788
-17.581365829881207
-26.629201331798228
-10.564057429645803
-5.145222021540506
-14.333708533819888
-11.170620655702082
-12.488142023631639
-6.583611090825231
-10.987692422090793
-8.916038766653848
-10.53882561284887
-3.6129738206815114
-2.7672296091958635
-8.911433078720549
-10.320015199981032
-11.338573633804893
-2.507235109512707
-1.7236589427995768
10.512545711143387
-2.4868598273582454
2.363706541924274
-2.9889345437718435
0.4707773707079444
6.454167098359278
7.158080652625316
14.768829659949667
0.5771186897239352
8.755659370147734
6.540026080877551
12.085198002470973
9.940187065973298
15.541772649464981
6.578745594797195
2.749201288438886
12.656124983214006
11.2855005486001
9.684167054020547
-7.2146476262381745
3.775546528367741
