12.367678627982194
19.662532760024504
6.168617345264997
1.4188766537351731
-3.2363880525236297
-2.8936118002767066
4.637227422954614
11.983020586682933
14.722525010685313
-6.063725778110912
0.05687244580779565
-12.152012398834248
0.382550958641576
-1.9926194208176184
-9.560909839287447
5.094837486616425
-2.193391697940714
-0.5243450143069486
-11.000412782355983
-6.332211523615217
2.3905212391480632
-7.229627783514863
-4.4520825896174205
1.6164790070942683
-7.774166292593414
6.273579379581597
8.461906355870667
-0.7178172563781375
-1.7509283350330564
-4.170451139438049
-1.3124209546939178
9.734687283971207
-1.8656336123027963
-0.2751782190253734
8.318553587468761
4.841964587593557
-1.3253813554412537
-5.571951220088394
-8.07343939580428
-8.535351538802693
-6.176372013660824
-12.767730725924327
-25.149455503852558
-16.228534031340033
-18.360872288090253
-24.44003238569569
-14.693475320625794
-22.834111311329266
-19.100761584202786
-8.694714759066095
-7.780741465819124
-11.40192322177464
-8.406822883267532
-24.057152020881855
-9.439609891879993
-16.98384114659582
-3.639397139175951
-8.911872102224084
-7.192819966623645
-7.879298797360137
-2.685781709530766
1.6250027915112901
0.4904880593563941
13.957420602214182
10.745578800549163
6.86208898118631
6.422630467033339
19.64253909846165
15.253049058147516
7.350448719998878
12.446064851833453
13.487598887324676
-3.0447257064868127
7.430499909939956
15.007848043622884
6.6995862805143656
5.903571447554867
-2.5635682469522734
6.993930685423049
6.248772909119951
8.829811267868685
8.279262549695417
10.424924708835825
3.1876390166123967
1.4306790337552155
7.451840677013405
1.2213751700509017
6.7677632397210346
9.874268724831566
5.438425153297441
-23.210724427619503
-20.065120454770447
-11.830905035139253
-3.7793528231185762
-7.34107760976115
-6.772737751584338
-3.112362427835611
-2.8144323522435672
5.01643056661058
-10.72089014665189
-0.14005369518137614
5.256121615614236
-2.915382201197477
-0.492704706158942
0.9677772657551738
4.096966078920145
-7.404512213393103
-0.13831190668838364
2.3290033931676133
3.562631347728911
1.7790852931088763
-10.611121206168262
-5.464452864470274
0.1005376798944024
-2.2633694430229188
10.30541280994224
10.95572085387358
2.004673860715121
-2.633423212465656
5.543762194048576
-1.5248601443153849
-7.006483644285287
-4.736351422456567
-3.6098496066125447
4.692884421727358
6.049630965180262
9.16339185025866
0.29000003255013945
1.9182874141668973
1.3005957196158051
-13.928893133314654
1.1543249331677434
0.9577298617171236
-5.845989593098916
-14.413251548740606
-21.005407476982672
-27.9811915291874
-30.37692251660805
-28.349785390319237
-36.46074034345173
-25.535154586229616
-23.841568614629523
-28.87058176186655
-12.45790553388935
-21.580612978272658
-34.437963095024365
-21.54897921599079
-9.702509759495156
-16.38168727350405
-22.296419488919486
-22.413014830567764
-21.865126663944945
-10.532864870698553
-12.721380843797304
-15.218524686367164
-0.02466578245335049
4.2065723706247375
14.176666358356869
12.873931351287215
8.380420791577452
12.790286148173163
1.436466187165813
3.0664227288054824
0.9980004794760736
-3.575790477177592
-7.899897871092074
-8.671001878069458
-21.714025061362282
-27.971510452334698
-6.031599267866832
-6.114582903519692
-7.5971347510159015
-4.401320721905977
-3.4715693001859713
-2.718947601232304
0.8746033070660872
9.356224185515957
3.460934966648392
5.938874165616377
8.721492255744801
-2.5971901280731746
9.51409796856666
-0.3014348720510152
1.6826011886602008
3.9985416634321784
16.847697767129382
9.138228625127649
6.186485611405515
-7.281823717864713
-5.37933010066832
-0.8295230800838013
11.102454674059954
3.7011040636807353
-14.082778276957887
-16.897273511907862
-16.790014974864217
-27.13364802485674
-39.199193630287546
-34.96360890424234
-33.04357822406723
-32.28084879283056
-43.271895940967134
-35.68299212553481
-43.55879075178489
-46.92015342370422
-43.27774502986626
-42.52512891593723
-50.11420959089938
-41.13706988017747
-33.933557864304014
-36.85304535581079
-40.33977932877009
-34.727691341220414
-2.448711919522338
-4.932688980707606
9.074893044747435
15.197715150280896
0.3874180560331267
-1.9272174923268144
-0.7769693534390908
8.734799002519534
-0.06439579881383271
12.657108860684257
19.25905037203011
13.561917309393928
17.5326448400762
17.12620392807674
11.008812148665706
14.626072166031337
12.247634478538101
14.91365844289396
12.094796199848425
8.907137831855776
7.874019673751882
4.718614390287474
-2.487792087500542
-8.48127585972246
0.6858433018930091
-1.2092911752647038
-1.741182648233404
-11.440936031805803
-12.207107855524464
-15.957795983776565
-32.191203815596644
-53.84054495391034
-44.91893646740876
-31.01971742476775
-42.70156259647703
-42.084192293070785
-36.067931783882536
-37.33673164091231
-35.020509692151144
-44.29350283268252
-30.416740657048422
-30.95037450151164
-32.61476788020185
