-10.544313027177997
-12.363939774504216
-19.03349785383431
-15.983388389088333
-30.896695356363626
-18.39571850372773
-24.78414831796598
-33.292120277407484
-21.339168230249644
-17.29165866709332
-6.6879785045857
-19.811761712447364
-10.554087475194756
-2.603041413975665
-15.612619749517307
-13.286085966537778
-22.697969177195226
-24.314167654072424
-27.686900652281828
-30.435722978626156
-20.849962048781954
-28.410047504416976
-19.980298800262233
-27.267305834335613
-23.918680442620197
-31.605508210707693
-17.11596105132963
-9.36927054688007
-13.487788791762275
-15.169578907568704
-15.068819022806874
-11.480762025222225
-9.469107623282783
-17.92316713324941
-23.29668047090089
-18.5862228892009
-27.184654775114108
-29.16300883694769
-27.66097363114123
-12.9784978514133
-26.164295457938145
-9.477493848190765
7.911103279906642
3.9262432693612923
-0.8679183649477402
-9.727491581838878
1.9787232451529992
0.6548242845769118
-8.96678421997327
5.981708683702755
5.6892137436735055
-16.745239685340568
-30.742140923749954
-40.27826896099413
-41.539191607273324
-35.68414818598124
-18.22095749490148
-17.209801587740493
-19.53238566647096
-26.391830093274674
-16.708912483389554
-21.371935659080954
-16.100326431921644
-11.551145799479904
-38.12365678063
-37.07088255841949
-27.186368487677044
-35.58965709257117
-31.367218947245046
-33.980217108186466
-30.24388923690975
-23.71407129648791
-43.724455510845786
-26.89249615015193
-34.67447096483111
-23.575768593124966
-25.867164533119468
-30.381235024312467
-15.815187276485526
-19.736112819211108
0.6521657609836755
4.363089816267354
-11.222143594576387
-5.132000430675714
-5.818397023583717
2.0205397169786306
0.3671060230778315
2.5491360379965906
0.7395868740108025
5.792275161383215
10.758923024695942
0.6830036692708723
-14.548059175529346
2.433119676449901
-5.7752748356551376
-1.8595673307616265
-13.49520130839731
-10.952331332428567
-14.500708340979171
-3.9539708800107523
-13.065063416463126
-4.652459789352203
-4.444996979132328
-11.150473274222069
-33.092822018417785
-15.494389506985867
-12.202693936453972
-23.33649714556446
-14.459243925536375
-26.518706354715377
-6.261375211323871
-10.581203025588415
-12.146997073535214
-7.781127501880205
-15.839054720164876
-19.67743299146592
-13.582119374740758
-13.957695004084075
-4.847197698069277
1.335324684652085
