-15.081340260438797
-14.176582344140847
-9.039711290673283
4.657427730307958
-1.565206807879742
5.5134087514641035
2.440015505991829
10.90447848304104
3.193375143762194
0.1809233713824738
-5.534108740634821
-4.824698530370552
4.157172566069166
-4.122210954887359
-10.614805055477996
-14.482289195540641
-4.366910669459167
-1.7713233915782438
-2.95974705291294
3.9593160055532612
11.810099640081999
8.952117256846453
11.692511073020473
1.1764125950929645
4.276557360741179
14.033744833677757
10.515016874291502
5.890191370096028
9.066229688317287
20.215570402023246
8.79279848846508
2.184259038549445
-1.5327424622053536
9.567357950068876
-2.2555236303678443
-10.297352255872543
-13.582882177695527
-16.220837019648727
-31.85751016809529
-17.109572239426647
0.6649327517755883
-4.928214729466975
-0.4430992568420989
7.777384169170811
7.982424761160914
2.591923224148588
4.855684528596941
4.024575692820726
-0.5716335246327723
-8.394818333913655
-9.70796982316815
-8.710072205868252
-5.160748734365776
-5.1968463134615215
-4.999597015569409
-6.393658923702168
-7.25881476303697
-14.556287876553284
-7.3065426087809495
-6.732241207851112
-10.29386578866406
3.5520490209448425
4.628120162494487
-8.949224611588761
4.218705619863239
-0.3523188892178465
27.193483921745248
20.78619126524646
12.66284212604563
15.644871076953699
28.94990991869319
32.85006551614984
40.42116945917118
34.78490178977691
23.632692295169946
13.406118580747814
0.05612236066143638
4.3141382618423965
-2.8156102928486377
-17.52293415387815
-18.230639418700285
-14.068265880136318
-8.769465644803887
-17.797997435166156
-17.385489877532553
-16.107659758285696
-26.005431045011896
-14.573320576572973
-28.99854014686165
-19.047665900299986
-47.023863328236686
-22.368704854940948
-23.570504254797587
-18.985648236613194
-24.29582036034018
-22.27575703844312
-20.77636879215743
-8.966120850101149
-17.541594076562784
-12.3718993942065
-25.310369913683754
-16.970713753989717
-3.955072525526353
-1.5914836292361672
-3.0657754914627176
-2.2426039148071037
-10.03507658445445
-3.318737557115563
-4.428965188910775
-5.890435276847156
-6.829073701381457
1.2740342160813898
8.130132209217107
17.07696698714599
32.849062078878376
27.79790180362199
20.65249053400501
26.829465890758204
22.8490434985038
25.54461458816063
21.682077733579398
18.515231910459033
24.48430004701498
7.927011697806766
4.233126091231311
15.46544607273587
18.74764216690448
9.970446500415491
6.580430069290926
-4.986259943462737
8.389856494278929
7.5943566458577285
3.7862547619344755
-8.545649949069357
-3.5001669127381114
-11.12342771842935
-12.15034293652999
-1.9043499113780356
-18.77722733089513
-16.25582601378428
1.4477471322108189
-5.559738697116328
-1.1413852186191722
12.201692230230453
6.25185764000882
6.159682257774365
7.851062508909446
1.1645255695496108
-0.961859836639762
20.110431106713804
34.62122827051077
22.815535661511912
23.288532589850572
20.408794377835548
15.436224108870013
17.067985286715338
20.699758447136148
9.673071005134153
19.36690042279836
5.052325006626045
-5.78563741942876
-16.340620746494857
-19.003705935815773
-31.219780905851017
-47.08221646549698
-44.267398860902546
-46.621267912789975
-33.888762679486106
-24.529212617243463
-21.3949149490411
-18.537365467296397
-2.7632946543169465
-8.237880142161782
-10.526040310060353
-3.3379823795481243
-6.271993027481874
-14.050223713363135
-13.643373863179686
-20.721798995020748
-11.674908032203705
-16.58746149681092
-25.130553419438844
-24.777283290229533
-16.465108150288803
6.222941348583161
17.210731269144002
34.205380229556745
25.277497750508083
33.64630746219745
29.5815785306211
28.14027591751598
30.570002764996374
22.753699551372947
15.613313327324862
18.45938113508236
20.05723279136811
14.911400736146526
26.521001719717013
20.25873602894729
10.087169283224966
5.182414643384708
13.726253192450384
16.552487573919016
20.84880629755097
12.1268166370614
15.81421658345049
7.044071728278156
1.5087435534984193
5.217161344516839
2.203436501451772
1.88868453694862
8.589752998833605
0.9838937703610684
-2.088347364404296
-9.207438990296891
-12.100937289489648
-5.894371493306417
-9.40293768561175
-10.126345054819813
-7.944400504261861
-2.2170054218301414
-3.3744460910875897
3.419855140626716
0.7411919542501065
2.2328161925053887
-7.122265685235061
-3.27064515870616
5.242958012838677
15.2559595376516
18.66269605212704
7.518815793687402
8.355439184177243
2.8199564069665586
-6.750795014935213
-7.773929549354116
-26.589047238430297
-20.831771448789326
-31.399421430157748
-35.09824388499124
-39.72295217200641
-38.50676469943577
-41.00304050939575
-39.414403846601246
-32.15462005377803
-15.138762242222162
-13.403939635095732
-23.170994029065962
-5.856727001692537
-1.4403165480814746
-5.645381182508942
-8.900329744634606
-7.407363080108807
-4.788290182395811
-7.04080884064327
-12.005452734614938
-25.03142732422459
-20.228048392074907
-25.137552627452607
