-5.425362203505007
-10.414273885054179
-18.906361427284416
-18.879455062480968
-18.903213114489656
2.640295979964609
-4.589275455211253
0.04842346788213153
-8.922961073170313
-7.179421516084126
-14.128961025192703
-4.894715916063124
-13.271357613390654
-12.78379443803928
-11.628550037856874
16.262233658208913
18.30716561663996
14.372636399897134
12.19410440116217
10.689248788099256
0.4985257214884155
7.028936819553287
5.092128139447682
10.046538393386667
0.808602413958143
-7.805938961677183
14.56906208536681
14.171658661309273
0.6629568218936537
4.30748600189142
14.411806108916563
16.95890769566267
9.729624758796374
16.829150044313675
14.706112947982275
10.585581909748997
7.1029964412912525
15.528324914767154
15.03490055051466
4.769623317243126
-2.0953081547409487
4.774181625072947
1.9514906623442647
6.717383236671796
13.670402583319294
16.442621212316578
18.1114206601732
16.157443036855422
22.028850898463393
19.656714024016303
21.922221675160266
22.20006078222788
24.872357718589182
37.30644974216502
30.831035525615768
27.741803177611672
30.80715867120393
29.584981109876324
23.94765026939908
27.981735184945325
16.62304079136826
11.959276708296793
28.57445372468743
12.374634659495824
1.7171440254525232
11.261476271964435
-2.679338585427179
-3.7852228156775447
3.6410878689271255
9.15691168125991
14.687640467363885
5.93532500596707
4.778447096082831
15.495581497541812
6.9246087139105965
13.003717967714708
16.8200576559431
10.114249656056927
14.130730636145566
22.19659434646347
10.39506353281797
2.9342707771101244
2.591464153360569
-5.3525487326887715
-9.404530841770784
-2.3093337088096817
4.6111111259355235
1.094376316333168
-2.4219420408091383
-10.213203674174904
-3.5018996586706184
-3.762279022735768
2.0980579565078763
-1.1714606632083329
-8.266774796416819
5.494865876191028
-14.059600256655937
-22.952239745619536
-24.011479523665727
-17.209671418439918
-2.2640310937429984
-1.5083945082186478
-15.937570754557203
-2.3349758128765585
6.336388263837002
11.974247766000865
-1.0147456753393098
5.563952538880045
4.4940469024350325
3.8925764061627817
-1.9833535687039932
-10.069780688647256
-10.30515004490395
-14.516177047437518
-15.672038083852597
-10.892212392760241
-22.238474103051
-14.490834549091945
-17.253618047355527
-7.161548460997746
1.8414180104616582
-8.339880816999214
-11.607106419747026
-22.919616338666746
-19.304156075412266
-20.039202692973614
-20.447863244750433
-15.994300390255596
-20.251028122725057
-11.504119275910638
-10.565929734450506
-18.74213009586721
-15.457488669416849
-17.49752132213398
-17.591397049916047
-23.85969280161162
-6.417892660915456
-0.8861280747596438
-0.8203685586138849
-5.914778537907099
-8.094396248506051
-0.6755279188911937
9.866953962829012
23.644231468758875
40.98841669374799
22.899636294587477
10.241341773565363
-2.3317495815195657
2.9697720225138875
-7.474114852004205
-19.480048562612065
-31.245971194094476
-39.044628140590675
-38.04475465846981
-18.92440006942986
-33.189262141426234
-22.587729511612796
-41.968854474982976
-42.11623340574796
-53.40718292546556
-55.54422200224384
-24.855420284638825
-27.386092672887173
-30.19401817227355
-21.075522077186523
-3.2344735999038634
-2.1475577825986485
