2.1442903209490685
8.07373232875988
5.7034107036397925
3.4076841455907987
14.680100744292107
4.79244108544063
-11.1634109650219
2.340017350115533
11.051765141347921
9.254062703885532
-2.8196461141497284
-12.550411080725265
-3.31688718976174
-14.0077011402231
-1.4826893339331415
8.94308849226185
15.159551332566846
22.408301425468828
20.322102722107772
23.8302008048057
18.32734884064156
15.783989020318561
23.71531717162418
16.10008715401579
-3.605661091214624
2.6915994421500744
1.906990153590512
8.33620275947823
13.906140707045314
9.019623456109453
6.342583144369441
9.752125777436296
6.2701523274853015
11.257804015834076
14.37389693838543
12.533076024820788
6.5690239544664015
11.459022016452785
-1.760799837230299
-0.34473867273297343
0.1200998929002698
-11.677045017786364
-6.870492292597678
-5.7137857029521415
1.4769135134013314
4.058039140067739
-7.999522002334517
-12.82520246369478
-1.4413139895082543
0.969209839183014
-0.3982204823633581
1.5397735184695758
10.137656125049592
4.328597874108613
10.154596137262649
6.742358838772915
0.6413019262030695
-10.050913339435093
-2.0118613913245893
-6.574851246807039
-9.245080167675356
3.8443956533096535
1.0276730065376465
-7.445082379104256
-7.0370426529290215
-13.645619328214512
-12.450252185951866
2.695242507823996
-19.346328089356614
-28.22092314617389
-18.626580123188685
-13.386936292981868
-32.39804112465368
-22.70557384979604
-26.492433580285567
-22.018811766043356
-25.53397234035168
-28.641453124352974
-24.850624087275015
-32.555546792459324
-15.740863671922446
-10.592047316055996
-19.417150767042024
-37.7334291661333
-17.435915104664087
-10.768795185607171
-9.5569407823524
-2.7463159624702844
-23.161495920245837
-12.148697850333589
-7.249916764791807
-16.246322370561053
4.138618993259058
9.45374394624499
14.965831464054752
12.49557925259874
14.421946206809436
14.164930337382035
13.790277495158412
13.513126422662346
1.149039338067
2.8672666388645194
-0.8843642357587916
7.708694047563047
-5.751816271764491
-3.930898683806706
1.8113410965591816
-7.25497119714513
10.657462753238995
-4.051862318443264
-0.4040345543781309
7.442422815094509
-8.631365430514373
-2.17967649846885
-4.409961451405531
-13.39128312624238
-10.478776638299552
-7.5192198096049285
-8.492870691583512
-12.137163397103276
-11.977809484020872
-6.512244124823066
-14.121471114454028
-17.25461869006677
-9.360288148718855
-9.857397302369982
-20.13225047768579
-24.039167450991865
-21.641980058760677
-25.19477503145275
-32.85192705778561
-23.79672172931189
-29.982618464661265
-10.711103869922471
-14.507393865095356
-21.534089960340868
-10.15825817340306
-12.89720455230537
-10.849988863399998
-15.51378552317104
-8.372416906645983
-14.190846581768474
-11.491124751970998
-5.797550906067113
-4.066887641021856
-2.6804727149866205
-19.061949701016193
-7.28699842513584
11.471134387078552
17.991318173915857
9.636828244534117
3.7556545154463117
16.12517064263809
13.900433979994755
1.9174728340916984
11.70729005835523
2.69549526684382
9.127118255024127
2.8177523197461682
9.104552000429775
2.37944480776007
-15.443600163210453
2.3081380856434963
-14.544211636723725
-15.903529047811935
2.682143750444713
1.1015599069297046
-8.753288879145332
1.688752775876085
-16.53533877502084
-10.49537308402404
-15.702370115255716
-7.1015963818041055
-11.212903147407989
-15.925939810942802
-27.018763349907907
-25.72688115628092
-37.057241786238016
-40.7498472514032
-36.454684659852454
-42.265257567475636
-31.386111596975308
-35.79291577758821
-43.475720987733695
-33.59540935271918
-25.412541666915878
-25.268087366732626
-24.63226640397428
-32.21183165973114
-21.468996340265036
-5.891899617701236
2.47602203947847
9.170541331626335
3.7657615022542954
4.059849073599053
3.72780654939308
-11.146994150108103
-20.54563142929753
-20.79424977792117
-28.72332319053061
-30.67729857432881
-23.82159347898509
-27.379560728425943
-16.479032870370492
-7.841798197897339
-18.480756864024922
-2.2480049758878136
-4.072672827214264
3.3701350084706614
5.891156233741804
16.867466150114144
6.3254317747301245
-1.0437970938168966
2.4868020832495095
-4.433202935700893
-6.272752172233123
-6.747979908680186
-2.2561302845821727
-18.36952851907095
-13.802108480452054
-9.923050611431123
