-8.33465706390571
-9.432131852960977
-12.383688098072767
-11.707177517887313
-10.77893542224771
-15.669813680361258
-20.343353793931605
-9.990370233065416
-9.946962773246103
-13.173120625288579
1.0835490086915218
-2.1866439864336047
8.266852107305377
1.0126757838133695
-6.341621784495168
-5.169177853827875
-12.786934846050595
-22.96101222778081
-34.80746516528562
-29.16214884904253
-27.494850069416227
-25.93689525908431
-29.870064299958425
-22.13202815539089
-25.436041842525896
-36.689323629345424
-29.07922420796526
-25.30459517411562
-18.07009127207069
-20.26338088304857
-24.985792557351083
-25.595674464052106
-31.247283271629605
-14.943863070532544
-5.144245784005234
-11.919039921992464
-23.66273384977605
-18.355854831047736
-23.70209089226785
-14.629796846460373
-10.582798111921038
5.845972447116758
8.487606162377713
13.553609529612329
17.258867923137387
20.94332606906113
18.838033996722316
20.43093640739216
10.440201793380345
18.42969442272343
18.23382038314261
19.34730255613712
26.33637978626768
24.113783638101395
18.18612423065814
12.238999916901408
10.887139494734493
-3.851468728480716
2.2220743507815097
11.010341495328737
6.6013062330907415
12.278544530176035
11.44255639242742
22.755408804085988
17.139683728844002
24.42738485211751
12.762782890783644
18.42261412256352
26.366074410030198
8.145367982193552
6.912747242497432
6.4728320853879495
11.052347927435124
13.022138269812913
3.067926765889715
-2.10846768750616
-6.2518517362296535
1.1383345567246141
11.053895879024356
-0.7830096309659966
6.90377599652709
17.028865086048686
16.427065116167167
27.27567512105273
30.93079502162923
22.321397099435497
24.993007301204546
30.385642848735053
25.99160047286653
27.89649110345088
28.296861249337386
47.352566430201065
43.52602513652985
37.0177017763667
22.35338789249743
27.108390756663123
29.307834193758108
32.66987751199673
22.552005902304387
26.187932070553646
19.30985787416894
9.692970071398458
14.277115043574472
23.828753017735963
10.073878260283838
12.215227163454687
12.627566859012568
5.620921423226124
4.8769469328604735
11.738312749436105
-1.8329416234345863
-1.036176302491587
-17.892210074942643
3.7588198018745933
-12.698628068916614
-8.728528352915013
9.689126196558608
-3.184264843725205
