2.641775444815123
2.3289725486463833
-13.106055347427613
5.8956307106920764
12.326765637518676
-1.103998632007821
15.771744460856773
7.018492304222107
5.738494591457214
15.221176801245193
-6.7050277390604025
-2.712152675141221
-7.101077345886003
-6.186216757731977
-5.812018873656923
-4.247929157115251
-9.274096802670359
-4.749364139270805
-11.023712035218184
-9.311470785817566
-3.4018859838520936
-1.7198229769275948
-16.308671130179448
-8.098046044263798
-11.170894794453893
-15.799059095126848
-15.948693613024163
-10.161117229501826
-28.92764041193016
-23.58522418845984
-39.11873037283751
-35.36435338806665
-24.609197965776033
-19.27275274688305
-29.855963527598767
-20.53651376265938
-14.687723908743566
4.5097132414509495
-0.27061483688227184
-10.519444503132881
-8.99790389493672
-7.685013673012282
1.303648371849338
-7.431089857272793
-2.8367883833936416
-1.1474185135028638
-8.053820640567535
-12.537892643739118
-19.54587800331511
-13.722806287547932
-14.512084988287349
-21.030607755322173
-28.018426373448534
-14.442239123540707
-16.65855405844496
-20.690934816670865
-0.7839439505523271
-20.65005485236797
-21.342563296130045
-15.634454499447108
-15.396977667529795
-12.422635671830633
-16.98836340683541
-15.835474794100636
-14.196590400394006
-24.30346021879284
-25.164574219895538
-26.90972467329599
-31.591061669909173
-30.46062732083401
-35.37610874124625
-40.043302802620396
-27.041975785170816
-24.62863553212317
-20.733903441639626
-11.326278894841963
-28.54177906986683
-13.483557752047405
-14.066777261346726
-7.510493735211482
1.4710126168946835
-7.946503472809515
-4.057757426617245
-4.330259380286748
-6.2901339043156685
-3.0006667490460917
-6.63376479968484
-13.20088957656965
-13.851675375046725
-14.312798043837384
-16.48153467431067
-21.3425742196578
-29.768505727303804
-21.65941433465663
-23.987789636999587
-26.2657888204494
-25.701308556512465
-14.530557889061027
-22.548600410285115
-26.599059615812173
-22.351702963416336
-12.06528169753742
-16.80535869698765
-12.224289072761016
-2.617779846815483
-7.089371716146082
-8.741712657071352
-13.657528363168474
-0.17502325475355704
-4.951051869965722
-9.506871759419576
0.9539098654433404
-5.745114755296334
10.295355411260598
-0.4626116461278148
6.753617604288457
-3.092590833027133
1.142017761224882
-2.13083020489939
4.688274986342313
-17.850184380126663
-16.890139353933257
-6.291527365804918
1.9288032002748492
-14.355601112938404
3.148679690856977
0.10717736910560298
7.765312444138553
6.201310718323232
5.8035258571281085
4.785587821187642
4.280933992068409
7.181874811589156
2.9771876663669445
4.560125064559705
8.865698926508662
7.3394939664145555
0.8815936885281968
-2.7112866827716724
-9.803051033771279
-0.9336549275685786
-5.752890205037452
-1.6039622360083878
-1.0272819564070237
-3.95334916316136
-5.3054296490078965
-11.396367857690294
-7.132937787247123
-18.712066795274414
-9.353912880696457
-17.10459435199656
-12.812519302640796
-13.151101974989944
-20.170282572276683
-12.309113172093722
-8.703782991872394
-10.540899002717774
-26.156386985629037
-15.33793029910908
-25.138336067284566
-28.84183166841324
-30.139789258836213
-7.257056554937455
-15.850873348060624
-28.631288525619077
-29.45008161691804
-25.680273966838328
-7.096464976735317
-8.174110167857325
5.007644858705032
-7.432423142477673
-5.162439003613264
1.2136721585365224
-8.484902155188204
2.9388571569838025
4.381167937570192
2.539312244126057
10.245301861918648
8.794764611685327
13.686473681326277
3.8922684528811264
3.398461224404369
-11.397923946143761
10.356735559876816
7.1397688057945965
9.793440622045614
1.7332035158918944
5.678124877612152
5.165959598640165
6.6485992625585775
15.442134410954028
-5.180524941386418
-15.205978533867912
-22.069126429773256
-20.40486150838728
-43.681661301816355
-19.826077050309788
-2.05429075888884
-17.255833403631755
-10.703152367038788
-7.269434452054345
-10.213421189971466
-12.266389319087589
-8.444029446349575
-8.779008868518849
-6.818056762620254
-11.467884569670556
-14.2030470865689
-11.436035697968324
-28.553945918776847
-11.287946180456068
-5.696434381621377
-12.377014642731377
-13.999623799538211
-13.58292775359406
-10.35196015368749
-20.78395640218742
-11.643928830722544
-17.701020743020035
-21.620812767549573
-23.34984263802961
-18.203042879516488
-11.425112542495913
-11.749906405760312
-9.500531834812726
-16.785179716102572
1.7393507656404157
-11.833171765784959
-18.950056003245603
-19.112662432475577
-13.266393215352766
-11.356638155854592
-17.37073209735835
-12.432390456653645
-9.16399817340494
