22.963316775851194
12.679417881373466
19.633337073582837
9.7899573936993
2.2810073891964966
-1.9986264783944847
-7.469573439274558
-3.583937476006995
7.7804522340777265
-1.8290625491031407
-6.162775308093349
-3.82454848000056
-5.5165149075114215
-9.266490422938233
-5.005230728883719
-7.2325675785926125
-12.356793797964029
-19.372839302706325
-34.67708289533956
-52.652111485537084
-40.252901255383016
-12.797588834153926
-12.642528902786324
-14.129582378512376
-24.07612208324944
-17.422567877524163
-11.557128183490653
-8.127739995817866
-3.8075707308561113
-3.4147932308712083
-13.901908415831215
-5.528530904301773
-11.701345356373684
-15.462147372246815
-19.91152674442421
-18.91571878596049
-2.4161321704905685
-0.10115187592968217
1.3071514322307118
-2.817307761211348
-2.6468398772637403
1.4832197656761523
11.208481468081207
0.12125691296399425
-2.140863583632461
-1.5284854432803985
-7.3364946879760655
-8.652106512167832
-8.59376217702928
2.5934246594125385
6.708716593924718
-14.457042856756127
-6.312325453175934
-18.02977191836504
-36.729447578945546
-46.11883512390065
-41.61871078219177
-42.27290528361146
-37.10211792527354
-30.020634846080885
-20.80526549039835
-26.02756208030621
-21.120483833431468
-14.512963213608133
-5.87423691884218
-0.5340196152048656
1.6563927444737034
-0.8134504349825735
-8.093591682530892
-14.038533970298527
-11.944362178445859
-17.053615080939938
-15.608623274427615
-6.69248094165441
-7.793555326922367
-12.478883844162556
-16.125836505335354
-18.96456659558785
-24.445945323167468
-22.234157434710426
-23.574553267396112
-7.41482281968183
-7.436959600742097
-14.660612535922215
-16.333095569804712
-22.02077503855705
-46.13450620901826
-29.171545165026647
-32.524429121870305
-27.78846580245297
-33.884120895542004
-12.121866860335569
6.556591161631032
-4.082589341184383
4.812566481517612
14.84961217032877
20.018293316443273
16.95367403757033
-2.4097064451568024
-0.4794532839386083
-3.7854985027019024
-11.276588926050053
-10.500893980164893
-3.30911843612678
-4.306729091604598
-2.0531183982658905
-18.4968700705804
-12.494814915582635
-0.9154679436694584
1.490531420997436
-13.051628985390632
-28.04567233256844
-42.461697778160975
-29.450312533702988
-18.649685953210412
-13.854382299253492
-13.0885495035745
-15.616268559810695
-13.676706077390671
-10.734030136011878
6.185735100604986
25.705568982316443
23.838034060617915
4.973161520258149
-1.7978924824907214
13.663527617817063
14.176757662621704
15.008585400774233
1.9661478300179789
4.0645908474818535
11.583816218426561
9.354769221337774
10.066959633869207
7.265824498945405
9.852323007676137
18.16280804409146
13.734256997597106
11.807472566068089
6.758751932073634
-14.901985080856225
-7.848729709646935
3.0726957049280825
1.941706249328528
-5.9257219686149645
-7.939263672319238
3.7352257171460836
-7.634890857661773
-8.743524469376586
-11.285383034177773
-25.1507949718882
-24.135123570456273
-23.61803640096182
-16.195446821358967
-6.1497411105507505
-14.772752147314826
-26.548730226297984
-34.37331137523191
-31.325892130650182
-18.338601512892424
-18.60032990492336
-24.408817215344268
-7.60883487030054
-16.82697820053125
-2.298498660308128
-7.1967868547202345
-15.456575541610563
-30.218203622056016
-13.90247757694419
-5.952623135051643
-6.3403564491113364
-13.118429951527085
-5.978347367817673
-2.8468768946848737
-8.265739691571904
-12.530255165052392
-7.049636697017328
-11.088924356224329
-10.489898628677011
-46.53465686940198
-11.820268626551087
-11.669562315030674
2.2437103223900507
11.215155246612538
8.939374215201681
13.001638031524116
22.27296387332736
10.576067114190996
13.102649152403526
14.495173210368536
12.934202524490935
3.729520768094287
0.840672076255278
-5.139520498356554
-10.574117060836409
9.47693510672028
17.010795032222582
6.658183451853608
2.518927211774626
5.021348579698463
-4.499680368216597
-4.530639288343729
-5.015448619429407
-5.436878276330441
-13.139894702764122
-10.537561186843675
-18.26382891077017
-4.583694480605793
7.126486255339178
0.5993186953608295
3.553324018850041
11.884874670572865
6.058556909464644
-13.519376168411267
-15.026045033140775
-10.64686551627412
-8.885321498926544
-14.114150301766687
-6.585847920335258
-6.345376143159008
-18.200129494246028
3.0378367098823813
3.8261097569242617
-4.1436160610508415
2.6374951660684958
13.322623888732634
24.40722309368761
38.047013113757814
21.200829907245023
15.588303316553908
14.500243962784099
8.59601935748603
-0.23441479570515736
-3.0177962032596475
13.052582965067087
19.50186510890628
10.177986656818648
7.047207060829325
7.119182972511507
-1.1118169291184723
-1.1646631657382172
-9.331189268664405
-5.3657432867033705
2.346983793048159
-8.32497285764309
-4.2182040861950245
-16.865995696104548
-9.170462174061344
5.264949998033464
0.8428339500031728
6.416933110144718
10.116388600990415
12.653325803662256
12.184741675581078
0.8562921584004954
-0.6719924782496394
7.507385623771449
-8.331357657302387
-7.438686397203144
-11.806829618535286
3.5523417767443317
-1.9892786338976745
-22.78507728086988
-18.4910221403525
-16.224883155323383
-12.32003237073511
-10.07260819246285
-11.278807234089008
-9.887700933798364
-14.573428432602807
-25.39504452640232
-26.421834060885395
-10.328585859731534
-12.77980357660364
-15.522746119942347
-24.423030580909387
-2.083487868652626
1.2226204342091844
-2.7308527682827
-3.713701250624538
-6.411766527919473
4.327661051444947
-5.097968761446506
-1.307901780606591
-5.263224814991836
-8.537503748882541
-2.7263765600728327
-10.356937742582103
-6.492868111002888
-17.263925336043663
-14.126804125209114
7.5958960964602875
-5.212141146557748
