-4.234665088793395
5.117610940043838
6.642687840258195
-2.1569634885885303
-5.612380039530703
0.21312129837111835
9.414215776148064
8.482093972168496
-8.032757658499492
9.183337194473477
3.1054713017665643
-22.126272002394863
-19.303459795227273
-16.164250769154698
-19.421502967672147
-20.449979372495747
-10.625531024104617
-13.513429985835336
-10.907600542806303
-6.760268099845447
-5.632323872987268
-20.61088885319008
-27.405956142213164
-17.196572596422445
-18.603965608280564
-14.022706478226988
-16.922784036043762
-9.177530079271751
-10.231967300460612
-9.659617023627911
1.2953854688733906
-3.4232351135991697
-5.360718369220061
-5.489010824613825
-13.568271401693485
-11.574798514879088
-15.769135524995376
-29.22230968919763
-13.508920577905002
-17.65142382990665
-22.90067459561938
-17.74825066007926
-13.634510680176476
-5.777097183489941
2.958284259573856
12.264505019100325
2.4824520505608603
-6.656716970950799
-6.829328663813434
-9.357872409614863
-6.171066857927034
-8.26453665838817
-12.99722661609832
-12.547644413347651
-19.32196935677161
-19.53698535797886
-11.633050912965135
-5.438714580264488
-2.4762544185332693
-11.466822789282437
-22.97649198550216
-18.753911303578345
-20.560892075523032
-7.565483510842048
-19.26951513683677
-15.957464440593624
-12.670644206045079
-19.297699129892873
-5.331223984971915
4.189212243776768
-14.157900614886325
-9.54896410800237
-3.1051970969779514
-4.191203479661481
-27.45201936399409
-26.67081728516543
-38.4088264839139
-32.82503619419981
-31.10306836807152
-38.49612705033001
-39.596431176858786
-37.8885955626051
-22.64974767051088
-36.84610852122217
-38.835493954063615
-26.126157300679182
-36.453287999831524
-24.52268412993416
-23.897748475431037
-25.075807670130214
-34.882930707846086
-26.142794739524778
-32.07126787959905
-42.59030886433328
-46.44371836031094
-39.769406135128385
-51.93819003772982
-44.43759976567483
-46.82917276335787
-35.83524517209261
-22.54314848253697
-32.82721390753457
-19.711988469972894
-14.05499072672784
-7.396805118264
-1.4248821548992152
5.335576047062089
9.032863166638887
-0.8154310240589318
-3.8052641061317143
-2.8516631157271326
0.9699451969517434
1.6679511051365987
7.97833463138492
9.393158414493898
20.33692236259461
5.35089810140916
-0.4151163854375843
-4.6654226351068475
-7.297745538510048
-14.719000654928093
2.1224700393442077
0.9632454092014712
-1.1835302317340124
14.981972340856945
16.386895986579507
19.38767368154017
26.690310450979872
18.780582380731648
22.94802450009785
15.00992595855021
15.154525467271714
18.916102659857085
20.53791203300527
24.422274475801096
11.256071235137528
17.952603835828977
11.602027829301655
-6.4852391412491075
1.7335304723898337
-1.9758594922896109
-17.71744375418539
-13.353407198573176
-11.53098092677625
-13.291625139798867
-20.203470720932128
-15.677490949654725
-27.945080708749728
-37.052280499299286
-26.27851290620711
-12.576019541904257
-13.893011145836475
-11.312019596335062
2.990703075288529
4.603417109717387
1.8905906790151483
10.36200168165372
22.060792602900534
28.3316638922488
27.837930941841577
11.70627291501668
3.2492595357777296
5.167324928100923
4.848713626769189
8.421024250439595
9.695092658902038
14.397754497405694
22.911600229017356
20.60698784309095
16.391075271237856
10.381455288212273
15.224198773001904
-4.223466118179262
-0.6809072074068854
8.729937010450586
0.8380248412374881
5.445196298786602
13.888190900140224
2.152185133895434
-6.390763937285995
2.002386467271516
3.4534551891198713
10.864382079757526
26.86956920600189
19.958483555056432
26.92583343085227
17.12673576983359
25.12089649229946
35.935408387319235
29.82562029516316
21.99414433277864
13.316886709773874
11.249149405766751
0.8906551206870517
-4.7055521881602935
-2.70604482356324
10.733137577517038
-1.1341629426961195
8.242285596502073
1.6442486944864645
-1.15233087408026
7.660151314132498
-8.477086837897954
-11.230160599030174
-7.764625502404875
-4.244410656452996
-13.432517844452127
-13.869541041185887
-11.340113742799256
-19.99251961463022
-18.799437614242095
-13.250640890931153
-5.29699769771644
-6.299167958720472
-2.596690179394397
-9.957798238976922
-18.009058084382342
-1.0058629381232982
7.709668086900523
-14.60512294766191
3.055313044339733
2.1368909569909684
5.2163201285475544
2.743590605305154
-25.842890602645067
-26.908192220737877
-25.03140815788549
-9.878308843333416
-9.784657688129784
-12.60610577163518
-18.65201655811512
-17.069793353139534
-18.335697578166858
-17.973369320587896
-19.510611856202452
-15.88944141519073
-13.905339483795814
-21.27168352379467
-22.212619596069857
-9.402024417577406
-12.151151287136619
-54.27595324700677
-42.51186977139379
-11.869899804917825
-16.497399995615375
-10.346364342382644
-14.27024013455551
-10.138484421114226
-11.992222645583391
-5.811834188652559
-6.3624839282783565
-9.39721781846981
-13.285172684988446
-11.385428783066141
-26.49689233632805
-9.54224405441535
-18.206302009712523
-20.526351533675104
-19.153806210275764
-13.512749474231713
-28.346063148023386
-17.006669064117048
-13.671028176955506
-26.774425529120283
-37.667131086408936
-21.868107717622365
-7.0180098125069525
0.6987661089660638
8.267965116579907
6.7367278176361225
11.577248531071437
10.05858498164256
0.2883901077091211
9.256393562732374
15.717799819064169
9.777504303643646
12.256584964518295
16.526649124833515
6.489688829079283
8.556223017839281
5.431591287400639
-2.3510235397626817
-1.0818493053595577
-1.6176606095053618
-3.569187844463199
-3.9155063382077353
0.6319582126886154
-3.415885151051968
-9.227756026576746
-21.104302514881226
-3.1713692105824443
-9.649832606555481
-6.519939402596703
-15.153063479767892
-16.75491868353951
2.336347721851822
-13.18869831031341
-10.80585318378421
-21.871800246975397
