-11.120802363081033
-6.891475265143938
-7.18179605367026
-8.015696125220463
-5.531578145497013
-9.354851165793516
-4.362874028640368
0.5664821701008843
-0.4690163972345751
-9.244373990780442
-2.0655739353313165
-4.264493481805915
-3.527905282466086
-13.463443204496802
-6.517244442692994
-7.119628589645405
-1.8069475404172477
-13.050391511469845
-4.486893631212221
-10.643423461446307
-14.294867699073766
-17.227270234291165
-6.095637937128736
-2.1052458421998645
-10.994949753911042
-8.050104486701711
-4.915930935242704
-9.40075381019773
-13.995314177190131
-7.7859260475161465
-6.272122692072061
-9.777381683883188
-3.999215873549205
2.0419592032225453
-1.9356101390742668
-6.810311116213371
-11.546318279903335
-7.040602044927439
9.468776286352801
12.265561601869507
17.16523489026849
8.886132746880904
8.258692637000527
11.234177233991552
16.010156600446074
9.213939910057174
-3.0971569834147616
9.588017349773132
-10.500917504921878
12.088078479174188
15.412831981119494
4.202141569998148
1.8052246668390093
0.09198799175319612
4.265569639246069
6.596180541435269
10.323803486997024
5.002474342609067
-12.109932703983304
-13.326176323242954
-12.923921628383214
-15.98726921928334
-16.154370306875865
-9.806734221492247
-6.276003571474094
3.2217908121133507
5.627343559953059
7.494383017221138
13.095848071481662
13.015372862209258
9.051191390700561
13.723095269701393
10.595055995930707
10.565881253472757
21.181883371465315
16.075489480035934
1.8161193791306571
-4.867544101699374
-4.247405944913091
-8.15933663865641
-14.99140001990368
2.5375020849439798
4.397305090233248
3.2835145240879444
10.503855208557637
3.5077442129893823
-8.325143399947134
-6.7339074116937265
2.5377557201703294
-12.962206120581948
-11.009382340898455
-18.30703370197952
-12.185479726078816
-6.559168845044696
-9.035298968994653
-16.848718660824574
-7.450135583085108
-15.59099458929743
9.664339409284237
-8.835453266443324
-10.69848081059942
-1.872637816082262
-5.210628162839399
-1.3125449405015468
-6.355207084209174
0.6689851265084171
0.3759452484829188
-7.76311265324195
-3.729158144808225
5.56738872713207
-7.25338163121264
-9.007105670767944
-27.063026630939714
-19.583957837835392
-19.26934958486519
-1.2128815578454637
-18.09975031129769
-24.62300663435629
-30.78746624146677
-17.347370317388073
-34.11891230403419
-22.856827980685395
-9.80075857447132
-8.270333740189766
-3.922796665324939
3.3851896662880683
3.00781281240873
15.340300246606793
10.74849832159164
29.425234981657628
31.117777111223106
30.933317435304012
24.380019969073327
30.609783476873304
27.795498532349068
11.535309893768986
6.929000495841045
13.801117117224257
34.30869237315813
27.79701234912961
24.475571001901088
26.659079638038694
33.66090998214478
29.76091575158463
32.44795206247785
37.40661773401578
23.069049014260536
12.77545031375113
5.08724530824468
6.101834038606764
9.895604681509688
-1.1297802448993317
-10.256269003353156
-8.52792967374805
-2.9509624218821315
-12.52318899247416
-7.784003295707391
-3.460575419123322
1.939808945474191
-2.4469895914881166
-17.113261040834264
-11.8981945878583
-5.101156317626586
-1.226475417357737
5.1726524628872586
4.042897874290314
1.1806197184394327
4.370583403061023
9.913829171354363
9.418255397294946
14.770393673288494
-2.144209891821606
4.642850598364514
0.7427173217742463
-8.774716287507871
-2.344524982937688
-7.405997360812425
-12.12937871592695
0.05375067786996458
-2.039520021600602
-10.601835231768689
-5.708518298487924
-2.3592607298464103
-11.01387582708852
-3.2123721567800563
-2.285056701899959
2.743958043391756
-5.862166884340015
-8.181658910028622
-15.868748240725978
-21.291485932832032
-8.368981470462348
-17.556450123433464
-22.934645299074578
-17.723442429859922
-3.6841038370783794
-3.2270736187135314
-7.871656461812893
-12.024287661326976
-4.934907258732227
0.5594634703593838
-0.6504019744450875
9.215856610959518
4.505191942847267
1.690613181629471
9.87819313333588
5.059885217323075
0.6666701272618152
3.5031240243664854
-4.049586511985827
-6.945750365052384
-10.669251885292066
-21.427172068438388
-26.444828434057044
-23.872739039951853
-31.74601773624238
-38.79571022965616
-26.742093083822517
-20.21618072205053
-16.202970656175108
-15.860284021735694
-10.931646137244556
2.4454822546885926
9.675156464207644
-4.7695045151662185
10.173540169746447
1.012276392932842
-10.94891695326898
-9.322226508257367
-10.621044434682496
-8.084323071130486
-4.794830697024913
-14.580811001232574
-10.790420131635738
-5.693724846709848
-0.6948993378372039
-8.834006361206416
-10.43982016721324
-11.88073616801961
-18.33027711758111
-12.797670702793285
-10.138261773305958
-17.96903210202121
-19.94809559474612
-13.767081851621313
-13.029965961399245
-13.630850103160405
-4.7568537171840335
-16.129616776392275
-32.58620086974788
-19.700917321992264
-16.275720384605133
-12.456304310109074
-18.33095331232628
-23.806358110337854
-35.038212462379086
-29.237388989567503
-49.655734769385134
-22.77206401365914
-27.266348565375914
-28.303083407573496
-19.167436197289714
-21.23870000262432
-17.866625087958234
6.502971280267419
10.347345761122195
10.399033024865282
19.333013759631303
26.55640492677189
18.38270797288371
22.46646421600857
12.41478702390295
0.19649630310076416
6.43482565025239
5.171296001396995
30.702008671770635
21.956345411275272
13.027876629920527
17.103532382470142
32.71175654594772
9.359140347577199
-3.511885862202156
17.327336370309375
15.220590085168727
7.20451373143035
