17.621454523232273
12.243586233122654
5.888456474533684
33.585484794311085
21.660452697038437
17.956447285121907
22.732486416905605
17.666131202720212
25.411514011803984
25.76518917032492
27.271455454461822
35.521162530644666
20.168709466825387
29.851755608192054
22.9385530204502
24.572620557639237
25.326767918091267
19.599346270785066
25.330116976189718
27.636929621178894
34.273172620307996
31.04841208236195
29.52361471762793
24.30411423627481
21.017892000938886
22.370778030481464
28.24072844403431
37.215348389476425
24.54527422341217
37.23366885310708
39.64976467655917
34.67685898185532
23.287759036243862
31.73093606005547
34.08244568601684
22.717031588770574
20.095623192105037
12.242742244811206
-7.541429623924872
-4.42322881903371
-6.238114850233773
-12.100496903305109
-12.674735970640485
-7.578698019172371
-18.20222151744272
-20.34735658512346
-17.551767099137574
-17.355082155871745
-24.0941182728069
-11.992884733732998
-20.0862943667445
-21.940817121513465
-11.97701619509176
-15.416500440255414
-20.172160015979074
-13.597211707251113
-1.3828277553941426
3.1063686109006428
11.589042587093324
-4.39605758727834
-0.5978534228660215
-4.4928115324946365
-1.0928085337128828
-13.948319436224176
-16.427342710557788
-3.6050078469208438
12.67578276144284
1.4151125704093237
7.415817794542352
-14.323432636518131
15.806478227517015
12.235466064957564
9.835401870942556
1.2598401107808346
1.8415347240632434
10.776283328001512
6.846260960312391
13.226007962016347
15.649621991341867
9.481108427512847
15.383937606568608
12.910065059062136
12.662799555051595
10.88598641727284
20.90647742578771
18.95089102626561
16.09263919259066
13.443570090498344
9.344451670063911
17.272588009819387
14.413523403783175
5.574301961402488
10.322741134416024
6.718204183377281
-3.849582353119812
-3.6478884832834955
3.0011374811544083
-6.996296920514745
-11.898591216396275
-2.965751120296067
-2.5320969754158598
-3.429068002139031
-3.2228072178898297
-0.43727951029265705
-7.5021622687877905
-5.61521352471439
-12.761793753487044
0.3103040005420247
-8.200305482198031
-11.321599548665832
-12.494415967051456
-8.156212957794851
-12.038758645417962
-3.1946939162388084
0.10026072095937387
-1.7588066652662853
-1.454824809929801
-5.341220058147491
-8.070945596143504
0.4465754967797117
-9.076173770287813
-10.667673187820492
-11.849539179487088
-11.916642829589708
-14.418330761266345
-11.544164581267054
-10.362512509087317
-9.909028478334497
-18.395744128281862
-14.8144664201213
-15.693166647149491
-11.481581351875253
-12.066998732051632
-15.60903813057177
-21.281196868414924
-7.55100662075321
-22.260610014326158
-21.249900985842615
