-19.530253329434217
-28.66899511646587
-22.603291666317283
-24.383631717558423
-13.9635489619476
-17.972908727541736
-14.708183432214383
-7.0198960904823124
1.5003160100945545
9.092589212916721
10.128204977064264
13.613015754741236
7.401714749328087
-12.06363401204393
-31.25441560728765
-32.799331597295186
-15.406465318789811
-25.627841955654613
-28.47848484410341
-13.088750095173836
-3.7315513173109394
-4.174665669892507
0.5600879052390836
-2.166067570293711
-3.2168123793381063
-3.3323147012178205
-12.51925079298414
-9.478866979289661
-16.145892291492125
-15.636591880375182
-25.356280557201284
-18.480747046764087
-11.753829684986789
-26.268322830855627
-24.506058272182997
-26.01170443806146
-27.364892292908202
-48.510979661971476
-22.1429591458699
-10.841604719541461
-29.84385845428274
-19.819848220898518
-19.76950659984067
-19.68550570974805
-22.787759342946487
-39.01574769693766
-47.528571404214354
-41.740236053052904
-35.37749109568981
-30.716154345083428
-32.880868074650714
-15.285661928823307
-20.143057857654316
-6.402202154659472
-5.743601287863027
0.3655707531885281
6.2650790285113445
10.112139237411162
8.162393111965267
4.494659202682449
7.413789364814348
2.4878691584607213
13.975638828701468
21.94608017222803
15.624271543628831
17.705843820640734
11.459110603937471
4.780405286216748
6.804807636939588
10.912768138744276
-2.069988001854321
-5.946765895403116
-14.773902662428384
6.874299849957879
8.99163241049395
10.009232306534184
10.95109501519949
7.361641501120733
-21.25824572709461
-27.366012668989462
-26.591638424120355
-12.542413556488471
-14.69893291790474
-13.711117060799758
-23.93216402104689
-19.08734622255187
-7.8435795134276285
-3.1934311203516152
-13.030992905288661
-13.952351479103761
-17.507882820967776
-23.723987475050627
-15.852763188946456
-10.503084069102886
-14.474816432207284
-12.641488485348663
-3.693718070717338
-12.613091099376636
-31.186125330250732
-26.671191128036842
-16.375228857988123
-4.882442653163862
10.39480563290789
21.806780708615985
19.414519992613112
14.589108761145622
19.648407896645576
19.699530481260265
5.2222088148615375
0.5279117008682788
7.820403856393512
-0.46228300453181603
3.0814626893191313
9.338645038551952
2.646421470641966
4.142097692163781
-3.962437338288944
-2.2598495751144103
1.6901083979223095
-3.302511536314785
-0.01926436075901329
-11.335143568748741
-33.270121016362154
-31.963745612889053
-19.36239706758067
-20.316318983191206
-12.111597257170045
-20.278383304163878
-16.707912231779822
-3.789035155950236
-15.731659303097658
-15.8008053147401
-12.948263339661914
-2.196871134197927
-8.900311958693132
-16.307717560279155
-9.900139436540464
-3.691165887553992
-17.774083521034992
-23.280534035632453
-21.33596442903696
-31.63276539150577
-13.295121090374275
-14.386053689210408
-10.879284195525363
-11.401556725791087
6.226988700189692
15.321267962068564
10.059130290776393
25.520575503616353
9.95540572331108
18.329844906330628
8.67272002091079
6.497151772864605
10.910794209897327
17.871244436871592
20.702876236886638
11.263301614351304
11.645082226102517
14.691496239355025
28.350542860215
4.940433716774806
3.732145109328053
-1.2307523261991875
1.820053624109169
-6.782087541462147
-5.784524199083222
10.408907576521347
7.238335383951387
3.4245436820582964
10.236494400100039
16.576737229295926
5.0152290674983036
-9.29793862618181
3.3453770968817995
-2.2060404395716797
-7.891465065329582
-18.340834146280194
-7.505898248531198
-3.5844041758284177
-1.979692652224668
6.467493506271309
-4.849290399174075
-5.320942487177953
-1.7359352513680086
-12.452776172944102
-11.068325642945776
-4.570101329728034
-2.2570085697846203
-1.8876629181452924
-1.6827961638690123
8.628871259162267
18.267776217913166
20.137573158250166
14.090185021912664
11.05037466879132
8.92850289060258
-1.7422522718656364
4.395793807601119
10.057897062744418
-1.7592428839200536
-4.683258359006109
7.388917878743676
22.89572717456449
13.399909159683304
17.97036292499206
20.902506332654863
16.844923774378756
22.136799163204227
15.759480635216871
21.27842897012669
9.72655403432868
17.42361558335237
20.433509971217106
18.022086885579654
8.979842308013865
0.4737064104084284
4.632640403512973
5.425455455203488
