-12.572877218511353
-17.197038551962038
-12.950955702087127
-14.030671780656938
-2.1012663646895624
-16.36760759845109
-9.12399456156334
-13.054947607311327
-13.039188282261483
-18.55635075073179
-18.170972621149872
-18.177445812708328
-15.650900779659018
-13.059110479488954
-14.986153175254396
-25.70325133112732
-13.941391372381872
-4.4763036067893225
0.7410653831127822
5.087900178341098
6.339092415464349
7.823861913988992
4.858953612247904
0.10467705360429183
-0.9956056794090384
0.3549119752352856
9.111808454407416
15.597440824666547
20.239188522426836
18.327770980762025
26.14598989842739
22.669544871221934
22.76428584546364
26.784843751760288
27.186240170317806
30.37908239361393
22.679570113291327
15.614621866719931
11.074522673967389
18.682756638980027
14.323091868392007
3.3734969568307984
2.578545557022247
2.301725026019814
-0.7252297578714298
7.435700359567442
10.031147938777334
6.131213200644293
2.3701362826049355
1.7711643322885016
-0.9536020082169474
-2.9474946179362305
-7.293895904635806
-11.641279561857758
-18.487613068627013
-14.153987701967841
-14.51388895104903
-17.041036573972345
-10.65615347751394
-16.113131136264492
-19.22719658905133
-21.17964472319996
-26.3354012871246
-17.633878226959688
-23.60166494137104
-30.618470708880828
-22.604835355301233
-16.166214397467673
-12.487462920288039
-12.382644988725774
-25.245836049209405
-23.03696739244792
-25.169348784044647
-15.27275540452431
-24.993427804328253
-6.3199726720191745
-0.7023667929880466
-9.335951417091731
-1.7931777135620948
-9.673578227925109
-17.487692726634936
-7.671955388573091
-3.763458775137317
-11.404304959190021
-12.737418182426596
-4.429921733087191
-11.36180547473052
-14.326124849844243
-16.958109302935167
-13.321380278187268
-20.582676323028874
-16.429332311714354
-14.355170726965925
-20.921681438082505
-27.19032484742795
-4.79296365387645
-3.844249679284304
1.829913526618297
4.102383062334578
11.48736507620044
-11.718892978210972
-31.243942635029338
-18.42655071810443
-13.271827727238914
-8.346381393076255
-10.047759698923294
-13.145613806963482
-7.588484655791029
-4.4378889298820114
-13.857282030119743
-4.436896099377958
5.196139525280424
2.1363458430519047
0.03187736701390813
6.633474961383843
11.353702720543465
9.637004695178568
3.559451484280669
-7.7071672449330935
4.144851800670351
4.100918273043306
10.229452499301626
3.2562500274942363
2.0037919882840134
-5.453519936402958
-12.605227976947413
-2.760973857225796
7.314735430510129
24.272959255439233
6.204435260987936
8.402436952009229
18.726617167402708
15.022512422726011
10.245706516484724
14.62537133959449
7.464234095334247
9.669366817688324
13.469562786856438
9.709499228137789
-2.305469975553589
6.378156121827115
-0.5619836129915695
-6.6071190143283784
-9.632737979165324
-5.029762061447333
-1.6780191999313416
-15.390496375139856
-2.426839958221004
-11.354728974454305
-14.910386182182377
2.127421214145072
0.6981511496142196
5.940707095426243
7.479569082000916
2.218462927797619
-11.514336837462494
-5.29177409991114
-6.1682396870526155
-9.989168796877664
17.4511408570273
-24.961054936380318
-29.735570563464236
-17.744700846693142
-4.013397649410954
-3.3002356518085785
12.868652694578698
10.111579712773043
-2.166492421322888
4.970805138488856
4.570174312971206
6.445058025916575
5.015273278460829
5.687038772187552
6.792233380227497
1.400404630769312
-1.395643984787006
2.8511977611979558
1.6216950402147714
2.4447195215624564
3.460336676617492
14.282340636806984
8.786391280191946
17.292570206782464
15.177892587917773
19.461048789226254
20.80573614827468
17.013824372340615
17.511608008894562
16.34291566547633
5.0633370037011245
7.296546099778157
3.4345953284448445
-7.761105494819943
-13.40205097256016
-30.10367428096385
-23.45306565213353
-31.55796818661823
-22.006099175069128
-19.46961909294789
-3.5023375725004997
-6.9031731062258945
-2.8777834303839045
4.056478065280167
2.6640121374828243
2.8946176976001476
7.837323483118894
12.532528378582619
5.9013456418925205
-2.3069831759694504
15.536881497042847
9.106306480243736
6.2677330237284234
16.143723994412465
12.178041335448807
-7.599111822206835
0.33242105364352537
