-4.76411812217255
-0.4768693833201745
2.0914994452397946
-7.248553710881372
-14.553427497503009
0.1919557425216508
2.402884828435413
1.3465040772237271
0.4415772151319421
-5.147482372203328
-4.72119220667959
-16.023412008211277
-27.50183945168403
-19.18114652570268
-43.35784507794019
-43.432669587282476
-34.74293186567569
-29.76967993408386
-29.709846240464724
-31.298474668348607
-15.416265416908693
-11.859417813791506
-14.816078171655324
-0.8839048977768563
-6.819822749378775
-8.086543749344294
-2.391507555632886
-6.065384445089341
-2.010908679920506
4.129123950451727
-6.926658622916511
-20.323084872664484
1.5670628795587334
12.148563823760991
0.3611698454578064
4.1753465164519525
11.078340604509947
12.494978618783774
0.07851097323021908
-25.206325681602912
-34.86506805768231
-32.83052157169547
-27.1289503839814
-28.53367583871901
-36.87701240980552
-22.715860661120146
-28.4054731751188
-34.61507094845592
-27.58353917547816
-31.343532667692042
-37.93245474607728
-43.490791500937995
-34.619550675090444
-30.00796514844862
-31.077312399671193
-34.3090280170626
-23.097874296786877
-26.20259100911561
-25.89987494501964
-15.639819157704814
-21.899250439230045
-19.102707607280127
-10.340932353121175
-10.166959527468702
-8.713242125113986
0.44450426837599627
-7.260414135584395
-12.928535463745048
-16.39757220319617
6.629248034581268
-5.062085030702937
-5.088122307753191
-11.790779446880867
-11.368647774494548
2.9834471838489978
-11.254484890986397
-17.38485541128852
-21.89940546179049
-27.431677417427803
-21.541987755310906
-33.064507081412785
-45.627541766029644
-15.958538805978108
-7.492702703547753
-6.4593753444752515
-3.8052851037439135
-0.11069449755680512
7.005307365200317
9.393591737009734
1.2294211175332472
2.9090784942710446
4.588765163520826
-7.2324790759711695
-13.777079387962447
-1.704071719082669
1.5904783260358295
0.4404535747168095
-14.810662521350164
-25.572070003107825
-25.37988330873534
-30.395679819068672
-37.135378539344345
-31.178413257573943
-32.43230847370426
-17.925550614946037
-6.058102061369856
-3.5091750345377286
4.039711280784367
12.113932963315074
-0.4050544980209621
-0.11226841550941563
7.002419162558455
-5.302322523901398
-14.272778465676787
-25.541428940897237
-23.996045999599612
-34.400339238308405
-19.992038382143022
-17.157754916790235
-15.951409368782999
-16.855956668063545
-12.497525583539689
-17.054139819579724
5.568737096664381
-0.4485998144519831
-0.007857552075467934
-2.775571739536233
0.7304964387939739
-8.235112974396
-0.5847295135871309
9.707098752198787
-19.695434691488096
-13.4716211034602
-10.314954466957538
-15.42956018314375
-15.82232205417228
-1.662629521615111
-5.656548154354574
-19.20433493557225
-36.40578692595188
-46.463563880834634
-50.06449217471012
-54.487291893534525
-46.06774016250578
-47.37526249896282
-40.56310042520902
-37.108978478807224
-34.07238632015527
-35.59763866506048
-17.30701534429933
-20.174941628663152
-8.872777867205912
-16.149772178968593
-23.146630642698693
-11.64780563132923
-0.452008988205676
-16.448788695574297
-13.706098307705007
-11.274815809553873
-34.3401579670001
-24.054760754332424
-21.228764040009207
-17.347304010262473
-7.171003705192098
-9.631882000466762
-12.89220098971033
0.21446004795339524
-2.512744682283915
-2.720815424667112
-4.936238650306138
-2.6163106288478515
-4.940733777310369
-20.95865381696225
-24.818627554003182
-26.762278566169428
-32.92157348921163
-22.89650181241713
-20.813068240477463
-11.073233919201453
-9.965230347122006
-23.352955988301762
-12.915527293980825
-18.889504241805085
-15.37212468727323
-5.880866197459949
1.5237930440658645
14.392874819231473
4.075025390315299
1.0008698042877266
11.773528783964984
12.05597607070835
15.253500390169625
16.53038665241284
20.85763037876749
9.043621033405211
13.878648498678315
17.80974190344215
13.09608723612315
11.355462931910946
6.936341669146326
5.747397635834418
-4.997356109442859
-15.979791122713936
-8.565382515996353
-3.2275931952326076
-6.177437654549409
12.679971010747838
10.559274752934588
-0.376520996118891
-1.4820391527020076
-2.877906466770237
-8.813543622547929
-0.6820192249144058
3.106174543729309
-0.16286789209145852
-4.172696599668639
-8.089094312199446
-11.978200787825712
-37.096522900383604
-11.460576804769635
