14.3762249414076
6.850488074830741
-3.375437942725092
3.4876705533850383
17.04487601841544
7.857377437034737
-12.890996774215338
4.967494265151834
1.0296796875426013
-0.5111240432857941
-1.3461032748091009
-7.422625528067349
-11.53816397440279
-14.407995659486525
-7.911743784016526
-10.703822781335633
-2.0119350787068377
10.59864381877854
-8.850372903570145
4.808895652029934
20.119035507906812
14.983761117462013
31.175453698045807
28.624569405988268
23.549435829509267
21.341870329015887
13.61169372836555
5.960136136672663
6.1216468566385265
15.082847159921469
-5.19257687880274
-4.788812579108945
-12.373989966801313
-8.16970430831026
-1.9722580910099932
-6.884180319179628
-15.355531895639016
-3.242717228225359
-14.905353939567783
-11.287650665043044
-12.57917138018807
-6.7833638853980265
0.535043327446459
-5.719522365699488
-11.809589239615221
-15.097779265589235
-12.50438437089569
-9.11593297606765
-20.13054313000691
-15.312294655835506
-21.45259504522576
-23.10070926490294
-34.662998894502074
-29.053210698583783
-9.951450345730027
-5.852574950497828
-39.52658548326644
-17.560778554507067
-4.000805290390327
4.259277002008888
11.543146190099895
12.330920359359475
14.357124970353173
14.194262927904935
-3.6012574643933752
-7.225494198558245
-9.393480780495434
8.497592061947634
11.915075407888224
4.618576832545158
2.7251161589999
-2.9600172785592758
-10.323069054331967
-17.1195256578077
-21.147461455953568
-23.930241617203
-5.080047644235546
6.096329891202299
-4.290329413945859
-4.833814940318383
-13.787437568556369
-8.280435645103482
-13.010044888861305
-20.471281791047094
-12.803751440943634
-12.77682673556083
-13.715323881377115
-17.124713136386198
-21.919107246836592
-10.539746086962118
-5.955482332194643
-20.379394741804493
-23.05291425180873
-19.184765614581334
-29.499805243808797
-20.6288898363253
-15.034621015520566
-10.773830802477617
-6.617344382920841
-5.186676523709823
-15.347770212237705
-23.70348121858785
-25.996011292196044
-20.791643345565713
-22.05581054533333
-17.05348097721356
-13.701388353810374
-22.43234836458389
-10.993805138738338
4.907907455184058
-1.367927722966865
-5.729023792490853
-8.408682191739867
-15.05218246023306
-21.112858922062106
-27.677057137462498
-26.381325643454552
-31.02844980021776
-30.419113118894213
-18.403541050531587
-12.57376168625932
-7.6577527569183435
-4.56999119452417
6.544120526638224
3.6104483945864816
-20.454394035310894
-7.787563468474675
-9.280748535793627
-10.362924006094763
-24.75743866588316
-29.939977502830967
-19.509763421717672
-22.19469146218596
-32.301971190496346
-32.2465052366906
-37.72319818703079
-26.886977714350408
-26.765533920653485
-22.16729411317511
-10.00914500548971
4.36171676776305
-2.82903869431239
-5.065284793781445
-2.870733155732581
-1.8637818757942215
0.8862732351875737
2.700175705460469
12.46256234702673
12.667539674488951
-4.635803485416642
-9.639244330920492
-22.87272509462865
-14.24202878912663
-9.530759388627251
-5.2619111466131345
-21.970356843746327
-16.003109912106172
-12.584611309843847
-7.505225489519191
-2.084010113679521
-1.3979502318640773
-0.3577481307412657
15.263806234449437
11.916377473672405
11.49709754838258
6.925668991026508
-12.890850176228865
-4.120644328479742
-16.065462512252168
-33.75464148127528
-36.833193347933175
-33.926676769422286
-30.62323636264862
-28.363216992027198
-21.709924361478834
-15.992653580437254
-13.840719632811833
-19.435846536565982
-21.969308862336927
-20.35549803354982
-14.796416057448305
-9.188331228275302
0.7127812578907682
9.550857855098632
19.735033400973066
11.16245991867726
-1.7269283070057964
-17.024040625272953
-12.570349129674685
-7.099138146553007
-18.90263604954193
-19.27319010166904
-13.919970736808914
-3.9302573674501966
-26.557338891419093
-24.10283762780566
-16.092892770355398
-17.9315727330186
-21.87943513731749
