6.404919888941554
4.291107514544703
8.15703883684854
5.536245580007922
3.7888083171196105
4.2555714430205125
8.639607393974751
10.184091937807388
10.503832741610193
11.566308801053758
10.456138592849886
1.4632428226712368
-2.5287079899939666
4.046212111132095
4.5124881544678725
-6.9538754699544265
-3.3082979692861088
-0.2905862452245117
-5.8595232801715085
-9.770755728363989
-12.35260966793622
-21.155820176963626
-21.095360503828665
-23.143373095256013
-33.67735036928228
-24.393251798202233
-31.508219746962567
-24.684219010538172
-20.64284196450133
-10.491629643473184
-8.970289005890463
-22.552073230496337
-19.277065801980214
-17.620370365442017
-21.562263858075024
-16.040417987003337
-20.331688672278947
-17.115482093859885
-2.8489900997830357
-14.595260834108574
-21.270869638933398
-20.078913274371413
-11.120598622634619
-19.82028708403068
-3.8469476962859424
-3.0550072126420726
-7.115361591798982
-12.318083073599766
-3.482066969354295
-0.13501546559242006
3.3769227963697843
-6.945417956052683
-11.601021455221796
-51.865119002810594
-34.76044013946953
-26.0557845278565
2.7462271159894747
7.820782702395338
-1.9990176861134124
6.104729603957171
4.670965363390864
8.157110420179759
4.1807351413725735
10.944239838459175
10.077621302971405
7.683781885215797
2.3719421431945102
2.0665477663839376
-0.4652618478967751
-8.036337877079163
3.842691462502263
-2.647418513666524
-4.330225514589578
-1.9034858553623641
-3.2845451132219607
-5.592040736342557
-0.6193495421821477
4.880849038555311
-0.9995243502328482
-2.4919797842300677
-19.842138207779893
-15.521984498982928
-7.050323403464861
-11.373715336998474
-25.54406958058861
-22.111929621618575
-19.628036247900152
-14.829542132820844
-11.911565966186275
-16.832637163499367
-13.611134243179164
-10.622131894078237
-9.772766452405516
-13.471304336220195
-9.195601880641217
-11.0895380390985
-6.598507098866869
-1.0508207819825215
-4.8906567938511545
-9.619079948372882
-5.1820293259364725
-7.772478723303005
3.8103461416071527
6.917812759978144
-6.147801734512307
-12.520214513875272
-9.549242108742096
-3.5349447209709344
-1.7715138676099789
2.25678057164181
6.473376578939508
5.1239821773785446
2.8500767479951103
0.2282722677632609
-6.864187240288786
-2.9368548138112933
-7.0845980517508895
-4.221151767913788
6.882468134651713
-4.202555781812793
-7.078674631140848
-1.3607447581699377
-1.5429824725791932
-8.341776370532164
-4.6603568424420585
-10.10356146777353
-20.126531097422408
-23.828654178064788
-21.76686507098886
-24.15566306544633
-24.30830201346925
-15.579636001480765
-27.954120268323365
-21.78902326658153
-26.59808215897428
-25.973105064556478
-26.43459148672976
-39.72563690302492
-37.62032855480464
-42.67951273925957
-36.14585334345904
-35.24636416385783
-21.644695160692216
-22.164749143909955
-39.233655296869756
-44.753103954568
-38.31298814647579
-34.87123391914006
-30.95866399001584
-43.83058912468568
-31.54536202079661
-35.433339192052934
-14.463352487187395
-9.37356963801712
-2.1237306300432612
1.8892067778597983
-7.995861013680278
-5.591582753796724
1.569473388252184
-1.9954632403253831
-19.778391692574868
-19.45264254053028
-11.219634344232805
-17.002497237200338
-14.601049077186994
-13.196441565649414
-20.514909049062286
-23.870738247889555
-21.39396882401407
-28.073287518510615
-34.1603134880108
-38.35256550641417
-33.950507272089105
-38.787342132340214
-37.45392511003106
-32.121894530703585
-34.80792517799864
-36.15770210233516
-27.28694590458227
-15.567811246926956
-25.786848705582525
-30.132813121841764
-28.126011372505804
-25.250517879188386
-28.86248661181059
-13.893594131530278
-12.216142137211223
-19.3399335481363
-25.77614769311512
-30.69888328142639
-28.910982862793368
-32.32260345446393
-26.931315636075226
-13.111689625377794
-11.856050196909194
-4.166702632230504
-2.2209734518884336
0.04625217223574303
-11.372362189711325
-3.6769995140433895
-2.2980071759917955
-0.5215114150878788
-4.719831054802159
-6.0008681088156335
-11.909767071152851
-5.284800782857033
-9.163024851154189
2.4962124224673645
9.0706818526055
17.41945068927271
0.09519967146092087
