3.325970073940612
-14.412214485900142
-12.19160653513644
-8.95827611435111
-1.850302021965349
-9.937262791694263
-2.641766665994963
-5.654295473320542
-10.775971354648412
-23.050002609928608
-23.826026171057247
-26.626744116420284
-36.82590266098779
-42.11716085019739
-37.75725561491205
-41.79928215104445
-39.67699662264071
-31.022501840255924
-43.675119189173444
-36.06660978893614
-47.18564887932683
-49.607698475051784
-58.613812338261106
-31.93469979091277
-43.65790884186572
-38.208045258366674
-33.77894005439075
-35.15879998621275
-32.75207183113621
-9.825856408069123
2.4143045912956627
19.699298931195386
15.830432397911062
13.756772986563444
15.84196190310036
16.454566213679445
16.684908204579312
19.037041635871876
10.87817913096326
-3.4425164417151244
-18.467574030797767
-20.157274002185467
-5.929559767226832
-18.373000204180855
-13.55135839830296
-5.999469227816322
5.921078211391682
-2.0985213744108946
8.490768244722622
8.888931428958193
8.84879088722432
13.313135039086607
7.1556625106046035
-0.009195093577135287
0.6335173447239861
2.6564035859601614
-2.3648256954515703
-0.6915148586521416
-1.5048936933359682
-11.331164003404886
-0.04928148482603556
-10.959236093914068
-11.271793081182333
-11.038192545034716
-8.155552411262963
-14.147803911349525
-20.755968474078355
-22.788829332910318
-4.3039569434351534
-9.62070641734884
-18.825018903278828
-17.804046239009335
-13.643385479760836
-16.536059595436367
-18.67527111628344
-20.54658958495068
-0.7153958451817738
-4.5679100111545194
-21.07725654730204
-21.899178322408208
-19.81457369264496
-24.04977283257796
-23.71536971417933
-13.458094625229409
-8.562252898773915
-6.458764765340081
-0.967391298547134
5.8346372355667135
13.91207454732324
9.01835082465171
15.0597403322004
13.576813641905403
8.009628454604366
-9.253124659187193
-2.8767205325742444
1.9848830116361689
3.5662544642280483
-2.0270046328474494
-7.690925943489098
-6.200745873982591
-11.669938725547302
-12.58261689165611
-5.8477280965348974
-7.31100396356479
-14.605973441079938
-17.603846364925424
-18.444548551389783
-13.60337677617817
-11.952697408481177
-0.15737406313395108
6.072050168287531
2.296920774890096
0.433358727063373
2.9815920739377613
-5.1981970886074915
-4.144446688051331
-4.543450875328519
-10.132070162488967
-9.466919229639975
-4.552733289442795
-13.279694073497673
-15.980373785205677
-20.942973733413712
-24.2905159828608
-7.870610849646621
-7.443166590100309
-15.122497393125027
-9.502671197760202
-13.354794667049319
-14.50599521993149
-10.638221766030377
-18.45902312840889
-18.99967630093255
-18.391247944126636
-24.726394041947607
-32.62285768875546
-35.770392155459355
-23.74690415792526
-21.958280820217684
-23.2130985994078
-39.43840157144239
-39.9992187165356
-42.937469567571945
-45.42111778317378
-39.37106510293041
-30.802335558376555
-23.158984796109877
-17.88329691472166
-27.88057581009512
-22.1236386746339
-17.914909190226602
-17.718081144872905
-22.940654160283213
-26.82107221614851
-35.450931372946094
-44.41944334813007
-22.73944324516788
-26.79934308817119
-23.26589524832127
-26.360081486551884
0.08986166268758755
-3.732529801427485
0.6383562457461802
0.4283042217581939
5.757452986745237
-27.62144591625107
-13.949911523082486
-38.50648276445241
-24.00530599029687
-29.43093922699566
-38.214317733185574
-29.97475214590569
-17.78123270496755
-21.41060576509902
-20.395806885013705
-18.4504430294107
-30.497421682194272
-21.677741786055893
-14.51399258633132
-20.295390199574264
-27.35943492755669
-17.955169138904978
-18.817732897259212
-14.587448788801439
-16.618907045953037
-25.609321135917497
-24.741609455972128
-26.755197462255026
-30.654914870949426
-19.754169407203324
-10.085006641880002
-16.137722795285775
-17.718490173107472
-4.130957305706483
-3.1338335885701363
-5.9369963376633965
-3.3239606697526227
-9.489596390451599
-16.795044154638795
-18.595135790289262
-18.755054253684023
-18.32868761098683
-27.65482779220361
-29.668746292114506
-27.83134270314633
-29.583041082126
-30.735248495260226
-28.564165079437885
-17.004679359912373
-13.611942238063548
-22.985450205338353
-27.90338197804708
-45.74537345385449
-49.332402245453395
-22.877079889170073
-8.34198891864071
-0.8236322683214963
-3.0457507264719954
8.408229069909957
2.9087200778788094
-1.6730848571231276
0.4245197198143458
-11.072279823508289
3.125799020293909
4.020937378147183
5.095012422437746
-3.1163834154941954
-26.88880451094699
-23.56952665262897
-21.274707745953236
-17.49964380431749
-8.669795195718297
-22.559781941243877
-23.0477627510191
