-2.812219383820901
-2.249599269749926
-13.663469976972767
-31.85610328482379
-17.92630767130995
-17.898307264354983
-9.21860120107558
-24.33276863673419
-11.753859274137909
-13.65605473737454
-2.1085462258397665
-5.051174206324598
-13.674213349995556
-11.09708254111506
-7.978342089138964
-12.489030577618685
-12.158063515765992
-10.391304044831184
-18.791385753688214
-23.736026938762862
-17.883464139788718
-19.550152393605472
-25.307717159398408
-22.81154884330003
-28.441152841603497
-26.649150275988628
-21.03687579688471
-22.770374542682852
-14.28612721834363
-19.77210387847786
-7.1836280843917875
-5.500443134306153
-7.057484443910557
-19.731379489574298
-22.91806882997849
-18.01649480591604
-22.205635335803027
-34.21856896747602
-32.52988677444137
-26.16748103609091
-28.368818697818828
-32.11296264664975
-38.14715185951357
-41.29959289011383
-46.61135929682921
-39.971195537331425
-25.032700860427376
-22.994119308662
-12.89475037741466
-3.6366115615682575
-13.420761742718993
-13.535616790910824
-12.31659920981353
-2.1682346789664
9.905882959420383
15.515306124382052
9.3905048334021
3.8675664351844015
8.528979435622503
10.533933130781008
4.036946176399154
14.784476344321446
15.56397804063843
16.410560658329445
8.795952950960269
7.412102565206789
-4.08793297697402
-26.28407196619553
-14.367764008726144
0.5246718466808192
-19.70666637584497
-25.329825925473685
-17.241726587768742
-21.7496735992975
-28.952044059814487
-10.19911720904179
-7.966845261440115
-4.8375684218327155
-11.295604137744375
-3.2970304912306316
-3.20211410309524
5.819784401641173
3.9399827447984417
-2.57578095261513
0.8742973562045395
2.451735251636192
0.9146039479337732
4.1860991643152925
8.796648585862041
1.4493417123638197
13.433830028471865
10.794599235186217
-1.1187207450581593
11.954191586492074
10.74933218098978
7.629462322191394
-3.224422085970996
-3.9183228176427214
1.3506757484084682
0.3436893692772858
-5.508192158355179
-7.500891760580983
6.915957994176356
2.1495514423659587
-9.565159664050878
-9.5861411126691
-9.184424892378836
-5.13356439228183
-7.627655338435898
-2.773171936410612
1.0998584063696617
4.889934613281293
2.460847389809086
3.143978281630329
-2.911159353815766
-7.380774062258995
-10.303032512243778
-10.933007510354047
-6.43615965171359
-4.6255150584437725
0.262080301211122
3.986405812877923
0.4435197424647485
9.195514736181787
23.53120267134668
12.229627712057988
12.230125171621285
7.241105222289975
2.829157034052386
-1.2418594964032212
4.246529329735511
-1.5399612883485925
18.891788830282334
16.34698005998493
8.141935419725835
-0.6571726732879032
-5.653091229674387
-16.396735540087377
-18.427908011581238
-14.139720397280188
-9.215128884977359
-16.697983314506278
1.4987851686522211
0.5115206205437669
3.2706921520134884
2.405616458511389
5.172556328966209
19.36043476462568
11.547215309670214
-2.422137469472656
-13.20411897282759
-8.7206585665686
-19.81563884051513
-17.025839823543453
-13.00088026327525
-9.511087281822046
-5.242158535169874
-13.325966176944736
-8.518949343769759
-14.769345038356972
-7.111243104327126
-14.58075207395609
-3.506209673535168
-6.087782422979322
-12.708514389224085
-8.747191062442532
-11.516520184928806
1.2776312976472195
21.611860324422405
-4.1214325709587385
-4.22128639333734
-10.89049480548704
-21.718539935600546
-15.921377028119824
-34.69170055774715
-43.32686441137542
-38.3024478607346
-46.03376145537293
-47.75814114084535
-58.50292235965994
-44.0129454924302
-26.369359858982836
-15.721578731891755
-8.143903587602662
