-10.579717756899557
-1.2318309973983232
-3.2980427248642403
0.2666571889371466
6.129072237246335
2.587053584355623
1.7656001832063963
-4.17706199202241
-19.776894520718024
-32.727734111616165
-23.04656598254831
-21.858489928022276
-11.499197986228365
-17.593298484972628
-17.214550977618465
-12.073358261623053
-9.080211414969133
-15.423003963047213
-22.58575814059179
-19.548953563474317
-22.725954711619693
-13.971729231929883
-13.06813580182534
-19.050053788286487
-12.714138383339488
-26.24509476769061
-12.206430456386439
-4.719415211952004
-6.70687346813034
-4.422207676602554
-1.2794109912455482
-8.3770875586869
2.2914929572517497
3.392315512475433
-12.3304136925654
-8.891402082085055
3.652917969635264
4.8122382617260895
4.268002934978229
11.229239608629102
2.2017507773275264
8.217147842832668
17.536910362044903
-0.3544936236455675
-0.6474117718305198
-3.709417321305596
-11.684549791379654
-6.328301189270011
-17.807007019199887
-16.010595322329138
-15.020542024352222
-22.229404361942855
-12.603776489002733
-7.133998714131267
-9.25166045460024
-20.309228424089415
-13.100248851787665
-7.878277100885402
-15.837976961014707
-21.761806229169398
-7.593227666160106
-12.306370816422904
-13.950484868884239
-15.524404889772685
-16.671141875136996
-9.075768776331174
-8.377597363565245
0.07918991587501101
6.76325595616429
-7.487912145425116
-15.751412141301307
-23.685087896129566
-22.556316188012303
-14.252694629121235
-0.83086354622412
8.625110228753599
17.117175911298713
13.53444850477742
16.781144311743677
18.384329142614146
16.925224834436687
19.51344130618136
24.821921131065373
20.32043332447423
16.757492438906212
8.129930369705953
3.0154384479095544
-7.597054716990626
-5.8710269332883405
-0.4054606965928163
4.765102021433409
-0.3907414498069139
-14.199233273990338
-17.21492576913216
-5.061098707893062
-19.713942738653003
-16.55885350681197
-27.90908299010208
-22.458215686934505
-4.837329488071822
5.642977459545466
5.567913969888762
5.759682522820407
8.600176807043672
9.589754952137852
5.6442894416862925
4.674515180095202
6.5464474473884104
8.47839324362077
-1.977117945095504
-9.552105997192037
1.0966586964101646
10.171671077352588
7.956083370037152
4.924701835923201
8.82348058984725
3.766298590773829
2.959598044249318
1.4632199411742757
4.46619419527528
-1.0481773199736495
-7.03393235035656
-27.809393806166266
-29.88662900045561
-18.45696909626223
-10.864139701377656
-10.1318156486397
-35.672417105685795
-22.932255377774247
-21.48649995319718
-16.706335103113197
-28.73551252191369
-26.82766220314146
-8.4196868613827
-11.567567086424313
-9.956602914539268
-9.038956882314784
-12.76024596310585
-25.06182960448647
-23.066291577703627
-0.0036015048880653545
-12.885176142060105
-6.693798467886184
-10.492816453287617
-15.090903812108438
-17.260055922271036
-12.691595289767742
-12.33575945561668
-14.634377053382675
-6.2670373794844005
-6.960868342884697
-26.286796241563856
-21.202473880464012
-21.464522382838766
-18.398166829787677
-30.735726981552318
-18.918918483615464
-23.39411658146143
-17.530877260584372
-16.218339990400438
-20.79245238952998
-20.364549677862044
-7.164334289181425
-4.724865247870444
-3.0126308769931245
2.6358516852130753
15.082026348099435
-0.2488915870011084
1.2924913775251643
6.558581333841554
-0.3472347731689253
-1.2449865158515938
8.146060089336165
4.167454725140579
-2.8058477459307527
7.188637349177751
7.909359385746907
-0.3307920521031425
3.9211798487036256
10.675880170384131
12.22059956496552
0.5843888609581936
5.947499798163137
0.24830269187400106
-3.987483404921082
6.410903317363017
8.603309236060907
1.0645197684400336
4.425154229219929
2.6590421097411654
2.2699603488152755
-8.664161399495695
-0.5659479310990825
2.3305088646254597
-1.1537845305049153
5.039278823201088
-6.256650585983055
-5.234010306712833
-5.233234227338365
-0.28213811116329063
8.438642307692454
5.662568336708195
-5.981949777525005
-9.12590466848927
-14.715139047747055
-13.222813601122676
-13.651697969508431
0.06989279089658254
-15.744734020266604
-11.076937326609892
-1.6673337723370731
-2.1841782715712568
-0.8578541987673507
-7.288178071340423
-8.867967341872443
-15.645455759799605
-12.33549950944686
-15.500927668177596
-7.922389273277528
-6.694297395043838
-13.9722124392349
-19.42402050971085
-10.873663696066599
-12.527383257001858
-10.686445853025747
-21.21062324252582
-23.92840864853325
-8.034356996802979
-5.1986486305321815
-3.2439116700052133
-21.28656092401675
-47.6215430894122
-50.05290455970174
-45.52050716859575
-34.23274120197761
-26.307510423103643
-25.29193313814735
-24.54523654541953
-18.65661025867541
-20.69988089249081
-8.505045347119339
-20.537227633786923
-23.712902100539697
-20.91872177583807
-3.199696384897977
-2.2796178895599857
-19.510524130138066
-18.460352179279326
-32.57933791730329
-13.14980226653857
-25.15629830863249
-41.28163015385288
-44.88131089111813
-36.37337478047584
-23.550024736484016
-27.248600280511752
-30.497079151550412
-27.390695980866862
-24.637832584101982
-27.945436431599042
-22.23153542061711
-22.145239493812745
-28.822309291089052
-26.008235681005143
-26.49732905439076
-28.808100237620803
-42.16579486932428
-43.34088727843678
-38.37691320097244
-30.204100806469803
-35.30584158736549
-18.528010884902926
-26.213304845879755
-12.466998177629998
-10.805070016729012
-31.55520066287565
-18.31194367704468
-17.161306907227097
-22.588207311354353
-14.208380667960085
-24.68486904078939
-23.400569596427808
-28.342392087367912
-9.023888765014078
-13.322891522005973
-6.371446303611733
-15.44724989079448
-6.628178110034341
-14.140419032642312
-31.53507584942629
-33.37232920033687
-23.59397747134789
-18.8303869807439
-19.26682527230589
-21.876426713821527
-29.123852142173487
-40.967719218730224
-43.166834611281054
-31.85377504620153
-39.16382884629423
-55.57289331859808
-34.120066965661174
-32.02744027151823
-21.4844689254211
-14.873191941562565
-19.600380253784387
-14.558544825751305
-8.809516751133168
-6.448634699105017
-1.3722200686579866
0.2286954118811396
2.769889224563633
-9.75535828068992
-23.945036806587066
-15.780314856269046
-7.748298517560853
-7.9131553577005445
-11.730343874684465
-3.0159688155443893
-10.026008888434928
-5.491522543679339
-1.500673477628676
0.3125847740474739
7.798638746660687
0.5533318953214902
3.3814919833082984
-9.576985606845932
-6.329744201368432
-0.560799606523967
-7.925569370010924
-7.7553605812806286
-5.373603818066548
-17.953047523197387
-14.193803814910062
-12.748037153300185
-7.282157117783173
-12.548441864866069
-8.795454046403101
-13.554191504583073
-11.59206607644944
-19.650243202651666
-19.25636109023602
-15.495863318172274
-6.8361592357173215
-2.0701312842419366
-13.315374538928676
-9.023543847642
-14.443568862858598
-27.286349013780146
-15.070707908739278
-6.643738601117906
