-14.393329336012592
-23.974660401211658
-4.836675853424619
-15.127563186656063
-12.757576089414695
-27.426098314159603
-4.644110579778719
4.486455052197613
-5.6677310324773025
-3.607761438287765
-6.34368797451407
-15.045843697861965
-15.429204822842806
-7.067648773844186
-10.407709848360296
2.269754992132881
0.26169714934181626
7.28606288722696
9.285664661623446
3.926914871691951
0.4576297040658786
-5.995963968010721
-3.2029876894665024
-2.5081732783089703
-5.415671976376166
-2.2973943971882806
2.013406405721632
2.4194634165634112
7.223746817483263
-0.36180833331751006
-9.029182402006342
1.3762443844979724
-3.9529434507917935
0.8054845184945613
0.19625357722014
5.219775002304559
0.6808545202082629
3.065801979994471
-6.299289836786119
-1.9694826759741253
3.8514158304431088
-3.7886079573518794
6.2728626929867985
5.254587567199189
1.9498675317146636
-0.6832269999129638
17.568375967175957
7.04019004056542
24.477482440213517
18.586127630762498
20.486244473947863
25.228717392065224
14.616240171483291
8.116982842730048
6.3001294314625405
-1.4988178486783776
-4.866099580603857
-2.7482451195823647
-8.076897597982299
-21.51108445813965
-10.355465543113738
-1.7994321986244317
6.8934074488404296
10.621411821306678
7.328677901736783
11.194954686483417
21.46466605105172
18.02642353718408
13.85072087785866
19.54690112981865
20.31986146067552
24.72426630878624
-6.293804586126886
-13.328658669150133
-8.634427970230009
-12.852653842368252
-16.135658579720833
-4.748380036243603
0.8043296221033946
4.626431988435899
-8.592073234603603
0.08909269509048677
-5.842409963891767
-19.12093271639063
-19.729239051927745
-19.18983014409494
-18.658580605037923
-15.127706117689328
-28.901239313162122
-23.29969178277416
-30.565477908328834
-32.255128643245165
-30.469317664353532
-15.545895222735146
-30.42698395854289
-33.1208628698412
-23.849375340417442
-21.867566016085192
5.4567459938916265
9.377137167687364
12.421965284937684
5.646305199525013
5.437354032213871
-6.739530432567896
-14.895535626767426
-15.993650206571045
-4.387916333404793
-7.056888280364883
-2.116283555977628
-5.065791632147535
10.458213211283685
17.301947715184628
11.911169006499444
7.928012380004013
14.255742364681176
1.4131896919483538
8.753078767279204
9.906310132291283
11.630149178230216
-1.5777975013771628
-9.313242007346824
-14.9645474200138
-0.07967200668780994
5.893501467577008
0.1221468059786886
9.977391802002751
5.564093861045752
9.878609190621075
19.126553629265565
19.27684939001546
19.782996343612712
0.4682863025473432
-9.524901217762556
-16.005572847909708
-21.364937656347863
-14.790006115785065
-13.721051198724382
-15.879024860843243
-18.208415924591183
-15.864053969894282
-25.234470226508908
-16.22575343427559
-18.940510956264287
-21.185940932295104
-16.102515158859433
-32.48922054598247
-43.32633944907776
-45.09354648407976
-58.18152782964688
-49.816118452163096
-41.12538919636229
-48.976395465782225
-32.474115479208194
-41.38674160567306
-44.09091396367794
-32.39500722187033
-6.779599928110465
-16.107753053426727
-23.519257038419628
-19.714880112389466
-10.5612128239931
-16.156638070028315
-32.5511543094955
-29.58848905270071
-19.197470318238835
-26.38691840651815
-33.53724436492152
-38.07120562933161
-35.271666773388546
-41.65824586663279
-34.61863336169463
-22.575080671444553
-19.11817101474412
-27.12240345372397
-23.84079011764091
-16.93205876803419
-11.329701640524087
-12.690272709144953
-10.368938085115909
-16.244942677961117
-17.531771137987526
-27.93141260894623
-23.290320162348145
-17.653109858716494
-16.761283795874665
-7.588947321761028
-5.51303995485265
1.2852272202895805
4.552070487364932
-1.54112264311527
6.504402192891985
14.323333512886698
3.841444869924022
12.362590057614133
10.626141310220216
18.724526435042268
30.512286875966293
23.66642830646776
5.5979360245341745
1.7166860023494104
5.231663120453289
5.560110173857341
-1.1559101796366864
