-27.171837368820597
-22.930988321116967
-19.001514478602363
-17.755387447421764
-29.02307537000546
-15.635176905224483
-16.543825108461814
-18.164622815478804
-13.38710620827466
-17.071389206324593
-19.801763817148046
-10.579289436323704
-10.813270810847907
-6.632462568500857
-1.1542327931647995
-9.86832456882038
-22.02658462788289
-37.64268934096747
-52.10789964905401
-50.1389848572665
-36.811288195679225
-46.9363192980736
-55.27080765526758
-36.82793249063477
-28.08791502233715
-19.441114237996207
-29.89530362159225
-31.691576015999203
-29.481826801124768
-23.65422735565729
-24.287756858514538
-28.203082674487465
-33.53505119354651
-27.28070760947379
-20.454148971962685
-20.589781349005452
-19.557584680487864
-12.46000697673178
-20.458451312485746
-25.391206863326047
-16.510518832851073
-13.855311938136625
-7.46830830264364
-5.191595688154389
0.3279639286158542
-10.134572864072137
-6.747193668142037
-6.20384559827791
0.7015189016648591
-15.300825091503407
-5.229807126244697
-11.569078145644355
-13.133738707753208
-1.3842954028382457
8.590274119033529
5.650852384901353
-8.849891134453875
-5.744058481823883
7.337479874580394
5.691964711228656
-0.03274930930914292
-15.851436212370142
-1.565523323149678
18.624795582140425
7.602140895014781
-11.252435145251297
-15.630192176788725
-20.31197656563112
-27.765342327697233
-12.800569472014244
-18.626211172932784
-16.527842644058982
0.06003081979941659
11.182601073585053
11.94821137369382
13.297558500952412
-1.0347276090550583
-13.534510012812715
-2.801620735280539
-9.40178628636453
-13.991511856298485
-22.131806140493893
-21.011036954782103
-20.534527931765645
-24.576290051916786
-28.584799618237863
-31.950212340606928
-25.440436184729883
-20.08911410113938
-18.489022936143503
-21.188906712989407
-31.14513910425352
-28.6668889957503
-34.71642954875673
-33.86600268646624
-55.56015630195807
-48.938811136093214
-48.385904234407214
-48.99685007152425
-42.86880690697639
-37.043287070895225
