-0.29396289207565185
-1.3615082198041488
5.527754972379536
15.61618679240596
1.5618690624140747
-9.235547691659693
-25.91682080710364
-9.697922373944186
-3.888426135821232
0.862632010342274
8.519140987534932
-8.082922304190383
16.140824874008786
18.098275527972227
11.477299289215026
19.558927614047306
24.5896494910232
17.51437098753216
6.817301878304533
-7.271703920037045
-9.66908611098775
-4.008734641744638
-6.109780392148517
-4.141618327701826
2.3120187256151383
3.3022784430848997
-20.590631647216163
-34.06185425075031
-47.72228801038685
-28.642701340345226
-31.382460693867802
-29.387966266363392
-26.298309405757013
-19.09818760978376
-18.12531573839012
-22.95328702343792
-19.62660881492861
-23.276412677843258
-16.517741365411336
-9.588745711234642
-21.33819000266753
-18.977837101867856
-28.614750333995147
-17.93631798655221
-20.829176018098558
-6.904962761166262
-3.684055916414848
1.7553697538858946
1.7083049805815138
-1.4983630283788143
-2.129609202954992
-5.4825472928355135
-6.269837368972423
-2.8578659893296363
-1.2237174705501224
-3.547651782378612
-2.2670905508929042
-11.446377139696855
-4.057405549317246
-3.1949358107715664
-7.190784081028314
-11.663082266525327
-3.5129758094393453
-6.3050243339043455
-4.559827522716409
-3.4567681275091617
-0.2421666637382273
-5.314952062615687
-1.889163859966864
-2.4249949346178727
-4.63196076473458
-7.83561399998552
-12.291293396801873
-10.798402983800148
-21.103208136038933
-10.653457538127542
-7.035254923029269
-9.058643344405445
-22.56777435019985
-33.054905643486606
-31.658433037928546
-19.575433062450863
-27.126134294131017
-29.832242568028498
-26.725998837658828
-23.90278395469057
-24.103672839119223
-21.151727274012092
-9.967361011789157
-13.275822017625465
-21.46851692120698
-7.170979076425325
-13.669849870589221
-18.50021176944691
-18.049398932657372
-17.108980997523155
-16.55149846223875
-13.944869576167196
-8.060183395981621
-15.323838648804989
-8.654694243143942
-8.617088660696218
-5.424995261180941
-6.582205987726168
-1.7328873119546166
0.9244822403416608
-11.678672861788948
3.151445571134159
3.538050807619253
-13.668186704011068
-13.794598923544966
-16.581951317550573
-23.837492619615173
-34.830297227702715
-44.252224281101725
-31.924267587666137
-26.700342178936413
-33.84527837530708
-32.30019719996076
-28.598453228044573
-22.80621631085361
-31.62030166223806
-41.157930364554545
-41.805923686483695
-25.97451657500819
-24.85235101244257
-15.499248720995928
-7.039876154422367
-5.5622755374990245
1.4077635627383072
6.010256668385952
11.313660195341473
13.116060904489407
-2.41026598947717
11.245271658397222
3.484341129170366
12.347753124834835
4.993523874469808
2.615509492450297
-3.979722191207335
6.96540291671211
5.5614792674019515
11.693407774954865
5.103334877699154
3.4564360339628952
13.121260754595756
9.216370174856873
0.7182093392233824
9.065017778790844
-4.708365874360892
-8.22595933957448
-20.56124662504548
-14.382995728487208
-1.356096337387818
6.3325834129859375
2.866371627166775
-2.3240386230475223
-2.6751594064221367
-11.212415297362034
-14.059722269633381
-25.298011116269283
-14.221583205776895
-24.698697528051557
-25.60587474936768
-23.974572822862932
-25.720690910905066
-27.30769170276206
-16.334149038906947
-13.316618104037975
-21.02029288783478
-9.229541678296856
-3.005444132026488
23.29727879128221
19.998799825307017
15.668360051018965
10.682990055563822
10.498501331269138
5.299314191334545
10.643334845017066
0.9777624121970568
-1.1693959825846745
-6.423708879633487
-13.407033228471658
-15.798500707003406
-21.884376378319644
-27.23502078062486
-25.52918109957087
-23.597488116518175
-34.521167222243875
-6.80896922812464
-0.7500508400098946
-8.770283150234489
-24.93672696448034
-14.285962666616507
-4.800537815118996
-9.702972954648557
-16.49130005825204
-21.360644059364095
-13.208910399243846
-15.545691670302329
-14.270477940799134
-12.454769355824926
-8.461309964340687
-8.429161204482838
-4.875613408954788
-4.6878264627747
-7.935313900415096
3.182952730122764
-2.391808248238375
-4.6038804212318025
-2.2994240902615157
-9.949115715057019
-17.248127360261588
-19.93794568380182
-22.12677134349623
-26.429689205985518
-19.006516816898237
-10.445532923175278
-7.999067073272307
-3.2984335426354314
2.9854063095411725
-2.0352083344468235
-6.061186288952329
-8.825302242995269
-9.195225679981966
-6.108075971284263
2.268395785260683
-5.775798445481423
-11.404446216042814
-12.875711469256311
-14.60310872955189
-16.470319095142074
-8.491569302751287
-17.903991523081444
-30.210047987471203
-22.309548709428533
-22.190615219583897
-9.480302175930824
-8.22703666844775
-21.517444806546607
-18.73635349035984
-12.824474694966533
-20.137246657323946
-16.53883777382394
-13.03668318552847
-3.6325375477972495
-8.31080637433616
-4.829715927537592
-3.75077777389594
-3.236002851999303
-4.028252393368411
-20.495050129311352
-14.294486604839713
-14.690310424541444
-13.686320439819992
-19.783495233532644
-24.217280908144087
-20.727071253199973
-2.34874148584841
-3.491737691849962
-5.7516407869467425
1.1123258820393558
3.5201186040765955
-8.582111339225719
10.772782190963593
14.595007775460287
3.5267181475732503
10.18091493950968
10.672600212292636
6.072394812010299
5.604573820066854
12.669340368343429
0.9578543049212436
3.0181300476408914
6.639052060782674
3.805480303878402
11.484646570877983
-2.5119093908972614
-21.043072688039825
-12.726751745004554
-6.076837034233941
-23.660332800160326
-15.641192224908869
-1.3756923905130145
2.569707145208572
-1.0242040354107125
18.5196466268442
-8.726833860220971
11.213281403189638
6.869339223748964
12.916072357925403
5.281766719898261
-1.4457149497042878
7.4164659955784975
11.067322551727507
15.080027831731465
-0.8025803680576129
15.621251150981509
-4.532729848879112
1.531309632420644
19.786882825968487
-1.244990501722488
13.998467783002065
9.347184730169072
10.694966737228466
3.2734477861832016
16.507787596604313
13.052190912967005
6.886746837509175
13.620129555203473
2.6636913609005486
0.13343604025639128
4.562276071316838
6.200631109057538
11.614040014622006
1.0033403642892371
3.950918991907526
12.04587218027608
7.632962469367218
7.635473961879186
7.452484809271053
1.1625151328486625
12.035141508567769
-10.753705433331922
-17.226941464734402
-6.316491965707715
-12.358762791613676
-13.141652889825634
-13.695281862814653
-8.256932185551491
-21.345047701244212
-21.06820928684084
-1.142261126719886
-11.517996895297628
-11.276951834734506
-17.968417364208133
-19.957455582564094
-22.140056134899115
-11.797289812049756
-2.748831985189664
-5.776703030246532
-10.40902167000361
-3.1073368024748302
-4.513383364358816
-15.296952651652127
-0.02524086684108973
-9.233855966489273
-9.242788714462897
3.028655387409623
2.9925884185167373
-4.3743667826030785
-8.21751312377006
-4.394612195613006
4.943993889664177
-17.700874658071125
-15.46751163065788
-14.689081552898235
-2.5533520013793884
10.117364574713
-0.5560722690532891
-14.439614671534061
-6.2903625119045365
-5.4330827025621735
-14.750127871240046
-4.855067739523286
-15.714386676041727
1.7770306620856422
-35.1420904199568
-34.27030837407302
-29.410091749935532
-33.81136204555789
-34.09494487630729
-22.69010970500657
-23.949698167846865
-17.074551196493385
-32.06642222924025
-37.414210383977924
-35.394495759140426
-30.677580155403952
-27.242481228265017
-12.717341672798087
-16.084940265126168
-12.044259886660573
-18.634396365636924
-31.455925631592844
-23.66258287424107
-23.870779075118676
-21.70231541442875
-36.83873869789027
-40.45356586934175
-39.48477253647778
-43.04340693101091
-34.42833902754723
-45.860577341383895
-42.89093660129401
-46.45951295032203
-38.9785205777209
-46.83869955096833
-55.7239420846465
-52.94647000980602
-46.59528417454985
-37.65740885277853
-31.68431709564656
-20.721683020457267
-2.1814659630994035
-6.228972819567901
-1.9235530769132112
-12.190305879864754
-13.91012219202258
-12.002337889667235
-13.819741750098245
-21.92087966201128
-10.341810050887156
-18.23673081253898
-20.713557167515287
-13.208296211281896
-27.501983277720804
-28.72312425003484
-39.490334589180016
-38.839296857130755
-19.923695322364658
-25.829794011001958
-18.87861734676976
-29.359649924917413
-27.399166507332
-28.00598502391881
-19.976423257607504
-19.47368977084883
-25.59948192969903
-15.478408536161773
-12.788175911120668
-19.30814271292658
