-34.66497760583855
-16.479441404033214
-18.065341785147183
-12.797222742480075
-16.08714183460114
-15.277317291981426
-4.772869457206474
10.809639524944231
23.16232258785296
31.91762863295664
33.76290565223364
26.71289307786633
16.521953025322414
16.688626010122288
13.558055555073237
-1.9386844798870033
-11.3597756865711
-13.35985754787995
-12.496799228829527
-3.541556391540996
-14.02137705444613
-13.848842800211266
-19.275399877884414
-22.475883031050504
-30.353829122821736
-37.13059762702621
-43.49264586043145
-40.563556379574024
-44.60772710865333
-36.560733069407455
-30.62948955531859
-26.528558184222288
-24.797091353475786
-22.893748584862088
-16.658036314862304
-34.3760200821787
-41.71832617240041
-21.74665736336431
-19.417426942768227
-18.400645621221113
-21.509851312702192
-25.11377271938992
-23.666592489088828
-29.104251002771488
-37.574543298375815
-39.51478121212719
-21.098389747444894
-5.520981805047944
-9.548726576523306
-7.36778113075687
-15.194693550104306
-10.73434405316784
-8.48811036944388
-9.224644633586022
-15.431337354005757
-10.928726950460275
-18.071429535283574
-6.487545489127883
-6.195047961329807
-11.548665888622294
-23.31815060661221
-12.992803176883696
-13.021596041278185
-17.173920028694898
-22.426541058190804
-6.365162939569798
-8.230364647838321
-10.374477843165163
-9.700736635712758
-9.856664031475962
-12.42637402445291
-13.784747879785302
-12.796425246760275
-8.231915187749724
-12.482063658487675
-23.03326759270982
-27.196392701543196
-18.944838088294087
-17.588784838394332
-29.156165776861386
-26.947783035581196
-21.519828246239282
-22.283530347227586
-26.699734416306075
-21.45340914860075
-27.80092676723015
-59.22379833063077
