14.341430090031125
6.959732353065092
9.957011021029157
6.830139331147525
-1.8093789932572648
-7.677663218710121
8.244291435698345
8.233672344151799
13.356331048191139
-3.3416739559998305
1.4314150693782837
-6.2292069884243855
-5.047468702077466
-7.232859925314509
-2.349642590533998
3.4532017414484417
-7.03433465794059
-6.881131112459405
-7.865693626882495
-17.39089713970295
-19.22698502753789
-4.240759013164263
-22.93668328039958
-43.22696698050023
-19.844008653351384
-1.5639518597741937
1.0686157083315435
-1.5394150203975872
10.0834608506255
6.369300425510996
-2.5963421142060508
4.3457937995943166
0.37994259310044187
0.7955107244656653
-1.056362538796725
-10.457021991597005
-12.801153352053412
-10.270210508643686
-17.074361018301435
-12.475026419540482
-24.31933460981557
-16.752074903930527
-23.082145551724228
-18.346026488838717
-24.073090629958948
-23.593245752352754
-21.899328053666455
-23.89614723444234
-22.317290378148893
-15.316452337462067
-15.247238764288356
-15.247990567101496
-3.6758389449146978
-6.212100038465018
-20.71593653143263
-23.494528292128106
-28.873779390889958
-23.01807592490697
-25.650136186348515
-14.410443771141686
-0.25943858208907045
-5.7301478040311205
-14.169012399628034
-14.057398165312891
-14.201877306155831
-15.783775471872591
-18.630301765538487
-9.04374173449004
-18.24928866133791
-8.32491687420229
-3.3618845695980237
-2.631897427216221
-6.479811507201959
-9.08928663542849
-17.59268222045638
-1.4961663863925765
5.0243200795455545
7.7471390364798465
4.844503240046562
-9.176685159670496
19.07724824151153
17.73169937540895
13.02692855950781
9.562350368569415
2.8755904817484006
5.9269722892319425
16.222019318853675
-2.650664261772524
-3.0823861515466238
-8.992248610803767
-15.883337221634813
-20.29783429382455
-12.137966607584787
-12.328320530350714
-10.953303808094546
-9.561206926005172
-2.022626138780571
-17.23932597393479
-44.14784149196826
-25.208918556305232
-22.603440071988672
-26.724404227664536
-19.22729818766095
-14.469165514761565
-14.867211240327098
-27.32436119474616
-37.251072178716996
-35.395337674055185
-35.829064450349186
-32.81630588501626
-25.427264980455128
-34.258060497699475
-31.162528849806122
-27.253033353455066
-26.55033963186128
-21.60382104614552
-18.93540105573856
-23.08914034577509
-16.69187876011385
-21.070422695644165
-22.71124069891817
-11.529474911441353
1.3188472352005185
-1.5026293330467906
-2.3955932379241687
-0.5654396124075933
1.6828198416186235
-5.0410187418881325
-5.91375498675246
-9.904412292731712
0.4795405473550448
-6.228649613101701
-1.8593930901571631
-5.035246082773525
2.8943806055250865
4.1642062694451685
4.140148465239052
0.6666076587153236
-5.593233795719956
0.747968613662761
1.9026756011742103
-3.7231816648123326
-11.232795931984912
-18.70721997252111
-12.982174747721489
-23.99279343755741
-20.489249922696462
-46.07636925306639
-31.76329199353032
-39.210627739129755
-23.45858110209807
-23.664884018056732
-13.904185422705345
