-24.123144835596452
-10.513200470092098
-17.849442450737058
-27.166727309408692
-16.763045163958793
-12.351986397328634
2.7983202542285404
12.542522486370585
7.589779011902068
23.306939377851428
15.308557676128139
18.133254993942856
19.138956259941946
19.736991657847327
12.79115358592815
-10.169903295070204
-13.979550789511206
-14.049774467313972
-13.040395009349284
-5.831212180457902
-7.8170343081016425
-19.210623232673047
-5.659132569191603
-3.7150042757527726
-14.023602998228778
-10.813532262121457
-15.276364768811613
-12.320080012863725
-14.419191525538993
-16.36728122408395
-13.48675650634957
-18.11355711656633
-15.169196158268475
-27.261710128647426
-25.68415796555232
-23.47355142690854
-19.817494017281554
-19.78502578842514
-9.606473140927656
-12.740385486775253
-3.552840283973719
-11.120654335583236
-12.43112174373168
-12.512019745354051
1.3976292919682056
-9.61803639121583
-1.2822206203337376
-30.166727695082198
-32.80106731670997
-37.78173389761231
-31.33229925432286
-27.551608014957953
-28.20058206294161
-19.60325498579874
-2.3498237956410866
-1.9367036157951123
1.7241892627893316
7.031577269825486
5.1254041646648565
8.729757014315211
5.566427701032797
7.402654505634638
2.4303859109330372
-6.335841360216776
-21.096224603167194
-20.953963954542772
-27.15749346433643
-23.147689838429628
-24.928140100702247
-19.35392776911791
-18.442302683695022
-14.144315928097464
-8.001300051361675
-10.862661056199265
-17.742544511114726
-37.99897363067385
-39.48349321488023
-32.7484424302762
-21.082956513363246
-29.920901796661703
-33.0114086188917
-24.163558086005803
-17.590352530723887
-1.9787074541479155
-6.940428707856249
-10.601328465339083
-4.289863570834933
-21.475627355772662
-24.583167534497644
-20.75724441465027
-29.204994248828445
-34.127946081383925
-26.91443720970087
-21.53573861732321
-25.106572637841076
-31.675191574646234
-29.936837084378915
-24.53167423127994
-16.039323220223263
-16.158032871614598
-1.5781137681094164
-4.269247592799367
-18.477795146257886
-15.576276626357114
-4.950822466238638
13.736951620729213
32.91699907305014
41.15506663569791
25.353493422534246
29.948344640305077
30.57110110959255
17.092143808128053
14.74237107040473
32.628772631454986
19.723780056443253
15.631126402436465
33.560263403705484
23.290746207700934
23.231448641269754
34.28709085227705
42.24389210047527
35.84302181609378
31.739507871449966
29.909141510570908
28.140062169922604
20.438907386084832
24.861259260921692
16.41607815663529
9.527923560931576
-12.037627641549024
-5.738017973546256
18.899358930716843
9.597557131383915
9.499969587559814
13.44980911529898
14.77514175161418
18.40149987042674
22.1502797669237
29.77168709644131
23.017429491026984
25.438287165539236
37.18137834144683
40.47017134233285
16.60783506549684
22.86033405780149
31.63046438926669
40.571436304443374
48.560771014762004
51.738512042002895
57.65507090965149
52.672056099520084
48.53849657974162
54.71248662156322
60.084554119807215
50.59313721423997
37.477251492342695
25.74517490978433
32.0595049391655
27.304404463287607
13.351225481890207
17.940146269547686
13.822866587604757
6.8046807230743465
18.592269691698558
20.795532170131995
27.26375512178083
18.773094831969733
9.606015914513526
25.2992352870334
17.42957558517623
25.822932704907323
33.493649757992955
16.188347455711426
17.533151433338492
5.568455275889766
17.35408537820625
24.567821526460214
9.961766296594824
22.835668373576635
