3.5708401436504085
13.98854361373112
6.858522368279075
-4.177085896773243
-0.4444140252113877
-9.418879411009693
-5.269855308820599
-9.58410319152366
-6.813276600741969
-7.065281658509758
-8.421191916115516
7.204926598312283
6.663337563803373
8.894495255099924
11.724509685170775
8.920831800348124
13.882723758880772
15.593560510712605
19.65427544517028
6.919856952742138
16.780256792555967
14.382054072401335
21.12351359186972
40.49006860320583
33.126136015840174
31.57415079873884
21.596182308592084
24.37674795979392
44.335046274141256
40.92184358594435
32.867589342929236
29.699268305606147
26.534054680557198
28.39991103939144
26.8123006863059
24.386411877866202
29.49722336939093
22.59613538949178
27.32612293875935
18.8786614372893
34.039829656295446
45.89833586035174
38.460878647267826
31.460188588584668
24.61548570103147
27.832119060376854
19.276240820532465
4.9628158505573445
9.373331361765901
9.690308029757288
-3.5341906610884863
-2.1621959742594385
-3.4759824542705764
-2.3025353838557403
2.6150441670625093
2.7980603572082514
5.9618760442274334
21.334248278132574
22.59096844962289
17.299672956721444
13.364566289998526
14.327967540184375
-1.9095393446956284
9.797428627160627
1.3777804707087609
0.8335618193028308
-7.924394006607952
-12.844726168283596
-10.570861430911632
-10.126128268062304
-17.511420329201524
-15.118926550457873
-7.714933671131353
-11.890437652654484
-16.647486234050707
-7.671265855797166
-10.118788989680564
-20.21466446991045
-31.085258380326554
-8.34850260659796
-23.596985085051266
-15.997817777879133
-11.048410289776252
-10.20821732020286
-12.47863352106151
-19.64447422345776
-22.318227444588967
-37.208972085562976
-15.102683650650167
-20.199958104726747
-20.56186459031036
-1.5447518585758973
-12.426471658391133
-14.474227013629733
-5.164882782058174
-8.004035190033335
4.3471462382233605
12.73272099595263
8.157716860954592
5.1696998037758295
13.017733778457751
23.5109039099596
22.201205061872688
24.264346024501794
20.521438320393727
10.919277124747666
21.587366462757977
21.930056490343024
21.893617076392527
19.982540588558916
18.86840831504893
32.06189131135213
32.64068415878146
32.115347045541725
54.10645819298399
40.48330552948653
42.32715458235838
42.53301362452829
31.44977453492827
36.80088544152389
44.45275952871001
39.222302240290496
37.80087947234402
39.563733408103964
58.28174925036917
41.55481078382599
40.762674156375816
36.29613201155887
32.451147755171945
35.14416745630966
32.72573068922684
24.31836849733367
20.650694073817448
9.201772108702198
24.517930687352447
28.2083481020512
27.283596005553424
35.01031115182425
36.072634533236105
28.917900473126068
16.74235899112906
19.102780011475367
25.581034648348517
19.334210898256146
10.028024689418118
9.009470745704297
15.777917676709318
13.10614528761456
14.365487777546154
18.666129272515406
13.88412023388399
16.860700134476787
3.854641911797753
1.853794806260452
7.502108219365144
2.5091511019796244
7.891837039440004
11.97549642374853
4.095730152855947
-8.267776735742517
-2.4148748199427983
1.9573621933146867
7.002535270869048
-4.858031543288886
3.7517781568947752
10.367319880195438
9.460856959026312
17.460701430946198
8.283639263241145
18.927187438071226
20.546509423573944
13.21631203542954
20.750341827873054
14.29032029689557
18.38906739967276
13.384424197416026
14.485804808087352
21.377217435577517
1.4116068954076766
-4.050477824102342
-1.4070698467813374
-1.284327610958171
-3.4786978548184937
-6.6222025405125615
-10.349325619609274
-4.7408919402343415
-1.5740223172640375
-2.6461564121676484
-3.0363945066540445
4.6861651233894275
-0.8864501043131325
-19.978002417774018
-10.583420475125996
-12.734006798022909
-11.780472560696126
-3.7521251511119256
-0.5136856626942327
-12.89839538160764
-0.2959627581290898
-1.095707007022433
-2.04191431566688
5.096049497866743
5.560518689377158
-8.60487925978242
0.7813084053397306
0.5049177067782147
8.726397959865139
0.2557613417887896
-4.583903428586117
10.771572749286477
-2.8122057259388766
8.112522137998672
1.2908440954437472
8.31605266030004
-2.7156526049357383
20.26076764676378
9.745899862189775
18.94553964126948
11.390593680039068
14.348798140948393
9.38518504178706
11.132016865392897
7.152048962606607
6.366998343875612
5.3711187299979315
6.194131863368937
10.080578086443401
18.95840954611991
25.310826969316782
27.99037040668613
21.382534900982538
16.538999803326927
16.673734860277587
23.346091263399078
26.060517189393288
11.402089218810012
14.901199518093874
8.033021343951479
8.222909546873343
10.46808174015729
-3.7963959806957512
4.033732032188183
-8.561516486816284
-2.3816157695170856
-8.582887937818263
-38.4624404625094
-25.180046474463982
-24.93910221276508
-17.070612673201822
-13.484928339297351
-16.5305409038072
0.6479413097628189
3.3193306435554546
-14.351560996736545
4.0217841479034115
18.237377013231615
13.354066805545893
