-10.222058125270962
-6.557917166738952
-4.021243909488371
3.6696209101189927
10.185228697419873
3.7595397427096766
5.060556908188807
1.1949703353735381
1.9249089514314237
0.961337848573608
-4.428005502947799
0.03277435342916304
-0.7619579244306813
3.1189057178333885
4.5354824201950095
-0.9521929646740496
-5.365572760809769
-1.8901340211215765
-11.649826184454017
-10.80748310656776
6.225138014740988
11.44795729618028
7.296455481521431
-5.1035910199514625
5.6467985585652825
5.643847879385228
12.62676667730019
19.973718705379483
13.381926994360828
9.170891829415712
3.497371981917078
13.082557803950687
9.61277475134016
7.231065129585525
11.945710171350166
12.02174228028514
15.649351824273426
15.355095193141079
7.661231926261658
8.920766321040224
11.444725526670844
6.2496095747720375
14.746796809078395
15.330557733493617
27.232439391704222
17.454645754274345
18.340379871992255
22.617725239322613
31.26341489509028
30.158837232929763
14.425530062179924
17.238211908634465
15.412510348422337
19.83652091180044
22.802141149804285
7.883029579345008
22.239307018547024
21.659364917306966
19.520178028020045
17.658610875553265
19.86189648141692
14.34736846516621
9.313072035651503
5.754659549628501
1.4540799028141682
2.045239834325059
10.417879669828762
-5.821026223905773
-1.0318330657440729
6.080084512042286
0.6194642416622472
-5.0774224964807315
1.9615167022738944
4.465388608159664
14.802089694387885
12.54025241606381
18.999310175395905
10.462851675176065
11.114533532542561
17.37711959725505
5.235832937056241
26.4828422631137
17.34965266678444
14.807771466446411
5.483882172396799
4.290017815366335
-5.63653835687813
0.14720134612256527
-7.711384836290133
0.6860405372987219
-1.7789742739729597
4.479756776102061
6.679181615732629
12.265802888278305
-5.113284516643032
-0.5554173267206112
-0.7672116794071893
0.6853644456363631
-3.6713031684104864
1.2097512649722926
-16.515052973807638
-9.453220273078523
-5.544697081385826
-1.0430240671168498
-1.162809354390039
2.122764625195016
-5.6177450104482265
-4.968084564470961
-19.10582107825813
-15.418210269235132
-19.273296521313586
-19.56778317826296
-3.7068530932216235
-4.809619867358879
-14.86117747721014
-9.520150614212373
-7.071639781481558
-18.69414988445776
-6.78388325040572
-2.701835091912598
-5.800539019113324
-1.121079076226357
11.467910522251954
8.755284494362751
7.926183639708878
17.85222377021151
12.392081104524946
11.401033732660348
12.573245951934135
17.935712832448413
32.197793837603804
23.835742933220896
15.684824167068875
3.3101417906060724
0.257444920571166
-1.920321808446396
-1.9561501068737883
0.2876428688744739
4.688822621787659
-11.445531670427119
-12.837984224687816
-6.748375215571598
-11.089500365781968
-20.18545652528473
-31.52797574256054
-23.96569276893155
-16.832083665359278
-25.316952457875647
-12.191273486912394
-27.68758918436933
-10.973548647697623
-17.35715225092643
-11.856876141179853
-14.725706976114427
-3.744721178735759
-14.688662647824476
-9.945471789683506
-7.0458293174369215
-16.328892073669095
-22.0066742575176
-21.55944691926548
-20.29385714203172
