2.1164304779331373
6.094894000321603
6.214363560730468
7.4344317754014115
7.621432646994842
14.45465641445426
6.455323161227688
-9.308245350515797
-4.743209763083048
6.332318055662371
4.718975926808544
3.5816551989079715
-12.099008991489296
-13.59461328516918
-13.247979851747385
-0.4324510136590423
-9.082290056734056
-24.10261733467365
-20.218148061069844
-3.4772230568915536
-15.97761616819209
-0.886197228240739
-15.587008341709886
-18.45870046866504
-3.259375107348112
-17.05261374167638
-21.088917887152814
-15.782831419383363
-7.575031666308114
-1.7459732372472825
-4.475300346348583
-7.343915821792437
-4.536440630221572
1.1968020234909496
-16.095464298283026
-12.364750633074276
-3.4992534113776106
-19.383987075443393
-2.2200645800177843
-22.14045547864747
-18.57209667559776
-19.77757073128913
-18.576667091822923
-18.428247213294835
-13.201993757766461
1.5572850859121363
-7.1432646201047865
-3.0840306779950506
3.5149987679498453
-1.1054109581990053
-1.1516314356215658
-24.34898675828806
-4.278313609782652
-7.607739989237407
-5.855836951209817
-6.9840345981071685
-5.216253900057514
-5.070142067532223
-5.793884381869852
-8.238198793905665
-17.581874647884845
-4.1399574853665335
2.2565943896075846
-5.3241588296027516
-7.0685692732448135
-4.289099955886534
-7.695935856882496
-14.006737366084314
-10.761221400563944
-8.127494349588273
-6.04704008080878
-0.5766356435269968
-7.523897577008983
6.863304348981647
4.914091586700877
26.40272438741923
12.916847057996245
21.878292909635075
22.02696450821363
26.71343658058007
22.432521464089252
21.62987222656413
15.434007880849721
4.506805163185667
-3.4699043615354106
6.697923315819359
2.90239059317362
-10.37319403569051
-7.887967796038419
1.581389226306368
3.516858163078121
13.968346100890555
-0.5967570970469921
6.604968953882251
17.83514599303369
12.264483572043114
15.193132819698913
19.654450636147835
34.885677341265804
25.571409279004783
41.06757741627972
25.91280675398972
25.673803300973987
37.823928147793254
42.405882337640655
39.093525201361864
32.03394619749958
34.39987661944862
28.414210900345946
15.383920175408877
7.0061605009045245
4.438969899531349
-0.8032625678139458
-0.4503447982238097
-13.665285679066086
-17.29991555960238
-14.090974756055848
-6.594019309788887
-7.470528460852753
-11.918285778044176
-3.893619975874469
-11.6929604341387
-12.849785626489096
-13.233513182476818
0.24615732990009875
9.298146813984085
29.758178536810107
29.38629401709197
41.22726758315419
43.112011933178145
40.408833916646145
48.749907868992864
48.19769303079681
54.19297425582774
43.82177090088114
40.086947693223564
39.24608159291711
28.853699670963344
30.7566278772776
22.853910174511377
15.44578187155065
14.266623964946143
16.7605842725231
23.24706659892261
21.005373129998976
12.717920324321945
14.631539201512325
13.001014773947027
20.98898719243069
5.288588348522002
-2.345166305367025
-4.506984197886483
-6.303806970826097
-26.157551776081732
-22.283307511767443
-17.29863122155701
-9.62613471933892
-4.0272184656875085
3.281970673405227
-5.377811152208501
-6.59783170870015
1.1783624707915987
-3.365411302351883
-8.184915959777415
-11.470325631001135
-8.131275373224469
-12.66718669123529
-17.13835514190284
-19.05639176635879
-19.321968847402555
-23.46467869823731
-19.902195935469265
-12.37991249297738
-27.29787450760784
-18.190759990496847
-21.969110786698607
-23.604924053469716
-27.424900934593925
-23.74627553880143
-28.110138530770698
-5.652270857978321
4.097924651280911
6.512600638568719
-4.805061408590946
1.7499220682267596
7.006797398441714
-0.21136074017405185
4.1500424448373785
-0.5656709101677158
8.032943175052313
6.068171081714403
11.941484771754954
16.039689523633427
21.114149625036443
17.470747279673688
13.87311043058266
7.657327454422116
8.85958719286565
6.774165698839903
3.9145338082236174
10.437674431552391
9.328711929436931
-1.1824752796609093
2.6743172706993033
-2.0447214048129365
-12.34902718071109
-0.28595861646006104
-2.960110827782552
-10.176130643806415
1.1764140759832125
-0.4416674768805964
3.0601662855276888
-2.149901717261958
-4.807139933772839
5.6246774466308835
17.815936951700003
21.846392280320625
22.84632860568027
22.514369041723924
29.05225938687776
22.59967480776266
30.2753137554418
22.17034976059596
18.705282220224213
18.71478813294808
8.162964277715245
6.423860407308701
1.7918635513481396
7.812148956410921
4.377265831203476
10.636045525541919
11.560454661880259
-8.76805552568493
-18.07039693290689
-19.747953935575527
-27.458076780860377
-35.184959073416145
-34.90586018408808
-24.513095191722414
-22.34364742026382
-20.567527989943468
-8.234096222795516
-3.0402650689404074
7.1676737718121935
1.636375686311578
5.931167255951108
-0.4813277303376669
-0.4004718137515602
-8.148592003633842
-10.938298514648055
-16.300198175647402
-13.575129382976778
-10.7660986498032
-5.945894163638357
-7.589620284091356
0.4973798135859328
0.10644185871274624
2.5758067224689327
-5.785312808648433
2.4460040158402263
1.5833357634568703
2.9852453484730734
-23.034130748082838
-13.997867543409221
-6.193967007392057
-3.5846073461882946
-9.763488153343065
-6.661745759772628
-9.292185022508377
4.222564641287321
14.803194367962725
15.955799575361693
14.081909018292981
14.596721823957994
13.99700873315926
17.081988302309135
22.650892616744372
22.58065844415144
10.345554118560992
10.54416535400022
21.081440505188226
12.301152612030544
14.488879078833952
10.103469498208707
19.94293095421705
23.902091389743923
15.6953285977607
12.268409158327847
6.850771435910144
-0.5838924408163397
-9.601984724547947
0.6712516675275606
7.658382564916147
-10.632027078943066
-12.77925161153806
-12.777989603453756
0.13753981990197447
