-4.1652206842206745
-3.3597824228783564
-1.5570015764406742
15.055188925739946
22.569310437453517
34.86099675553671
27.881796425377694
25.94530622802715
24.656452295968496
35.20452546567849
13.87482322541016
23.48336154862244
-1.0977341984863844
0.0075894413114211325
-6.853086995028137
-12.034973953761606
-15.615400008577659
9.263532567552527
4.252858430742732
-13.703573002491114
-0.7966328159210063
3.2043398182886134
-8.308508293917484
2.7449634860737078
-1.2188387007773398
0.9484500958176548
-5.306713388920405
-12.344959533234697
-5.665547163339355
-6.710394902811699
-11.026774417863688
-7.006176456386983
-2.2307952265808213
-12.215706788106857
-9.300310802608239
-9.798307487467763
-5.458209489005584
-8.918980388844451
-3.8352148079075614
-6.1834646753955536
5.353350854051942
5.185794330967544
3.8061146644140935
3.508429018441035
-4.774731447674623
-2.2839240504401648
0.3028012485248526
-4.077394942706364
-7.974973329207707
-11.690033646228029
-16.160029198129013
-13.728689295687834
-9.636063584570634
-22.423480070350923
-37.10816861560553
-31.26532705219954
-34.55001284669828
-22.39521080742691
-26.52584244853869
-24.678268621008623
-17.38090542958019
-11.29511173658035
-21.136241174510104
-15.93812276017235
-21.4341333370208
-16.47491988864659
-2.9792763770345134
-2.629219382668062
-19.51488368511871
-19.031795582397137
-18.111166981660176
-9.107931417501195
-3.2988309133752374
-5.805659253711761
-4.812528340635043
0.4017295515529598
1.2662049835420393
-10.374416695709403
-11.9345510871066
-6.459341074154593
-1.5476464091673865
-8.205167595932073
-16.601203388007022
-14.385967713621184
-22.159006879120952
-15.657861269797683
-14.749956117290669
-26.584027417435536
-17.169467885529627
-18.704222901173576
-4.817260727634731
-7.513114182387924
13.613020378720636
2.880018166892687
-11.423188872097391
-5.148162866423228
2.450869196720236
5.904062316786286
-7.43218863483292
-14.853204190302057
-12.837300627879571
-14.124733606410894
-16.506806500110432
-1.8268478783561224
1.9644207957602828
-3.794956892563875
-5.172472780725272
-19.314110665809025
-16.565107880227682
-25.58258638809234
-22.19280091525818
-10.87964475992298
