-29.346261244917546
-24.737471890286738
-25.533452251159197
-21.731729299452308
-15.694378308704907
-3.010179936475215
-1.7610188860399454
-6.18719193030272
-3.5140004964502345
-14.991501397973995
-10.938487753453579
-21.46328888055751
-13.286126105051654
-27.089017149814357
-16.296307838954963
-14.801977677173214
-20.530655336039587
-19.28493477896245
-11.692708850450828
-22.3426632727629
-17.44411298214335
-10.542576294508287
0.7735982588637659
-1.8861508480470837
-16.310445231513256
-12.25213449236797
-14.845419859948485
-9.496052997601867
-9.692066207810543
-1.2553423256030023
-7.178506831850277
-5.073117341162979
-3.2480561769205285
-9.659251138673344
-6.1948133742948075
-10.57326180431134
-21.66629641265253
-16.843924327301785
-14.276741522065208
-22.077981445855123
-18.927140596076146
-12.265831388956776
-4.992042505242495
-16.147208156593432
-18.35262683331393
-6.023591045428816
-3.2810635958197736
-3.967000136310895
-6.278566134449052
-0.9028613093085116
2.2695841152019818
0.26420446962788474
-33.51286810294024
-38.85801275546184
-39.4153558321832
-37.09582568423364
-38.31460485673497
-29.839531016289023
-29.31740427867659
-28.819550833222035
-32.466424947766015
-40.65286752706609
-37.698241028562336
-28.970255167915173
-32.53129907904861
-26.80018367888497
-22.865427576301368
-18.111338889592947
-17.738961145219058
-13.995258859428327
-15.296798361444669
-17.67155657079389
-13.246578618188215
-12.99503203304229
-15.41350502165938
-7.5704767465812255
-16.25002059856394
-14.209343220183909
-12.26408407903774
-11.953909564891232
-21.15037462126097
-35.5036200241079
-39.13895857703627
-32.97679334219851
-28.982540191456085
-20.595017561227984
-20.731002042507328
-7.687128588549499
-12.67725078226265
-9.723821198793113
-20.217291927133047
-11.388297330601286
-14.102478899472633
-8.139165621251522
-16.854373612536477
-10.275246168345877
-10.658747020938364
-8.219942867187893
-0.015937911055397068
-8.493543477479435
-8.573937800657001
-13.8975386759233
-19.234461813578967
-8.457584049453946
-17.200922091552016
-24.609985292306327
-32.416059050234146
-37.277249961755956
-34.82043078185484
-23.234315639928106
-13.976286175961722
-26.65872876238044
-27.93927693624136
-23.39347562575049
-31.398475617212906
-41.73693495431272
-52.62532626842036
-53.823531475056974
-50.82260616326824
-40.85284300622871
-34.23955889769361
-33.732169358601425
-49.86054203033288
-35.31583519531869
-32.401491356178624
-50.40479067639247
-44.54445163191961
-45.395833134249045
-46.22890239980162
-44.17206968415945
-36.66065606234017
-34.572856737475014
-20.604096662614324
-27.69531337694173
-37.719467356837576
-28.549541307893428
-24.58466356368124
-29.64375784605381
-22.9035566774748
-22.19355343706407
-21.517915161655182
-18.194284385371546
-19.051841597025394
-12.53484507257883
-10.406811704188572
-11.298271183174313
-12.235938824633884
-4.0515477720559065
-15.944966436628427
-12.788076648860905
-10.327123545798374
-11.773543076965638
-6.674220278537233
-8.484769383983119
-3.2147769038222336
-0.961845795307173
-7.181711552481155
-7.503149661264438
-5.077058596922615
-2.785289647500419
1.1595335474519768
