-9.764480057272154
-15.268014025526405
-1.6225295576973968
-10.937904089197627
-10.715054093691895
-13.11615896271036
-25.74237142859095
-32.75487133127303
-26.60037301172627
-22.26475550357481
-16.614658759440687
-10.399766135114694
-20.585967809794976
-17.63627446535923
-19.39707641898671
-19.934436373831726
-22.634539581815105
-24.35787849604541
-9.41207101228458
-23.90629942928763
-22.995183259257647
-12.513221968221526
-20.322193714972336
-8.004038292593503
-14.812696568527775
-10.467744852939699
-19.984549452639857
-21.484281790666643
-25.70519901418911
-12.776133102717399
-11.659339817852414
-13.814522934988082
-9.065924605952688
-1.7409407571998026
-6.383840815442976
-1.0204622156294227
3.4385091481774066
0.5682739929824399
-3.0321184862199346
-1.5357628853384413
-1.8691026608014516
-0.5556302571117848
13.061040683062116
10.89101629173774
11.900371669844205
6.619424934430068
2.86046384523189
9.949632238895584
10.638830846069393
8.224164033958305
4.598057422480065
10.483254389306081
9.607222674937374
5.960214765852765
5.319876920691781
-1.6012940025151097
18.275997718429856
4.684118049462644
13.135613578524072
-8.982636253632146
-7.255650572571911
-17.164070847277713
-37.651881212875814
-24.77352467541296
-22.003235783773583
-16.862322325593034
-22.927227085459553
-20.316516011716143
-30.70679265167289
-33.15204430379804
-30.180953405794746
-22.39126299564168
-23.742097260972614
-17.718957522315517
-15.675921272635096
-21.69792244841362
-20.463103823442896
-24.520263348794288
-23.33368875698657
-17.790877350630602
-6.755501547830183
4.747866771433925
7.516337813927634
10.313836826871016
7.120350970319603
5.730148675601224
13.118443127705795
1.3357702718727382
8.079869223465847
13.259397606911302
12.18232643999572
10.240573197530548
12.340257238190697
12.9499782868833
11.080591210723098
5.585604288106156
-1.7691616375124262
-5.231647595176495
-7.8919803319805135
-4.374054035835192
-4.1176463598518485
7.544230808555563
3.4494829928123503
4.845897782649079
0.05466323222697025
6.540429940843956
9.116518593062255
11.412966706928696
15.005830758833575
12.21806170139131
13.866116011413233
13.838763667879212
8.178971450822269
1.5052586828982848
-6.291836700183348
-4.163889102662608
-5.546550355814143
-8.755579995655403
-5.522112176958268
3.478709812808925
4.940131743791608
1.6825454678807603
-3.8993209459433436
1.0042460165417315
-1.9010553889234765
6.862350208527162
3.391738950517152
-9.695895174120556
-0.3569249067456102
-14.162123793430727
-4.726223172473178
-10.885033044494126
-21.345939369033815
-10.005697410185636
-7.48266454666903
-5.738120743162866
-4.9904993760611704
-11.25616221100924
-18.11131652417727
-12.296397195165124
-8.155615347129523
-17.44136318081494
-15.374921962016664
-20.19615482247052
-8.425375444197924
-11.1180281671275
-36.240247538359924
-34.105567362568365
-35.589046484723504
-22.61515175382144
-30.613706881832485
-25.3856006616347
-42.1555833695281
-42.974148206490135
-42.89026864428428
-49.7614390712715
-50.23465053447211
-37.581369420011576
-50.404054967446754
-48.5204761781204
-43.39087663277577
-34.47976170666699
-31.970136153772213
-42.232138435732004
-39.24936122099053
-28.10298710580976
-24.625137960262872
-24.64085258516978
-21.662242615407514
-17.785086881168965
-18.122413049762827
-9.408740790060838
-9.040108027563793
0.5431843624583602
-5.645087768935505
-22.493613863790024
-15.003289948221305
-16.244331967779527
-22.51245791935492
-16.292527921888006
-17.312590438801028
-16.52028777430434
-6.888591531833736
-17.11651055246768
-19.00499077417133
-10.40919249911042
-8.925757317008626
-18.125094884395672
-21.032104430717066
-26.101335011651337
-13.910160961181846
-17.0983581887899
-26.23552910964835
-19.22213773161532
-15.924166023748054
-19.746395277103282
-10.055293946363928
-8.021898211797073
-15.038889676995929
-10.641348240789632
-5.225663693866086
-15.391442660928533
-10.66440089178457
-2.733883143415273
-15.873016247185905
1.7158169293430594
-10.471870379659892
-15.367818750254305
-14.378163064886467
-17.215891408197894
-4.584455353598383
-1.3207474194193114
-3.0344878715887056
-8.641339999113299
-18.468897484484696
-9.527594452299972
-12.568393591587867
-12.677972863414373
-14.092157741015036
-17.97352520261323
-10.637827834051373
-9.210552195033896
-9.653301176492652
-8.082662606267258
-11.472264359450586
-3.068188381296497
-13.271220113593044
-11.767617656175716
-11.936228814445851
