-3.6856457442188826
-2.685308284600576
-1.438273847980941
-6.521010421480452
-4.1798356680832685
-3.985287426509695
-3.0862329329149216
-10.749834999129558
-16.45669648090998
0.4704699351220905
-14.046442875326688
-20.818526754542802
-23.864487635731997
-25.54177129382565
-21.654788637379745
-21.594714583991795
-17.71079743310284
-10.462497580539218
-17.101552023723812
-21.924315962121447
-14.88211934632937
-9.887250972637176
-20.300418290026926
-23.140465944565054
-20.473001355688943
-0.8333747207978958
6.231884029567929
3.212136134973699
2.0649996501247414
-3.0240280440663234
5.528054539387228
3.4044608718652056
2.7584688151945542
-5.896760596957098
-6.202516041807977
-14.430519901714074
2.2841424879501044
3.9330990592593187
-5.580866581866426
-8.556500467766115
-17.873340736765478
-6.054641630437964
-16.36732903857285
-14.973441031774044
-8.328528226604718
3.811150195985766
-1.5397260747561876
-5.3399644119543614
-17.68673010464517
-17.574766406708253
-18.892617540578673
-25.155822009516434
-27.243024474460412
-30.2469001146303
-22.905397715380076
-32.454822793432
-27.894807127638213
-33.40735991991311
-36.48486606908853
-28.625608456251825
-28.652848735164444
-23.313078168066635
-31.55958239407486
-41.28613255394168
-33.095906265382474
-36.03020695590467
-24.512727962134967
-20.73619884089132
-19.3868834487584
-26.00241957419571
-20.49530077586348
-14.494280551926826
-32.446885280334286
-34.91006592844099
-27.85275676290013
-24.990686286350282
-20.60896164616015
-6.144594128357407
-13.251324749907743
-16.111013976680166
-17.018387654325668
-19.191815381184888
-18.305623795050654
-13.400807359274756
-16.96247420932999
-15.762532110356345
-15.541713354036224
-30.47487512548161
-19.369351629732442
-15.09582584078784
-18.473639397794233
-23.503923129910426
-22.36135295989549
-22.52493769173942
-32.33991955000855
-10.244167840963415
-11.632248790880668
-14.561067743370645
-4.679011579232496
-6.562957406432319
-5.606778078794223
0.5053484617829693
-2.465167443393492
-7.438935087346477
-2.7914630603881943
-12.101864551274266
-7.1789937818425456
-2.2938824830877347
-13.019341850850005
-7.922023942685763
-11.089089274171448
-3.53254589740626
-12.574790234880686
1.5275142910259611
-5.659502238152203
3.4380750069164026
-2.1045212647654146
-4.363943487380853
2.508244383375231
0.1803401972081969
-3.779867142342876
-7.283756850773273
-6.451591323931259
-12.33952667649839
-5.34467015035513
-1.4475157912032215
-2.012941791257875
-5.438097419476304
-2.3198285243678005
-11.615823718529127
-6.807057563835459
1.1341841793152196
-11.89944209963413
-6.508782534713303
-8.613330111289379
-6.839953673959597
-5.464390630785786
-22.419908046063515
-9.680947616759848
-12.633271718127189
-18.163080701592428
-22.715676085182466
-8.459935412472877
-15.776985877840895
-22.577359351497122
-10.738720228509312
-1.4504484827440074
-10.995486628004599
1.2530594614055168
6.488487833802846
9.229193583458043
