3.7199803622950935
8.773533874061433
7.691023381232291
-17.969352820588202
-19.43920280762607
-27.97960911037321
-23.362495615031435
-18.061194961383126
-2.6253973066320526
1.9823561920885788
-2.8868285169968493
-6.891832393285723
13.44073425626666
7.117009041442184
-2.0513511604548285
-0.18004698543272274
4.682069656038124
9.813288543902942
18.695668517557433
9.301468572064602
12.324096106701734
16.845592784861804
13.922777519088733
12.371317239692898
14.706609164536918
6.929629810540839
11.989939364201136
22.846940825315517
19.13944910510804
13.310368494656466
10.754292675292497
6.870374339955831
7.318617981987313
10.86972211417841
11.027144113584189
10.892136685590547
10.462671648580292
7.766946038859653
16.147223897833527
13.721912633257618
18.067132830862782
11.17409125484267
11.663953496888704
11.58816624712741
16.231487481367402
17.588003243816384
29.954394908483597
7.204290413156933
12.96163420436042
21.207561131128546
13.50638385967244
15.434967725848436
19.954262244843303
8.38740735425543
-2.040738800116572
3.679832481645209
1.8208147495508904
-4.381523598640141
-5.268992113118994
-2.693450279797004
-0.3300941590905199
0.05681326106046024
-2.381077936120928
0.7981223508149259
4.697537050597743
11.701354915426927
-4.728951899792811
4.400698864289663
4.675323318969758
-4.327763114721636
3.910701529884311
1.2094193678867686
8.654053810233204
-6.998959042915675
-4.31148909970989
-3.9790094211612494
1.26960418233621
3.428035947950024
-0.5627838335890945
-0.8155722806526013
1.1073102843279763
3.822316719301819
-4.062420380494017
10.194231849747183
8.803345068554568
-11.470586206838266
-2.0667130890875467
-1.868559343319792
-3.279808634224956
-12.775156058016147
-24.139319627687907
-18.3638719243471
-12.329131147483194
-15.601989246924145
-1.6734253133260382
-21.33795352168205
-19.6219785247202
-10.568971240797028
-33.80894104942063
-26.891824749609253
-27.791402730097666
-15.01158348171383
-14.850552817273838
-25.31283531939641
-18.82091418897794
-21.51825398056299
-21.970276357491354
-21.101853115338788
-5.129349124437011
2.4290669396213262
6.627871371763552
8.317431811247161
17.683200597874944
14.792475549628293
18.08514054880395
17.18354639553577
21.33792496253564
26.652511852587327
37.122666495919354
27.951063007363448
37.46312468357369
28.28776848938798
18.328096637748228
22.251802664600593
11.353800282918254
21.395813588647552
6.232320112558312
0.9732730261576232
8.393619297068135
5.859454285752858
3.807322240677897
6.550496187228
19.723457021807704
11.733011388745695
28.842762013735506
17.099929156336227
14.458152624208624
17.069190373340266
13.244138882792475
16.403922157883986
13.995632791671946
17.801598862625237
25.46175256058589
20.26658307874616
23.54560814455142
19.362048814638023
19.967094125002454
20.423952061556086
12.24888782196117
17.167862286290546
11.25426310038984
9.939522938039019
12.220513266849272
12.83141240881406
22.728546766076946
22.55256652729621
16.211469981442804
21.477172048114664
24.99421829114723
21.319481065119426
17.547539163332015
16.431279958302348
16.29750493695738
21.851466657682305
17.222984248212832
11.336852010947075
17.050601486875998
6.0221074803623695
9.413111759641938
15.229459626667039
17.113511025604588
21.40068432810634
13.559265251995852
7.984054778539879
0.09538448955892118
12.364155964402736
7.633352088434429
12.459325565445788
-3.4026027972343487
2.355499561083378
