4.018195443947917
-12.886193656979716
-10.549003730657855
-23.17366643307023
-27.273341484421223
-24.16614695514197
-49.53249103998978
-53.51762239758225
-46.65019116762498
-47.24545828092882
-49.880442695379394
-49.6662447923987
-50.721744508781185
-47.430725990841474
-47.85141301789953
-52.473891774939744
-52.24786488831126
-51.50959462592412
-42.8026766752342
-35.86405179049164
-31.533393055758637
-45.9447503233292
-50.415790791121815
-49.738058045829035
-55.171406313339574
-51.454472488307886
-57.66854403909535
-53.12298643463443
-40.91720572248736
-36.40346276085165
-36.13552034638909
-29.54241736989016
-31.063908533679424
-27.863432818644174
-37.95808169386968
-46.73912904613193
-57.788687890598744
-57.98652004439553
-58.2961422575289
-49.32103769062189
-43.36640672674673
-40.639149255133894
-51.469513223722075
-46.499579035926935
-49.301651021967686
-44.372300351255824
-35.68797207596466
-51.14007667806176
-64.62843262458506
-56.02509632637618
-35.52975178831413
-41.26600327121778
-48.143457345110996
-40.09124330120261
-34.80431941287184
-38.98820157289065
-56.83608904224391
-44.23402209293592
-42.42650971318454
-53.8995895658115
-41.039587169758335
-34.71462772225421
-37.20668254231014
-35.689720360301386
-27.41797268163761
-17.749002730432313
-17.203481030391053
-21.07777982480716
-27.68251181738913
-51.920368084000216
-39.83790443511358
-38.40235646338922
-48.00859339646322
-50.92024411284931
-37.3218109932542
-33.31106184733751
-37.960746520240285
-36.087562686890756
-34.06143564608345
-38.5096568531279
-51.93699222618704
-59.60111263068822
-47.05658608281144
-37.37306275746424
-41.87096620017466
-46.24658252607606
-50.41640619816715
-41.781056076637825
-42.09745414015061
-50.78531848252785
-47.42011164668322
-50.54494377168507
-32.5904618717416
-33.554804703939
-32.483744470458426
-40.03998556310202
-48.43970952825271
-30.93689537246181
-35.476209439839
-36.85615767999688
-34.18078239313043
-59.549324626205404
-50.83938879207347
-37.188311126643896
-32.65546355531134
-39.47820638854596
-41.95131511580011
-34.028230578493144
-40.80992978278695
-46.85334502568018
-34.47891076127841
-25.66403153870028
-20.56427731072762
-19.483024752135247
-15.267036055869534
-26.359112694376982
-29.944033675841922
-16.960897080867763
-21.36694934953861
-18.950866590473424
-16.528521427187382
-21.437430894065066
-17.351521445542268
-21.246236040227163
-29.069776366749874
-23.36854895476892
-37.146034035505686
-37.87848700653103
-34.71261418625705
-48.6239675491196
-43.62429993274024
-46.641453286991826
-35.697412559751626
-24.53853397318153
-27.861307033014043
-35.066170560541856
-23.786617298820058
-19.861216202285405
-19.909170668977538
-19.396985624488682
-21.186339039921275
-22.21537529413813
-21.93202645723434
-22.90690676751072
-28.898010201844226
-31.867754106966448
-33.603174497124954
-34.599791850700434
-25.743821096909645
-34.31500621958057
-39.278959266825474
-36.68461115103878
-27.663824067702045
-19.428773405833226
-15.755005795194574
-19.76534124623525
-15.069096607398606
-13.357840822238856
-14.207118039747774
-8.018888348297269
-1.537175818099443
1.5409867437916391
8.505099184254313
7.837493807345457
9.103516251696373
1.346999307807912
1.8001080038571895
-1.4116447538670651
-6.036689631741806
-8.284291496177858
-6.452510460834841
-9.817107821034897
-18.346362883741296
-7.965698430433985
-22.791334875866102
-28.058380005515733
-30.79965085593777
-23.904315406708175
-16.441894420866948
-12.580490793602287
-3.3862534654206877
-6.50543688740823
-12.058065615310884
-10.598825023870914
-9.12881208639102
-6.0124828992490915
-4.960843824765403
-9.82650178554952
-10.64918504100558
-7.856973732817099
-8.955936297277447
-15.733365040888232
