-3.093664493444622
0.9194195451623101
-0.6471037783940751
-10.40017600440666
-11.815685042694767
-14.225475835183198
-17.223712471493982
-17.931623847387332
-19.9894853604862
-24.869397689283158
-24.361302584012336
-20.582687930000642
-9.75000495022208
-6.638435844986197
-0.8749438350832855
-6.345273577344576
-7.510921773207379
0.6765794526311794
4.730371109323686
4.211653162059664
-0.5027950959827634
-0.04281724615462415
0.6975451385537372
-7.980430313335233
-9.752057111909938
-0.4866937011255999
-10.203689298425088
-5.945957559663662
8.345215424957505
12.617045015669177
8.964185829648939
5.182244054422487
13.867975231098322
13.839748143788904
28.145406611559945
16.160792845769592
15.445012881686544
15.101696370855025
10.615577715364042
5.806888509287325
-2.2144624099726298
5.9843678908543625
-7.943416427859643
-11.714692714925786
-20.014591440846452
-20.340060063556248
-24.034713006616307
-23.742659079513196
-34.32949812358336
-19.86975750518299
-22.486647362693628
-12.575926019075629
-10.58700330643488
-13.890465718406473
-19.91307103416836
-20.12628862576501
-22.084779874086085
-8.645524777299224
-18.116573385706154
-22.60645376142384
-17.652009659786106
-27.426775241990992
-27.076464152380428
-29.2686644833898
-24.04702013192434
-18.824290751155953
-22.516647838463665
-17.930602332440394
-22.351670425272875
-28.24647498846713
-30.981195328425713
-26.53316909887732
-24.6390036447431
-22.265150719499548
-19.51485616633113
-22.503732333047854
-32.952358379550475
-27.71115830051733
-28.27040503207877
-25.60872565734491
-24.051267291786278
-29.297963588258646
-21.083016507044753
-27.115268889962053
-27.614069092254137
-26.56122666159064
-30.43634059296513
-26.305962157114298
-23.750655727332102
-23.14069790568612
-23.415883554857718
-11.811014538075366
-5.95033968754475
-1.3155392750448984
-11.266390166658054
1.0463837872562125
-4.274556480922239
-4.8047232177361785
-2.8646015444950264
-7.537810544233763
8.858364797840462
8.219334657100331
9.791042546137671
10.191675998097857
9.355138921104862
-1.7691795305437572
1.485141635112618
4.895772487085304
10.189141603487876
9.32963605380174
9.60448828180208
9.265633153126506
4.316596449880076
2.6084297715561764
-0.10817372695085456
-0.3436026544224214
-9.395783601363359
-11.127036921919974
-5.302476086356497
-12.491200169769886
-17.929583064711167
-22.33850665313087
-27.705101124629106
-17.855019570162337
-18.931693386010338
-11.234032100669793
-11.085347097507418
-15.81911360591532
-24.27513202806605
-27.42027381062542
-38.141790649403596
-34.72075045256541
-48.093690009241406
-70.45376795916138
-61.74194023129946
-32.322349378406265
-27.02557373359149
-29.641861396299486
-31.819082101773077
-30.621563247120587
-31.035366580532397
-30.26219286808764
-20.588173410926302
-29.646708505492878
-23.725799989782253
-24.427024577316317
-13.804180140069402
-19.177554418677595
-18.24702006793159
-21.39338360647801
-24.70991348781123
-22.011046214895725
-13.67393654496784
-13.579306930626949
-16.607025468617685
-25.31758204033607
-29.44666201683184
-33.3415802445661
-26.563842322194773
-35.168689001758906
-35.90734245236792
-31.57067664406221
-29.808786254516438
-25.038088449156138
-36.08815776551011
-35.59465950753047
-29.50652315243709
-35.49921646067235
-28.090780352490096
-24.098613713060104
-21.013428888250004
-15.116109182553398
-27.10061498296337
-25.11710963582674
-23.76550202328801
-19.787909809978995
-12.176447117074435
-9.662779502529071
1.5828706746419705
1.962510313877314
-3.845500844351897
-11.058797051216875
-9.373283971570519
-2.418943492137001
-12.654096310767025
-20.856653585590077
-10.218893513234649
-12.925438503549845
-17.3782882506224
-16.29906133028848
-15.320915431837328
-21.011362855516328
-14.63285982486995
-15.753493318061794
-6.6355685987729744
-5.686793187965665
-5.586322435204643
-11.851575406636028
-12.266087328839252
-0.7942639283339131
-0.7450334617460812
