-11.761891608384731
-10.979945061510278
-10.719678562755362
-12.459762381257427
-30.20835843014092
-25.997230152126498
-30.59003580851697
-32.44259413919768
-30.33870151753695
-23.03211291898416
-16.569030459307342
-21.743353768236585
-33.96122988156162
-24.36279691624482
-18.51024806668259
-28.089257105996122
-33.917778309625824
-37.99835393936039
-37.009231629100654
-16.665938903450748
-26.774776213500253
-25.394524178352977
-19.814135264255857
-32.52884778522823
-25.71106336216602
-28.657772305665908
-24.354787529336768
-24.169271599878808
-23.94162162599454
-10.02671750976092
-14.731024631053124
-17.602291251658844
-13.803057001468206
-18.17993864344397
-18.521320783872234
-13.296281944854607
-20.740909916912564
-24.55178128152519
-34.95300892710215
-30.42897683533215
-29.99929097728205
-45.99025859859274
-28.35190617505245
-35.423867521091424
-46.97019072207578
-45.818255073307384
-36.07259389841835
-26.89116920575632
-20.82578663059511
-30.106743927482466
-30.31059332863815
-19.94723984297565
-30.89630855060445
-31.48105435723977
-28.208629002344164
-40.26045480711964
-34.252607265119025
-22.212128452115465
-29.760940151366874
-23.236343317299628
-27.804150217572193
-20.167365026638773
-33.522513411945035
-28.611268419113003
-37.59804486451205
-28.86042341940341
-30.008235866953807
-29.09157263735053
-21.145288965652863
-17.712850271786138
-14.235341847579038
-9.18199296727764
-5.374805153163843
-9.026936953864592
-6.694928730963559
5.434714529717777
-0.9087977649265621
-5.466944698637856
2.9032845347310783
-4.828649937441972
-5.4537028529604985
-6.729570854740389
-5.601973757846724
-10.270347952879929
-10.77273217195907
-15.560470620200393
-15.98423495106166
-7.8080175081262935
-8.754797998979509
-12.389581054116373
