-5.001331910040876
-0.4315746392418329
-3.0276454927089187
-7.24767220673554
-21.896218890847116
-18.89342612591985
-27.452867485790218
-32.56153132324986
-36.35276924145854
-29.473680664082128
-28.14881424526259
-25.878162641019607
-24.26929543760305
-20.333847263427266
-17.398648097642102
-9.577522574568283
-12.222754450164842
-4.917253447257554
-4.635493762504248
2.496379402499908
2.2650297600318443
-4.5606060226374865
-12.368668968854713
-17.138149083169587
-0.4387625481160132
-5.913408253581139
-7.142384282452471
-6.040001182339402
0.2827548004320608
-11.687349716055028
-0.4117216642170611
-4.54458229465297
-17.53189355554096
-9.23784061386324
-7.941098661867759
-3.430765057290268
-2.4340419159217963
-7.7320583527020625
-12.446521957492859
-15.877049152719671
-3.8501744910846902
-7.227415209726907
-4.9589342039735325
-4.5984750615414836
-15.667655852826217
-6.401634459469858
-3.0786638812175178
-10.014698609507935
-2.251261767656852
-0.6811908734919787
4.752726451004242
0.29179837160288136
2.0897866494579467
0.1893496057126227
-6.493262230478864
-2.9516884790179283
-14.760131818431642
-19.44604172055117
-24.81917521333549
-22.006527254684
-13.888206130469264
-5.755631296247178
-8.270657646518703
-14.305302856540196
-4.285323816832997
-8.035241683843878
-19.442664241876376
-18.923136440900727
-16.11614375822496
-32.119988720897396
-25.616478750329122
-25.472842628746427
-34.05537066689473
-28.31952504519655
-25.828724339100734
-22.021917095590357
-37.00537022700561
-18.19439343340813
-24.975725588864798
-26.56816813868584
-23.012684056914548
-12.76374526510307
-6.811746468709497
-5.450087492372946
-3.5045554093488764
-1.5824545361585676
-4.7632715597953466
11.75539632783088
11.76376631494057
5.509725716042103
12.931786765027983
21.51587204079921
16.349345786271922
26.69737565044877
3.710508295199413
-3.813764564494687
-0.6126779831749454
3.3056207968002553
-0.8614478986508421
4.436100703333712
-1.926497939986718
6.280063115498848
14.91782886016058
7.8417401632761985
5.65233874432953
4.6680359949858365
-3.7183987461471695
2.1001955688028993
5.514265266475483
-0.622727786561186
-3.577625929155352
-8.011377368810326
-1.1511512364901535
5.0211902380757065
-7.332319935064175
-1.381648090511489
-2.7070468810836044
-7.715736194498802
-17.968339579566667
-19.23399082978173
-21.346635868450477
-27.825081667686533
-21.696673327838155
-26.41728247326311
-19.49524010032814
-30.950765222455274
-31.20614738320928
-40.810231731649104
-40.78686587040501
-51.826568268733794
-44.123739191413144
-45.25365243203937
-38.668954384648686
-38.723375486601796
-22.844211354721107
-31.675996483158865
-24.219687552476845
-22.72707083915748
-19.820486943281807
-30.45737745295931
-26.84842075800838
-28.30310059760744
-39.66172659987705
-35.03156708925647
-33.80532619014599
-31.303604223251767
-29.335141074104158
-27.854510424381843
-31.911024936263644
-24.18618501814584
-18.489378434268488
-16.096774327182658
-15.855983961574163
-10.114658563405774
-7.508737708203367
-3.639012808779431
-6.872160570089399
5.55539602045783
7.1900515346224765
-0.5931456807183352
-8.477310813919978
-9.69528268230948
-7.414964161433488
-4.806994602875001
-7.524940038275299
-13.394703866224427
-17.81884685229803
-17.731245488295464
-9.81268298841984
-15.3624488487885
-20.94134976913245
-23.267386538762523
-19.92849331785859
-22.857174183661513
-20.476215616041927
-19.26957702694003
-10.05863449283273
-10.280383926440306
-11.988331468845004
-12.980290982273875
-11.667280402585561
-23.16297663039987
-11.361598444478783
-7.919140559976474
-12.035103660560612
-14.583683244848526
-15.266237134419276
-12.358982218341804
-5.640740471221407
-4.445687587173395
-7.800755814733834
-3.875634020361367
0.8250921540977796
-2.0147381994104725
-7.3233200596285215
-2.1716499364993607
-12.277449963360484
-3.141649157199817
-0.4686990003832111
-7.2219788927124515
1.1751572193098156
2.226791848586496
-5.99815081649034
-9.601277953891607
-6.146189087073845
-9.035686628966609
1.4015651729214835
7.655461385088932
12.246973731936386
1.1048561249672404
-15.878783291063016
-19.471991273953208
-11.14279602128533
-12.583601552791965
-13.327570946827404
-18.134544428962105
-23.846113853220672
-36.92717843286222
-10.523889309095642
-5.701621530047662
-7.869887533306942
-12.981315560304074
-19.85511345905615
-9.578079510100872
-18.292938412256525
-19.2601536392885
-13.217511981665448
-12.840277452147815
-10.442974942467558
-8.24157037958634
-13.026057652588847
-7.477956561030336
-11.889286892670526
1.1857349044894403
-15.146675925466841
-1.761707246885032
-3.4300248593833804
-11.785118048393034
-9.559592757964854
-11.085033123147962
-0.8678952679825894
-2.6921304800572012
-2.6127150089270343
-0.22504409143257503
-10.513133533395024
-17.898237704498978
-15.521083301618988
-25.189966147931823
-22.935997120472727
-13.90110921641248
-7.234808432098485
-10.617382881497846
-7.305244583638459
-15.614497093155391
-12.831533422441876
-8.586219797059892
-18.333336780207066
-25.5039760221655
-12.086630679144161
-14.705932365059466
-8.046242304540195
-21.902244011604513
-24.93568017258205
-21.09270509338427
-13.545871319567738
-5.531122259752968
-7.325336750635151
0.25345562314474346
-5.544341500449735
-2.3580830919668587
-9.565443373764934
7.728287205625705
1.1709013854027723
-1.0766074960742296
12.193260208746006
1.0297349603242154
8.811852558032493
-2.9991627698515804
-1.6557786002260193
6.147704230569809
15.93753690609484
11.807926399519248
6.145969468160324
6.768452840233125
16.589059946022164
13.279997195417778
16.9436239090187
1.27311533508453
-3.437821528061168
-3.6687751203256274
-15.86005891425688
-21.35658845745614
-16.462247832766618
-14.825603969113539
-12.394835104634181
-5.413120464095485
-11.25508393686723
-3.287057968514372
-6.053146772242163
-11.8295591756092
-15.458731641372399
-20.485299295176876
-27.032608264211945
-24.033896272263622
-24.396169379496406
-16.687613647026232
-35.32443678310323
-32.681859503399465
-36.41353545720112
-43.888791986236065
-39.86272212605217
-31.965438250369267
-29.9776944206284
-24.952649090353155
-28.460523157539072
