2.232303019181141
9.93714170467259
14.509888882226731
15.284478215778453
7.195018730034446
12.585410945136347
5.317634190387452
3.85992658527195
-7.253281359230082
-18.628300281250066
-23.67990766818315
-11.86365736081554
-7.9634974729218335
-9.965583198269542
-10.070104416610699
-10.73152844090404
-24.001391628813
-31.94447746080803
-35.510226120279114
-34.90480677345725
-32.573599513486386
-43.18451342963139
-29.371639815929747
-29.727424261046394
-24.536947069074696
-25.172352293007158
-14.040070551643467
-11.814356257627434
-7.987654887567499
-9.499809957345368
-10.351412730095255
-15.559091900607548
-16.029538273500627
-15.887490941199653
-9.576753446779614
-14.334040244189355
-7.967732209521151
-0.07296907668673472
-3.145085417276956
-4.612757068334523
-4.31293560945655
-7.042658123495481
-3.9965251543226676
1.6525228877946496
7.735353970124468
-4.062539657001884
1.8004048281956484
-2.223735903107668
-3.0105817308233496
-12.70411879352864
-2.034054819620636
-3.4649875070596967
1.500093938821481
13.679365986547182
12.93808150831073
2.8026082480454866
8.144390191485043
-9.529590454245923
-10.429834918311213
-9.270298179393917
-8.005931849278237
-11.30943794348855
-5.291744829647047
-6.43717882362678
-2.098174843711974
-5.096359561174454
-15.242046061826857
-7.978149516927174
-20.085825431144688
-24.72567989263059
-11.05644469236143
0.2777556664222251
3.6499705720364957
3.440937452903549
7.0973060438943
12.292492479517374
3.0178150543515336
5.023572934449807
6.801094869957807
-0.05571398471680243
-7.4911628441930915
-9.68727596926483
-3.2594684368273086
-8.912214615476428
0.0490355523476825
10.113687580374556
15.877156902253379
14.805224635558355
16.683427185889318
15.756646083480453
14.642926998075607
20.28569549453215
8.344038749169739
6.7489093833384
-1.2038558028035704
5.538294068017928
3.2198241351689214
-0.2832369266633006
7.904145238641906
9.94015941312753
7.350755023859137
0.640765035884318
-5.085612056312279
-6.059042227790263
-2.100079304208717
-3.285683272147346
-0.8088260252020784
-1.9520796723177567
-1.9593695658457213
3.4041169028391423
-12.080957660917964
-10.685018963493071
-9.75729653865126
5.0627678271705285
-2.0752816604489426
9.30060311236618
1.269920995693768
17.764267805817056
8.490943465103612
2.6774215881159518
10.118768356966543
9.008437673010272
10.794150463139827
8.436052773729838
10.390212489320533
12.934650741567804
9.037108753555444
3.586703975252924
4.3172528753996575
9.16272362314223
2.4398037864977784
19.19302295267614
19.418847227798842
20.87316871699339
16.352107974165385
13.796039900481984
10.84896545782988
11.21441705469948
11.054488212687783
6.36910627641582
-0.9195555341901678
-6.3670367848022416
4.327889379496091
-22.024201912446767
-20.041549636115448
-23.83683912780779
-40.837350488382334
-33.11167719056131
-30.650953254699807
-33.234351171392326
-39.49009933394847
-26.59360663932529
-30.839285890246163
-31.68844327497698
-23.180482986941986
-19.535339769190315
-12.507836056847772
-10.551548605717905
-13.809833801450381
-2.7293946120539188
-10.555450877848513
-8.326931169289796
-7.901916665803898
0.815620806402027
-0.8728352016683592
-3.055227007541569
-3.93446230456482
-27.00285104148002
-31.99763907809444
-31.47803360297073
-37.068426871079005
-43.248470813816574
-33.061125673483794
-27.67794678928649
-26.56758564096128
-24.64194064662868
-24.538806014039334
-27.84798457625663
-22.78279785419839
-30.186776985176774
-33.268797077260295
-27.695924817911465
-27.37816295372032
-24.61708900929387
-23.203713325746733
-35.33321981815109
-24.425483713592357
-14.762436723806136
-25.211166035468693
-22.845699180008012
-27.20799501057745
-31.802407293019506
