-2.9918551384910077
-4.978040708081116
-6.639118388684883
-4.240391782322198
4.467463844625517
-1.803492004279612
-11.790505864009626
-1.8131407767873131
-2.974949943576197
-1.7130465329329931
-10.643482546507393
-42.31624557506035
-25.311602742379407
-22.202669524524584
-33.780237285692294
-45.76605513595776
-40.35215472926689
-39.59918515132689
-40.06582555868609
-29.127508876664173
-14.654532463023903
-13.645547282937029
-16.36270582047933
-18.247873535428898
-10.066475009405057
-11.902374044226539
-5.954812512668386
4.223876997225778
3.1997075884216666
-7.253335525326969
-5.061863697285983
24.821374102187647
14.133410592443251
4.118273176425915
12.603672516845553
21.007013273284546
12.329773202341055
18.09859920657394
10.382808509023542
8.390037575232675
-6.2301130845088295
-13.124719105664829
-13.85291627893769
-8.058095491086025
-14.38698141746643
1.4415153173335766
-4.268009191516217
-33.62728080000769
-23.888509575354856
-25.307449919313324
-28.77875778401691
-41.70402942204861
-40.16678134939711
-37.852057700702865
-27.77158742637231
-30.390265104395827
-30.110901199024944
-31.87100710729275
-30.272542860333143
-21.710172489807483
-25.429811054815715
-34.445507280291565
-25.618925659325967
-20.8604687118906
-20.358977800402286
-16.83579992021137
-13.016413437130703
-9.643522973118568
-13.835471348442653
-10.73385124229782
-6.668103376141056
-8.654418397166497
-10.202762904635742
-3.5727418087777165
-1.6603759949164358
-9.204327872955707
-15.091860064801915
-18.840553377570536
-24.125182318725845
-37.51122310406407
-15.560160321422734
-10.627622611656195
-2.8471750531651803
-5.749493829396992
-5.82325346001135
-8.915322032217206
-9.674902565329656
-5.144947596118039
-8.742348332500166
-0.039358795677271234
-4.778989578842804
6.918517501712193
16.521447111601876
13.742214912455035
15.484514291200876
12.54531030636167
10.50759057194322
14.827221873473947
10.528235251228788
17.51217018347575
15.658652217745285
11.380797644165051
15.658887653181438
10.67080614371392
13.579722361850546
10.920668895935602
11.583952709592435
5.970517927088584
-3.854267837322201
-22.47384723125268
-22.07277937431694
-24.71069011562734
-19.415517045663112
-15.360759615107574
-14.317449998964856
-26.34982779991001
-34.54912656267116
-32.55809122623493
-25.37058915243766
-26.57980618864563
-26.026635458936163
-34.886149848445356
-21.36075480786246
-26.057009423562985
-38.81475468466315
-42.26121580109543
-44.98775558977404
-37.34807921978231
-25.567860535131732
-23.545748111140043
-9.56342734304372
-7.5101876233412685
-12.791218915755787
-18.064405396087814
-35.94544876099389
-30.383083662401546
-24.033608541079758
-32.115286123578365
-36.04496406472961
-41.366821757737725
-28.721747042129603
-25.749753922178325
-33.69774236363045
-29.78491386073852
-32.53923982011428
-36.51857594434558
-34.94147955761124
-37.80410265687343
-32.82537783285781
-17.980655443910262
-18.051354838736238
-39.30566849769622
-40.2488161796971
-33.518706879017856
-24.73255324196143
-13.944027654441062
-12.998733564554387
-10.646487983279997
-15.410691168225224
-26.425833743297282
-18.022731147210838
-16.926220061561132
-13.299069168899992
5.9924888550112225
4.370507560819543
-10.181531011312787
-21.766586368134828
-19.650717180363255
-10.851153329638247
-12.15597905870852
-14.734677900085654
-5.513540998303998
-1.550726780571449
2.8677081223665306
8.330826527207176
10.227876199460098
11.443731069025118
10.306029533536844
13.213825928378869
13.19339177194942
7.514723590487108
-8.43320095282897
-17.224482891539953
-18.80708540755648
-21.140026304794656
-18.189949849959817
-7.685886683611883
-2.1136998640051945
-14.314571369314208
-12.383044059899163
-3.6338131520927024
-13.711996300311391
-14.89875438708245
-13.012092010137456
-2.248684529915034
1.7472059059471852
0.7581790413349347
-0.03398364660338681
-2.2760413625744444
-3.807133219330095
-22.43406076119614
-28.275194316745182
-36.686249291139006
-35.66896255163656
-37.98641154097316
-37.52385699654813
-39.554500677051294
-40.34692400845996
-37.315651480443286
-36.272010908300686
-36.3290807853137
-27.58584120751329
-28.31906078253664
-32.901712318698124
-22.435248224861727
-33.724855097808344
-32.89979287931491
-22.492099607052445
-2.3725096582201703
6.2700081916408905
10.85034669173858
13.957019364613133
18.364748798551346
17.603805197009688
19.202918418865718
17.738403391386896
14.930409178831447
14.344963581116398
16.989580774754426
9.292690248107688
10.924950625309481
10.141024250738203
3.6276739763884036
-5.343695985591896
-24.423445590536357
-24.493515916130352
-20.703866152764192
-20.598072704087894
-24.26085188544086
-23.775331282996913
-26.072834605397173
-20.28445073305578
-21.199417603447888
-15.8564815513231
-14.276974695061696
-22.040119595122324
-23.653094569929024
-25.179329281860948
-14.361806561222973
-12.593209703371349
-27.589864794601887
-20.928276169988827
-13.290514972990945
-14.648456487029321
-26.459494185827822
-9.295387853088194
-14.603685060315852
-13.957227974427006
-19.005514278427203
-15.303697249171641
-23.647041877989665
-20.673961260367697
-15.73417921436823
