-23.40593606407359
-20.25741952936418
-28.980509903066864
-28.799942012966145
-18.047176770114287
-21.24495298537264
-16.79130350237865
-29.962321930657293
-25.9442638996703
-30.738935054746104
-23.37359236073994
-22.174017858693126
-22.669293750308142
-17.545657410919404
-14.47148540721555
-14.764872400951115
-16.092696828952178
-15.03118867491539
-17.6975889986248
-33.07456660940708
-26.628674120243222
-12.860428814216121
3.8817163925639213
-11.640978994482277
-8.963754169529336
-12.197754765560589
-7.9453750944224275
4.78003929352139
-11.83843548214358
-7.81809975394101
16.398487901821856
-0.6412474371583075
4.129896966077792
6.3349832022364625
-1.1554315620350588
4.427948787610861
2.9393215624555884
-5.0929605626417365
-3.1989987467186287
-7.965885075359933
-8.585629208361285
-3.3845724289780392
-10.137406343581647
-1.752022836806248
-2.491748156260409
-5.262538769224986
-3.6384241137539517
-10.592726673123893
-11.456427699015705
-7.649882843687004
-1.9947780096396484
-3.896105638142077
-9.739307526755203
-2.580893648687048
8.407095728347024
5.506462192388339
0.5123351585010439
4.8739759058951835
7.948009356064758
8.338816977944647
9.856604011596016
7.455251545232363
-1.6231072638499509
1.1783622768463486
2.8908758210275316
8.480556975236228
1.8312409981644184
-1.1784254437849904
0.6572974177579971
3.0046818920364644
-3.9636164967371874
-15.923048672182881
-19.758348752287613
-16.730562616894304
-27.500418720852043
-35.47138547483854
-34.078631881849084
-40.102234873869975
-39.724630279474475
-39.681732127501995
-48.800375860313146
-41.63207009337127
-42.670658080999495
-38.13617445403181
-32.560700567142426
-42.93382572299116
-47.97064613119434
-54.54659582218519
-54.169351489153975
-47.132836744900324
-50.94372761706024
-36.39067022404323
-36.211701269751245
-39.452116950389325
-19.586084719747255
-13.022892350289693
-15.990696819763816
-16.356343147715926
-21.912251558158523
0.6536707925331164
2.846654848203225
8.381240366092323
23.16320043268671
20.271290042150067
17.64082183369711
25.520283980513703
17.066828438065812
0.6709081235044787
-4.910493897525488
-15.712286236632796
-12.285777163276256
-11.434427141331305
-23.302602745689274
-25.61248966428761
-31.453176334706484
-29.974432013960786
-37.236019463452074
-38.02900381638603
-38.88498509410593
-29.727619855191
-13.443704798405536
-8.167731714628253
-9.286804685183286
-6.089689921218578
-3.8120429210489024
1.1138147637513736
-1.945646436605725
-1.6495852916386144
-8.823919180767321
-5.641186705844665
-1.981623464411296
-7.3038317880465495
-12.49399332864414
-29.753890327159013
-15.727110793864306
-20.42572352633111
-19.46374201528868
-5.100727462556829
-6.320684604920392
-13.170359354699796
-1.7007427460392464
-5.134997622647577
-7.383128274691838
-14.492306647432333
-4.425282065909201
-2.410378126605749
4.3477509925527915
11.08012847330316
0.3258072244562313
13.451874719743195
11.648256301364984
14.674806181124929
7.957659969674367
7.569150982071753
17.574640872128597
16.264508164135822
8.299843696344357
1.9861610712033508
6.736354364819684
-3.248637819261715
-2.5117899337634024
