-13.354327015116176
-17.51985273916889
-1.976221712249348
-4.9549988654788235
-10.32565801689317
-4.006642472846648
11.575175757772833
13.457811256096516
8.5574659358554
2.7338426870228965
-2.644440418245333
3.310495528572848
6.3725617697119565
8.430692658060348
14.594494193664366
-1.7174390247255031
-7.153620471528027
-3.016368372377469
-6.194131095296347
-0.2364090293200557
1.8153033540602213
11.440589655505251
12.146231772678352
-3.8304296235090938
11.87430128071626
13.634842982632964
9.440377755076943
3.4451495781241404
2.175257432478226
-0.08097874592685031
-2.8955257909632004
-7.406567442132037
-16.731596360693814
-17.633817138539328
-20.349649691900247
-20.293163285962574
-23.308238110336696
-12.561722089525881
-14.652252277579773
-20.08639387423723
-14.684701737843126
-8.090316422793903
-11.614507914645074
-8.220166085707742
-15.031212974621749
-12.063239631577675
-14.245726723532036
-6.550170127930902
-14.443531800548731
-15.09573687099281
-13.796706005047042
-11.084008246046395
-8.661320039776982
-17.441319695645184
-7.262371638141664
-12.278358498509546
-14.371695879712766
-25.41203237139568
-27.44308519745237
-34.67948454903801
-52.36514734144618
-47.06138862258929
-32.6258543727712
-38.419641122532134
-33.54699385627908
-14.57006797979626
-21.57323989322313
-21.532661638507623
-19.792837666819807
-19.086489566353194
-24.587697035830608
-25.33263300036755
-13.715222124823908
-15.674954971550118
-24.594866716563192
-34.25015135478845
-29.838219569883258
-14.733769836165655
-8.770416106336151
-3.587602292752744
-11.116605807990599
-20.079308738301663
-19.75447358081363
-27.382813504939445
-46.61863757049417
-31.291287734965003
-28.188190181665377
-9.155889104748637
2.7824914395098026
-5.4992138628472285
-8.913184388717962
-10.46273240837373
-10.231836667144854
-15.188034723542245
-41.104606971812366
-45.73281884510654
-36.77974181330652
-30.1512861548588
-16.816956820757326
-24.563280949046305
-21.14936931882498
-43.873704666984736
-48.16085112120058
-52.931812060963686
-42.2073592195261
-26.660439916252443
-15.090605044920304
-12.604580012690356
-17.684099330767612
-18.430094402063226
-18.57629401297607
-26.12469797030584
-18.44671533712469
-13.624917708206432
-16.90703266681567
-13.681138972391127
-14.658406819367519
-6.887353184891825
-1.6798453335751338
-11.982797666508722
-9.29680535225839
-0.8841918218527429
-13.359948753314836
-26.595725618442803
-29.49498307597241
-28.959315555383128
-29.72889668706133
-22.599525917898198
-18.963661475090046
11.915792623284712
4.04564390708279
13.665795283997552
14.23152557403918
13.431035865936511
11.04786355470939
9.246708200255293
7.179461368284551
-18.121667486712234
-18.73815159033232
-10.848087162093194
-0.3016259463276514
-14.892226234367051
-28.096664143378053
-35.342511520213726
-24.78800952997921
-22.153169017353026
-25.34662389158773
-26.72129697835662
-29.300746155502424
-24.56611370382445
-20.64279287038419
-36.12563995927904
-39.236108009851506
-25.01430805685295
-18.899653867310096
-15.214104396688672
-24.141464825700695
-20.7294624454486
-11.559138029404172
10.467719193877695
13.176970174388385
19.36677113534565
12.761234297166805
14.989273642860216
12.530081840297857
8.771299495642047
0.5132658565877473
-1.0689181681598499
-1.2400785335380218
2.2769910787742167
8.294129296655896
5.3232908036825926
1.9192532800435855
-7.521565243992021
-13.765559274879553
-41.74427202135874
-40.35504339550681
-37.82669480746024
-30.680506912188445
-25.70899410358531
-32.6067608253335
-31.274844615719427
-27.51227278060735
-32.90412909502142
-38.676795287110885
-38.10248761212341
-35.210534213721964
-29.955239442585192
-31.057627916194892
-33.084506592232714
-38.11412293209232
-37.44027219172462
-20.6854739542272
-7.775304899149324
-14.215499890726203
-1.6012047619962202
12.2647880011064
0.9951527340673308
5.809915079904026
4.902040983349382
-5.90300923018033
7.670194748024402
22.57273900336957
21.40708752944791
12.781331904290216
18.466006287932498
14.991220287183314
12.085158477849582
13.281384364858287
16.001788863902938
11.604363693684261
16.84882787259021
12.655396883129887
13.519998692409668
11.419661437107164
13.156433813485622
13.734949701030686
14.054234102791872
7.411978631274104
