-5.465647438400601
4.401701065901826
-0.10357686987842693
2.2575813951696397
5.340786453771783
-15.195754764240155
-15.685068105578964
-28.77699486515195
-38.83906477444248
-32.806887447623986
-34.37855998669715
-39.501017698091815
-23.99272538205007
-19.23877613853357
-9.671769906038973
-10.596750256697947
3.3569692477384163
12.298054013263204
11.405988802684154
8.751226772217509
-7.25727923996574
-26.65694449042711
-33.86044435340642
-17.621553467926162
-16.493701911004425
-14.447116189535535
-9.06524905382005
-0.2557998990196424
-1.7482792473693862
-1.5699634090379126
-17.197811153529013
-17.951880838483742
-9.113346180403331
-6.854746961443137
-5.597984041246481
-3.696312198556625
-2.3367229495851576
-3.690078139738391
-10.665765126442377
-6.484532781086983
-8.393143916802284
-10.50078402298432
-5.359577863066106
0.407705784754886
-0.936031800307914
-0.6002260244719563
-5.1118505486202
-6.570954780483423
-1.2672606919947054
-6.363191646831347
-5.284076399764421
1.9290384926926785
-0.2817590973006043
-1.755784783374471
-3.0154672946909136
-7.069492006313464
-13.69664202990048
-3.3868091145788197
4.101082884781518
12.2081567437204
2.9314898614486484
3.8444167041836126
-0.8374761292029899
-1.7822044498849947
2.6040524135938727
-8.107914159771417
-18.76971567542087
-19.136209198956987
-19.75903851852528
-12.244078485685792
-9.846440420068332
3.496684532655475
-18.629888032193996
-14.406138242535873
9.139307616779275
8.830767219369264
16.571445108861177
10.78987222915124
-25.394919687727214
-24.48325468835909
-10.456445495681079
-3.0479703399424283
-2.9897459936292767
-4.577945832289561
-17.807211422890674
-17.29397110122124
-21.431689752390085
-28.13582359831871
-28.619959692853627
-25.861617172017517
-22.942341341645392
-22.373964012974863
-21.277341929829714
-25.807739836454783
-30.325289094825887
-32.61015104069228
-31.892611468134493
-31.04782863868324
-29.504597671777603
-33.893569418135044
-29.419659534331608
-22.906025826858095
-31.705282783764773
-24.70616360090155
-0.6454351315279094
0.6019205102707446
5.1761746769682695
3.4930271038039518
8.144578803914786
7.311733550951859
11.227654759080048
14.515094633943992
9.967032306039648
12.035162737435694
9.293229809386398
4.945190978331619
-4.307182642364312
-2.3872244494930404
0.6443133149268288
-5.4376540910141165
-8.623266301975782
-17.417128134752208
-20.352436523505773
-13.75171860464403
-10.189113520788688
-1.2335647447113711
-7.7666459177937615
-21.615545221166485
-25.194771333465738
-23.52308752112025
-19.382015904058907
-10.941579477884384
-1.4011587060527466
14.053356744187264
10.394820780329912
9.724668311942184
13.405461442612864
6.218460699276379
6.535523620404336
0.1418052720515014
-2.3068696909187345
-8.938147834055105
-17.415004319836232
-15.308543276617167
-17.438394136594418
-10.774549844618713
-2.1634875183479942
-8.776984810466168
-33.53651950570925
-36.855164282250406
-28.77736364242918
-19.250040375735825
-14.587794446886358
-7.392843417376486
5.539400510289166
10.55259506795766
13.352293438413188
3.0964112054428004
11.060679063473714
12.817789445782742
4.760815864317256
15.259673994197769
2.296591330359444
7.635674446787897
8.669055177621898
7.924152776821559
4.357195613622411
6.208240067177452
4.196020577572844
-5.346707960461283
3.0437099109690786
3.7997256604460623
8.679445570575949
-7.946982483364798
-14.454292601091984
-17.89849927893177
-24.907025290613035
-28.102761943575874
-28.91925781454196
-36.56000946655745
-38.79523765833703
-47.10659933918213
-45.38672625289824
-39.27803268770489
-33.7246581106628
-33.794809724444306
-36.14294742623622
-22.682622900244716
-23.353362336946677
-13.531713372902722
3.7420824458284425
7.295565563827112
11.600947940171835
-13.669213430599706
-0.00258477717929318
9.264961489086604
18.607195368788805
10.959494030459602
11.347895845812909
12.263204938730285
12.42339591934406
6.092387813879544
0.3804430036170242
-25.97429283327887
-32.99949084890119
-32.89867176261145
-41.98100804685097
-46.11628059601159
-34.2052039855538
-18.63577781052394
-25.834971789113602
-23.86699205964181
-24.30558483873093
-19.222653020362287
-8.820861673901996
-6.0921225198048194
-7.774722009198159
-17.96335595049865
-18.28888998053879
-23.76402623264511
-18.520495601403734
-18.46788535627655
-17.397020672012598
-30.514806691380173
-38.92460188848071
-35.99559857004314
-33.905632718147245
-23.278808086220923
-18.78785467295507
-15.923144751398869
-14.003770593907015
-22.09552498519291
-17.175800668701974
-19.667924716647608
-8.736032641170844
-2.0152575710970275
-5.613887800392722
-0.29935567913775
-11.574609888866405
-19.12540681356517
-14.241321667210787
-4.687604270401082
0.16582505938237674
-7.4231277787954095
-5.282145852329323
0.35298103342214737
2.031061631508285
5.711216909122004
-3.4026280329754166
-13.090866224422387
-17.545978086455086
-24.094259353382487
-24.536682464599828
-26.736254068753272
-36.596520309267405
-43.704121752757594
-40.45047127053401
-42.387993608504964
-53.75728488270456
-50.87418050956008
-46.63438225009504
-45.77325339504848
-47.412615302698725
-45.136742754825356
-30.683489056396407
-30.20278249716382
-22.655473781420522
-11.894093567731664
-17.625951533927886
-28.008022959148768
-19.294496153282378
-10.348933091269693
