-4.261039127832024
-2.9966105226713893
-1.1012246005682909
-10.914860314844832
-5.2676862308313535
-8.724938861191294
5.38171876496727
1.878900161346436
8.496562784237486
5.995634867453202
-21.784081482242566
-2.121249003127573
-16.76268701761487
-15.377362173685976
-5.942123884437468
-14.874247053953168
-16.873972862555217
-28.35665097204804
-25.31787749176991
-23.753046834845925
-20.788483854865294
-22.267076726252302
-20.700579386589343
-25.061391628896367
-29.87113283130525
-37.05302082367441
-39.64167130659171
-41.1122606217279
-26.00691339126038
-14.535703862155922
-19.371901585295216
-0.0910617312546343
-5.572833415803034
-17.811441585253014
-14.761488143156624
-2.9585026882606633
-2.9759757661912936
-9.58968842636966
-9.63419604874881
1.0331516770578546
1.5614672056361238
-11.027965875479481
-19.19532323960913
-7.824149204553652
-22.18715318675569
-16.452370471832655
-4.168878424157274
4.461922227185083
0.9138632813652326
11.862159828496013
5.761227193765563
7.460828919800223
-12.616723295737287
-38.49763567092358
-26.921198820793535
-31.99117551555829
-30.85011656457539
-30.95264807867526
-30.335249276892323
-31.215744960602628
-33.41666470615253
-40.26884323246129
-35.51527492902494
-44.83959660573464
-44.07710719083478
-44.97742779126065
-40.34726232116369
-44.11820380379262
-56.99630038946187
-65.0297045879547
-65.33524026743332
-51.530294699077565
-48.23179466751176
-51.48331164656508
-49.94934526718757
-45.23250769196004
-49.17564973655533
-54.0753609308414
-51.76692703636756
-44.67317248466339
-44.75885602579135
-42.49632918654242
-41.1519392833823
-37.83674928135763
-38.669158443581345
-49.995293383892545
-59.4033418259262
-66.93379974852049
-52.64092109536826
-29.871194300657955
-21.180359944930586
-22.245873689438113
-23.165289015339606
-21.808153634371337
-22.913429557549772
-33.625971323987265
-46.96583607556752
-42.62779548483089
-28.584734192451172
-20.090647859609557
-18.46146483283094
-14.405943368645643
-11.696156458728128
-5.802401242320669
14.698839618754466
17.825577257960305
29.004968217287818
-24.858069116958337
-35.560634542361576
-21.3820642418958
-20.14523102871093
-30.206380736838145
-23.256980467376962
-28.365527653393194
-28.03926364187064
-22.9488891252737
-19.531841770885716
-24.66278388257335
-31.697819051690374
-33.105660690145825
-29.406464644299568
-28.801029449142355
-29.744288702534966
-33.220512255624016
-32.670063734568174
-30.57558158123426
-31.334836858279914
-22.531563537627875
-20.483825203400663
-25.17449901791337
-30.88586890135213
-19.155228433948366
-23.23004908506168
-40.99237551561883
-35.1037988437323
-38.15255755589553
-47.71920330768384
-32.885696321540536
-29.56999629330215
-34.06315735516435
-38.463023477692964
-34.105932109946515
-30.05977636487789
-43.674834084030635
-48.721950472927325
-53.724142291890495
-46.57639987367163
-42.95278720689002
-28.87619901365787
-24.82732927916554
-31.463909330406352
-43.43326537586625
-37.40755628978685
-37.15822978066924
-34.153437948565696
-37.41379168369094
-26.708451131236032
-19.184207406931566
-10.01230639007838
-12.219268873260086
-1.2760623826891209
-15.214744562520867
-11.644382452344587
-8.595424225310182
-8.654461021553162
-13.013197136320374
-31.579825898891148
-21.576061998475858
-25.22301494391323
-31.403353613823704
-30.25235132524744
-20.086715726995827
-33.003270808755325
-30.627296069458733
-30.03976732978785
-33.227361707040465
-32.49008916891501
-20.818109497949887
-13.648627904841574
-20.115427322028047
-13.785742895065198
-13.860108257140087
-15.470067074031606
-18.94773776385126
-23.82091633208473
-28.180104730293674
-39.49080347303491
-39.824028056185774
-38.218109841045454
-24.41122747767116
-15.307852667422493
-27.63574197916957
-28.61795386997333
-33.437789499787286
-31.14508302399696
-24.6636705833395
-14.221459406109636
-10.826726006628348
3.302360016059997
16.765732653330346
11.66823789525286
13.491155945971697
0.31162052912349475
-3.655998619649259
2.3445651254256834
1.570501941073848
-4.369144270188364
-14.102617991777988
-23.319419175700787
-17.549902048323748
-22.147749901881127
-24.552088023295983
-30.672289972342572
-38.17303589688913
-42.661538709648035
-45.916215666217575
-46.91068549961383
-50.25555682822645
-37.9146422330515
-39.176783113533176
-35.812718986485976
-22.13962066074869
-15.497984381817654
-16.5710540299556
-14.761784907497654
-20.039195780793204
-28.985686728097797
-26.67015852085498
-26.572483107330562
-33.43953409841217
-26.493017582597727
-16.121480716614336
-11.400745105141272
-8.705570514284988
-10.673818964312783
-20.749304312957648
-7.450013933563872
-4.151824516726067
-3.4491793617129263
-16.70645209247921
-20.55575555727736
-30.762978998259392
-34.81989572243557
-43.856442599153965
-36.87279217646612
-29.73487290723009
-35.36277250018948
-30.701751740675856
-28.978420573986313
-25.746401515645818
-32.61723897487319
-30.50456629987996
-23.51733640368588
-20.06977311705233
-33.215236443657965
-33.428299724293424
-39.63325765501197
-33.290703485598776
-30.096800665759787
-18.918275734579407
-23.360235606236404
-27.961207150092736
-28.551159834293948
-24.45079952253072
-13.132087867652626
1.581380979264137
-2.390080737524041
-12.952179294958732
-12.242063220454545
-2.528392602257478
2.6243691735314805
-8.048696827220907
-30.2869919351114
-30.79939385594384
-30.894276668618197
-34.225867118002036
-41.067104788808386
-34.49809201457363
-33.831382890956235
-32.804162014099425
-24.47008156629551
-18.411249927248488
-34.03262293659563
-26.511137159463647
-26.051319326018614
-28.600641561194767
-20.813170404417647
-22.034339055879837
-26.92704812835245
-25.813686906487842
-31.60337254575968
-35.57968337388269
-33.07305460300672
-31.71147629727005
-43.71603016732707
-50.11427516597527
-43.595624019455684
-33.29388733715615
-41.487954985527686
-51.810867160946216
-46.36825688101175
-57.22605336905531
-64.62550354301938
-46.03365747345747
-51.0124603014536
-56.74205700137549
-48.9901740234073
-38.80423865314681
-27.602122428989876
-23.583067505429288
-26.690513555731396
-10.82129931036339
-9.114068059690284
-4.80642398627343
-13.797589115498633
-11.038747649532217
-15.098663343011113
-20.817733049302667
