-0.4047196198477568
3.1842904434860384
-13.410517619158338
-10.513176954308797
-3.2697142982109866
0.6903550264380433
2.6682110629584934
6.668418667771536
-0.3925507185112944
-0.4855544524336651
-2.092434080214656
-6.522175167354928
6.397057165767078
6.235617257790247
0.4442171973445714
-0.4344236016619268
-10.425080677284424
-1.259662859845836
0.9227217365191382
-14.727378194750075
-16.79058414718009
-10.779111899493817
-0.6261050591999427
-11.996176822443626
-18.802881653408075
-10.654963082502034
3.852854280896803
7.74599419901647
10.325821297870757
-17.40294534506559
-8.129423778434692
-11.566516388274119
-20.55168854133928
-24.063126506234198
-26.476047775573893
-28.094375208554894
-8.066504798748575
-20.572223677523255
-18.83469979251359
-16.565740600561934
-20.484428539995317
-20.0767744643418
-28.39981936061902
-25.383196826381955
-31.59571251768587
-11.841351016936017
-10.0247595318195
-26.000617192792877
-18.273652687691236
-12.729966907237886
-9.383835345329015
-2.3698598763021224
-5.954289680211184
-10.399552545466667
-8.870913607164422
-9.186584451528576
-7.210530920369225
-10.517625695648727
-9.127348693331152
-2.4272452853120283
5.396742523943835
-8.785449485653588
-6.65535188138654
-6.753080910151487
0.4439758489140577
-8.364076723578089
-4.794146550043993
11.823700671079724
10.250854600536773
7.886372514650695
20.016212065476942
16.525943365903142
15.582664667771413
11.109819194927725
14.344403785014453
15.760057337875686
17.225660338231027
14.697252192460386
11.25981722136619
10.392373831594082
8.543409764992484
6.559198113140544
-0.7742453474491526
9.039914824733984
16.369334180960085
21.071887310952818
6.51355767239275
7.397612459514919
5.7771439272685905
6.816919375286503
4.005552351364783
-1.5808094384205793
-0.5270407038696873
3.16946557597852
8.535735378013932
-0.37187945675558093
4.460830219566831
4.38986032779041
2.333343333211605
9.38515107884713
-12.830507943905678
-30.24023960928698
-31.13798392685381
-33.24343972642271
-30.15434491413683
-21.222972384222924
-21.648538270559076
-26.752392486046013
-16.710806393593117
-8.131371082022952
-20.183112958251954
-22.14825556356244
-19.27859371603255
-27.54132309565596
-16.683018304137804
-14.339148310859027
-13.412856170863376
-2.3013561376173475
-8.70966025617852
-21.766363443256378
-15.613340906901028
-13.529590686982568
-19.369871837103428
-5.240715217016178
-3.900602281872409
