-9.299631800766068
-1.8604324378717785
4.839790210719436
-7.6668840793277555
-1.3018599767103902
-1.507140084668985
4.223187318554484
-4.523682465133703
-10.494468989159646
-5.004262897339871
-3.8682523922657652
1.0307701100541724
17.17709421680091
-2.2400931692645782
-6.954251297395217
-11.036266384693796
-7.779461235658251
-9.24279096033277
-16.56846452353184
-20.878922085107686
-18.945136753261394
-16.091132428635735
-11.466443596932034
-15.056097872922829
-23.08123592016248
-26.22697447304141
-26.656928906127597
-27.19498809513907
-23.854641353910967
-23.62929423752883
-29.455424147726088
-21.27950871631423
-15.428272603101757
-15.99613387629565
-15.114268106817985
-16.445912280728773
-22.007624703953024
-29.73338478273385
-23.277589781144236
-9.228330495523368
-9.525567920222226
8.413330387011076
10.49729960112359
14.007515537580518
14.19623500281322
19.29212613259988
7.979946678296208
8.175670575275088
8.280586641934013
5.844641840235307
-5.5505266036452685
-23.23854571334072
-30.87209697747609
-32.36148632936706
-29.617219891069933
-24.12636388050088
-15.601231764703336
-11.699831131396566
-18.763653241113666
-18.21355515397825
-13.805295991129825
-2.2535972622625446
-7.280802863452867
-10.182085413491695
-15.781415618141315
-19.606095050719713
-25.536483685488662
-28.555763862281538
-25.403969298919378
-18.92032886791409
2.7496220706742047
-16.94677693399861
-24.688929372259317
-16.40807373590184
-7.0048741372743715
-12.986563854119414
-14.661110806168285
-13.803064402724724
-10.662916426871243
-11.490159624492907
-6.707353793286022
-2.4655759029444133
-12.510692811296568
-18.243244750259485
-15.295811753343365
-12.365366106199767
-22.827869387397598
-9.449681553544947
-11.008795298897317
-17.578318076831714
-21.346424701617796
-27.598350567502308
-17.59366303957078
1.1847730541456143
-1.3717526887641107
-19.52294621725101
-17.309154042882124
-9.221206373248775
-14.69752479082982
-15.779668307356124
-10.092480873615516
-8.905271234661626
-7.424044253026063
-13.728233584065087
-17.108718984631242
-18.451886158477432
-17.45375265852832
-17.887170593068422
-27.334327907482876
-24.126901455866218
-13.874423631458864
-5.303577478339007
-1.0105793670028649
-13.006759576723
-4.6442813645405145
-9.449927554324963
-11.460797694184132
-4.90585441847267
-6.6780801336307025
-4.25653795801629
4.7980749842360195
-5.1596533070554145
-3.1251416738024838
-9.06896148016017
-9.035745769508887
-2.217674774700481
1.4493828684411902
6.574866779142223
-7.0518713204356445
-16.404320524607954
-24.08832643260489
-24.415563792751517
-23.849850699227105
-21.0597648414538
4.880299741480672
-20.784466392638194
-32.31496650403781
-29.7707636300532
-28.115961842638125
-21.772152389962226
-14.193003489633416
-11.91122175551307
-17.73108941178635
-17.45969526685503
-19.268956933659133
-32.14427262687834
-26.381237224647226
-25.31311003653343
-27.466316885787112
-26.06814472368239
-9.615815716320776
-6.62409364025963
2.3279028620417623
3.459792970343584
-1.0151212610999407
-12.280885996589436
-3.712320729775153
1.6333753280373953
2.7558649285132963
4.717040520012608
9.220420487828275
4.194446268443288
6.966886756821627
8.820151399661318
11.56503899268233
11.346499536384302
-5.672329637393745
2.743115260294791
3.1115094164172965
-0.2722145500740294
-6.02241167199845
-21.031072886199752
-35.69752050029153
-38.34370681486525
-32.930551662838546
-29.843731461616173
-32.40408176077476
-21.025507961470925
-15.891615692076588
2.1129194410685708
1.7933859377123942
-3.1908757571055704
-3.9929980911856715
-9.798961828492796
-17.332738912537014
-16.962841274205502
-17.68358531788475
-34.27303236279068
-31.778253365206453
-40.65435596807182
-46.635075391963866
-40.477335001788155
-36.38728437840661
-38.818955033456064
-35.466536490271885
-36.23795998028367
-38.89570090430034
-32.65496552596984
-21.970825563596343
-14.695156153372231
-18.94725322241704
-26.275135753382592
-11.594663538551199
-34.100987278723146
-13.487776804451222
-9.086849169541958
-18.545175054249086
-11.090151196817384
-8.42736501862054
-1.6356396696236897
-13.572537038575273
-8.711500470774258
0.6911514858592238
-12.328205439925751
-25.45067571727442
-26.33472338901874
-10.90855570688365
-13.460198903075836
2.8457313845703545
-4.21818941782234
-29.130271416554308
-26.84315813306662
-26.77300578125525
-22.57114208527092
-27.181027030553413
-20.094454915586567
-8.121240045481688
-9.283672936337556
-12.978914735496906
-6.618655571887753
-16.432748933854587
-14.720499333268487
-6.560148030412552
-1.4960644723897434
0.507962051554811
-4.150200300702734
-1.6217520714648774
6.783784478625558
-2.563774920096217
-5.682445482779222
-1.8256915380260064
-15.855893342116909
-14.917752310482545
-10.520304098639524
-9.433128904279787
-5.803627152063138
-42.09949593359581
-59.11742514233552
-56.49838533177382
-51.65773296394473
-38.8758964736429
-42.419957312923906
-59.33145441002512
-60.04231802862088
-37.55176662081428
-40.14990513054597
-42.69149131909537
-42.63347868491608
-38.90186820198132
-27.383406783579336
-31.00479717494634
-27.083706540761
-19.72302455939486
-13.336514150303511
-8.88865202190909
-11.654523413395363
-6.7914690493841015
3.3786358425436327
2.3514039748353444
-2.0805386817879
-2.1567990822208856
1.5711798150093368
5.443014858929239
2.3010898542507743
3.6625431207509593
15.121363839773307
13.789750037977644
12.886580680184471
14.055585014759789
21.369382425391887
19.596466125959772
13.215024055948277
12.469022144637366
18.9007285165283
15.945051945924899
7.85779000495317
-10.204788718810848
-10.232127113057873
-4.308466200747585
-0.29190713322357
-1.017737214842998
-4.844738933027316
-1.7257250418850034
-2.5868608762067713
-7.092542391282325
-12.233842927669544
10.36508857234162
-26.227832722319327
-22.87340515331997
-3.8946027641729373
-7.663614935348702
-4.432911762218013
0.6362585607332862
-0.5432808762237286
0.6399820030856581
10.838056342927382
-1.848102258947139
-0.15932283976525907
-27.71081972929823
-26.126197377875148
-10.177833827817132
-15.320015249270751
-9.57016201655316
-6.850133728835836
2.7717197861847374
-1.0396801012616776
-13.164237896203787
-15.482438208819273
-5.27361873789227
-9.159137118724516
-9.894601085437804
-5.266869131161282
-4.3358428784004035
-14.276036092553689
4.782735658897686
-3.235177078018903
-7.623041737197287
0.04151102916856717
-13.523350764168962
-7.396529758753122
-4.841369748134073
-10.407717630340821
-12.057024581844733
-13.323567901832194
-4.783135474576425
-3.8011665781148487
-0.3622978748278039
3.6787398561286784
3.036863965245421
-13.429967698228225
-29.57909235695292
-47.72020880288743
-45.0355617552218
-42.80034601163556
-45.747940481877606
-36.840427296646865
-30.457615251946287
-19.50886884483932
-18.179936807788767
-39.921221165742224
-37.10389998050085
-32.413782139648355
-24.14159361196795
-19.8578509222195
-18.8045028105156
-12.656814944261606
-13.060353014110945
-32.11045957783437
-32.83395422542168
-30.029077207449497
-31.986325476004804
-34.768336647518176
-31.734765248021585
-33.060288249125186
-22.78857416911389
-17.668398560740098
-14.674421695155829
-9.401235465166854
-8.107551499607682
-10.670611951291406
-8.87682076287561
-5.006306389904805
-14.162933773791744
-14.3859394325753
-6.785596852799023
-6.89977366451871
-3.42333665882267
-4.921657443566509
-5.7322918359536885
-8.504787872622604
-7.740950132381773
-9.144377395779948
