-33.19849878560726
-18.72998642161853
-5.670730446539147
-11.274811206720916
-14.269922048522446
-31.788064059627644
-41.192581276918396
-28.470452795083922
-24.475788768953137
-26.33205866008389
-16.449917848918382
-19.585834727912896
-18.593409694327267
-18.564606040713073
-8.344423633298359
-6.786423212358568
-15.280684997727525
-9.338794671784157
-5.039549098688526
-5.0993166293754175
4.489862108667832
5.986417017589981
-5.265711361253102
-11.026591889058237
-14.169467454845236
-18.685203840896147
-21.931407912717987
-28.263529381822625
-33.314198829203505
-32.02883615863423
-37.0869041009969
-40.210954137092564
-30.86732043516887
-36.90747025587096
-41.66680855541637
-36.586188499494796
-31.554480747391462
-32.50232534071068
-36.22551611123746
-43.05935692934997
-40.02777603168604
-34.09055508806871
-21.282553123406988
-6.630776283883406
-1.3258558556911997
-6.9236095380917195
0.4697012507957261
-0.5132079779438518
7.378918763627357
4.582987275727988
8.034872132169111
6.693374789430183
-0.4470711870918452
-8.487558430582052
-9.937748926030592
-3.572992861675504
-9.32339907308925
-5.068391671319792
-6.365696613424901
-13.553903008624875
-15.953770676059156
-14.788750115922241
-14.007348930576034
-11.124546635538778
-8.952640676849732
-13.49358532645224
-7.275781692615026
-22.34106271312356
-26.271384879002554
-31.682084817006245
-32.032196369381715
-25.768126397434408
-31.09038780826037
-30.883135076323253
-33.697163427097216
-36.42633073138524
-34.967897541776416
-35.065361146556256
-39.14458896431451
-36.55326023328275
-35.338219849993976
-40.563907906702354
-35.621171810017174
-35.088323533746575
-57.232418039490156
-33.91139892429415
-28.48805258088961
-24.243629336130056
-27.268989504108
-30.77898631329982
-28.50392684282734
-38.302731381160996
-17.723510005214422
-14.41132556300876
-7.710406685332569
-16.987155942391414
-16.44541659944861
-8.872014346518712
-10.002629884246993
-18.478195203476535
-6.811192939667445
-1.3014082925265689
-6.734471844330377
-5.160776643952907
-3.8535170187398298
-7.391264057345233
-10.19952415906256
-16.836156120307823
-8.282131116754082
-17.35316872482297
-23.878975615387105
-19.337536622289946
-23.593085381650766
-16.09762636655775
-8.133920652536746
-1.7550040035260832
1.9865916720358059
-4.920019213702681
1.9404195067615464
-16.8369294300105
-16.624452574257074
-10.029491579520986
-3.4464125661894416
-3.6994247982975965
-2.065807683875536
-3.7349002344505733
-18.721446123335895
-21.633444199230965
-16.527947235931837
-25.77568016760654
-13.86052439560627
-12.750099429800839
-16.426901242805872
-23.304813366726993
-28.07546008320132
-32.51471604304677
-34.77878440406197
-42.10543081368695
-26.91126780639073
-14.741278164204084
-16.371781791712387
-18.978099749138167
-17.78126382035366
-27.78100028809464
-14.894312975103462
-20.90375719338771
-24.878427889199983
-6.641302502626048
-2.9794867604575543
-5.901601880488474
-3.52777191062506
-11.74381159207423
-21.878039921626453
-23.333630307177337
-25.934168502665774
-26.504078279966237
-14.985681543702414
-27.44406762634529
-29.054666498923396
-21.186731833063927
-19.905336575764846
-17.98367535008245
-14.985298199856933
-10.200753236408227
-0.6002744692791404
-8.687170912855544
-12.18633361209699
-9.194455337270623
-5.975903159314875
-5.5528826112294905
2.8431341407407125
11.903995939636538
11.575386895675955
13.25878818971526
14.139381805955189
6.611017703217577
-7.588025735541266
-20.06356169834639
-12.30695318402596
-21.46279666679605
-13.755856112722526
-16.48730628415387
-25.369318113300032
-30.428492163533527
-28.353349102527762
-25.974334624858933
-38.13892138861485
-27.06652262748796
-22.41307574282189
-24.25332060061322
-31.23704068273932
-20.38497890639457
-6.485970210502592
-11.677915151160086
-20.945287631707167
-20.217509789219374
-17.793464411429643
-7.2194920835081176
-0.9821655496901848
-17.089515633454994
-1.8063095582691002
-3.2069297854905847
-6.272789899356176
0.7160987475816114
-8.711838818809037
-5.25398435744333
-4.889116162144076
-47.0064314693201
-41.35446487367608
-46.65500843940824
-33.997234261806625
-27.535187513871808
-29.753220410649764
-28.444081625862704
-25.7150806019982
-31.504361869066205
-31.45130817553452
-31.369247236925244
-42.356247442309964
-40.37890919029557
-40.98388845721124
-59.103207839925396
-43.40064929220743
-34.39867255965865
-39.315402501600865
-34.359812148452704
-22.228493655408037
-20.986481974278075
-26.403536268674003
-23.860910927322163
-27.091137871340646
-29.36508090992982
-33.44098074974645
-32.81190827087055
-35.49719353315151
-40.39619502034081
-23.204370386647874
-14.949257891278586
-26.903938233869663
-23.036843496028816
-18.503561766222656
-13.640902952293027
-26.296522688923282
-33.134538164787536
-29.0406970081524
-8.905774996213328
12.269586015862643
22.780466961102405
-25.49874411051702
-27.586430420250025
-16.476992989780136
-11.808599753500056
-22.907140840921887
-24.35295627121911
-22.400502491087607
-30.015615441453644
-29.93036283411665
-19.405156794685148
-22.33307330409304
-24.22839525455971
-23.33249932717278
-28.58776817643533
-30.930265564164934
-39.26765021783177
-30.979749845931106
-27.898809801008987
-29.19292618878289
-25.021538967940035
-25.51844577230401
-21.565532441092863
-28.135191300307554
-17.71103875403214
-17.974454697457922
-8.177365632341298
6.6424939573430075
0.7272112089903109
-1.0592388837557694
-1.2778064022271418
