3.3105786331877987
-0.8534010156544295
-7.173911693712182
0.6339310882311487
5.9769860936329176
8.692556623371178
-20.452508390886628
-19.924265051339297
-9.914297867769877
-16.913588896195257
-40.00225773991222
-43.2802639399736
-41.663827551908895
-24.469258608819484
-27.67528724152018
-45.721042888327865
-40.680574077209634
-32.71789594074807
-47.26081935296298
-55.43733601372536
-48.74756462203836
-31.07210696355287
-19.14394043831
-23.251129717903584
-19.98178867294391
-22.725566141065155
-16.404459450208993
-15.934468458035107
1.4907162300751795
3.788797432816797
-6.207113118938291
-5.443638843818849
-24.837874648331
-32.58634019670485
-40.23082354398189
-46.67145176274718
-39.070402448127645
-36.517912862862346
-35.64801065615873
-29.581885085266432
-30.9990721428013
-39.25110165782222
-31.795554134033388
-29.209174534274503
-23.32752862038761
-26.42816715084384
-19.11631912956945
-19.23939841706563
-15.580026461263135
-21.787922865472165
-23.15434254223616
-27.122430923938765
-22.46407165135002
-24.9772781090538
-42.071062788618434
-35.537675356649316
-34.32417166548489
-36.088702736960826
-29.789721331155057
-43.38936484392868
-40.81300402778313
-34.80057447574427
-43.56469469296657
-24.73782640866158
-32.99446339546239
-21.496854026480698
-22.09521605257988
-27.431315786570007
-30.05909478703433
-35.94813381616804
-33.16938153017898
-33.92760605473105
-29.9869783368964
-30.936762946283398
-33.70410639380919
-31.748632163156657
-25.986756956869307
-37.35427085693677
-43.57594002199949
-32.942960123418914
-37.466661485216456
-31.02979326951173
-37.38219388791257
-36.97384952570028
-29.525276570975624
-8.206251161159136
-18.431138281588368
-29.15828425635029
-27.60245302739435
-34.222600886634034
-36.131499868586594
-37.68310756391735
-27.848993258076035
-30.496616219920988
-10.137793340263798
-21.41593777223944
-7.745153941992205
-11.317614220130384
-4.125420830264703
-6.687197204125408
-1.491360205567145
-2.67216218071788
-2.4117696121370362
-3.2073621379082264
-9.319377040108991
-10.168352778223152
-11.85125604410242
-16.00156674924249
-14.094744188790994
-12.826460354191505
-11.953707370281863
-14.883435691906413
-5.730334018833787
-5.535923663356204
-10.199965797827248
