-1.6817744729611424
-4.243655591296715
-5.2939070008647215
-0.8552282499008982
-2.9855882016151374
-3.799638754810036
-19.50258354533949
-17.761461236298533
-21.150549032681305
-20.814393841662
-24.704146391092824
-15.036064384284243
2.7512817236785763
-15.174017850435758
-9.328748875713575
-6.471516987879702
-5.0465445206279025
12.114093639331925
15.461077422306184
-9.014763295647953
-5.030896842453211
-2.84404090537833
-5.466336988068145
-7.813547426074868
-22.080833504779118
-7.603886091925357
-10.186780914768242
1.1349242728270064
-10.3310974883579
-5.880739531190586
-7.104123653443128
-0.6801169492684251
6.108932174057808
5.1595215077601
28.232218989808146
4.9299774547202295
10.192989133316804
-17.463557220458533
-6.546881842490871
-7.938430788610859
-11.997580958835284
-2.8285126630464603
-5.051460565300756
5.4208040299173
-2.653593487541765
3.630559335193874
-5.919828500677293
1.491042605874465
-1.9431052175897843
-1.958049094565498
-4.1925720707519165
-0.06532679789711852
-10.86593537532274
-12.535321556003034
-3.892111323583981
-3.411969045088799
-0.3542454246238536
-6.851968879662587
-7.936380474601438
-0.4897891089705243
0.5501486682710794
-6.073189090066192
-1.2082131086369312
-1.4421517943458686
-4.9583240449340575
-8.235973322384353
-2.5305245537736614
-3.101389138768152
-8.47217049917771
1.1241184099688788
0.17531627565131164
-22.171801877866173
-3.5991272337723177
2.8571963086939265
5.721970732438954
0.7456521846091393
-1.1399283624064998
-6.2925115756873735
3.548072331083701
7.031541714113003
-7.56896334538173
14.511510453801613
2.163190378603137
-6.19303553400779
4.377984827801411
-0.5356815229362824
-3.2444012823266615
3.6096207205778734
5.4333114197758965
9.495824215311838
2.7560280968337576
2.149004493934946
1.8601015380725057
-1.18858876896118
-2.037131370410288
-6.723521934627478
-1.9832459886758491
-1.6682431740268986
-6.094631756514624
1.1851234656611886
0.9262272648410288
-4.839060294989257
-2.5896373466101776
6.40892970988346
2.302636492810978
-21.531445844051145
-2.532906612622755
-4.53085152694393
-2.9939034642666504
1.0760234804710431
-3.904623446022448
-6.5949378917244195
1.689171418757924
-0.7019039203220367
1.0957378331256986
-9.776627322425988
-7.3859940773302135
4.13099493561458
-3.5924729263376305
3.6149444766201175
-8.575957907580786
-16.59016715163858
-9.05572320755572
11.200156382094288
10.249014459801213
5.735033464049837
-0.9200041268715926
-8.57875427794532
-3.1912005722513346
0.8336633383659514
-1.6982364862414543
-5.734912800825617
-9.553468089835091
-2.299545444905606
-2.3943653987113604
-26.41318696293289
-31.39583861928401
-31.432576275099002
-39.18272168600164
-44.609617916425535
-24.77746024459869
-9.080235091342743
-4.308148348887428
-5.362099878488073
1.2734359249612024
-5.025894862299052
-1.5544581822025092
6.430414647857039
-8.873649983788212
2.2676353075666493
-18.013906973945748
-23.747820726582606
-12.822051042670195
-18.248936213925703
-17.9936338730093
-29.028821425285763
-13.768592121753052
-14.6490419333903
-4.59947405275697
-11.232306672604503
-13.811243030877302
-12.654502025814846
-8.114540579286901
-9.425337361133026
-17.386946854325586
-18.892685038130992
-10.850917626817722
-8.172331768196482
-1.7937516440171868
