-5.027123874558477
10.48577103096242
-10.451257529091986
-1.4313385464168469
-1.7160531064919404
0.5413405021194295
-0.5177566388199366
9.609311373465708
-15.852244767602187
-35.29670311328717
-41.76400536787744
-35.04893860655101
-43.019507738415186
-43.421402717510986
-42.9783238992025
-38.60501002034872
-39.97305795881419
-44.37846511485189
-38.57083385161583
-30.342050488739954
-34.67949000888702
-22.47050667726915
-18.733007615196897
-16.105077958565964
-11.592675629391
-17.258405752593
-16.193705140031295
-10.177307996454742
-3.5564785524997182
5.412563316500274
10.155571663597788
14.713683996156904
17.739806058831835
15.799228764641128
16.309081637479036
15.253682526986164
13.87492306104832
18.74800951702381
17.728467609113878
21.87545783495091
17.84392668557824
14.229927473517261
5.682144145789683
5.632075834745855
10.694610788231584
11.847472027521476
1.8622257992833129
-11.019654524926263
-23.49417527956243
-20.099345796079028
-18.161751550959348
-19.849601434793705
-10.14916731994851
-2.9604289370610903
-6.336865102074685
3.465702381134182
12.219401714269376
12.641523951625713
13.156399209168587
15.747708999384205
11.002798515956764
-1.633187832601095
-2.038685828516008
-1.1964603856626117
-5.160685696025233
-11.635253648722804
-10.31316028365968
-7.186055522553108
-12.453289170923442
-17.625915884298173
-13.294846820696511
-13.536985778911927
-11.104317829249084
-11.216766714055298
-19.295659810154195
-22.02332164594901
-38.03420353607577
-38.49753823048877
-33.24579472501617
-28.909760173237434
-31.73667123820684
-25.87636105038209
-13.356397090022616
-15.341897588234305
-8.422511126770338
3.2750650093222715
0.7646178993399511
-3.3624482934939253
-3.0280651665971035
-0.06386276536157792
-1.8961052051557128
-1.055576455184893
-17.478728160114347
-16.54548519419581
-14.632644465949788
-20.15875360307212
-20.981972204358282
-24.537911839641552
-26.142704844816986
-25.8022142828783
-19.489954311236414
-9.657021393791231
-9.011677353210057
-21.17548190902273
-6.139397021316047
-27.882363273138733
-34.69081015527006
-36.46614932373974
-37.02095994614636
-42.90181636156693
-48.01357484010018
-37.62208873601831
-39.1491429590212
-55.10957301990162
-52.42175180309467
-55.68653870879889
-56.93303758634738
-66.58900864624799
-64.80849791959223
-49.557221610574395
-47.08564013557743
-43.40678056190625
-41.467234723191645
-27.04906571187434
-30.98225879384611
-28.019368771373482
-18.626291018324387
-19.510228288168612
-23.942807151183782
-26.944273472474514
-19.497027823263647
-14.541421266342445
-14.260902028534158
-7.691031817563353
-9.586572155476553
-13.703154269732568
-14.56494359067127
-12.994174927601113
-16.381412066354493
-22.34746460985653
-9.547421172873042
-11.63391336355215
-20.63864153978693
-15.970548722107823
-21.15062374463559
-15.772093592322813
-10.888536749702807
-16.839764428488678
-16.429148271522006
-11.083988535839422
-12.26012636203068
-18.24977477341799
-36.274348352900994
-46.25520997737175
-38.43850853512408
-28.33639309437733
-21.611288921044846
-24.009758028238664
-17.932853277842586
-34.88342606093896
-25.08257969790469
-29.403484887661534
-24.019913664532275
-27.21015569520333
-24.954841533156728
-24.481911087011696
-32.93863689031257
-27.62369709162517
-22.28042018712668
-16.908914926214106
-24.111473255165077
-36.96788193599965
-38.75053594551429
-33.198704736668766
-13.318059132843235
-6.989203532156947
-18.873363558744074
-19.86317299986905
-12.289142080169206
-9.442114252135227
-1.2599532550053578
11.048959345409653
-2.539735064591829
10.164390405514286
15.083038677876608
12.034353675357066
13.681234818930314
13.176475839101107
10.84459066753288
6.391336479118872
7.796243532022508
9.996918828257968
11.774882446110404
4.303393933547124
-10.755413722579462
-25.314701373346942
-26.291419571807623
-27.435828462822126
-33.985109447007424
-30.960362331203537
-31.529925488124128
-39.58644751325888
-40.84737802042784
-42.206233704288564
-44.58539060249325
-50.46021135013379
-35.59904174241797
-29.741154097764536
-24.555101792741752
-15.20033629961341
-8.390520226132328
-11.380537452080784
-13.769281568331447
-13.376008345992194
-5.212689266330949
-5.706755714127192
-5.7351485450470125
-8.421588033525893
-22.241894881940926
-25.427546243973108
-18.750791453869887
-20.938321638436488
-12.171040715371893
-6.1249521530067526
-15.879771514483561
-28.557197012070517
-31.21641314428103
-36.071960213919155
-35.79922009722735
-17.815312234228013
-24.392739208228324
-30.012475976348465
-30.603696462194325
-42.56153983543226
-28.205261288297482
-30.40328778828363
-42.992204120816915
-41.52063809599336
-58.98641698334095
-55.428013333216725
-51.793974814768575
-59.04973322812143
-56.681207757240074
-50.94909142776294
-57.443699112336176
-39.06932435562061
-26.112578469251947
-9.709303163117244
-25.92624426342256
-10.702065384699683
-4.47162663593671
-10.260063272534792
2.432859178008117
-12.835444090059635
8.997954222154442
0.7277329101209712
