-17.162236408145212
-36.28336919054146
-38.784741340564665
-32.75789076330631
-33.62408724321802
-27.99947206006185
-23.86782654907289
-21.44779818729916
-8.246443746313883
-12.170090915715575
2.6231950559770354
-4.035199426153029
2.199745009007891
-4.504951584401626
-0.4570915164843159
-1.5802889808132718
-2.9936553264901904
2.3313558485928816
-3.833197515188348
2.5120977032575222
-1.394022132608091
-21.24684181103051
-31.692141654483986
-34.48948125967822
-27.60116896802673
-19.90347360607368
-3.2553957744335067
-18.403947690867255
-20.63683263440602
-21.99230382491765
-16.684724589786146
-7.8061123939211114
-15.752740007396374
-19.56273342228453
-22.132662515201613
-27.906680201933142
-29.04155346800473
13.306809929981695
-2.038629552797802
-31.457925233960705
-36.39790522406589
-44.535864157993814
-46.54952587141882
-44.53155087371115
-55.97432798996017
-57.01158031002492
-64.30385349458746
-50.567955551575864
-54.70948002881296
-59.03211995123233
-44.572819733497425
-48.25954938948426
-56.893968886738826
-42.41349467420036
-35.81027437449532
-16.6455770739426
-13.489411740280568
-10.9735589293826
-2.945254299015037
3.3529220562703737
4.120411381192952
2.989049283674118
2.8202634210620934
8.169453285017163
1.2094863154290034
-13.13787296199125
-16.935474201857087
-16.75064739267253
5.507250438024485
5.625584631758271
2.780627241077992
-0.491294461465115
-29.9288614693502
-18.97441214606044
-11.886313304484668
-15.817243456062467
-16.595227240321968
-10.241327419217608
-11.433061563918473
-12.096160942499358
-7.560036392553821
-18.591047945999343
-11.10016335354842
-24.58908725876291
-27.85225699965636
-34.78671695518809
-38.82028569279991
-30.25876041597692
3.894427165765149
-20.899298900784835
-9.675867342981153
-3.7705527748502496
-9.93053797224729
-12.58783212390655
-11.737798359373109
-11.679840309907027
-26.068428568114328
-29.450108013338212
-40.73235565150261
-23.079251373989766
-24.58031328442891
-24.67525045979136
-20.705254325137094
-12.645918840116911
-12.312850977783382
-12.94316679736468
-6.523352705798166
-8.271682656660154
-11.78796562050119
-11.103733141024575
-13.361283124553726
0.4692803660792376
5.835164374353857
5.582532949688726
7.326125978399688
0.7202212771667378
2.187504251183387
3.6544747529063257
12.251197537667446
9.660943397325731
14.911121324218831
18.58607929401888
9.944265013794212
