-9.252994841603671
0.2696334097218769
-3.1562939819646623
0.12944387538436042
-2.862618082046584
5.863564286200661
-4.666718978519891
2.187132552395843
-4.606870915561627
8.0607204210453
3.670200033820696
7.866016811205628
5.234260118966071
3.457814962046256
3.768845735304228
0.9652322267697824
-5.886976131881098
-3.611356873924147
-18.25227250585803
-18.76135188435377
-15.715150767812029
-21.032136901291985
-17.536823897321213
-20.12081528685097
-19.054207537435104
-10.539104690464807
-12.755842345116225
-17.292231535840216
-11.37054592032388
-10.884186452944453
-16.948077964937898
-8.036389926668932
-6.1810405044946375
-9.23386940467153
-20.360394729586123
-24.597432760979572
-36.479258309539574
-26.508007460583983
-28.773316054863173
-26.583250602324185
-22.968491051666465
-26.885909521855332
-38.938996228013394
-37.00813641764591
-23.719741574729518
-14.304587118583417
-17.065394132340902
-11.846653534303773
-13.777137598768812
-12.58590870989832
-2.0050995985623783
-13.936597277455721
-13.211678820863321
-16.473925055114883
-17.547916894736034
-20.1675094352272
-20.906073864083424
-20.24479284671286
-9.777197820083874
-1.8591216513591136
-7.739330308854612
-1.920967894370273
2.1499848226751275
1.4509362853293528
4.103703813464575
2.975155979834317
5.037440325817987
8.51664101480069
16.512599051994613
7.7002791601633245
12.9446715794051
8.831122827493601
12.556834168418211
11.188820879372257
-2.0676248790010447
0.2065703657970155
-1.904272186458881
-12.778323015232562
-16.873936105184146
-13.066626267485294
-17.620434719045715
-18.591077499203294
-21.87472886767655
-20.129990331866818
-17.64132772107179
-18.70096690578809
-23.353776181575128
-6.264473263248247
6.165314391049497
11.752987674499742
8.526105610430127
13.556273700608175
10.808067937353764
7.691307324451352
8.746929190850505
4.076780989965994
1.8454180850685395
-5.5598484289242185
-6.03825909928088
-0.06633571792991011
2.7901385280250146
-16.29600715121291
-24.9635198081975
-19.48129298272258
-6.617234083217128
-14.871010046514366
-29.90325526838611
-33.334775610448744
-38.57787713277249
-34.118307686922705
-17.664180014740907
-20.57829349023556
-30.909264940991
-39.22838539314413
-37.81954408426397
-33.92041271110807
-36.14123932000542
-40.7176874147686
-35.968616685864994
-31.371008989122096
-28.36337657823297
-20.169461162014827
-25.600308306465536
-30.359913048820697
-31.240672251411887
-13.596474410709396
4.32630519554686
-15.665105716379475
-34.406850073151624
-34.94230431213759
-33.851915597578014
-25.32693272066061
-17.36957036096164
-11.849463936455773
-13.694341348838876
-13.359458726915461
-12.17178801594336
-11.305955650082273
-20.54801247385715
-20.4619522462018
-16.000254487026687
-16.920601124136688
-14.379601424386314
-9.353036001361378
-6.409307782864946
13.52121860086594
