-12.790279653663413
-11.611481045322904
-12.817092952896768
-6.679348199850577
2.7977117215975715
-0.5588338376767802
-5.290261102212614
-15.405605013881294
-14.458973254635149
-13.24323850990009
-9.694242014707331
-11.270791112694738
-14.837679648482599
-8.162913907184475
-1.7804602404381047
3.0659646483945737
7.86089308569204
-4.901605106739705
4.303368903375919
5.949019056822762
10.714061413716957
3.1693247955746098
13.764656755467186
12.552411726067975
3.578871570106116
4.506559004885826
-4.723308857381012
-0.4667403174692383
-7.8240987061734995
-1.7909342835322857
-17.023146918402492
-9.878980990065324
-10.313855705682093
-18.349312350760645
-12.083012777422926
-7.946020627964221
-19.927080374244106
-28.332847977293863
-38.265450397124184
-26.883255392472076
-17.108751086499396
2.7592102359345203
-1.2836617481135753
-5.210304270183136
-3.900522826509381
9.434832931656537
-15.028279150425053
-24.10643853246603
-24.63752149853569
-21.76114514899437
-29.61028851078501
-32.0182665989117
-31.921938025185245
-42.45092696617692
-40.72275822652257
-22.643083950482136
-18.79895375831389
-18.387494233012113
-24.165583706473328
-25.85864146277914
-28.46624316907853
-14.595326337456036
-18.457499634011
-13.15287753007274
-11.719510208213473
-45.640696589232206
-41.433004468309996
-34.633430761866244
-32.67248351219398
-26.349461128045807
-17.12587434170192
-15.113282943273294
-17.772073218288323
-6.084613662196492
-6.443661846852032
-5.076711845678597
-3.2497772536746
-4.101653068528117
-7.4170219153644315
3.641468401743144
-8.837174063923731
-5.753751500794111
3.4869090946252967
5.245523870298549
15.094655525251222
15.49089963356798
16.371813977098068
14.14823883366907
13.556674530558373
9.80744411433015
13.628680243936474
16.66923549943211
7.643305511622898
5.169142544016919
11.024442298407633
6.627865651854784
5.165191719932757
8.428987026254456
14.81906859382045
3.7136853911525898
-1.8807814828790468
-4.831659271511923
2.1301316611730017
-11.742796158110712
-33.70898582309387
-49.1594183121222
-58.281017230037975
-58.60249401616457
-66.36655665050635
-55.92410446647275
-50.799811786288345
-50.23557969168432
-53.22729222912032
-59.16588748120166
-56.38948520540601
-48.44612523500901
-44.07079296339608
-43.646895085540464
-54.17790964748548
-69.20265459456104
-65.80157517152583
-83.94152519211437
-73.5946884775712
-80.13348196698587
-66.11098642871168
-56.87322534275831
-60.83714930065237
-70.28760435551271
-76.31178392116051
-77.27481919043049
-60.448772321205304
-54.12088195617347
-77.81494368289165
-71.92897026489358
-74.47325844131234
-60.0614349728181
-49.35438754215542
-49.47818212846496
-64.20949302241935
-58.243195233317735
-47.52979980097962
-44.06026753888143
-36.973851860116405
-20.67096236395317
1.8652445909045337
-3.331260138369743
-0.7695950732871216
0.11918393101550084
-2.44712350502719
-11.794819876594365
-15.157631705921194
-13.028910622388807
-12.185224834292352
-21.429895719247767
-13.62019319139185
-12.958749879528412
-12.587837215817096
-9.023603809501683
-4.193710134559933
-7.278731283053224
-1.0973788083123164
1.4183411809791533
7.233556320348179
-7.877340542647913
-9.004395008282474
-0.5912610123300966
-11.19006809713258
-10.432211603347094
-27.206870116580628
-20.756643850667764
-20.480899361658413
-19.001476874975246
-14.833992402113893
-14.155839157566627
-19.30294774883703
-26.323524373291637
-29.241943474811038
-21.85796387253434
-24.860510937478164
-24.661153186782943
-11.461643195005815
5.5860976994975235
1.1541370234688246
-8.715150339246637
-24.60998629134332
-31.364171160625375
-27.775221782191487
-23.826923366264072
-21.11400390428561
-28.5967897273142
-26.266335631788905
-18.663069501785923
-17.234646483584992
-20.597134998968087
-17.160140015253813
-16.521240613899632
-19.857839177152304
-14.657591369211195
-27.660943981016022
-18.02164026859069
-22.477616315763587
-41.99793561310796
-42.9208594605091
-45.005057924081534
-41.91957920227719
-44.632166774788935
-55.23670587355858
-52.35696800355886
-57.166083944002985
-45.92001114912371
-51.71739663976797
-65.07611105125176
-54.11530473186447
-55.85810045060648
-50.32683654489195
-54.78694563445164
-64.50258214701664
-47.34594007370296
-68.88846021017781
-69.81211979857001
-59.497300922164136
-44.20952695602478
-43.39668140102425
-38.506859348350346
-27.91160675278666
