-11.602361963340375
-19.73527509701252
4.292978247098886
-7.911562728110727
-11.868449375022811
-8.815876820754365
-12.966200481574127
-11.232453574032473
-5.014632291298675
-3.5776610586700084
-0.8684107592992867
-26.895090757081494
-26.441401812213392
-24.253585030532133
-27.657839590971733
-32.15008092354896
-30.378647374970694
-23.38412918886156
-23.095093509694678
-21.29874204046528
-16.648131171119726
-15.063099601418363
-12.187794643238076
-10.450496745136755
-13.779017884592767
-21.057183797375824
-24.04694381861557
-31.11661083189896
-34.48233037857337
-32.636791677032036
-32.641654959042924
-22.09258288261873
-8.168417001524244
-9.721966626338153
-9.307379074071909
-6.48537366539186
-6.9541284235149226
-7.7709585833946315
-16.872876247854087
-15.963493078656395
-12.262210883106752
-14.895573358729756
-31.257144248258196
-10.274478019293806
-1.2023842038228465
13.470311923472922
14.815007171349833
14.522723393273079
12.950210530848185
17.77327587554493
4.275436473514241
8.543022271679847
-10.883691494006548
-19.523964308440476
-21.453811427582263
-17.935105357831997
-23.414714749932102
-28.674139036657486
-29.77809517688313
-35.12263497017611
-24.19857606233171
-20.121464086196973
-18.400115581967032
-5.552308463043004
-12.390095598886173
-7.675501011028887
-14.727410850246866
-10.509474996205576
-10.37851581217555
-12.688708910654109
-12.039688785336555
-14.672876638575845
-5.770625624125309
-29.526664812919424
-24.689431923880807
-24.204970121748982
-17.07190714113641
-15.880079896959106
-13.009841730373173
-18.258880936353165
-28.171792305778126
-30.42291239225028
-28.739889558463375
-34.73517292567667
-37.751494801275406
-38.8389795103464
-43.45222726074604
-42.01515389366809
-45.6779314917799
-49.0181252402664
-40.41855524185744
-24.70219465382936
-19.849473130323
-21.567358439218456
-33.39035052356868
-30.856708692398023
-22.789448112674588
-21.333539523244024
-21.931921120815463
-19.823091836128054
-21.446817912861746
-24.14610398263788
-36.689760323425666
-39.10120922840962
-42.189863887078936
-39.36987978632833
-31.374767300273234
-28.914145736937122
-25.67363014736053
-24.70034233486536
-22.088815728774858
-16.602364117746802
-5.136241187057707
3.2766800811779437
0.24467837525461544
2.1575136362909038
0.40741485149697854
10.192179052215069
9.082894034550721
7.168990903513729
7.938083251099501
13.587817305374047
8.956518097886605
7.866298482252205
14.293543728617545
6.675535212318794
11.017725346638963
2.6019680579376376
6.122897173367772
-6.892423034607128
-20.14229847202265
-18.792959975814416
-15.275104758758507
-16.732659616274553
-17.445318142515674
-12.4176415496034
-14.302232430125358
-4.945258527650261
-0.9017190480028194
-6.063753874181255
-6.060017227440512
-11.077178609608794
-10.854478273255275
-12.769523576757855
-12.243979454009368
-15.0461575838265
-17.570500339413606
-14.889866796863188
-5.921566505974259
-2.206751006977399
-6.548934893818046
-2.0203282183085745
7.394250231552213
3.902057061842807
9.705449085363906
17.926948458459133
17.708423240495854
11.197997829263644
11.628739443624573
-5.2556832822198265
-23.23484503605701
-23.732514505210208
-22.259890383261123
-22.230098023858627
-5.274274218318129
2.640381948134904
-2.697087532200228
3.0976263738050767
1.7208644231894097
-18.598896110832268
-22.465568042655168
-20.787509237606184
-17.634255165005683
-16.134923182953383
-13.540726003224387
-5.536168451931844
0.08833340839557532
-0.1117972839742116
-1.73434285531736
-3.4508148993501786
-4.956329154317342
-9.765666980759466
-13.874911919473698
-25.488256568147637
-32.29052562315897
-34.047449354130976
-32.08522035370952
-11.828015359770127
-2.73176563383228
-7.941478602650952
-15.440865668229744
-5.409654950649066
-11.800888146204429
-13.172059414946533
-7.196603001193
-15.507100337847874
-9.309441604827828
2.159198829730726
-21.26171794215211
-27.563817642297217
-23.73390342665571
-28.222687925236567
-19.52707530441853
-20.441919414072657
-14.771275457623188
-13.556677734545598
-13.629907491904163
-15.899895353917632
-15.973717721652337
-14.359497840915823
-18.05290224502169
-11.38569362735635
-6.753904246735171
-7.441813954469173
-7.5152335387582765
-14.213964345777233
-8.461676896442041
-2.0322610155073826
-4.867449963342891
-13.113613429005914
-12.565644513955016
-7.629288774768501
