-2.547985732313504
11.791554349015513
1.2990745370444887
-0.9739563112582204
8.182119296037131
5.9259137660333465
-1.4896919922771288
-4.3653862902254765
1.2447892846070074
-2.8815377086191147
1.2620857648643633
6.640356515059294
10.302298111963957
11.99003959845106
12.711965328249546
8.604975165769321
6.175702515248071
9.294432425540887
13.886863250173885
-2.3118823483318085
-13.784208446447911
-21.476611185459
-18.621589825586533
-20.200923555136594
-22.060161747995227
-21.27392661426848
-19.767198165782872
-3.6353169467129938
10.270695591386088
20.576560961526045
13.053987572805633
11.603848688503597
12.591111165453489
-10.919983988147798
-11.076361109773364
-8.738767249933423
0.3020808807958976
-14.771577366638725
-4.23963178376814
-16.954492505522232
7.1999759830696135
1.9229463171924592
-4.149112650394992
-8.114732263767356
-11.490818474141346
-14.359015438857806
-10.522949274505386
-9.329287276889954
-9.980361453125736
-18.42297362806521
-16.356059657347625
-18.792955297044465
-12.489348608478887
-18.24432659445095
-19.86495338459104
-16.826638023001316
10.26535189146608
2.6976367359937634
-7.467125756252779
-4.652685156822712
-14.529424613768017
-18.50803771124766
-23.652142499966
-19.756727406406977
-22.575986103775612
-20.14649271584218
-24.9673447762224
-27.851649182928675
-27.59849434289639
-19.294086396053483
-13.839824274466537
-14.237041874152874
-17.26522612039274
-24.68080195998517
-28.77741777047657
-32.58483466299785
-37.45597933922573
-44.92166944421741
-48.042545143508356
-35.01407056310113
-36.73834729817939
-41.764742518356854
-38.150515333705776
-30.828588138219327
-36.153309623426985
-34.137784757150065
-19.78641865317369
-27.710288307546787
-22.52468571379871
-5.802379524355843
1.1336205977685463
19.01268412370417
18.915558045331046
20.615976924599842
18.92738030086663
19.883200726725267
17.244887522525143
19.81132041282201
15.301849442067194
13.968080487374287
8.571541970794598
6.91369000472451
-16.937671408932054
-25.26056761912912
-34.6607049371944
-26.341354383962802
-34.174686368574235
-48.96575756185578
-40.38508944459074
-29.216822682557396
-28.625252942234734
-29.08288594904273
-27.840813342214947
-22.770670750890993
-16.567554456813728
-8.383781539943195
-8.734762475658373
-11.815505807147698
-16.114937146466893
-12.621371825569575
-7.2056975524446765
-14.344352355962256
-1.51798150839059
2.228007717170976
2.866749990886791
7.791501246257131
-9.411110990670732
-3.4666040036064785
-4.209614674427892
-16.364136413784617
-4.668862307391104
-2.0630941805049976
-2.1832777627615108
0.902312017221912
