-15.013576123803293
-5.1455595964617755
-7.294413864387071
-5.486710718573739
-3.5835050879032893
-21.36864071534251
-19.36031381789695
-0.7509391929947041
6.664019348320386
6.786595160626267
2.359683159524415
-6.092122845328007
-16.17709127735319
-12.219794906517816
-3.4757948399274916
5.720955824312528
5.073686810989839
-1.0392452486482102
-12.703539961884832
-28.77487143907009
-21.269247954400466
-23.845986896206583
-32.3912878882267
-30.21141469508326
-29.71874088712223
-23.022324337374826
-10.440259720767155
-10.397334869289976
-9.451594723321303
-2.43845244129619
5.773952560635286
1.274785885582192
-5.808459940238183
20.574305480491454
16.385092335316145
0.06843776393397945
-13.926651228746685
-17.439783456092442
-11.72239653277442
-17.99136027390202
-17.196524711444866
-14.909767137621404
-17.798459345453438
-21.02126421361032
-15.236383579737213
-9.033082377323304
-8.424522479461418
-7.343555622005713
-8.581267778965097
-13.361183001145044
-13.267566523635338
-14.386998561603706
-16.01695416634377
-13.61558296721011
-11.392661599663073
-11.198932630222531
-15.3725969690499
-13.216535553593495
-14.657959031951323
-12.977523685491967
-14.974119391017688
-8.576042045423968
-6.53508887703323
-10.824259443489893
-9.08336257450304
-19.68927288657954
-36.257712792777404
-38.44237188283411
-39.89466341274967
-34.974366170477694
-29.533040700112167
-32.28578253249615
-42.5794560837741
-35.93969660250139
-49.216507163493176
-31.13097771068739
-13.48397656205182
-12.43222293127566
-11.054834164705017
-16.34330056001112
-29.22299509104136
-25.01025198737501
-25.50725814988966
-27.672147765557447
-24.716050771658374
-22.712904290033197
-16.070901563244377
-16.571764911353572
-12.208151232181446
-11.691495348463805
-16.333957669248708
-15.341169585421405
-6.1859355524433335
-17.929761582528876
-18.58327093890113
1.2220508614947625
-3.553278687176324
-3.005597317974932
-2.74031695805669
-11.948640021966964
-13.5836092804703
-28.866517165139022
-18.43266345286053
-15.599077468088126
-5.7071567038904885
-3.4109787875508597
-5.622921308282369
-4.400845110014616
-10.432547556285835
-14.582203760749007
-33.473075099704204
-28.631276875592548
-27.510973248322703
-21.69058681397682
-23.11410394412612
-26.081721019938367
-17.37478140801321
-10.87554948895804
-8.772124608145994
-8.653247559168657
-12.052152291254654
-16.758329736640338
-10.778281671896343
-5.890556603839936
-7.901126275020029
-3.7978173165276488
-6.013100858757537
-11.26611912582675
-11.145060796176463
-27.152302284474626
-36.36744357335415
-35.89508691099294
-33.699848804975844
-32.34390690480838
-28.14319387131247
-24.887732729392642
-22.0583247039721
-22.345557552615666
-20.715754457513672
-18.305632561577067
-15.386477496115182
-7.889311802960718
-38.51285809269975
-31.614416071332712
-32.619469183622826
-39.41703764827936
-38.570531990633405
-40.48927384551385
-36.53859700086619
-32.25205427459266
-29.420540731412803
-34.37773196852003
-39.65733965335683
-40.83644582745541
-35.40922686693901
-30.77092185696436
-31.38720384135907
-41.29682334043211
-47.41019931979605
-43.540294377601356
-38.096583173835405
-41.37574459303904
-43.68441706640969
-44.32265570866619
-43.345640880303534
-40.64337218921308
-42.70981968778376
-32.47951809170025
-33.1649973433573
-28.668588101785268
-27.83147470672924
-26.79735272861931
-18.70992861560097
-8.415005662790751
-8.981343643925957
-13.185650406071947
-14.296545791094609
-22.34675551651016
-22.770925885351094
-15.741981195982596
-22.756020582099925
-19.40426084946354
-16.777680614272214
-10.985326468037664
-8.479099659132801
-4.464198311845552
6.417391238646579
16.383521241697707
1.7800639060588201
8.490925318497537
7.561543832465768
10.723857646993078
