-11.110916748568027
-6.988214781394683
-7.663597005280168
-8.73496384728263
-7.359854987864013
-8.218593952346794
-6.884704954294604
-12.415294880715301
-7.792772644836505
-1.5744575761794464
-4.8442847219594185
-5.5671995680916515
-6.721702618258536
-9.678525894055312
-12.724720953567436
-10.955639950251763
-14.594801765928668
-10.981555143921897
-13.75314151605867
-18.449371390204465
-25.59928719587143
-35.44151823179684
-37.35292081005632
-33.20593516207889
-28.5518705651203
-40.456087999551904
-45.49853657154748
-37.95840426217314
-34.66793272209265
-39.37289028919497
-45.07832065308778
-44.6466677608576
-28.245181281215586
-33.771446510744056
-30.159924084395517
-15.908987530928005
-6.345201312254791
-0.9845868212218282
11.227503908775212
4.1536804419122335
0.2800268050139179
0.2240567217982054
0.9435107588969468
4.359009858585285
-2.4491472936715977
-11.753036124618037
-23.959178624202305
-25.07036705598663
-35.25373265516747
-28.683132962264075
-32.81233259650641
-13.878960874127447
-9.725616876649935
-25.690883020537118
-16.28951748203627
2.1346188277230485
3.668771141769259
3.3700598686098124
-5.488176029290434
-0.12593951798650918
-8.458594861584135
-7.742300038638008
-7.253796935042787
-13.163788393265802
-10.860917291684382
-2.41270917350515
-9.725725965905456
-7.628111885439752
-10.478060182141727
-11.114573467511077
0.5540261454294892
-0.7122336780645123
4.731165131218247
-6.975373972690977
-8.921172435420385
2.7658500787249287
-4.240552961497216
-4.784595809984771
0.5105866878612259
-5.554666155675231
6.894005874993807
-0.9694017304269044
-14.123950936023734
-13.076451747957213
-10.13749991771318
-5.509985931712432
4.720557892098233
4.561356220180711
0.08303916888515665
6.1585731179651
4.940199413246376
6.8952258700128315
6.102270544420631
3.5821734759974397
1.9496242230516767
8.273240132448777
10.666667956084003
12.932056294179167
14.752038852143604
10.529050881378927
16.614796515814394
9.813255466211007
-4.971799289452232
0.7563815638367564
-3.647985182935244
-3.866016743385959
-13.946925780929144
-22.062954308485953
-10.730715689373703
-2.5690713219542824
-1.121640224579251
-6.242610086101595
-13.593865268911701
-9.312257040865118
-6.298644993903076
-8.73402982717337
-8.060933828811459
-14.094373135830116
-13.508774397660485
-4.464748560036987
-11.998335765480304
-9.864377369218133
1.2016635139879208
-6.19725909048534
-14.198054510836663
