2.75457305702718
6.449306677392316
-2.1371038538199456
12.157507443637355
4.348945326716923
8.824818941573028
0.3895059277075768
3.1201702117465624
-3.5421637863707653
2.2103180335686727
-9.379874634089663
-14.69022192006726
-22.017540611030125
-20.589223300845234
-25.051049757461705
-22.15196559284609
-14.839044584409594
-16.351841225239983
-11.236253165534746
-5.201498792712733
-1.4037662391278458
-5.418826481080197
-8.223725913410357
3.296077719224604
-6.793997006029089
-10.06173032488319
-14.980916748676135
-19.546578909338912
-19.47566313927517
0.8424059286922594
4.61124633232882
22.092991780820004
1.3127831042926466
-2.8025971864494026
-6.344169469262952
-11.22738767191
-14.141936106460493
-20.705376795068954
-18.995004409790813
-8.221319753048162
-6.8613382380759935
-12.181479219975252
-18.97800486857949
-23.68721077593645
-15.357896867105715
-18.00823875454407
-5.8067084371087505
-1.927265345165732
-11.9384626990795
-12.448832612481475
-26.52507221492113
-14.615098977715435
-9.642743757705503
-15.105379584515488
-17.48185143039912
-18.59968396521668
-0.01776281953299472
-12.704975994296404
-23.95847594827233
-23.934212717109574
-16.003491341616318
-8.207144886816955
-8.267086254708117
-4.8216599721466915
-12.141856436171903
-15.920883618487524
-11.513621525897696
-6.883881393351093
-25.068886786725955
-17.85770802048136
-10.58583008942343
-22.369189738140783
-24.17904259792645
-28.362093233234386
-21.331570111740337
-13.755163834196233
-22.865362772208748
-17.236945357183114
-14.319738290635295
-9.054102424123675
-6.881601474652397
-9.397557605322804
-4.6553765587118425
-3.4180585046695127
-21.20247433464232
-35.414849552326366
-34.362225116019594
-36.84471433799239
-26.1521940814364
-27.98215116065045
-25.96078902663062
-28.883624073377252
-13.41401517047878
-12.519587548626516
-1.5593371160029268
-13.723811028236645
-14.12456101606951
-10.690458289162072
-30.864679617884136
-19.0275600067739
-7.958504167663126
-5.367416882487657
-11.166676588099355
-7.253617075117253
-2.0697948775330777
0.4378472577065648
5.097670401241164
0.415432313516966
-14.85142818459895
-8.432709268339813
-5.654724831347938
-9.026811926175345
-11.985318003760426
-14.324496610512247
-17.37310825516609
-18.43368697656703
-15.000681221217267
-19.266116217536503
-23.999972621118
-37.67626249829874
-38.05398758539065
-19.297830568428463
-17.282240169800176
-10.633323645128339
-26.08890349408765
-11.891284056540444
-20.705858067096948
-16.99355611698902
-17.131426885940105
-7.650425869497032
-7.027926924962621
-1.7043193807654182
-5.516468031904019
-9.950553221396127
-0.7808877717990513
-0.08179096223161919
-8.670902004525184
-0.3238638791569075
-4.989299413251736
-9.097200706924829
-19.541776543690165
-15.489807805694374
-15.120845407324069
-16.248248369370202
-6.225079969996876
-7.0231989938444785
-8.10781477289257
-2.0077650909373546
-11.337721751322556
-7.352763068668634
-22.40425677707859
-21.885512446699305
-37.49743439711442
-26.53168594014844
-27.624972151271557
-26.870146114437212
-26.257417979573326
-22.877546813752488
-21.255810186928922
-29.48454052404993
-31.31894078368148
-37.690150856479576
-37.334383879437475
-44.57058547182775
-52.259911993963605
-45.77351304994916
-25.362303206160178
-22.524867765705636
-19.24176837073944
-14.037482208764095
-10.598672152089618
-5.1442945702454725
-10.669183427056721
-12.0070581635314
-1.8230794171078883
0.13916173537267504
-3.6406968806864737
-4.692690254791249
