-5.911292776130447
-4.679880712442677
-6.78973938837146
-4.05813594989316
-14.337185648707285
-26.428719050077575
-50.170364294272105
-65.22213968298608
-45.636410398303454
-51.36347069752928
-52.328132220150245
-42.96850531078506
-50.23647451431475
-41.93294317344064
-39.01181660280936
-38.96900127254311
-35.706808583811345
-43.30273219344694
-32.425254321464536
-35.881898897388794
-39.982237480539524
-38.95663493658967
-33.204410473710674
-37.83250555958721
-34.943300763752944
-31.858149543224837
-32.94304517130729
-25.265014608576358
-32.743485434924594
-28.960154213913857
-21.161128693681828
-23.699146104356927
-26.662055020487234
-41.32796779183632
-24.808655537559236
-9.075292793540104
-6.28200194450272
-12.608718517277515
-14.76262066753898
-14.379831911165704
-24.992662620518303
-37.54338925805181
-29.855102985525107
-28.35625030400561
-34.443827262649215
-38.705555908748345
-31.738458397728163
-21.54186270410011
-31.224353986162747
-34.680722733915964
-40.25926816937041
-35.09688819058485
-25.435441191913913
-22.994046724975355
-22.715911476997704
-30.522832029468322
-30.319584044097105
-31.064631438808608
-36.76751294237547
-38.824372072499905
-47.59941797693742
-50.70250282522978
-42.95549479964416
-51.22562215361957
-57.46292268328687
-65.37705386885808
-58.44896157883449
-51.96159912810528
-54.13199014824807
-48.03235153023796
-34.87760278647685
-27.782458243026447
-29.403969853366927
-21.53947372614814
-26.340350574691914
-33.49025308048374
-30.71347245060005
-22.62902588802773
-15.842466623744347
-16.994054724696
-26.249473512219897
-24.413494165422517
-15.405915926970856
-23.243930294518986
-16.124623385022453
-11.424625301678118
-6.673967415221073
-15.414826214361124
-4.071819131678638
-10.946517641928596
-25.049943049898246
-20.619968131417398
-18.19289817366205
-14.323759760904524
-17.73745819112197
-29.795558025445015
-23.63761281159521
-14.316421041433545
-13.486120218067295
-6.918575945484103
-12.59262857355347
-13.947932873032716
-23.808908089593114
-24.51233565901917
-29.9720244944857
-35.67750089127021
-48.056799235553605
-47.285228077002756
-51.665589199774466
-55.36344367190823
-38.88916961825682
-35.41061937053972
-31.711766344872593
-31.001635173403567
-24.616596115487127
-18.373537384287363
-8.209880249195221
-7.719546758593179
-11.255268786882743
-16.9337412365318
-6.2900147063712
-14.954866108159948
-4.8030226073914895
-13.84927758919086
-9.013158660080958
-4.189578685130945
-9.383583155388855
-11.230669909308986
3.026084019464768
8.37888815255654
-7.967031546471333
-0.6816158389518533
-2.9786905665742336
-14.836225627578608
-17.28148190078399
-30.720286414438338
-45.08575808430791
-53.7057247878696
-48.250334772219276
-57.13529169055778
-50.96725192321431
-57.540932793459326
-56.61750600454349
-58.825204015219754
-52.579291807389964
-35.204039600213825
-39.397865694971216
-46.8655070739705
-46.87254255013772
-41.03000705497404
-47.64025380613153
-46.730669288847466
-44.34420157959442
-55.83493952689626
-50.33403118812585
-37.35367226738376
-43.983424497824544
