-47.03369196486575
-26.23028231907373
-13.094694021745315
-28.60832653294877
-24.43212560318418
-17.5852319064368
-14.535578277888913
-13.85122231032095
-23.08269567808581
-30.439634353879317
-22.335000434611498
-20.955477740606447
-24.369646109083945
-25.500298155656182
-27.02999742754957
-23.76510796706123
-23.901938077096748
-39.264379731962755
-35.19241926053028
-32.807478852318354
-20.074343267879065
-11.304290685074509
-6.2289052954236075
-14.063843572630644
-20.88588398804085
-28.882491111527923
-32.981725988345644
-36.31184847959431
-41.193593482543065
-43.8432541558919
-38.19748413882765
-32.66808041398759
-25.446415527743483
-21.818574229944602
-23.96130746318864
-28.376358476546077
-30.812855058705303
-36.37135586629963
-44.54798353674264
-52.44518163648592
-38.27079220213749
-39.881000488391685
-30.296784372012034
-26.41089141336997
-38.72209242968105
-33.089716882170805
-40.46999254059619
-39.563166004180275
-40.18994608671474
-41.36688351788143
-22.514535244663467
-38.92160226077025
-36.226633452196204
-32.128822235067425
-32.53845095626486
-27.76346527992425
-32.65861872451768
-28.35860264194672
-16.204587792953696
-30.475724988518376
-29.31000627167752
-29.91613314888248
-34.04256539136726
-32.749437571822696
-34.915209163375266
-37.873337957978066
-40.69694715836082
-56.36260813642024
-52.189684715442475
-47.372125865942394
-48.07008436974279
-45.28482784991919
-61.5295605582581
-61.519170979008166
-53.52986870384954
-47.08021992447415
-51.836838157214544
-44.16234325077606
-38.248880383041616
-33.868498727576835
-38.234743253794996
-44.2736993691036
-35.84461977786778
-30.294018122185122
-34.508307092436986
-34.67844892958204
-30.931082003695078
-20.246358816868913
-26.85606674079699
-33.98894705149726
-21.905410717673554
-21.163566854787764
-27.58350971529307
-26.764695864714355
-27.773405042706898
-37.795796872516405
-45.4204938485125
-41.131631153089025
-44.51928132695453
-37.05991467049968
-28.172285925991602
-34.73214280271662
-35.418616317200254
-29.710815599252246
-47.10084484475334
-40.51519661971817
-43.26987451410032
-46.032853965746405
-35.397664648061955
-43.50048704127474
-44.43930963252814
