-5.4585804407777125
-10.709614209514113
-7.3920149397669155
-9.93734234719601
-17.401787944984342
-3.8995775049479513
-26.80911850432443
-33.65768957673265
-37.37170081114047
-26.776103524354127
-22.55761779793624
-25.997052740229147
-13.676040114692242
-21.509079487548966
-27.21560922612226
-25.390601406747713
-45.22227646743365
-42.56286550925549
-40.270354811988646
-41.845822355387845
-31.594571273921982
-34.31533873618193
-25.252700096174003
-16.895913918498138
-18.05454236422512
-15.404024214769946
-17.751629596031165
-21.12960528786577
-0.6224509607374276
-0.26469517891620303
-0.6994858775121644
-1.5851964362894124
0.2290004844209064
-7.150610016970937
-17.261400353821045
-9.69363469845478
4.200790601166451
8.077443555147077
4.159570860348581
-5.088158246865644
-7.042502666341165
-14.882292634907133
-21.71445416996931
-24.52156824467874
-31.58572008879321
-24.635968636337555
-22.726025554043407
-24.703118166968466
-30.74360881335202
-29.7435501174982
-27.078049774635204
-25.761154842197808
-32.964325891763465
-42.15022733322487
-39.125213836554046
-36.05262017700865
-40.80862329958519
-46.63714974908049
-47.286667929525244
-49.66704962383532
-46.11817646663693
-42.933999060393425
-41.652319525503
-44.028970485686905
-72.08693245781974
-66.20975880154326
-57.682031555252074
-44.73070885537106
-53.010208918002675
-52.04257528317599
-44.96132824504637
-33.332288100809
-28.52313323565212
-28.315870928795924
-16.904215367993647
-3.0220087008265573
-1.2344091641697426
1.5072877931384077
-0.7426266537237894
0.6903599104233982
-4.476368946499343
-5.48657488359132
-22.04586847420211
-27.447643034605413
-27.229018533741275
-27.258967015070358
-20.903193283887962
-21.089671990716546
-35.3276699731453
-32.853585499099886
-27.409132841557387
-16.551778194204864
-17.231375297765037
-22.968065470140704
-40.93408557422746
-30.572439540151464
-35.59274192562495
-35.23230127193582
-34.999065878201705
-33.28524728670042
-25.339946215537342
-13.403462628796431
-23.68623016269441
-22.39461964525657
-34.025696956652105
-39.980658669892
-35.786729984206644
-39.33801899336199
-28.256054483572587
-26.148270191949873
-30.50062579670826
-30.768157096492892
-25.70089139758553
-25.290813922688304
-18.31442637294101
-7.156834578643414
-11.664981776561465
-17.336050624195938
-6.875363533608931
-4.783638224835333
5.744225523157239
9.303322029163688
-2.2901604513659755
-3.909029334228608
-6.026740680960232
-13.207359928550868
-9.890286630645207
-8.200509419532377
-7.27881911183984
-6.748236413128438
-15.46100327458184
-6.219571104220026
1.0149273888264352
-7.413945245525713
-0.0879139591066365
-0.07954424668978058
2.9877174471680985
5.615821387696756
15.310277434418696
24.0501795368522
19.80978837021313
11.990402166002022
17.94414141348803
12.597293751924784
1.7174422030902374
-15.889776062389698
-27.38521413671113
-30.858867574140927
-29.107872736904692
-29.33266119201301
-32.490240191025535
-27.6107381512272
-31.069963067659856
-21.347233185395226
-31.68144784460393
-40.31110171647215
-31.059786893950253
-28.611086171318
-29.747964333111238
-19.460599793866496
-17.74506424762931
-10.717491732182195
-15.567857296592097
-19.240782982470648
-13.073840279588698
-3.72557425793885
-10.608193753671467
-15.017414397778056
-24.385555731343302
-22.86588928631789
-29.81112101537384
-32.64645706330688
-32.914894303128925
-33.60653167137146
-26.067780833495217
-19.257195762076528
-18.79194092213632
-15.083549104573894
-20.90241565793123
-20.81691995884086
-5.976446476875067
-4.261102670023035
-0.4048490684817557
-9.905212744464539
-9.798980634532388
-16.100131738104807
-19.743510199122703
-14.635348115166162
-16.13018064816277
-8.100189153558789
-6.994627014235406
-15.96661749043975
-17.655503879913518
-20.720138598471173
-27.44147447167865
-18.85387747839952
-9.885571382963152
-1.8943764824611
-12.227674223143131
-7.080520855091205
-21.269883371659983
-33.000637516788146
-35.03548769124442
-43.110895599898825
-44.37576305757986
-38.41086340147592
-38.050918672217605
-38.380272769486304
-53.62672161431318
-52.461038186534346
-38.19983546441105
-32.945764952098365
-31.689990145622787
-13.640628777875571
-9.898545550271004
-3.376008248040632
-8.22326255988389
1.4547746019359509
-0.9280442210776936
-0.04707183654262773
-3.906506264506557
0.22096079283263415
-11.671516867310915
-19.09679139818372
-13.374282423289173
-24.18258737352747
-24.55917979840416
-30.219748888016987
-24.76878076204196
-24.044280319354673
-24.33161398270885
-36.35259415281875
-29.073817828184506
-36.888568465382455
-39.93761344758108
-38.64969072582496
-47.83070147922568
-45.44415570276504
-40.63694349086532
-29.263793163558642
-26.86558883671114
-28.180682153295532
-32.8396573975418
-29.48528887175687
-18.03854460004769
-9.790366703251475
-2.7638245811853213
-7.504275303671415
-13.182801878655232
-15.228656262796006
-21.811466309002643
-16.088237297335176
-13.26659892649457
-21.08502185916621
-13.925966705830414
-24.41360412763031
-15.04792954486765
-17.684069210828874
-21.593444568103294
-24.2241983061005
-26.25379230845964
-21.929590248189307
-26.85099146956671
-24.89586314220729
-20.12788806080197
-30.206050703789234
-22.152973609322405
-24.301067756306054
-16.744661969206483
-3.4817549440211857
-5.869685295071058
-9.835552002768152
-6.752974715733137
-5.893770012434503
-12.558285864703214
-9.825658538008922
-11.61037533270834
-20.97057864521095
-23.80469005745747
-21.05478895646787
-8.953682753662608
-7.084786621439919
-3.8179674175960976
-4.009172727197045
1.6967400970209758
-19.00804043808429
-4.114037901555479
