4.105338596511594
8.132740434367904
5.250493281493405
18.387251912059575
8.650405300849833
9.399962382844654
5.5290360013339575
4.842339417446705
5.43069030416301
6.940566055368239
8.455630698762434
1.6308432602954672
-14.534127278885615
-14.933732669864476
-11.088811946542508
-8.874313685666614
-13.352441728261617
-16.492210278698426
-19.503999662207306
-31.801733621365795
-27.946250904593263
-27.754858381452923
-25.55320706642248
-30.137654794038852
-41.61833433421784
-42.32445371907677
-43.713044364793596
-40.75092959760703
-45.39478019944971
-50.07849366568132
-52.160206885782344
-48.835742333322656
-40.747359490994334
-40.97862374980517
-39.35077096029587
-38.64087475239909
-29.64285438143803
-21.201266211968363
-19.030501332224052
-4.838239534116445
-11.013772333503859
0.4279693748177599
-5.565119805457012
-5.404414707522653
9.05093965260324
-3.4171165502206486
0.08737534425665766
-22.441543267033783
-11.633141381855124
-18.824266611021446
-13.413663106568219
-13.524934225887392
-15.33310294688734
-8.49611026307443
6.042507558412975
-3.2676744025159934
0.5526879151738465
1.8008190146511918
-16.153730468978505
-9.638637298133002
-5.3452192867998365
-15.117690999284475
-14.143106636693686
-14.535297256902552
-18.46277200480341
-27.278425074662856
-28.99553107076029
-29.68464686929677
-26.512337630135583
-25.04253561052289
-21.767760922703854
-16.998286023965637
-17.056478541435496
-19.292279979024165
-18.070179276458198
-20.021179171718984
-21.23607990931848
-25.316814115405922
-17.77450418901814
-19.514118930814192
-11.666713364874553
-8.059230086732732
-4.1048644286582965
-2.6211849100463653
-12.417753238313495
-19.104992310888232
-23.226252895177744
-15.84968309847425
-24.037442787592123
-27.67957178619417
-13.983805328488435
-20.669798857256374
-13.026537096488564
-24.500002697239925
-16.169513680001025
-15.67084129651774
-17.9723242672439
-25.718610256859897
-20.063896737017647
-13.280833439267065
-22.884725969019318
-12.891188472928329
-15.878676165132225
-20.776099067128005
-11.343989106820164
-25.024809197616943
-21.425552035207414
-21.444437481742252
-21.825896007632874
-28.53741035453865
-29.595975657592344
-29.651259920179715
-38.794701617210904
-30.49321855477807
-33.178134396982315
-45.735421827729795
-41.536695285113375
-36.34975476080799
-30.31789279642709
-28.30587170859241
-38.253129867130546
-29.68261215692522
-30.305539553654647
-32.761873152043464
-33.37783399591924
-26.877501804314278
-39.890209789062254
-35.469023718368376
-33.85299597358408
-35.507145399496096
-37.70632890423354
-35.4798763082696
-37.792949875706775
-34.19562798930593
-28.701249552500876
-19.958254406238364
-12.889302034469695
-2.9538130617319247
6.899981345607237
5.331955394877636
-1.9710108230709664
5.845249808243665
2.166626799671703
0.4357352534063316
-2.1079895605368693
-0.7013654649300339
-2.6652878049660997
-5.655608594997535
-10.928347406041617
-6.323816989700965
-5.820566095018751
-2.459225442322672
-6.959158502429345
-9.465419777213734
-5.675321402318037
-1.6706755652350875
5.91556627346763
-2.680339942748968
-8.13991287133463
2.529484552766036
-12.35748412685026
-3.6896046800189546
1.491481278338315
-3.708648723001781
-13.59072246868068
-7.85932336294924
-6.502740410111335
-10.836804450677429
-9.478699559817409
-7.38190506554945
-3.0281956774657797
