3.081695422657913
8.160513788774098
11.523996062209495
15.710017863856757
-0.31433966599393065
-1.604883698493858
8.833684544291572
-2.972720532770313
-14.434775318784132
-30.815588923021647
-19.64989024566304
-38.879759794310296
-37.35591408855967
-41.281190666350405
-48.155948198933494
-46.470190247138774
-28.433528972569672
-22.090783703012804
-27.78590169512423
-19.7929008220697
-27.47137944722654
-14.735052041389437
-14.501142836813624
-18.03640868685689
-8.100703161060608
-2.832408021246948
-3.0260613223209702
-13.422832053736505
-7.528407811864913
10.289323675566292
3.2649167692835808
-4.625116745141979
-6.258448770410501
-4.270698601578994
-0.28513386056486884
-11.544284285987027
-2.29496284254608
-3.4057342394773147
-19.098157532824413
-8.740167035829428
-23.76783615352125
-36.04363267073828
-47.107140760422
-35.33389138759297
-32.00417093594256
-39.62141700983895
-31.806440019625896
-28.33875677398509
-34.782461024491404
-27.169816012345706
-19.564718982139468
-7.036670354045893
-1.6315926232883449
-5.935074429189831
-13.171047760065534
-1.047623677978454
-0.7582847473506759
-5.76780607820154
1.7859342536510947
7.191610045888225
-3.416025531249385
-31.356938791925586
-38.69115308470713
-41.98014851409762
-37.49659347857353
-39.264785190774596
-44.14239826606108
-50.55558009625468
-54.703398904310845
-50.00850611892029
-43.56639710242397
-39.19335716592728
-35.474400901410554
-42.211964416889046
-43.56608827442457
-50.88008553316293
-39.17663283702442
-50.693272174586774
-41.925037819520995
-38.757172832715156
-37.29063108272634
-41.946555088991424
-29.252618802943115
-23.50838731672193
-28.319562091941176
-39.95632959396573
-46.28170180639484
-40.82916302161802
-33.56585764203092
-17.17915643766115
-19.409855269666952
-25.646989223393785
-30.26839627864057
-21.379356587900496
-23.433936779537675
-18.58852903719125
-18.59632216348697
-21.255817030313413
-13.048788109199581
7.135889586379122
11.834084672833422
12.895283746428527
11.843117157395794
-4.841286849267493
-4.9507353420188025
4.122237519194211
-6.008155039939242
-19.164908110773336
-34.80283405089441
-40.93878261366
-34.69203217534397
-27.121064650640346
-28.85812229752425
-31.97442904710053
-35.89893425716624
-27.337034290308804
-37.523764988716394
-28.12128350665205
-43.09342440718751
-34.468269737497714
-22.816580067937046
-26.42273495031937
-33.547114253463434
-38.301633578537015
-34.919893930652336
-38.0313527810125
-62.09630473509616
-54.025349547974535
-45.29606602711028
-49.688559563448
-41.069979370541795
-36.864546542414075
-33.269116726244114
-28.704196953325557
-27.17776364994577
-21.990149983634133
-29.38114721609345
-33.24189428926502
-33.893563820770716
-36.57068769449098
-39.271623511077564
-30.108573721264623
-26.914341117522863
-46.88163153021653
-50.79725460032206
-48.05637248865745
-25.10302481696813
-18.71672416953607
-24.89602369827621
-17.780204644798673
-14.239372212331517
-10.394483573211863
-3.7926842451150713
-9.489333960607222
8.09725369610908
10.086221096489918
2.891058580553976
9.10553952128709
18.85134201195621
20.08549629382693
24.655123314175924
8.054366770294179
3.1472887761608845
9.83353566913978
7.441464781973928
13.694771426064973
8.021619631920593
9.494179868653397
-8.920464016107365
-7.21483405320391
-4.1349792531981295
-6.075203554514709
-11.296320764275107
-17.75962287202329
-15.074808759160495
-12.292916408253756
-7.195032982652166
-6.606404212052219
3.0774377117817986
-3.1019674984641616
-20.327190188905394
-13.478940388251274
-11.586820369226489
-8.374972434895675
-2.7231014697311635
-26.018780506310065
-21.48514019950552
-17.894142733348907
-10.604555098312034
-23.39729181252992
-13.250832791623152
-11.630640336393954
-19.750876642782398
-22.536715254763866
-28.931922528027282
-10.817341668727787
-16.534217801165255
-20.785572983273408
-17.291584543703106
-17.489926541973528
-13.945785215507927
-22.311961654244413
-18.16979263177789
-18.721724860979787
-23.13667294598231
-5.9364185808954595
1.7193160282906383
-2.2185376593235766
-4.38764155934612
-1.4133683039505216
-17.42994262504848
-23.57293165008589
-42.54038500605185
-34.77966396473519
-39.70529494977097
-53.26404262545982
-38.947957774369506
-28.174944007352753
-24.918567172991185
-32.643172632354535
-28.241206354107018
-21.565707216675506
-13.192428989064933
-25.18366320527925
-21.5888919708869
-15.121440753107562
-27.854589462373657
-18.313842143629007
-23.667367362533398
-29.275107374290524
-30.511311635572532
-28.94965478182921
-21.87247633688977
-34.02617557334574
-31.355895586219287
-16.862188651200434
-10.899147714307796
-12.439841909795845
-25.515606816458117
-36.33530592826451
-13.223842868148825
0.7471958235221918
-15.223877717251526
-11.446071421817274
0.8019370165467595
-18.333691956655507
-19.00594828478083
-24.343055183021285
-31.54567044747459
-35.395532739479535
-32.113627783975694
-49.805881108470956
-60.67942621419571
-54.870054786703356
-39.9789923482974
-27.21007633526972
-29.383050537699624
-32.03629985403101
-36.021041462236404
-37.08511002277557
-34.63074470000869
-16.556883975005704
-28.977137909645005
-22.93512058039566
-34.43826977373434
-18.939117437096694
-8.322636176067057
1.2275683367837578
-0.917051354365532
-2.243884372078345
2.8873975534769114
4.550312742944414
6.5184456110456725
4.9203653089266455
-1.250423327871288
2.9947971135684215
-7.359335426506572
-10.345552789062943
-11.177360827456967
-23.696922398256397
-41.053783431572754
-60.48817789980637
-58.602273060307525
-43.5718389603024
-51.803188372038015
-52.298558640280525
-45.68790584664614
-34.529174633336076
-60.895920334538644
-43.14426353464266
-42.346997219196346
-46.55073121106636
-44.5869421510144
-45.51670539652052
-38.13093132220681
-41.05330337639213
-33.368118677260014
-32.62839333398258
-37.304176664885865
-40.90577046676749
-44.12079949862161
-31.46266816929008
-33.3017075509401
-27.35648307288216
-32.86804597434025
-37.076459872414596
-33.62902153120629
-36.54070337920356
-32.008396125304344
-33.58537428148825
-25.214519344481502
-17.423217027904382
-47.647940152716885
-28.7038875403544
-25.69124264962755
-37.80122073514321
-24.900068937238746
-23.9327545778605
-20.716569691598004
-10.503263019967717
-11.546763137295821
-11.991186118242233
-19.59175483048889
-8.998428452002887
-16.171012738073067
-24.203363985561577
-22.18734109284483
-27.762391623530842
-26.55907094309698
-27.770940862675452
-29.72744100573225
-23.36779530279668
-17.447839569183273
-15.26315724326532
-25.75352380525392
-16.749028031073706
-16.14892025249685
-21.651317743074337
-20.46674504594943
-24.952323612251806
-20.151545349923733
-21.623527240316488
-29.72476648082777
-35.74056781055061
-33.88897286403685
-47.38098358298794
-53.7207103663536
-49.59040714684452
-48.08254450894642
-50.888350656030504
-53.023419309447405
-47.543533862531405
-58.55049072115473
-55.96391259507739
-55.6223938183173
-57.68397702100121
-44.93583652746431
-38.636347832123626
-43.504072268186455
-40.18632441873681
