8.267918726369173
5.597869537325487
-1.4872986188203836
7.488004203986041
14.86332467107527
8.18729123427874
-1.4549134868056184
-6.890870033013758
-9.480218476807286
-28.187837904161142
-34.9726946052393
-43.92815078868
-36.68235443269536
-38.81166541586319
-41.534600452080454
-37.3676324444334
-22.046659964170107
-20.69966387191622
-29.899039174730426
-21.975359114680327
-25.500289573789047
-23.95911323602659
-23.60941455164357
-17.019854858124578
-10.905883163739992
-3.4448147123593866
-8.781332128762626
-6.795084939717497
-8.389029185302173
-0.9311508136336418
-6.007011862420423
-13.542761155391595
-14.952694384825936
-19.93354711636596
-1.8475612949667348
-8.329980668645035
0.013365009041736946
-3.238184534019972
3.6026284042895336
-1.2737234694573911
2.7143535233599625
4.481249112265052
10.139149317399493
6.272906924807642
-4.363343190539839
1.4000085701897869
-9.183698089512676
-23.87288884145699
-20.323080125104088
-16.41975422234524
-31.528615570076237
-34.37787535184394
-31.44451918736755
-31.440407717274248
-36.44754810848746
-36.655417080251134
-51.76173770800477
-45.01770693167721
-42.01975660631468
-31.736288753114827
-29.121709026987357
-39.046529990545075
-40.06807613497383
-41.52179870980716
-51.74358058307951
-32.01304948406978
-31.384985795925378
-42.7032771900635
-44.32618412260425
-26.516875864469412
-30.18046194662479
-26.135960645588394
-25.45471710987277
-34.71500363925481
-28.582113094519748
-35.17617476795562
-28.393924894422213
-23.304453861020235
-26.386321022292787
-29.054796654698425
-31.661605663518426
-32.51808688578608
-30.990983027900764
-29.11249856803016
-29.265099326836115
-18.29254335059056
-7.867160654925773
-17.11318410444005
-11.907617543007431
-12.812122143006293
-27.44260320022315
1.0015980395099828
-2.5852460043812044
-19.762132631434078
-41.440237758835686
-32.033611996542355
-36.702323259345796
-43.169884907151776
-25.35594954916898
-36.7593123719223
-57.88363642376672
-44.58245629852237
-31.217831107531715
-25.656834004674696
-33.01911603661868
-47.07259548336359
-55.10613513122098
-45.91239478345869
-40.73437248522698
-42.27190533417829
-49.98392447837363
-33.240155695055606
-35.948191649751074
-38.76396927399032
-24.679611679347463
-19.324791674906205
-32.11752462848639
-31.32952265888171
-23.681715263081315
-16.725291991565342
-22.50358505937856
-24.394465495955252
-22.77702019231307
-28.82812403358159
-25.704552169352773
-19.870789683581027
-15.372692140892616
-13.736798385227267
-11.840171883747484
-10.721946262765575
5.173136316670985
-5.2417924012055686
-12.771390768125027
4.429530111305678
2.9949191591076114
8.748656809721549
6.792455060046389
5.3749939175852415
-5.1251370706909025
-31.21876243472938
-21.40720308461009
-25.832425677023114
-26.094372904124217
-21.337943581108963
-30.91218586372572
-41.2243773309978
-35.77686214002133
-29.35553230879896
-18.974229614591664
-16.573637344732894
-27.95874146668841
-35.7777024386221
-37.23751821444679
-28.371398167907422
-47.911694859501075
-47.97333334077271
-36.56412294401383
-28.500448081676588
-26.997409250065537
-24.519443575674014
-25.586478268435897
-38.12364275493353
-30.559627394916163
-42.146033872007706
-33.27687117589784
-34.41774113398913
-36.44663663390274
-46.8538369448289
-47.09745898580785
-51.25924404794765
-45.734887767620584
-40.510067707701566
-45.816876624187024
-48.94525601200055
-43.21265137317925
-31.68010023805988
-29.599246765344898
-33.28068662610507
-15.556982240446501
-10.199629769913473
-5.337499409428867
-18.01532093590793
-13.483531256563749
-9.567964359428993
-8.584420761216927
1.4090431740875198
2.9059554849416185
-1.651291157331683
3.3096188205897143
4.804572943079922
15.151638945484418
4.624891117087718
3.23770502770162
6.191935299664976
5.5701379764963095
8.135176155830681
-10.658169205631934
-27.483416417929078
-36.64764827404841
-36.020583918225825
-49.38727638129902
-58.29604961714114
-66.2800789806257
-55.42340816298422
-57.96272667253873
-54.12500508246676
-30.817742191568023
-39.477271650976796
-43.164288780948
-34.98799975930647
-28.11009905779764
-31.050409267305323
-28.533479300021554
-7.339094227678398
4.077839892689002
5.202241862407842
-6.7964134152490425
-19.30867544219389
2.724708288891794
11.718535455687807
13.361151022000596
12.790736622040553
10.237210468832076
-6.094862918062176
-5.735367066173234
1.856573287585932
10.46020328969397
10.68567225058662
7.251867666835785
-1.7695998959400592
0.9603632193368166
5.534607936150622
-24.814559091623405
-23.449841599465017
-48.48103587839245
-38.63652484220479
-41.547932761979546
-46.74443613849572
-41.76154979959694
-36.48910994317039
-39.51762563434271
-40.69300939742197
-51.47172137519118
-41.55880625385755
-49.371056628845885
-30.378536151765854
-31.75598054101233
-24.39766059235096
-27.545995193824183
-35.871517021495094
-30.484362511078896
-15.936944337257726
-15.682630720400367
-17.994014010385914
-19.30389212945876
-30.557398822199303
-35.761190958108514
-29.565141058064928
-32.437714291714016
-26.920629467316637
-28.283729635625104
-19.880678291236894
-18.9442233011332
-23.158887686779615
-22.981923301822267
-22.32883039839812
-23.57401255480596
-33.039171803390886
-30.746135211632804
-30.978343736432482
-29.170922819398356
-24.892764390926324
-28.857064077177558
-31.42401459846077
-23.184638809215336
-25.642804271154464
-39.453859051743045
-36.14806629261839
-44.07337869492565
-42.246256283912345
-47.856032460959746
-53.72020599450863
-38.7313676904423
-47.49264536343691
-39.284539592726865
-42.56816043115885
-39.38241784777349
-34.776767804892266
-30.931409740386528
-32.387552204638766
-44.72001678995923
-36.7266260237069
