7.703121782239868
12.045037257414892
3.696391708550019
16.6989993733679
15.600141038811753
13.35575614761318
21.53964232167728
26.70977959359428
15.342751733204635
19.02342292998573
21.811007127709235
3.5956111529784183
-6.254447933190672
-32.360402592832976
-34.994611799777076
-32.49334703214035
-47.78734712783763
-39.9103334499485
-31.71278944243815
-27.87178650817659
-20.111762065721432
-22.94209689383571
-25.706262023200296
-14.537123381921225
-15.543237786865625
-1.849740442850228
1.0444205210392845
6.707509853822447
-3.8139284059015863
2.732897801886835
-2.7293844963325107
10.799890019224216
-0.815613179007913
-1.6071948106169902
4.1410678244134775
10.39651852321644
4.663698176493997
-1.735564621752943
-6.816138844002599
-19.356921962499683
-27.411919842280806
-20.06677247817457
-35.06711364831044
-41.43632660772537
-34.99864684324651
-37.927987477489424
-47.61738334957379
-40.230859575177604
-35.268850973157136
-34.4194425148996
-41.900431631015756
-50.595321527194145
-51.975240020643064
-56.10326453176725
-44.2939901059389
-40.99134432585644
-36.595191828767256
-39.71737612313122
-42.714671958163606
-30.75519754398993
-29.147676723899192
-34.931891244443186
-25.507691940818876
-28.851713591982094
-26.735662956563587
-28.520328537690396
-31.74785301258963
-26.661214070393683
-37.120007561119955
-40.70133226104072
-32.19007087112912
-29.90015193374824
-25.10268000710501
-15.353284910216017
-23.63031972923077
-5.242933085361555
1.7058448586523096
-14.156593130553546
-6.856874073902008
1.4631029063711318
-7.964556924089707
-6.013901031377838
-1.7834637064080645
-1.3370175777474156
-12.391973808143515
-4.323213936382263
-6.4316124819056535
-12.173760235665846
-11.480148308392055
-7.7705646368269
-19.280038525107667
-17.345803176431996
-26.47018976797072
-29.474346830218096
-45.33663252172134
-37.201637460757816
-25.758738057096423
-31.11794461928461
-23.75088267959636
-23.57442807577476
-31.09807089504236
-31.57303304793685
-27.547740043402747
-22.103942849717736
-27.017856842060944
-33.124101295469764
-28.27720433850479
-21.580531502043534
-31.074405714958267
-30.86147895784092
-18.591564271097507
-15.296918064075733
-17.323042611460277
-21.673548785333594
-22.90584005155068
-15.999615633527055
-9.560320428807367
-5.945537607495647
-5.194582653097061
1.2614344917406324
-6.730690660016114
-15.602115783182294
-13.533789760025853
-19.396360759950863
-23.009716898316174
-30.37225400395999
-23.583297613211236
-9.766597317319095
-25.190727204663645
-19.472503869723443
-6.766572101237166
-18.438951064714253
-10.777944170990434
10.364802502116328
-3.3533628114632887
-15.686977475711231
-14.23011817091127
-16.070053212947744
-13.249889016685286
-20.281194138393925
-20.49903754763595
-24.490145304982505
-30.74631312185899
-13.306990626655107
-21.493923344701948
-20.595686254046463
-3.729376060042187
-10.03838203751615
-10.503755809586394
-13.618712979513793
-9.191982118017538
-2.2321962854621904
-11.102390279102542
-9.647205092883725
-0.14680011755437333
0.9103823091093861
-1.3369304008457072
-3.095188968194105
-6.532964598784655
-13.25968002108594
-9.984692361824518
-4.837747579213596
-12.991283398711634
-12.951443223741968
-12.294135111086495
-8.493478919292071
-5.885182171302008
-4.136013581746063
-5.940425854287313
-2.801605421504131
-1.1044149982121914
-16.51780215788375
-13.066379442977393
-14.525194513028119
-14.571803734521867
-6.235355644267554
-9.545918944597323
-10.031259609015029
-9.0308297782705
-7.521708136939234
-12.114906770868885
-24.869552017387637
-19.87784735020401
-6.157262431145629
0.6219260305929586
1.341121653250329
2.4577308696596134
-8.109534780943497
-11.211547547097332
-5.830830612172205
-3.5573673033653224
-12.109957909726772
-10.757131010458092
-15.374206983059507
-12.751303453114616
-23.648824858535352
-41.400610831544974
-18.78943974535803
-18.2101744390363
-24.03989048440286
-22.097374486548933
-20.037064465631726
-36.73145828257882
-25.23509199072825
-24.758585387627782
-20.0610811698844
-21.257268385600906
-28.947772071161413
-17.881226675814915
