-14.215418124950553
1.4222773483950892
-11.84595011689732
-28.691474732314976
-28.23198645690627
-27.49592594701065
-18.30477250903
-16.87082911950193
-6.682178309108067
-9.075055495756539
-19.583851583045952
-29.072760589253413
-27.72542800310177
-17.375645270437566
-16.650393250629122
-39.15633640239769
-32.77331958612187
-26.534840521228077
-36.18323560424145
-42.34267890198609
-45.11315382802188
-41.28859481568008
-32.87434160769429
-30.38997804567996
-42.77736092858497
-29.767372842406427
-26.18226822281257
-14.330334333188622
-23.621762247832994
-23.11190152639428
-21.129958733600787
-26.58673232731451
-23.021410223078078
-18.146740725381342
-10.963273942642088
-14.251715295209493
-10.050659242393435
-7.2618779666892195
-5.8412927695011225
-7.57607694800074
-11.25634766203584
-12.463905796408765
-16.053221458485847
-13.9400842308282
-11.888965704915035
-15.042600982853351
-19.00669105402342
-14.25768818560043
-12.102791894820195
-9.713445366028383
-12.518830868352492
-8.753946748141898
-7.815170354919535
-9.270090152825784
-11.31480965469187
-10.526619696153887
-20.938079650912012
-6.3432146109649015
-5.151055859168809
12.354900298063495
10.412185318222614
6.5704556611082445
1.9980338720179298
1.7891055384049994
6.8673665526716245
-2.5098028685980918
-13.108022581917755
-12.124100817371232
-3.364600964402233
-8.853824217461641
-0.4273237041527169
-0.2918822482101732
-4.362147074304295
-12.2246075895789
-12.49537447458782
-10.44644791013672
-8.040466739128043
-3.43737253683253
-3.685642290198299
-10.695576185916574
-2.609616782983452
-0.6041112537020032
2.4570855044096565
-8.431473128483232
-7.414438206756206
-1.7513916081330725
-14.431867159688435
-4.873514881835912
3.3749440295126463
-13.330434686594016
-1.8580794522720268
-0.98884015737085
-8.983848284108117
-27.45866800257949
-19.26111758184388
-14.345841373453064
-22.267902098952565
-16.34199130594118
-23.872958257637983
-14.3154949463288
-18.278532368563734
-15.994447239935946
-20.181337958181512
-9.826266913029963
-18.600323607055657
-29.873817922076377
-17.932661835803298
-17.08837583530026
-14.506139751799019
-15.04318280878077
-21.530655251389078
-21.092205762163815
-24.40196490877989
-33.05076694120492
-38.94823364860841
-39.637607718524265
-14.193075521592062
-20.8546627528032
-32.86211193909032
-42.68655377258035
-35.149608440220874
-18.24786814217929
-19.61664599893929
-15.059871801467116
-13.643244851466577
-16.845854804086326
-15.350224360415268
-2.6909764475600606
-1.0895572960247568
10.115626342841107
12.948967071612932
18.16433959261189
15.909453718556735
20.602448860912524
19.750371971306922
8.570182127957645
10.98995159501516
