9.588529898080804
0.5511246972559734
6.652346328872168
4.031317854178822
3.4785685679079728
1.9559509138915845
8.740275935119469
4.567474110679997
7.569724354804697
3.6064070865872138
2.1455835542003103
7.912512670568183
4.280178316140888
8.187116102389082
9.115069355296471
-18.37478552331444
-17.035998496619598
-6.510184501788406
-14.500246992640418
-6.197535913053515
-7.249049549497923
-1.6596768151821453
11.366344642142836
7.425231411822374
6.3403709861768816
6.0919354947136775
2.708419760348429
-1.5389788894167262
-22.71008929594903
-29.94144556820462
-48.24481860363318
-49.84877328917701
-37.241497542528364
-34.05739742208828
-37.61601586930775
-30.951652315415476
-25.123036920108373
-34.58361368139997
-29.21769167984528
-10.518435460264696
-8.456103341695119
-19.069814099282414
-20.979010732093712
-20.32692420692743
-12.07907564451444
-15.839347928114414
-8.407876099701653
-12.839041510096774
-10.116400394971494
-21.56404121278771
-15.194215889066214
-12.40462623775564
-14.556126549985551
-18.378047652739355
-22.11024268040626
-15.425887885595627
-24.30731948468017
-16.808745406838874
-19.54042646428204
-35.88608677145937
-43.91965349368249
-46.51487990186508
-30.307332437144986
-20.62883075972953
-16.0674745799572
-14.029313612197347
-16.65893507779333
-27.194414454676405
-20.631172528132577
-6.943257303059722
-15.507968261893392
-20.36036085723896
-25.016954209594985
-16.277894962171054
-28.244062668583087
-27.33138615084479
-18.360069726855976
-15.110551156761463
-17.394309648416836
-29.0094680579771
-15.702437021363206
-28.45902306545333
-15.520391357965096
-13.249007828335257
-15.766163167874886
-6.7383208599212985
-1.790276949563232
-3.2329295328141963
-15.009922226486365
-5.6493115119102155
-3.82096768192438
-5.59035453055484
-10.741026575202019
-13.946671430907385
-4.667582214402821
4.472043315086672
-16.35777863680191
-11.629349577858555
-6.370095345815753
-15.788939439273207
-1.0192586192411444
-3.841947400297312
-14.169882837579602
-13.0237768874529
-7.8780373184163155
6.3583445981231375
3.025029793029331
6.851075634853347
6.2730284168414565
-1.4070547553943298
0.7943754212854244
8.679062681039515
-7.7006728358150225
7.291832710460997
3.496527792548596
4.081329125339359
-4.830605545732084
-7.101708684001622
-6.89503634379721
-6.922841110066649
-10.057339260158091
-13.742077374467694
-13.61391080896118
-22.83953069655549
-27.35941467459395
-13.496883085126063
-17.743470446560067
-34.69164103510329
-41.48082754288774
-40.59745569243126
-27.022720758380547
-34.5091499929348
-33.761239784405376
-27.794505538877782
-33.48368020566451
-30.751774944265215
-31.073635783392767
-27.874281387939092
-15.743987770178794
-9.776516676560496
-3.883782427259968
6.699305415939445
0.0073479085798874655
-3.4006633079986845
2.1874759628031555
-1.3044557693174177
10.1506739188449
17.5549180875853
23.89016387176866
9.157546816503393
9.788299049271188
12.084701183723553
3.3658210961487813
5.263615095089605
1.441905255208889
-7.53697976322628
-20.825881961493163
-18.382888999497357
-22.829308628282746
-11.090541927057648
-9.130434892796952
-11.572302957728631
-15.768542185247972
-16.78771561113426
-15.565034922024275
-20.90154421392163
-21.558609023534512
-12.957155709139895
-12.66862912640359
-10.649257254065427
-18.097911067466093
-6.572996915972066
-8.743070719174725
-5.489416691322867
-24.202976858424762
-11.653261507045492
-13.942071968540125
-6.078730594547676
-8.089973494606921
-15.00725645829866
-9.125412439759788
-9.277708400688397
-19.48827099631082
-13.530831824069042
-22.00880153238975
-25.424120330567607
-29.271140933764148
-31.324345250555467
-29.73208875993723
-36.31524737766272
-27.85242882681593
-31.06739069150279
-29.030789318527514
-34.69688978356343
-30.731146328386487
-30.663546162327552
-34.69816807919895
-27.110352877780905
-41.96413885572599
-30.14352844763926
-38.145958284192
-29.21100261378434
-35.286929796921136
-32.3725792026979
-35.51498275259319
-38.74632374492968
-32.55367949362466
-33.70487833352361
-29.59209176186653
-21.882772575270373
-24.080964903793145
-10.945075260300245
-3.5144106224173286
6.326643457520629
4.290183931941341
