0.5848952830228481
2.906173420330495
5.858682609748995
3.8156321529342874
-1.9195478438049216
4.9595827992721455
-1.5095564256369869
-5.2213003704653165
-12.505717906841767
-24.59428368201008
-15.589040326106927
-33.01104584724585
-43.72505956757401
-25.573619745375968
-24.304831919605107
-27.407080341960558
-12.90009545652502
-22.38860822612489
-24.169917789531933
-21.862302043201257
-22.26076840039185
-25.89994069380303
-27.68369266421313
-34.22094604456287
-47.35586333532671
-39.550914490129024
-34.071219715087125
-35.293320949096135
-35.797614638903305
-32.76510670389001
-23.87857239847707
-24.639310856959213
-31.713174921286587
-42.457234738752334
-32.28993990061081
-29.799698453911518
-35.332162527564705
-43.08145549198287
-39.62216072919548
-38.42908949393279
-22.449175740348302
-23.326280976885343
-22.04986268054276
-16.5999751947702
-11.683429759242868
-4.991487001483213
-17.00967813273295
-13.34832859911465
-12.735228512239509
0.4620130349228132
-2.7967980239118004
-11.995736760602995
-10.041594634379296
8.214110335724143
-8.068376028438426
-6.951326796476579
8.658050144869371
10.47223583419707
3.168242680471773
5.288318550723619
-2.4009907190559048
2.579449350977707
10.860167665420759
1.7484167696177222
10.541263518850624
-0.08756273659394062
-4.4090977528264865
4.7447886158005055
3.4015406925936955
8.892100473611391
9.449167251572069
6.7829547012982
14.116187480640907
5.03301849676926
-2.0186718918137894
5.463829880801022
10.636064395624366
7.648802872166106
7.896893078610808
6.5256429713867234
6.046449497365093
0.8399483540175524
0.4475131950607653
7.691744331607004
12.640906875729845
5.253417975579161
6.043685365692323
-0.2415041548161856
-8.041728383791867
-25.233390570915123
-36.678667973176324
-32.421171501024936
-47.03600014193356
-40.556540534300495
-43.12845734883846
-42.64225985726664
-39.47698990073172
-41.28320155113549
-35.827429345293105
-29.230686836854982
-32.61455089808235
-34.67162668466838
-24.794101061319548
-18.046065223628567
-47.033992388669155
-35.13779559185536
-23.09105506289149
-18.319748079361773
-19.66270431578494
-32.10125724384003
-33.736992885727965
-30.168002981171608
-35.126212266576864
-40.91475108242454
-39.094163169894145
-40.97826941320096
-30.448370792893904
-19.941876184154047
-16.94705768264049
-26.78855781692028
-27.93919478361441
-25.989334506619286
-25.939538801663858
-19.531466203103854
-31.34696210991678
-32.369974256915306
-26.83442572963838
-29.330116580830516
-21.77816330350246
-20.5171860441366
-31.53742082558248
-15.786005616484935
-15.455252196826661
-9.122004346281422
-8.532972937259133
-5.896027256039393
-10.664218892396702
-11.252192864289055
-7.678734866329393
-15.792342630939851
-8.99328592021954
-13.895669528665394
-13.632846520740838
-9.977792205056089
-18.310852495532387
-8.038678694284378
-12.676816856097828
-15.64104006156126
-11.515003090775107
-19.55698025855495
-19.75262627561255
-12.10215163927813
-7.0506075650496935
-14.702344699051011
-18.3330781372219
-38.080754948234905
-43.25404186774749
-41.02547640650486
-43.21547612103753
-46.15870034546025
-46.999445083297395
-36.22008157376149
-37.23373081903477
-32.27288908222205
-26.84090352757434
-23.960682858512982
-33.77496136983922
-21.70111622713755
-27.378431013710514
-12.2313617340377
-7.5412296802463175
-7.165030898572644
-7.356607234135697
-3.3909206339835287
-6.693380058672215
-3.792626678501227
-14.266355255805507
-4.303039785719885
-4.222648210490963
3.2358739387934805
6.672897936589497
9.845066952511953
1.6729422571240782
-5.023183593279343
4.056871955774467
-4.0278264841853915
-6.788299182463938
-5.831971288213611
10.607549637074182
7.555587919340393
10.864751444679806
3.278738331600582
11.774385883764387
11.023052510477159
-0.0515911289598336
12.525536921008605
10.734926204340557
10.1333152626258
17.27785999108829
11.377174503388083
13.579963433478087
9.913981216916325
14.540572608433811
16.05451878328779
7.6506870998781
3.5497129776708687
11.974686967332607
12.967649826454196
15.74650007497905
14.598704041078427
12.226892912435494
8.614161604902133
7.893663682251431
-0.479366437491175
-16.974210636228044
-14.231223299430006
-7.137847067589793
-18.640654194643766
-13.035931940967062
-13.430967552192007
-8.86347321405033
-9.65378428307773
-16.92874576757206
-15.294844540608173
-17.028351267285267
-22.456898754420067
-28.193249992864978
-29.465939568441094
-22.19236466394548
-21.22338033691468
-28.300287400098853
-34.581957117837504
-59.49754084650025
-59.570368604251506
-57.49675076061872
-37.43183914636037
-43.841682126685534
-38.05242310029797
-40.70296795464817
-46.68548721528117
-45.143504579554005
-30.040123803029818
-16.497973412131447
-26.621358701304224
-24.486342437958555
-7.401004596118669
-6.104128912464764
3.367446221980809
14.083088791806444
14.609853360984118
8.434903946809419
7.8727370880131
14.761943052252224
15.126963998795546
11.750453829574054
7.362184310276811
