-22.085583291313338
-22.389773147231306
-17.238678236544004
-21.203995407272476
-26.36404022775403
-24.71404826133337
-10.513507551912287
-5.681355402209734
-15.836145683672273
-11.12718713945154
-6.618966547256767
-13.957979947665969
-20.45209547456216
-22.48963410563469
-26.233010114134423
-29.64460822926771
-29.837456214011397
-28.55528623564766
-28.690366154789682
-38.04678904330969
-39.339164139000175
-25.038752750784173
-19.308970358443233
-28.23350537979709
-29.638658267896837
-27.630188810626645
-35.766465267322076
-39.22199003415844
-40.20025116356146
-48.11922299153918
-49.6449945751451
-39.76961603086375
-34.16709743099755
-34.74270047607892
-42.087855577406906
-36.75709423650079
-53.802755651841785
-32.1084995861666
-22.962122942215103
-22.650555543247453
-17.108337908735226
-15.752634783680243
-18.82263629205693
-16.062886121565693
-9.862990628047413
-10.094896553660108
-7.044389452269222
-12.679907782533824
-9.121796254898486
-24.468593218382296
-22.20408316161863
-7.997438502508793
1.3065372866214688
-16.346783039970525
-3.1076421679322035
-1.2014000154705613
-3.5026466601577697
-9.43210259547593
-14.024885370546707
-26.379231368558393
-18.193379447394182
-6.7490306933987805
-10.67786646635968
-22.865992695514283
-31.1654480140246
-33.52847092200162
-16.612250203341276
-17.065695456185075
-18.336600500832137
-20.411493357802136
-14.96924386488983
-20.180244648341226
-17.006515332584545
-1.3929770754111332
-1.4112492588698708
3.4273847455390065
2.6336617262179662
8.616690466096118
4.8775217037514045
-7.235936035842662
-16.732078291504656
-3.3601475764954087
13.745215597585522
18.016396882915128
5.7671220697957555
1.2310234246782006
5.863585085547904
-12.504380836909098
2.304605897704229
-2.7997984952762947
0.20625050798889447
-2.7589986096436787
-5.115612866873271
-3.0795448218740846
4.715311743240738
-9.653555089448561
4.267881966378424
9.503810368930193
12.05729842599119
-1.1609315075451845
-10.191252709551486
-9.552027669711963
-5.3212048638934215
-7.736663845517264
-3.5760511968597912
-2.8334240694437374
-1.1444560957328702
-2.34747493940056
-10.212571891800069
8.194371038736191
-15.221983014556749
-4.154386886629624
-17.33738620928009
-14.590368107182163
-9.242257760499268
-0.5519207772583327
1.7328316065188458
10.26198485154211
8.019454972648411
-0.09471000572356678
