-46.44885741223418
-38.543083056963674
-23.525809794171572
-28.809280398617872
-30.68486315305817
-37.04824590180884
-29.59788606765809
-27.091544585085288
-20.98213726870147
-12.181143279198926
-10.298127550012763
-18.230397321087548
-23.905857890194856
-12.434697502728437
-19.258315717081235
-25.1574426114515
-34.657408130736926
-45.03481214573503
-52.14062613531395
-48.28709245695028
-40.61867665490219
-48.792849721300506
-43.99662417008021
-42.79315358741264
-37.61006071193162
-43.58391800281765
-52.5656728355024
-39.504034404251755
-43.41682549369824
-49.55086221815967
-49.71063363371414
-52.05878368241471
-28.195448257990122
-32.40834896437316
-39.14763111181925
-22.970275052194538
-16.933942189133713
-6.294977494681633
4.525788028787235
14.443781622024195
11.067536997661106
3.466735509840607
-3.2160872005140138
1.9106012758420363
-5.894076660450977
-6.2243053580710805
-0.7526095310476508
-0.9419510651393967
4.002126246570769
15.320407033526013
4.628063193275165
4.471895644546144
-0.8230867217230721
6.878433580798452
-0.8038437632549871
-3.435406798490516
-6.538899640206622
-3.6958259681883177
-2.9485771846751354
0.5170054526099046
-3.2822272275459867
-4.293993818649824
-2.3792237326854084
3.7722931585609785
-0.7697282289624131
-2.040513127253802
-1.6099007318590048
-15.560361610658989
-20.002699543585567
-21.34438806166592
-16.04571350831415
-19.762536464156558
-24.79304302739573
-25.12659191773397
-23.842771777624545
-14.783088844189914
-24.38813157852537
-36.06478558826636
-14.854795409048968
-9.327604559802127
-18.321227095440904
-28.48483643244956
-26.393860940786208
-21.448939161951927
-27.212119777534852
-38.351122946871634
-39.38815993078251
-37.40769485678323
-41.13603237543996
-30.220302815630923
-15.719628032282206
-31.868743646156613
-30.424919484976073
-33.62839933600911
-21.078958105458533
-20.19087141626289
-13.653089242617538
-4.6546097320686695
-7.357700935387447
-4.016364635671606
-8.466439316013558
3.6271379527947607
1.4641878963895465
-1.7331361219370358
-3.0903073194321227
-4.964071798755299
-8.308885228563089
-7.1621711591254344
2.140885894449372
0.3012478917483882
-1.2051067842375272
-0.4464477215801449
-5.388982142019943
-17.89449568992053
-11.323655801215722
-12.067187450635181
-8.066225262062579
-14.738612136290689
-20.439199979623773
-25.3613138758248
-29.191056585966805
-31.548125179203314
-26.979725054301305
-36.26548819782926
-34.545495535181516
-42.93043008722764
-27.667564613335692
-18.610790360628297
-24.338666098326502
-17.474266872587965
-19.731826843384923
-24.939991320033396
-19.417942252119264
-17.919304952931217
-17.11456672160669
-15.797454416314777
-9.633505403598262
-23.037522451913834
-36.41312841759181
-28.73068896632925
-45.82886809315272
-50.519861064700955
-58.37627646156853
-49.185307946539574
-44.56265234805685
-30.90066574936408
-20.228152832156752
-37.88541555045033
-35.209128931919665
-42.90190283906878
-47.49008352303103
-31.55356402714392
-25.9555685172364
-23.258621009870048
-28.82202321791657
-14.04381564895066
-5.855062632701478
6.350550490670205
18.410178521721967
10.954449308624866
20.9045049275184
22.41431314504188
27.651731762242022
9.353937909632922
19.15240583446924
25.796256087299682
15.707148110094678
14.763974154377761
16.096637818671166
-2.6306378594001463
-11.667286112151835
-27.53104957909575
-43.77188719829651
-53.21448347992281
-47.04685103085192
-53.014375898938894
-43.19679835353312
-52.709984909978246
-44.099876306081335
-38.91780828031862
-29.262095904988108
-37.09872025125553
-31.149281072249924
-35.01508390296639
-34.561942430198634
-57.625099117079145
-43.19156365843614
-41.18089430182377
-54.08333652514554
-39.49313428436274
-40.52408131640522
-64.57865010421102
-38.900409636799324
-31.94959608253863
-40.884285427585134
-52.45925786997872
-58.032885576276804
-86.59558995344631
-71.86739118498484
-52.880849342910786
-40.406891610432574
-43.67492767936349
-54.766971192599954
-51.781869531573705
-29.99601407245539
-26.70931852800981
-31.662892855756198
-32.32800428031252
-34.201850762602895
-8.216510153791493
-8.205178174455513
-6.134800091225287
-7.239935452091055
-4.445805599923554
-0.02529860924129896
1.5310811889754292
3.3190252593186385
-10.06869703936304
2.1879808064598008
3.956557565280496
2.395748186134867
-2.1374534043261617
-11.30367812067608
-10.245040409121538
-25.733989468340692
-22.02368195046383
-25.38902582628644
-20.8914266638678
-16.455819501041848
-18.282859610745298
-7.648754748237108
-3.021988989856036
9.84952078259269
7.823445535569391
16.357051296665894
8.031678095872213
12.634407277695207
14.964481709313135
5.142875245479222
10.632792712245305
2.266537582722233
-6.755317353332544
-6.338957265595841
-6.163879453356004
-2.612456236432092
-6.050485449606163
-22.89538434522862
-21.230835464139304
-19.11724953678135
-22.194580313956067
-25.23014991900435
-38.208437671092575
-27.251940789589074
-21.514905949761538
-26.804154005367092
-38.29430938034565
-31.022517469497103
-40.61678000015621
