-22.38877580493616
-17.49256111544049
-20.663218729643035
-33.32889215920106
-37.05119160045767
-27.96379008221068
-35.06289077117045
-27.08798546557503
-29.59466331447714
-39.01567709755695
-47.18284505954395
-40.972435816117404
-51.91845307164267
-45.78067616522932
-42.381328377951974
-37.75829364662105
-34.31270312747733
-35.46867145332253
-35.207695430401365
-19.121810466135926
-8.908633592668275
-17.432797821276665
-12.512039415257124
-9.11231858896376
-20.45943995673833
-28.79429306287166
-20.057424424271904
-28.244691820922693
-20.846668560501502
-24.452085592226624
-33.15566750310007
-43.627253002006704
-57.44431773088853
-54.980243735268964
-52.57890827556718
-48.279711178862044
-50.04893753946136
-49.20955800281239
-65.74609198321721
-66.61577230165864
-57.66142877068339
-59.735562526788655
-50.38723991467618
-47.891922929233026
-45.410782908501865
-49.79880907214772
-53.3610925361549
-59.883409516306216
-46.58014445972868
-39.99753025266726
-29.435442209207554
-25.666337817613396
-27.64054540328298
-45.85029178899769
-33.85863650932395
-33.12460643799318
-27.71099074767473
-14.807548920768294
-9.018564792835852
-24.307235508651424
-31.637574717536953
-26.34478236332769
-12.846889681444216
2.2955732545891188
2.223040572393588
-5.622655642605693
-1.0928688877228618
-3.8187909193347283
-5.421783285186484
2.7003784022224524
-4.930659740704947
-22.827024203927227
-42.2831723147053
-40.85587961547785
-42.444168730021204
-24.27063818295844
-36.79378798169114
-45.29059729762515
-49.12251767097188
-50.86669102952036
-40.29245068463058
-31.506253102617087
-33.19770207509806
-35.88112455438223
-26.724651137213076
-46.839623390039044
-41.1481690264532
-38.55018058166624
-46.99665723697864
-44.124993168948755
-38.19245787658721
-38.590447508249056
-40.62602663683728
-43.392935835992574
-43.88132938480171
-45.59689006510274
-53.2133722023409
-52.35392454780575
-41.90967513088909
-36.382322614133
-45.42170848398324
-41.967142092913
-35.53176228573604
-42.68490028288856
-41.124884747907636
-35.289829973649404
-31.633200704287553
-39.397623256013524
-40.68312910374585
-27.821803487372307
-30.95401630076533
-31.339088281940843
-34.65123088663046
-36.533938206816025
-15.334033237528374
-21.271771998304306
-15.941394454813533
-20.441496633158575
-14.430915196540482
-24.19910405617535
-8.606815374272728
-12.36804809100583
-8.285966701712834
1.8990268925022515
0.9213231406755094
-1.0214808149870866
-4.648349845187856
5.93088102491789
-4.824354128807988
-8.609351845616423
-14.170886392252696
-23.88269875515891
-11.325601537597981
-7.554445784541542
-14.2122143198405
-26.86281831601141
-12.141159012021186
-19.68719663874182
-24.17693351067704
-30.469301105813216
-23.48781111613519
-20.235240859487398
-25.061347814099737
-23.640696460426998
-35.21002633990834
-29.326502116436767
-28.910303980130877
-29.32303079875813
-14.533076588649873
-21.044075879850592
-18.37837315638694
-19.416549018556644
-7.992905618226665
-1.7587228855357415
-10.271780319595855
-10.181664805950989
-15.079321699928904
-7.074523054616482
3.104326282935262
3.570662448696779
3.0855926456425635
-9.849917553037471
-16.867891598596913
-18.75937650274391
-17.70235950264142
-17.142344719434586
-23.36408122703435
