-37.87974742622786
-25.843674770616964
-16.042246195506404
-17.514462120955464
-38.35190409047346
-30.512476212106687
-42.45048343340103
-50.13906007316805
-36.994874821013774
-40.287549485675214
-40.932536356882466
-41.75401484952944
-54.270909265419334
-53.224451574984464
-42.776179841065506
-43.526657221785506
-34.132296802060374
-25.46731627035459
-26.465629745100856
-28.70496042002845
-31.2652534480792
-26.688675703248467
-37.61720642911357
-28.205146078103546
-35.393929749165345
-39.35921283093964
-35.27002162420043
-24.862259586714053
-22.236130666797212
-22.627109279109305
-18.01093501146065
-25.765447424999444
-37.507934501878474
-53.8412943908416
-58.37869115407403
-33.24492518601481
-39.762054047537475
-52.150228526885
-44.238278607760655
-44.74720211744703
-45.61699027668341
-32.5393558669995
-31.79807991381384
-17.81762906747911
-9.5991352101241
-12.683284464894454
-12.223496088017507
-3.757171688921272
-19.187422269813368
-21.073487696898614
-28.61326391391062
-22.738974984747248
-9.45099035852659
-10.167503267704381
-7.577474544821392
-11.249285894344304
-18.194401028118644
-13.241112584187427
-8.882964750836495
-16.38722193269767
-16.32738865891315
-7.155490436544257
-18.812176990500568
-19.54219242504263
-13.87979568442626
-12.920467887973127
-19.75976748647321
-9.31908036577957
-10.433833534234592
3.7048063764032944
17.83980515105091
23.21412423178221
28.03521086137277
22.31977977212393
2.4966412058528187
-28.199995633792422
-16.41886435240283
-5.7399514291763625
-13.632442177030851
-13.673099222316706
-18.262838810322148
-22.871128252241807
-16.021691053557685
-19.546991785618808
-39.06812433417621
-49.26903709741
-40.70742870523684
-41.29147839318848
-60.57387575252632
-57.261175579312
-65.062369214867
-68.63714966898691
-66.18773396268442
-60.06802288594899
-63.59213482694157
-72.21349575751738
-65.52147185060304
-70.18062055011225
-54.67984061397769
-48.44844911117803
-53.15277092986296
-49.67444794146368
-43.56720838891602
-50.62821519730665
-44.45326259886332
-35.197002201432625
-37.41142128784264
-51.10551793069626
-34.82072438327351
-32.05787385445866
-30.25360879434287
-33.343926137230405
-31.16524956065421
-31.769936874090018
