15.835719251776444
18.31652481416125
27.900055712820677
21.247328861465537
-2.48882068965777
1.7929106676560451
-24.652403764948726
-30.915273024818344
-23.99003771450486
-21.768954380631158
-31.742281692617265
-52.745442727816
-48.258775706548526
-39.618649305534326
-46.83678731190279
-50.12482877513747
-63.76627026343135
-35.58353950529615
-27.72557202924569
-28.207668257382075
-19.82632643347563
-13.396827931656704
-10.374312352623132
-10.957496032491253
-9.448609145306085
-13.070097269759842
-7.453281679869048
-22.534191973169357
-24.977426416517506
-22.515087679741868
-22.287616942414328
-27.85063276615874
-23.96869650250936
-33.419389412009174
-33.4559244684504
-36.785129847681155
-35.49816441326836
-26.522197738714862
-21.37717749188136
-25.39322559690795
-22.63059663287269
-10.406299629416877
-24.790001865232078
-26.83995783817213
-25.349809360734692
-27.33673032915987
-32.61038959288566
-17.969673787723046
-26.022555013619808
-45.78899335358258
-43.09309218494004
-47.788258719331864
-50.076833965614156
-61.978391066127024
-52.64985895849254
-62.85994742100189
-56.32225296066886
-36.13629825624643
-30.59330389602748
-63.82591983291568
-51.4472681032826
-52.30829416955322
-51.0336510652437
-45.13924324325625
-34.81665235509032
-35.32361326968121
-24.246749340084016
-26.458439358297714
-33.73043146874876
-43.91275372341665
-37.61435376250151
-33.2555327252697
-49.28009682634554
-38.735684340666424
-35.29729031681915
-33.38895776228444
-21.561048958664504
-33.576740081792124
-27.08690798242534
-20.296255111266166
-11.054279524436911
-12.609917286514742
-9.922026051176072
-20.19345008277433
-19.662804257058784
-13.323781000941587
-5.5507583161522325
-13.357964377327466
-15.47994056178666
-18.523240491564234
-25.44244907385334
-28.99656978067844
-42.257843307766926
-29.18074240198983
-10.421216694681018
-0.667262794083718
-14.796836948304176
-9.378052708445491
-12.096326799031575
-24.43598137805815
-18.12258275082106
-23.08249805830172
-34.90270914644968
-40.327775313288114
-43.36029468965168
-40.19882099500286
-25.381614911097643
-37.11898160708552
-42.35433980975907
-41.55444447579951
-29.507142020866613
-26.625855357427056
-24.28371338900451
-24.045563451061522
-23.888609319467964
-21.339270665396405
-13.58391463236584
-15.992900273155895
-17.77143298409647
-15.365291331189013
-24.0377475523392
-19.179638257402747
-18.824302141677123
-3.84014850716838
3.39644521809536
-2.1093618170472186
-2.3805376471925466
-1.2653795210503818
-8.629167296768259
-6.00447020759645
-0.7337357990282084
-9.11586316909335
-10.720726354064636
-17.590444033074448
-10.491912095976351
-17.882272485242652
-21.091111694711735
-20.912759189007144
-18.938260579435564
-15.253426232346994
-11.293486216911125
-15.027515582873054
-9.987238936571902
-21.36663558419345
-15.778178678610782
-21.711447985345245
-15.58112751852494
-14.404182170213993
-23.331143389065605
-20.17394362981104
-22.281574965691146
-26.21166952704309
-18.76287173489212
-30.61245174735023
-25.920874291542358
-23.15739244718993
-17.696316372545894
-18.196055944497168
-16.520015424543907
-12.82439014040825
-18.86827630404477
-17.904733105504167
-27.800734333322023
-27.122567225218805
-31.208065341228217
-27.63579905959459
-29.928380816849252
-24.826531866446587
-33.87204553361594
-28.984049681051193
-27.696960124032497
-18.277257844272725
-11.569207866390489
-11.89852597332654
-9.054234363460155
-18.912104318643113
-20.308534775863965
-23.481944352186648
-18.792381024785744
-26.06970651661519
-22.623868993390225
-28.085060681246663
-22.17275158210456
-25.207990412418603
-18.596980142092253
-6.089832285891122
-17.298030151181212
-14.435410819407062
-22.005033950232992
-15.386943935296125
-14.36109929223866
-15.250755274810126
-25.801243140738112
-17.571270843460837
-9.36639564253939
-5.48942054939353
2.451586109033708
1.986764439542853
5.8027221389438175
2.3311102037069404
8.945606153964
1.9137219610224585
1.8545802427409008
-6.96684733392061
-15.546174141783002
-10.961256898993122
-24.842406595794984
-17.594229856748036
-12.246133135561225
-16.54322086035107
-20.23356468424544
-16.642095260962268
-28.35301705476797
-15.630907103390348
-7.904925516636381
-9.099006529265862
-9.39667152995684
-16.135498707269395
-7.816755964899977
-6.930303752532949
8.046758671975018
