-1.8267163447975123
-7.475022974376856
-13.410264819933523
-15.075947465790081
-10.24263478273547
-10.596218656303265
-13.461355753647425
-12.150751764046486
-7.514918055809972
-10.464031499487351
-19.888727221639453
-18.000309232131006
-9.022127721053334
-11.443235695026305
-18.424804042023773
-16.567439953492794
-17.314596546892687
-20.46805284229675
-32.90641711028366
-32.63812668054297
-34.468356567917965
-24.073600863526305
-27.534612718481387
-22.564373524200768
-16.704418126815774
-30.778935705603647
-26.529484964230022
-37.16424755005618
-25.596562161118523
-29.7331832842047
-8.970721199941805
-22.362020870908367
-29.57293910410961
-0.9334465191076764
-10.310166714108533
-0.3023130038300575
-0.6880366813994272
-15.140770762122266
-21.62538235810084
-23.857404419788818
-27.45414317697416
-27.038851917457638
-34.473399791973485
-31.69624769872904
-17.49991278327869
-13.390161617943251
-13.327737591678375
-9.802955692256239
-6.737131792155933
-11.067448013736684
-10.52085954446986
-24.239429005101094
-21.03206945971305
-21.19247630491152
-20.61226895989012
-27.352572922197165
-24.048514820909904
-31.60459540379476
-42.64111261091117
-21.256320052302
-14.527692780819983
-20.428319963027448
-17.88103911903706
-24.263925262477212
-20.78579458501882
-23.740205552988574
-22.75740309641676
-18.709061647265703
-12.327488681757279
-8.882118825091341
-17.714044913640915
-18.925847673394422
-24.60451352284405
-27.09577841911504
-19.470866844393647
-23.834619432580872
-28.91375247175089
-28.15211080713889
-28.42702857977078
-38.39680391912922
-37.201187172651885
-40.21502880329223
-41.46929150488069
-50.80563537069589
-33.21756488351004
-29.289643273936488
-33.439658940699786
-26.72221889294586
-27.2045272518581
-34.48394814935064
-32.414984041265896
-35.87513189388279
-24.794601663921146
-24.526554165776762
-19.934080230661067
-21.75896673235121
-20.227576151493427
-13.917630826524592
-11.155285502458993
-3.4947545600570202
-6.220809293166775
-10.062391223329561
-13.834101288937962
-9.98856540230666
-11.060147471778796
-10.48569101459717
-12.163900098719006
2.387447124738965
