-20.653845379834138
-19.832342078125826
-31.7762293104867
-44.004872646412096
-23.88758275369243
-21.298224700215094
-3.8708973890326734
-21.53035474302506
-33.610060674131454
-37.88588323369509
-30.76188723960895
-29.308733783730588
-39.46364916588542
-26.169279469895255
-26.477356791307653
-32.57554420303975
-25.009268724448265
-16.954437851023716
-17.454939652595037
-28.635690128404654
-15.00732709036449
-23.431851423996328
-20.92461167004385
-23.39849491425272
-26.219598087593138
-13.162979807444776
-16.75891186701954
-7.4189729929725905
-8.549932355767353
-3.547015792963267
-6.40464392793251
-10.378019321016328
1.8028466154651168
9.313453341278947
2.7328834424068553
-23.26023858734601
-18.57913588071221
-15.370045704864866
-23.023092781102594
-21.25069897607955
-17.360303619157765
-23.959386471133264
-27.749623466695123
-12.146555834717145
-2.5940638399955853
0.7014089765551983
-3.2143101014802093
0.3921820333630987
-0.8678544499821887
-2.048659616760072
9.967915136597655
9.510777552369314
5.545426888297371
0.6251437361175289
-2.7279013794315574
4.382868345404525
0.8641244825227671
-5.9578568867455175
-6.11752979630654
-0.4536575662463489
2.631373072007206
11.530819195763804
13.656636457331595
-10.117158345134722
-3.70992277124962
-18.111917386739922
-27.24984719486471
-27.833765374572657
-33.528448854242384
-45.42774976920041
-37.20427707354429
-27.73364161283891
-33.51956566381832
-35.469923923501966
-39.35593009028608
-36.965156135089714
-31.759955235085787
-26.83650959093731
-29.782066789151006
-39.55199402187801
-24.3939840630018
-17.09869240338756
-27.41530880192428
-24.56704763106662
-37.953984750254314
-29.53065639283879
-23.93756976786763
-27.09959776294227
-25.36187826620769
-18.50680319932756
-23.58583165207461
-31.17985428114327
-30.032037468096824
-28.574710608278643
-10.9538362013188
-14.529888506680713
-13.166589574857984
-18.916605087429897
-17.39056305110822
-17.04830358000386
-18.40820882412529
-13.376574049272039
-28.039524834537087
-28.691192122773067
-22.21568512894488
-28.428306503919977
-31.39781473324539
-24.622341235755854
-36.31418635909757
-32.59459791013729
-47.61120029263184
-42.96553448800503
-41.055013595284024
-36.08512544708353
-30.204789049521672
-23.788482216298608
-28.34584616995463
-26.130121175988048
