0.5767086340743428
9.869938288819494
17.329734570195978
7.135464505910418
14.284279224598992
2.357822851697178
3.1863655180052435
-3.1264629653153233
8.440606240712517
8.47454016123849
-5.73786584577844
4.215667139155522
-2.4148098839168406
-1.4476998728730066
2.2506967816542787
5.799200178196036
2.8498406961387466
-0.5778691878669545
5.724241131614665
-3.074997105543464
-20.542990419559413
-6.397078459070312
-9.608287450693084
-20.331355624850033
-19.017175366524533
-23.94726577348272
-28.497783229191512
-20.44910300524264
-23.687043910741345
-19.88663000614253
-17.367960246298868
-13.868245330615046
-17.60245089519972
-20.527038533538846
-20.805183837088407
-24.40328454005449
-17.59634489014868
-20.404083345833488
-5.673470564462463
-12.913768559902856
-16.479405597990954
-12.743218347255834
-14.420671042674625
-22.45634005619559
-14.544685476438152
-16.673679219149967
-9.90798862238248
-16.924088720527074
-18.136101594757204
-19.529063946859647
-11.372043428059941
-14.226811662948663
-12.605840599458366
-3.1891447606958256
4.377457569958083
-1.7216451909154789
-0.8106795559526221
5.032626518242259
12.853105055879256
13.661295943624795
4.46300167167971
11.699997515028649
5.173103725574971
6.756205762259232
12.48871040643665
12.434149287306706
11.492311990292663
19.921549332694454
19.243857359792774
19.59350239830614
14.283992444665062
-0.08484844516782802
-3.859395842623588
-1.0151406297816383
-5.605576595256021
-5.21404498712421
0.3204552735058397
1.3266505406467006
7.887736201382783
17.02018495199351
4.3063551402118065
5.803729301035332
0.5636775280531944
-0.3429234743557141
1.9401883090448733
-9.510724745166314
-1.1408258765836905
-9.522973240594293
-17.70574148891427
-20.557819421428178
-19.047870438116576
-25.712776675852066
-26.801276693605796
-13.295527987218824
-29.64791877730911
-20.134736025398862
-10.076130959189127
-13.910206248019135
-19.52533810859342
-42.57068074186064
-11.898091348290048
-7.108282339111731
-8.842122650897918
-12.8523026624977
-23.480064530789978
-40.59697068608812
-34.063721396844414
-38.13086440747584
-25.334479374457466
-24.641293187852373
-34.334504761634804
-38.939392987180454
-36.173166522402184
-41.253249299865274
-49.83214689150359
-44.16989937651622
-41.77496741709265
-43.61978931984898
-34.654008392908075
-31.461916576120657
-24.93657444842828
-26.415945730602427
-32.043432683281075
-16.71996569887093
-17.316515103623644
-19.857834091942767
-34.156372984072945
-61.339584711461924
-57.19450307495338
-52.078399532909486
-45.04735110055059
-49.70507770599883
-54.033382374787976
-67.43819425003271
-75.79028661366752
-61.3352064699405
-37.61478658298199
-18.888780980932108
-33.228171991540606
-43.81795521662977
-36.13223833930883
-28.610308639129272
-23.374063153764034
-16.670894042484978
-15.335649825291345
-9.977742275226404
-21.27635861640485
-10.405804832462538
-6.3754954705776
-10.325209758724133
-0.5050380748923854
-0.1829651258158904
-6.9633526011516285
1.9697835934873853
8.46510155592015
-2.365414257243359
2.9165398513713616
-3.3764182692609195
-0.09064746855488462
-10.86850212605467
5.704008950920688
-19.245286562973398
-37.79859308551894
-29.93656144169403
-23.753740089949627
-36.29281239247682
-33.04378014519452
-24.170351228357703
-19.977661702001246
-21.963995577674552
-20.12596663915988
-27.154664811505928
-17.36686931515805
-4.4760232700139175
-8.617502601793031
-8.776066846567486
-12.579085722706287
-14.617921452428785
-9.727193557343565
-14.261080769990025
-14.888548706086311
-18.58043378468212
-25.79435729517385
-37.15358890958032
-43.464320754540914
-51.65078215816623
-23.885449010598286
-21.032622363164705
-18.290420976832646
-19.001889046671096
-26.521041897169177
-25.445379355383093
-26.333087559413343
-19.502308612788568
-18.54930371570632
-15.421887500793623
-29.368541073813034
-31.582417161171623
-39.60220387538386
-35.98707094878677
-31.289392107097527
-43.436749644895286
-21.47220755151065
-40.462979729255
-21.658668684396076
-16.99928638752183
-15.327166283503402
-17.450385348348924
-20.747427481493038
-23.796880150651788
-28.419630551268114
-22.01690080101008
-16.075949130787873
-19.339422282914217
-10.278753773965722
-19.10841917713374
-2.806461242970524
-4.9285425358829995
-7.299031296541705
-4.272079377818368
9.729839336986762
8.867029072825352
12.641660594362087
-4.9273464510677485
-11.285837028746636
-22.761802435240984
-26.349072943131404
-37.81600004991631
-47.78777718853266
-50.966793400131635
-38.639152841889256
-13.359471239514383
-13.022775582093836
-15.21686456559896
-6.3813927267708985
-0.7480009688690279
-3.6812081358380713
-10.569039915494924
-6.583801698229481
-4.694537110724567
-8.686726036503456
-0.39970843000202216
2.4525881234389817
9.038183938929716
23.38206038513903
13.980446095627446
-3.435693941300728
-15.627149646197624
-18.258970073775703
-17.253426136787745
-22.362432674332307
-24.79627473544068
-23.989910431707454
-22.244433794854555
-13.806497117127574
-22.96066625266535
-19.964513957639
-25.432821483475585
-25.01819791890253
-19.66815657456373
-18.59582604350966
-16.580598719170364
-15.038966566800328
-7.075845119568274
-4.580777853259649
15.293394544557605
-6.05591280926289
-32.8848215935218
-24.99219989352224
-30.519197513274516
-29.555586984840232
-32.92930245033102
-34.83948073947854
-31.322962802368583
-29.664608540716163
-27.148266678822164
-36.956089339382366
-46.39689621169129
-40.80438583691458
-34.9493994061112
-33.137213897885786
-31.258176107205138
-31.92864402687523
-24.010110340244612
-25.613295154115704
-44.782481354835475
-48.53704610257364
-42.85698226884678
-40.402087365103135
-25.93860856046728
-33.54279341511337
-30.098415728810124
-34.472918951873865
-32.381672190930324
-30.61086805606213
-29.823718761214515
-21.56366738917384
-30.52253589877541
-28.305675292312202
