-11.517061690406885
-10.833370759934027
-18.90959351231781
-9.166547034142916
-2.3227915523855582
-10.02486554859801
-0.1912872921813179
-3.280246995542518
9.280268255116471
-8.011102208595315
-7.735877317914232
-21.2033922417982
-23.981215382760645
-20.747871613641344
-15.710240886620882
-13.281686908436473
-28.339912843495355
-36.769389627157494
-28.075917191936924
-32.08340642730188
-34.99592659041406
-36.39097296539275
-37.32478534268488
-34.52532620364059
-31.217728518567306
-35.51703147062392
-37.851538537336246
-38.454286937013656
-57.63202640333165
-54.16276677591895
-32.62905683941472
-47.38676828596794
-39.79053077488226
-34.78576937675007
-42.975594234278724
-43.52733026357939
-37.479636348046505
-33.907720410535354
-33.089422030069905
-31.81334615928052
-34.55129022352025
-34.483873422507926
-39.19794346308251
-39.298680565422714
-32.45039486761959
-32.25105705935165
-36.21978379515554
-29.614502173186203
-23.58696248538713
-22.847767832882237
-19.931102302888007
-30.75288932054057
-27.030552995976194
-12.769294463915124
-17.066852129052386
-12.320167241299222
-25.58531452660629
-12.49338642392941
-2.4171978401587157
-5.924351828071469
-0.14839002160795606
6.025529673783487
-1.0066988587427226
1.4578426507945603
-23.97666510022845
-22.7710671855651
-20.746636583256127
-4.987409622436784
-20.154458048520862
-15.086337819663877
-17.027326585095352
-29.51424027231596
-27.70407229038626
-35.639306010039995
-37.97539434668082
-33.01175139972203
-30.65553629515077
-30.376914291129705
-22.163892593805294
-19.08937966856502
-11.122948568933527
-12.867293610088137
-12.018652433318088
-6.227582986918351
-8.721444904152593
-14.330943227017794
-14.282023870087896
-10.18440851671917
-31.063960539546994
-34.488189976484755
-53.38715307699185
-55.99178981964281
-28.68539771478084
-25.79615860752554
-7.639837986160336
-11.00302489331126
-2.0210841447200942
-1.5375067849337576
2.45161760107522
0.7175101245797934
6.963093445865698
-0.7310099354279509
6.631145211488133
-22.858045877110246
-41.681041537360905
-33.84320378092688
-32.04506400898098
-37.73932724496282
-25.582514609880363
-22.127956948922407
-33.329588830508904
-33.691439685896164
-30.11356578820093
-26.613884806523995
-32.43726139019333
-17.668981604054498
-9.885505364240835
-16.179275416613017
-9.4802116753314
2.3428421924600165
-3.388343848596327
5.560871864784787
0.8020201499318772
1.7267725482263392
9.289142202000024
4.019468767343199
5.353405808536394
24.94869078165763
24.34457799700635
27.96673112156897
26.35968625058343
