-5.3447126111441
-5.8765055907489625
-9.112450234189227
-15.370611385163249
-33.872763329053704
-16.34527527716041
-19.31798471996807
-34.60279500662022
-29.34997767637388
-22.30526600964663
-25.48649747275208
-17.595058923163418
-18.523501885161004
-16.667524460062026
-15.21357791691351
-17.28264241378733
-26.28857442874073
-17.970649656446604
-17.907733708350282
-3.171688390538102
0.2865437479467041
-5.907452539497903
-5.020203560613403
-0.02109711680674279
-6.261846081895605
-11.165621879301566
-15.663470869352224
-9.092980533300363
-14.135677193844204
-14.876610464953174
-13.874709341681845
-14.153458379974461
-15.969883913516677
-24.98185399364917
-30.8697311057138
-28.50967511458991
-11.957111389527054
-16.286051732874196
1.1414892410859596
-9.529654555192458
-16.133464346300357
-22.222567882282114
-7.763510900690537
-14.063796061460076
-23.129508016548066
-17.897237196118194
-19.706033485040702
-8.84813446811857
-0.5472318262894261
-1.6246038178107471
0.9083511716591902
-6.526510950515434
-3.7837607736574816
-13.31163908890193
-9.622283432258888
-15.01652766786246
-15.878027646135564
-26.098930660466763
-36.90203438020986
-30.630820062209715
-31.631751956748985
-44.723835658142995
-37.684769015742596
-37.39499862888809
-43.03486290049013
-38.18470610720712
-47.60204546834626
-50.77143358433512
-52.33522269982381
-40.070708037926906
-40.1527742062744
-44.99178577841828
-40.21466451656332
-47.01821740209604
-38.757095428344726
-34.71560553297489
-32.90187386268098
-37.820335829495185
-32.152147373757785
-29.208752297184066
-23.209658424863587
-31.201335932875825
-23.55693442919631
-21.447021356024905
-33.4077661781669
-26.52455895783436
-17.264187008004786
-18.141190430249843
-18.488971548499816
-22.502815443926288
-19.759409725500838
-19.06948229479956
-7.372252512995793
-0.6932798148796493
-11.159527159806553
-1.614431466322568
-6.9533457624622015
-3.6117166198928015
8.117314773437961
11.389703448520788
-3.619797748088869
-6.540736038377291
-10.499070175379693
5.9141659367075095
17.472939159373016
-1.860641510734346
2.709642074616214
-40.56118800426624
-46.77695719434281
-16.91706863789576
-22.9067457373801
-58.482826702807465
-55.09673813469347
-47.48308681666495
-13.679122473795367
-16.257539741066292
-24.73117233817055
-28.297959703049102
-41.48846190288458
-34.55627156451158
-50.05739744300602
-33.318758884360484
-36.10276799800358
-50.633712301117356
-33.880100010862414
-24.96812437623395
-26.119359142457768
-44.73523162689835
-33.02756857438201
-16.260369362921665
-18.71458410744255
-15.556807512003797
-20.01734654691567
-10.894706622844515
-24.883528093217087
-28.22298274657813
-16.282172798898632
-4.313670991974509
3.4336426714926165
2.8028166350684662
-6.146157241349058
0.07601201967474526
8.354120967341645
0.7472470410809793
-5.140472462906821
13.686714700480746
10.051235542776356
-1.3448593838290992
10.47290965973114
15.518846576974454
20.4617171094448
9.64866191896056
14.534293510135019
6.283384329586611
1.1271269495524223
-5.166079560501257
-8.77924870398044
-11.09772698021589
-4.532950308895503
6.5023045441049865
6.640921371057747
13.456948206318954
15.672652053208255
-5.099367464348761
-4.936572414411809
-1.7965463415534466
-3.510236413246551
-13.015364856816301
-2.274176114872513
12.369696111931749
5.941854233252696
5.577057523338955
5.003170607894407
-5.1727512976042185
13.046500498052927
20.301411446008167
18.559964386489668
3.216558691246444
11.25991835765869
-1.0882806199804549
1.1997966856524516
-0.899875046966153
-3.0746937084619983
-2.11698632691288
6.871326502847987
-0.2296065804690367
-14.105597505913913
-6.5101758794574325
-3.5063406243379207
-10.262852116783682
-15.259558884616544
-20.476576788515352
-7.266941041134781
2.3651670527967443
6.449112436466383
13.900237577802944
-19.2530063010422
-23.452531553192717
-24.272885341235018
-26.325256810490128
-20.028405464227344
-25.63604285335555
-27.903060002561347
-38.26740415384468
-31.959850142883145
-31.259729316402787
-34.69512151851229
-39.41071271483611
-37.96525683949565
-36.787335500203255
-33.848864450192764
-27.392289362887226
-29.010383502456754
-29.696196525380806
-41.62735647497707
-37.710281064093635
-31.918353270663214
-28.120239593169398
-39.21302638625564
-45.587724039454976
-28.179560080088553
-30.90070474242528
-36.14367556678819
-30.670579488910853
-26.721522195985546
-35.11071343199641
-44.052336022674396
-27.33475336303373
-33.168833203067024
-22.063373893340586
-25.382637278745698
-32.187192409031354
-29.96968753574584
-31.801536369573174
-34.00188059476039
-17.448321850185142
-9.297197737844517
