-4.173380823091912
7.713484678762477
7.7348646908055985
11.174115035472438
8.00287841621495
6.903210942404616
3.924897237888068
12.848811115236494
9.305172564355743
-2.707437775946904
14.154610345550747
10.974089636518693
8.181760839763836
6.178611206067608
12.192040200264184
1.0225538711886577
0.9248537582554348
1.606617785618299
8.292469917993822
0.19386423005556355
3.6752972935434856
3.602951637664136
10.195719407873256
7.820048506070349
3.393855272097436
10.741684365291619
8.955774512942279
10.147621651099405
7.454307841050899
-4.986457261755466
-16.894274215703625
-33.876663111326145
-22.714295455792875
-13.17161898244826
-17.393791270774695
-13.626390506144025
-16.8743212422625
-3.5144242450043164
-4.367387888189922
1.6662093256915134
-5.6596554579412
0.7703223204062473
-5.075401755214232
6.936428376972582
-9.397988204784422
-17.87172533462099
-21.61587354715667
-10.24765770063067
-16.877017113441127
-11.12093758295511
-10.2897339493276
8.854891634460207
0.18411430832562084
-11.106714666197274
3.89976521131534
12.230001144784632
-1.6813216641096458
5.056226259892034
5.990893616155144
4.5854590853187265
15.904835991418805
10.444368751153384
12.949457086789653
18.08897415678976
11.764402124235582
9.946922756556717
-10.310601317061817
-43.903091274496916
-29.378065107945122
-13.420409116272314
-14.2178224976594
-14.210182590142374
-10.500472573376598
-8.738693805211508
-8.319782775794371
-4.332409825161843
6.302530194646454
11.28489280607973
5.201723435994985
6.8745303304692555
11.947508343852807
6.596838046114619
12.68956039958365
-9.351081214372305
5.1460652798379245
5.475031473915273
3.8365874545446994
2.9775853808175774
2.325193688265206
3.45395773045681
12.764042225355745
4.078892317653781
4.914297108068646
