-12.026555170773902
-5.2900354732982615
-5.167959667806189
-6.102476088456795
-11.238986186367647
-11.862761567164956
-18.763204599292663
-33.248883179237104
-30.003631228597666
-23.688350384910226
-29.157843660079926
-21.929566730522787
-14.502607292262855
-15.720519875301086
-22.873970204401523
-13.078439987841652
-1.4668576991302276
-15.332187917094812
-13.423098394972126
-5.655600616896352
-13.708399695895407
-30.093820454657198
-29.333706814669515
-30.15876380337402
-26.17205588611473
-24.46729360103521
-18.639953347442482
-16.652078301974868
-19.85038727209002
-24.98748934446704
-17.905544244174205
-6.979906817300456
-4.86928464679044
-8.053033213772592
-4.237710104647906
-3.9529066175796936
-10.60791995259236
-13.809150860404587
-11.415922435435645
-20.99763366829953
-22.160921289309357
-27.504096525814642
-16.058149948273467
-24.242885402852068
-23.59727774514008
-32.30688785258251
-39.73886765204488
-29.475785829939408
-31.13438268413604
-32.358235793269
-51.445361973708856
-30.059819774328524
-34.682175424440445
-52.99789663067647
-62.224176982837136
-68.29935141273036
-64.1545114434215
-60.70755603624665
-59.852576637786854
-45.80131300372572
-36.50907521862814
-37.667423682406785
-37.83369101009657
-39.03945249989774
-43.381478082473706
-42.16927697573137
-31.595304703259536
-26.347690319782448
-28.160657825900874
-24.50939752114509
-35.02349316714664
-23.071880405028466
-26.88534628201549
-19.88257209401117
-34.12488792920917
-43.587016646848014
-37.338471031198466
-41.617313922662966
-28.75653175412137
-13.949565563673127
-8.718366691780869
-7.089035731627233
-14.664917864451935
-29.576008841189452
-28.25703984915598
-28.824225683672342
-14.62058266815114
-18.99683042610447
-5.3301644941758415
-3.241520515195663
1.0932520369453935
-8.396806645292669
15.057140824626147
12.018735361687037
7.791617069509188
12.011962944647525
13.60480872636507
0.5365229724554783
-9.95595651491637
-10.91008114448091
-4.983434519778184
16.95114836877435
2.6672656183256267
-6.55873306193745
-18.714743161616962
-12.245457571519973
-14.281178710998681
-20.066148074370517
-33.88987519333584
-35.17498987305266
-29.17462888838289
-13.022530369338664
-14.089384323193435
-13.8545914159778
-15.528203539398096
-10.556764394676788
-22.053841472181826
-30.323124342357893
-35.30788085307938
-22.978544260541202
-15.038895681891367
-10.921924124842313
13.174694115343742
6.428582226734921
15.121022891358955
13.80463020836051
8.378542032190088
10.970882260414962
16.183884690225362
8.534753796066049
9.864771412917156
13.612340324515552
7.50159089787506
-6.279060915575112
3.978369013870348
5.463775324144579
7.605613846012001
-5.432137463921633
-20.22679124265821
-9.730176207476534
-12.868300102131036
-14.747830660285757
-18.57611548547318
-20.054778274765862
-19.58778112832817
-15.883030544173256
-30.196230710850273
-35.97456585337735
-20.60502660473981
-27.94460511591857
-22.1588604536328
-30.73684170225522
-25.016259685256017
-31.080658167344676
-31.1372637859718
-43.255855575617524
-56.88932387473275
-48.62026493027388
-43.261662423830245
-35.558164246899565
-39.88202255111374
-34.18566414629401
-40.98645739695413
-27.893179157231984
-14.522955567381064
-4.826416249470668
-4.043826457134111
-5.723904572190255
-7.7109131709165135
-23.788156120981693
-36.259185348439075
-28.00753618989173
-21.268426317783312
-20.17853601430313
-20.38806485887071
-23.030124858670487
-26.16072386422251
-21.91927085475237
-18.32527864605171
-13.429156408105822
-15.766131095452291
-4.014835671971988
9.83351112445328
-4.38124791782921
-10.456408078959594
-14.051594976802551
-16.589942375051468
-32.45438137508338
-28.340699797473484
-30.330719908958624
-37.073050989275735
-35.78682911003363
-45.84216139495265
-57.28406980525752
-47.434531433710454
-39.82182656640821
-47.91885025580552
-48.90863844954285
-45.34281791957369
-43.511906572040175
-25.50029745793041
-33.43400979094038
-27.130323266244563
-16.821524820492332
-6.846584799393993
-3.169181316091112
0.456800083896812
-8.734371324179051
-9.154491925126274
-4.724451912622687
-9.393435341990251
-0.9997557893130676
-22.924108768791157
-2.664122045507024
-2.7454063046380157
0.6574319149040194
2.1176461652024887
9.712038323516538
10.06187965871958
