-9.702676044117288
-9.840518696792897
-17.975125165028622
3.9202358602114717
-15.905745125410414
-13.552201771340911
-12.939856197155054
-7.0436419564083375
-15.577376289290337
-13.669752313601176
-4.675512864348089
-7.370976199394473
-14.099430528276999
-14.768708060010429
-8.15084396827136
-8.161725033818257
-13.774021897822733
-18.45818909467284
-25.98926611297891
-51.082147585827435
-54.534935766941274
-53.1447500480306
-51.4407506294955
-30.58767311978377
-40.86368927236039
-31.700050827724546
-29.80290893020017
-19.601345115698443
-30.93502247619833
-29.935173636127963
-27.934346015520926
-33.80224934083857
-20.34670500423429
-17.825633025453513
-22.78617345058176
-8.811047981406569
-10.212278696364654
-6.855597523251716
-13.716137375787211
-8.457016418085372
-12.780524369136176
-5.6459475267989925
-10.973321411113005
-12.532553008005927
-11.047101265322269
-14.38084185096128
-10.402243251686388
-7.774775651658528
-2.3502656661280916
-4.215470199025382
-7.093851953644372
-14.582049969943943
-6.262580226087756
-4.851188451306181
-0.9380204992815888
-8.087354439088854
-14.135013243341087
-15.514396544655927
-16.430007873198022
-16.54279939379509
-17.162343491144878
-8.52445627525923
-3.7273221865227364
-9.478406511989585
-5.50523586653129
-9.556898670926104
-7.179601716112316
-14.396897192374274
-19.152126733057308
-15.908823286094005
-12.713914942678022
-3.7465771434538926
-10.435724857591648
-7.6542408321169155
-11.350279552962794
-10.452549803314717
-7.637463184728383
-8.390110311975588
-11.956335506858485
-16.768090247028834
-12.8198921608984
-11.483018911101107
-13.16153253770374
-6.97833946971098
-7.8368671172568884
-9.357333612748453
-12.167575115292443
-3.162153119177053
-12.653009984344713
-4.021172139569514
-8.479017121397588
-12.722825074034253
-15.187124593758394
-14.963096606517565
-36.95836580365149
-40.5023391153113
-33.75899452384863
-28.55400005407245
-28.53739681507197
-32.40225969790118
-21.97573088361261
-13.166648718885481
-0.04684965155084919
0.09338016075920302
-2.9200959438122465
-3.1757114566491444
-8.948179793420207
-7.6877639010302685
-5.471507490169132
-22.881017287062594
-33.57982639679875
-27.011064355157107
-25.241993926889354
-18.90652722934065
-22.355935641347727
-34.75021371183626
-24.474305996822327
-12.9757856852745
-11.153339867357829
-14.665681015039409
-16.371529830472152
-25.15924032219649
-12.714598961086212
15.393737650279064
10.603046720251768
-4.7239544551067665
-10.328857733535482
-6.561244472923097
-17.173928396544287
-15.096626819438296
-3.5444912740730463
-0.25691315282732946
-4.727950761616156
-17.027061886808845
-27.56489901094786
-35.03970713093426
-28.287753752073016
-28.156427415243172
-32.249183617201126
-21.121064795198027
-8.186126537225283
-7.755781015096688
-14.58828982313581
-15.790377533864648
-22.379169332968196
-12.18584526629945
-9.877573154800347
-5.525927133619894
-17.877121630620024
-19.708546363282736
-14.105273461248025
-16.909455104574956
-10.918394023161571
-12.98172256366199
-14.140362974106749
-8.147628371467793
4.624829315571879
1.0215824065886283
-0.8139808064375101
-24.00880203509305
-39.523657866540496
-38.23854559678081
-38.78284371739552
-36.41347189175622
-39.32938188060172
-39.30657656748183
-45.600027308237536
-56.59437107413029
-56.79162543437851
-58.73266807582576
-53.636483035030444
-50.1237482522003
-40.917218412314405
-41.3455533113934
-42.09003727724925
-43.95862151586947
-46.126510302006615
-44.87821201167387
-41.48002135313117
-27.79446165554776
-23.143081159521717
-19.31765222663704
-40.66903642099405
-35.95875490955882
-41.23450417266313
-39.5675509686201
-33.251706191977625
-25.757564864836226
