-10.962116056144032
-6.356018388152182
-14.172798199483635
-5.4625288647689185
-10.81005405277812
-8.749063630386399
-4.898411304308863
-6.304007152341348
-9.308764466885329
-16.93415901212004
-18.188310820382892
-9.306168625701453
-10.504521992740427
-18.636627810560263
-17.341571818611513
-27.131604495857268
-24.69518773106329
-15.037106491387975
-20.98132614689184
-26.86437182632935
-18.90494371487101
-17.319775633475782
-8.257175284440455
-1.495519385186428
0.8432537956072225
2.585039698652478
-19.26818910417454
-20.373342493529364
-21.919219297371093
-32.67179017503652
-26.4201265540679
-32.069013263583976
-33.26915558665507
-20.464416048000928
-10.687596311597947
-17.714607427582425
-7.337384547242593
-7.493692585007978
1.4002541031593847
-4.582977105415567
-20.06643996763794
-33.99343324381397
-4.374000108984875
-9.04705535826806
-12.032059147489223
-15.634175958836913
-6.438088576559285
2.495082909544849
-2.930457148477922
2.8730877778817145
-8.473265686806426
10.117899735232637
5.061285643382859
-2.402813238871376
-8.105617480096043
-29.751012393633484
-28.76874402781637
-31.884405380806626
-28.361153187026076
-15.268402416517596
-29.37120993819933
-37.895202662044866
-23.389616747747183
-26.19405587507953
-1.860582213951724
2.17513006887989
9.998385884401275
15.508572038865124
18.945765209096837
16.646381818818668
18.12103519536052
7.590159256147271
-1.5452272069751705
-19.90342587763761
-25.358043283858862
-18.268374648310626
-31.075497881851287
-27.98822709394581
-23.705656950493154
-25.00675467342148
-18.281708724390484
-18.88884504219828
-19.02613244209256
-26.749456184361307
-37.57542594805371
-28.96780831778707
-18.418061334321827
-13.323548122484512
-14.57739301560478
-4.737566561183282
-9.041571813287707
-3.0490254671462833
-10.38756450935242
-11.348556448027127
-16.003880439007176
-17.769491671480754
-8.608371002748274
-4.624433784491226
-5.456255075894908
-6.91544269353272
-1.307283685473302
-2.919719815913223
-8.332024539969293
-8.706451966387473
-9.156507191225222
-15.952853495118607
-12.532811706181226
-2.12215544792694
-2.547623568491509
-6.489282477675811
-6.031313287040183
-0.5386180754769043
14.843289304913824
8.839073036254993
2.716910941983605
-8.255018799422343
-12.766365553834579
-10.577690839094176
-15.545254396324847
-20.042152835987853
-25.15839197013685
-25.164022114850866
-14.877139978591448
-14.578881104867893
-9.105995115982383
-21.942388344334134
-22.86893578164789
-20.75301533337231
-31.01623207794269
-32.901544270190904
-23.49813122584211
-22.84403996585767
-22.134451937046627
-20.01609075874019
-29.004218923933145
-31.01118824967369
-28.321053465451943
-20.100594523103734
-25.088433156084857
-31.428553283279303
-30.321466773092165
-35.35963033265505
-33.07358614175307
-19.019723508817997
-14.033717689259017
-24.60146389782415
-15.8894416224122
-22.04866645295486
-40.24773150849282
-19.77729773853288
-14.320431426601974
-18.470803990154003
-26.49808445510456
-15.97337902479184
-30.160410293356207
-23.98298525843457
-31.37295246172276
-23.950490090074958
-23.7875516647276
-13.0977187782386
-2.2075159193335137
-7.954212079359576
