-4.982484481390907
1.5419401057409006
-0.5216030682103957
-0.06337637336941225
4.079964627311618
5.393654576979073
1.028766578060044
-6.416916973500108
-2.729467142334032
-7.440502760581888
-7.718303795252059
-12.940174496293304
-7.552883186051464
-1.2680498377267797
-0.8100419107302984
1.8719147497613149
-19.679411693205207
-30.459086842695104
-32.27598025128886
-26.097016406852887
-22.734764383232516
-23.699946725017767
-22.78774662711772
-23.424250307503414
-31.51356780974162
-35.97719578753741
-32.636124989594656
-39.5947143146979
-33.49930402979001
-38.25804590504935
-44.80427365756712
-49.79727135052197
-52.94551469977
-49.45318375321409
-50.99726334828533
-48.78926832716079
-51.690718922810774
-55.04014489760149
-46.20691631610928
-41.28361713571283
-44.34218684325658
-44.24153827411044
-36.285831381165366
-37.91616652043047
-36.68941095872169
-29.99765876651711
-32.10140411903276
-35.524412455234064
-38.8748946712316
-41.4080398591797
-36.28866583239882
-38.43817318233144
-32.476051588680825
-34.429134372117666
-30.978786541444112
-32.26842391189715
-28.469645629522038
-22.16438811098317
-31.23086359459332
-22.9693043254363
-32.38636324829551
-32.26644866688923
-27.244190147051693
-13.308961651709565
-20.218882429094577
-28.50590064199907
-24.309246049514734
-34.62383046702344
-25.724023136961502
-18.7263992616882
3.430816078967683
2.2963871237152147
-6.584770786774774
4.691317452770655
12.57855700457702
19.10130344781804
15.099363271704874
16.776887135608607
16.255692328131932
23.99098946799554
19.831568778693004
22.705120263689913
10.004998366791254
13.44094908481185
14.158657656654622
-15.949320421244614
-23.29069957464659
-22.820490468461234
-28.952057251116877
-21.687763435712704
-27.729794180190023
-34.23818799936625
-31.251521608711723
-23.064928070325124
-25.725610619235827
-39.075901332896294
-38.20539497970736
-19.589395258841588
-10.082354685933064
-7.8382830430440995
-1.4064068950682764
-10.829944569869875
-19.162334656599647
-30.945389432399338
-25.74860361552401
-19.356737373559284
-25.235644135698987
-23.055826223294822
-28.3034451014472
-39.96610935686292
-37.69509824500179
-43.26641460912289
-41.97597398473625
-24.348491394542904
-32.8731053672508
-47.77278727573515
-42.715206604959285
-41.057462125473506
-33.01669749069048
-22.373815041239805
-19.35878097329989
-19.750352347586286
-16.261525263191434
-26.199936334057053
-22.313090979844237
-24.05845750475557
-20.424585881261233
-17.655698019652707
-27.14377616918167
-23.551071365929733
-41.68601373839958
-42.33859344321615
-40.38881679261544
-32.91813250934641
-31.20620210967441
-32.45588194568261
-31.29966920195045
-28.795532275394663
-28.288228395042328
-29.612212855373393
-26.227135760873605
-19.694847701282413
-0.4881183890289413
0.6226106039419737
8.067061214666465
2.6937200714526357
8.058486073410176
-2.9552467898100714
3.572766225110732
-2.1447344605877166
-9.074147605224145
-17.21021804857119
-8.883984233459591
-16.069174807493326
-13.949489965082787
-18.489536787975254
-9.24203971597253
-14.005196419048886
-17.85760932164102
-12.688693790120258
-18.604993840913824
-16.058781524432042
-11.963839661378524
-20.127947652183412
-22.67319442609173
-21.080764223167048
-7.199639155120156
-1.6147075437544318
-1.7550088281975025
-4.138546774703137
-7.416888826236786
-13.491563599640136
-14.45692896016885
-16.658646984639034
-13.338519249626408
-8.773982342036536
-7.1549672152045085
-7.644152189776826
-11.124784137638557
-14.01413134909312
-12.541295264552947
-15.072895193803921
-19.40645834687757
-29.1830365522152
-29.321751228849312
-15.123151510827642
-20.981267723671216
-27.33592860606399
-19.556371815432527
-17.631080303645337
-20.24136919375681
-11.165586670519852
-6.825383178052995
-9.75889607994837
-15.035081416558766
-2.0810770409694626
-5.5652911232266
-8.320199069543786
-18.20980128031625
-18.877709231919503
-19.970506498350407
-19.54226723979595
-17.94386170713731
-17.728409134648697
-10.601199563980126
-17.996787127122676
-8.400077828146001
-17.859530999682196
-18.44764119341039
-18.799321335151287
-18.78910811485471
-22.287923682387575
-9.075522637464832
-7.438525745650033
-7.519799886977654
-17.134410150607337
