-16.590134232510266
-4.42601037750187
-26.480258943981376
-15.840580557747867
-5.2864072945375655
-12.552428594946427
-17.146920953384026
-12.427664383189835
-11.165315930951193
-15.556385168327925
-12.382741082075304
-5.438062855802717
-4.382081071489255
-18.352676552469315
-7.584618116987928
-10.452911992030632
0.2899952618517188
-11.03451443534984
-33.42709430105588
-27.24216168478479
-30.756169922214713
-39.40127463761271
-37.99755515249996
-28.77411356596687
-19.892325692193218
-18.0626227671986
-30.28785884851925
-17.368505044302555
-12.065812754341266
-18.57146532977356
1.8540437230845617
-2.6978678543095045
-0.3678328003382002
-9.172666684456404
3.077175858852092
-2.0191147290689178
6.988782477039695
-0.5527490585454871
-6.5520736436197575
-15.16912824317626
-11.867792982201903
-4.2078302412488755
2.107942145007591
-7.097400044591947
-7.421125606719411
-2.859383485093945
8.966277579939824
3.602693250026546
-6.776457179608459
2.0958227041718493
-13.022437706478438
-10.671079774048346
-17.148193177604046
-8.055653104835317
-15.971394636805668
-18.516504166867822
-13.229062972327915
-17.720067859599048
-21.986906467474604
-23.3496174870162
-33.54826376911295
-37.916723375063036
-39.59647643393753
-30.337219009521213
-19.13147430614457
-24.739572264726128
-28.50413780071637
-18.100958458945176
4.078875000767802
-1.2023250471360465
10.340304966020962
16.1830343895952
5.857881825684979
4.100444439682736
-2.1829013862904234
-14.932534449889724
-9.306159805396199
-2.8975463138177
20.071171500117835
2.3870215482032404
9.428933411343934
14.946629396418743
15.40843244403835
11.630638054799288
5.0904911656560845
2.9979424168904005
-3.5217371948297487
-6.5018097306344345
-8.120243544955231
-9.93898660139476
-9.12601948652191
-10.543561402246297
3.5922210447674168
7.1569009968000135
-0.7040461067899295
-6.31129385625426
-11.168914134552024
-11.010139294912191
-16.9449961709112
-16.004032080491225
-14.3560666419531
5.536792055099244
6.891586583493893
7.635788019725683
-7.728979309588881
-3.1137546972192176
4.239143611743435
-8.968002834569814
-29.49478697037876
-27.670915342098787
-19.734467216181933
-19.685743673033432
-11.909201183425006
-12.134273304566493
-18.916225492520603
-8.305437589867784
0.4799125676757723
-1.1323049804452212
9.475993252520947
-3.3990298485257067
-3.2563842832943166
-5.695014958720883
-19.884903291998338
-24.040308041682614
-26.51304872575948
-7.9540195881722235
-5.830983020378241
-17.336766061164965
-8.53091671039123
-1.3751931428517146
7.499375356942773
14.235182832703721
16.977952358103988
8.279559540559394
8.206305656792798
6.6448964761155525
1.1794848860952518
-13.826982400538983
-15.300011611669866
-29.19960683744111
-42.88492582155922
-36.41822037757231
-53.28624527779638
-48.99655006401482
-39.52637563423482
-31.730864864810506
-21.89427788394619
-11.461086889023713
-0.5558462284327591
-5.415525053298068
-8.188066201466999
1.3816203373498304
0.9671967577910698
7.417788558149046
-3.5220406637461936
-0.8434779829686541
-11.110697511947887
-14.32719592712394
-8.508724832522415
0.4172737082418759
0.1044236907746346
6.660796775701227
6.180755295879202
9.891849721374523
13.259542079083973
6.3718026101284835
-11.588991399450569
-6.984936731431856
1.4230831473616554
-9.376459337093195
-7.777412957011134
-12.267865941575362
-9.217003523975023
-21.736857826199397
-24.909820475782613
-26.275867191888718
-24.310080926683955
-29.416994247973882
-30.44487792255615
-35.014140082947286
-27.33531088767666
-33.68996951419362
-33.80688366045882
-34.17026910235329
-31.922978049070373
-26.490027802747864
-26.0708339369222
-38.332920660745394
-18.95423860682417
-14.768961612150845
-13.386710231424253
-8.689301929722276
-25.17793580250129
-24.633505841574635
-44.11819444624976
-42.06756425460959
-29.081256662209807
-18.813124746594006
-5.062625732016606
