-13.009897975100108
-8.840983289027179
-17.165104277247586
-30.34585673829196
-18.90801612830181
-9.076487421014019
-12.676328331737635
-8.493646331380534
-1.6123604903174145
-6.7163441756507085
-11.651447165121072
-10.071206587878127
-10.526643256681613
-3.564875292818641
-16.790974564319352
-25.73138763472415
-38.30557615221317
-38.22413116263007
-25.77759982086627
-33.821374470580594
-21.03756246407391
-26.054119276743744
-28.37939235847434
-31.13767456306725
-20.867587299121585
-14.039584450889224
-20.739864760074013
-5.334778398559081
2.4187485834511153
7.660426386511119
7.768244749325651
13.986700114079358
5.625327396695933
4.0257422871437365
1.949338205673512
9.688088527152377
-1.2100139811350719
-4.797313187700965
-15.860695524962225
-9.333869032638567
-1.8201799482083327
-0.7712812260176619
5.612092633789837
-1.6611825363601056
1.1630455422768395
1.094427877354874
-7.681264541634419
0.09736085230988824
-21.40893858689697
-18.983628062968357
-10.21057815232812
-18.106033449518076
-19.581400638720556
-22.171421519518248
-15.787434220436433
-6.917987651376145
4.570059797629701
0.15891298337120374
18.10812877795537
25.465727055764702
28.120298043878602
26.787806136633762
29.077053738219195
18.16900256892302
15.449220968115739
14.22287640170325
6.423858800055687
-16.666817611831352
-22.86738866381955
-28.194902664413235
-34.94617162936402
-24.60777880817945
-32.75499311694969
-31.31479397662776
-30.088589156500802
-24.168237731306707
-20.591392813394002
-26.19026759152986
-21.42718031387895
-18.908677747897645
-21.328049382274024
-12.928362431618496
-8.20313020390429
-14.871047989151347
-12.772376479528644
-12.704528838325635
-10.277215923101418
-18.09264594944733
-22.9037927101922
-5.03692949873762
-1.7434357112037064
0.8307225907794163
-6.407130176465636
-32.17176012843043
-30.6891478719376
-22.85627185814336
-22.55435743763021
-22.03463832483939
-13.139268166872792
-10.51573062814582
-13.762032122165325
-9.464816787323588
-9.36963121785176
-12.491398540194814
-17.781916308632965
-25.19602356343804
-18.604646331626657
-19.00672088240813
-10.230915224914211
-17.532781668901194
-11.232726203779187
-11.200759427682645
-19.383305567948828
-13.476092449018447
-1.1647768779247991
9.764829604430616
8.133731899513187
3.9040250972923385
4.799057706079997
3.942442826140297
0.9858908429191612
4.414578510892583
6.409291385115378
11.260280764353833
9.030706142835914
15.873600258667542
13.903221356466668
10.465561354664606
-10.244830366708056
-16.807315349226066
-19.119088236748127
-15.628703254987133
-8.031303369098106
-3.3372465863927894
-3.196242176490577
-5.135257831437372
-14.048687381180745
-8.91072795920598
-3.475262730792468
0.6161596712203701
0.1995897829845004
2.294136247510922
5.065774723117569
9.478267757047695
15.430784613237677
10.646882981606057
4.738823811470053
10.165181082740586
2.781515415855354
-0.5138211137236409
-9.025682960941186
-10.622237015097747
8.622737792435268
12.770411707806065
9.952845348587894
20.45388063118128
-7.218135468025298
1.5608072905702364
-7.092488964130932
-18.048072033511595
-11.719149204372725
-13.302306121024806
-21.93464535366484
-12.86077408679426
-13.09501974076978
-7.924150269163429
-7.400249223941327
-7.421077652716148
1.153833659689068
18.798800771546592
0.7189863362670756
0.4763323942126922
-3.447928032979932
-2.038005404243867
0.0930898330689575
-2.203087455692254
-8.372809865247582
-13.126313546058292
-19.983072267581502
-16.300050386648635
-16.89250035076428
-8.10747693620397
-13.392119911327011
-12.02140195403875
-13.951976116257342
-10.635049324351183
-0.26923738429998023
10.227392615889052
16.23169447162654
28.28613650801363
17.329137915363248
12.629835475752275
13.819006513518385
5.285452143003539
7.278294866170813
7.528364556677574
6.7017616201779715
11.917738708081998
15.9189430695441
12.297267476597892
10.383374888661812
8.826260164655219
3.363362876893442
1.107253380390628
5.4893204564213125
-10.523317428206546
-11.670524761182616
-19.77300938080237
-27.231272723293902
-29.732561727387342
-38.397414681393535
-27.615897477399283
-14.231830402903528
11.887835714206734
16.082682992561754
9.930042960201511
14.513716068167634
21.570226864367317
10.490197967450873
13.394237024332705
15.292746045586279
19.78094826840377
9.755084186942007
