17.7281446214546
9.154813012546287
10.183485807798213
12.119246173330367
13.400043628444932
9.559978655743338
3.3171724594191425
0.6116650381955728
15.711241397415945
6.092808506585385
-12.547763337968517
-19.42981554255297
-30.248799321013195
-25.225723496691106
-26.64623179114873
-16.531532165092607
-17.164745844653268
-15.670293855261491
-24.60353840651359
-25.95936141030817
-25.267346920250503
-12.54000944611002
-20.0199427395908
-9.685951530250588
-8.73609345764809
-14.14679645784241
-16.129155403524717
-10.567113198211414
-16.974216250253928
-7.339681365883091
-20.04954241191079
-32.68235780056887
-15.866743160282581
-22.13323488375669
-46.97106080667411
-43.30903611249713
-27.861258307272767
-17.84983802647189
-21.706592535808802
-16.079856872647824
-18.17788238084266
-10.03958417414936
-15.89059582760262
-34.212876126845025
-23.212898022544145
-42.06136789434885
-28.08369835374721
-16.879821133187765
-26.178227954405397
-19.684134294977802
-14.858849594878393
-11.357922874766984
-19.47155460301755
-5.861023621529065
-3.847399199571209
-6.246289513294548
-0.8808491319401516
-10.127988534611305
3.139409710749291
-1.5138872245383317
-5.054695093387601
-19.318707378933933
-6.057959671726049
-3.2773318625172427
-14.381984209367188
-17.867880256804742
-7.590804220291877
-10.775790640131943
-13.422055040966704
-8.4991009788714
-3.270492923911956
-13.900604313256824
-25.01704838348486
-25.084954734443155
-14.063645174210635
-14.373352399585464
-14.467298555401134
-18.087805714707716
-19.791153616339873
-17.701319039418212
-15.396344714013965
-20.046576481572714
-18.852607266580826
-16.982597959223348
-18.29183368106596
-18.545476200985558
-17.497722348668212
-14.329061607785786
-13.105329352952635
-14.577311101627252
-2.508585040962048
4.2654463634175785
0.03166722291713118
-4.689496704696103
-3.763489891357172
-22.67877712780319
-31.57405842986617
-21.878968290579795
-23.941895940989927
-19.877617291675712
-22.95012938162673
-28.479627577488213
-23.37824173787845
-25.723434424270035
-28.974831278296403
-27.848614897395617
-28.97268771340054
-28.427066486767487
-29.21230450312179
-35.5871623233978
-37.42659475000265
-25.71821921077105
-17.782714940962233
-11.990374904266732
-14.664095726801296
-16.598225093619643
-22.76418914736022
-28.093479299313536
-26.048399025637718
-26.832767308508412
-27.08137370185851
-33.29991547301952
-29.069153841893588
-29.519949859209195
-24.716762497960943
-33.58523164463379
-26.93050518989783
-38.85164589869295
-27.961158561792107
-24.181407616160698
-20.02334746279466
-8.888831176771824
-14.222323136430962
-18.858273505176925
-23.35812057680457
-22.37265611229675
-25.11151615965408
-17.859987947943694
-13.688084122169617
-4.599205138119
-22.585139144391583
-27.43280867211125
-22.15693122731533
-27.65764829032684
-24.01870504432497
-9.722573114539523
-11.339920915431984
-10.22885381478411
-19.216161281017857
-6.529612909272221
-8.513544424342928
0.5722112729714396
1.0867497525187957
6.6794805066937055
0.22266426527781355
5.0791952362846535
0.3853638634462057
6.692850154365942
5.453760991102862
2.4544307133548466
5.83794084880443
3.9368351000203763
-16.62648056971735
-15.998182037974534
-9.927391415860884
-10.56947021432634
-13.412707550150927
-16.77853174466072
-11.213055850372
-13.625448160615484
-15.604544127898127
-15.709090908094735
-20.02172500092049
-29.38690152344599
-26.779466704132307
-20.126438141031716
-35.34837271889762
-45.707847776789094
-22.200508404657086
-19.893260754039787
-38.872701070056465
-29.775916976471372
-27.378066018039316
-38.018440119864465
-27.98804640194735
-21.049827551415678
-22.83439303493273
-23.403735868736003
-13.922226207958467
-23.078308337972953
-15.019132638256558
-12.468915115383014
-16.880985832001702
-19.07201241640185
-18.804535957203022
-11.624733419597574
-16.298160305317328
-19.770467287245253
-13.142569862470605
-20.970178378653067
-29.610971235131515
-28.761476441757843
-26.729389992708306
-23.56476737129749
-19.22072209811595
-27.35499582750791
-32.306079267237145
-27.753681611096102
-30.070952197949858
-20.624312066629848
-19.13171102851909
-4.352295838635811
2.1977773408958785
-5.609319898149255
-19.698117952769003
-10.507878644796424
-3.1041436595207323
3.8845905031554615
-7.00769851707675
-9.526619713018126
-3.239858915337916
-10.034447098518324
-2.220495264327445
-1.6657431959403717
-0.12740338398464796
-7.098518184813027
3.5882668412938195
-8.337258688035313
-6.755702537913972
-18.29010859549377
2.047248665626926
10.763974820923972
11.989307893389853
8.050336097665065
-10.068581318791118
-8.52607987776237
-11.352339879057105
-12.195537630976073
-9.49227887879434
-9.125961147342373
-2.3400437213273406
-15.331324951967328
-21.20690454487034
-15.638743946110894
-2.1744042931484806
-13.369211337253914
-11.866912175998287
2.332189583618493
4.886692202220825
3.2861856587810867
4.887235624387434
8.795581178756228
0.18914920888150524
2.718650845370456
8.698463155692865
3.759902988011105
3.5228171437393616
6.558138088573571
4.818569216774012
9.228378151754834
17.254554787283073
11.206124272697714
16.213231368849335
16.224598861442526
6.657050589934326
-0.5573405608516661
14.03886952024884
14.701263407090574
19.36428973351072
35.138343940221056
28.112186770090442
19.480391584496573
15.652991571054775
29.419158837017086
27.364888646899796
19.27057414444648
0.577748050305519
4.0508212083122785
2.6977445350399254
-9.907104669399194
7.094221095160576
2.623317496489704
3.8657055195374994
-5.0354667746753305
-5.342140923307009
-13.831496045875788
-12.689997148290002
-13.462578434755375
-9.952197619159016
1.2970071818148479
-15.214592033900518
-11.858551361943164
-12.562271283816754
-14.964209825067837
-8.111621283504062
0.5278903491271898
-12.15903597913083
-7.619557370609972
1.7857764940023906
9.505437528492921
3.741401935396021
7.573390080099697
5.705235351070763
-0.4778655250212113
-5.010970353518308
-8.510351195716936
-7.786780849736793
-4.383363109286544
-12.907988654416153
-14.215896846589096
-16.370272188580525
-13.340227209217419
-1.378792255504812
0.1523443961472314
5.973318466412668
8.948875708238242
4.029516696375913
-2.4734597340979967
-5.992154859474511
-15.701636265180259
-9.14433927003227
-9.709500877334989
-6.4820703591795175
-2.5991552776725504
-1.211454749924585
-3.8343954895218726
-8.964288657641756
-12.260196580193135
-9.13416121107626
-13.932850404980746
-16.274394661228374
-6.5030980211655525
-6.912647859271009
-9.018473636554797
-7.445568552720474
-9.883401614842896
-16.13452806227221
-13.308373274600774
-7.062543401866301
-2.0829197493984286
-10.038747763971518
-9.43566626994572
-5.072690735408017
-8.915435111032608
-17.746342222916326
-10.957100405328244
-9.767668918846123
-12.97030795135459
-17.362682975184676
-21.25323128274409
-8.849829735489289
