-13.146294576738105
-11.269797796232991
-19.41513863458073
-9.988548620788688
15.921008986448575
8.63516145698476
-15.576493146131694
-14.883589629743767
-9.311062921514518
-1.2626084727025126
0.3853466801322974
-0.7822608605214149
-2.166843321346944
-5.908283631254561
-17.209457040306926
-22.551603052581854
-27.774616155060343
-21.565049836621586
-21.649762103512586
-37.03882727407627
-33.27538314687486
-21.93486046988453
-15.559571070974073
-18.83817190609657
-20.206744228125594
-18.968570158093986
-23.57269641931705
-6.620702775978232
-21.040547625835146
-14.066343777031426
-13.2632260693734
-24.038567244631448
-23.421873322270088
-17.636407479425007
-15.088378222291679
-13.942389254708333
-29.69236828962881
-37.11487200488241
-26.45307291127256
-23.637497333449396
-28.838377496309075
-20.26852199967268
-15.52627280618381
-4.693662073614795
-23.960438755674428
-16.990352727417072
-10.338643730101284
-3.713669093963672
-5.172488118790568
3.4369018816588675
-4.125710574369462
-11.642531090566225
-6.360548088198107
-6.071895215825408
-9.000236094654355
-16.86915305854207
-20.394261151047754
-13.726939280823705
-16.428368350783977
-6.0349730746977235
-0.8252147394641649
-6.779371948923582
-15.829243857920645
-12.401892027315695
-17.509953989240632
-17.889970887397233
-18.73325040870515
-15.585797042977605
-17.185116648762587
-17.309881259272462
-14.024477490932247
-12.099293415584956
-21.582207032131663
-22.816886673087225
-15.203713026284607
-19.134678066426748
-20.305566585608588
-10.786676745916703
-14.85620790202483
-20.470258014843907
-17.4740021806214
-14.5066271273776
-29.556372911916853
-32.23363322942137
-17.583155506191595
-31.22690828206277
-35.586128010312954
-35.29169798553163
-22.99343299632245
-13.727220177762135
-12.941272741526609
-12.200708434772922
-14.100842481424177
-20.284362141130668
-12.620395705120982
-7.040595013166665
-12.945876716529787
-14.742063792270189
-19.829199875770477
-24.88112499221918
-38.30932582364189
-34.009464917426236
-30.419957593581124
-24.094301194741284
-20.754709268668925
-21.511950757610048
-26.50851131235605
-29.264769455230326
-22.045612339218263
-16.06114693303315
-21.032855031888413
-8.350105272882573
-20.84782166789198
-27.014972533509717
-36.061283980439704
-32.18959863891425
-24.643177585485898
-25.373931634965377
-20.64939003291392
-18.969004005979425
-14.71169242981808
-14.875141124256842
-34.566250882973264
-31.38238698116765
-25.868666188028275
-37.73674785863487
-20.81271720657496
-26.966137295268396
-33.13400004130338
-29.870272989702233
-25.975286157983952
-20.48452748082047
-17.63868849603251
-22.499687641129604
-20.956005138327374
-21.787061556271485
-30.183695007323063
-16.8512548109604
-19.42108033888047
-25.38921754472805
-28.272236488117965
-35.80424622259898
-31.119200426566557
-32.92182911970453
-26.27282774697669
-12.073890701999126
4.560807059182735
13.472367507358786
14.965184783784316
13.567579865757756
18.363495048302205
13.705404106862074
16.350911836317014
28.100634256512894
25.252999674377666
18.80403177161635
1.4583720533018163
12.051791500128449
5.543114781024841
-2.0150892253335857
-26.844671812539843
-20.49531085825738
-15.186702909735846
-19.34843819339316
-19.77088138032683
-10.709606971052931
-16.866781393786344
-10.641113895895414
-1.6971646575595238
-1.2863296601483931
-0.6412654381689443
0.6408190570672972
6.412820883920356
-3.7283827736452224
-5.237582724768106
-9.540311351461282
-14.767818110508491
-8.072948623455838
-5.75808942644208
-11.367616227306295
-22.868049014453106
-23.028107164043327
-13.679919524848746
-12.932336219772566
-32.24354976916079
-26.544339723661157
-28.11160134185093
-36.283717367119706
-40.50816514611014
-40.46152249963219
-17.224842353498868
-22.231505745953946
-29.878454719618247
-29.657114090503512
-14.15660135818789
-5.961204341646299
-8.750264360137644
-16.56753143269402
-10.796679908733024
-2.053311492807386
-10.572899628039757
5.106161681136973
2.5990601897315715
