10.847577737537463
2.0500651834803043
4.353260190488055
-13.353362241626506
-19.944797669015664
-36.41072541156574
-28.516739744896636
-30.4937917531178
-29.50006600944547
-8.22434366882387
-23.584974803967746
-22.45416576671918
3.3344957939842725
6.030862636030075
-16.050017988642917
-7.818504761055615
-14.576380805284133
-6.9302701465880165
-5.8454899504470905
-18.34867440858295
-25.991074901529217
-23.697204520919705
-19.910791824516107
-10.939450821682104
-16.160482346228846
-20.73014580003724
-35.440250250932934
-34.50879397582467
-27.79568162736796
-32.09709411233452
-28.340727414560266
-35.23670407215949
-20.305795901533454
-27.404409506218446
-16.580452306353752
-9.131555357073523
-2.917260964191423
3.2424758663610005
-4.162965920671929
9.955892643819507
-6.0916052172382935
-7.063986824575037
-9.659133041213023
-0.8941190562160672
-18.001076914788637
-14.405350748861622
-12.058028853292475
-13.194821698490104
-10.778544214624489
0.3576734899141657
-6.4264417967913925
-6.578674975464527
12.621789790513821
14.978053448485014
13.332412295615935
6.74416321587962
10.075770474144974
-8.154410055743003
-6.278506635506267
-13.231911042835685
-2.813257538968489
-19.98861002867623
-10.295245196393573
-13.42816540011508
-6.193547906789492
-1.3818159594670931
-3.6952525326648256
-7.424413300620871
-13.825708035214
-1.9287749148889144
9.614057685576672
3.3215885595325254
8.088833242901519
8.97316118863832
4.476918235330569
9.382335185496453
5.2611901971252095
7.7182904271949475
4.552654349475788
10.569745983805758
9.932577200968042
8.202827318680196
6.873459741173952
-1.392149736985851
14.562825245319724
-4.578767477328337
5.596914895022949
5.9752363635371255
0.7899519821606321
8.023636765386613
-1.0607736181907863
-19.654867936971304
-16.9882163892188
-30.83644016441588
-26.571498468226885
-25.304728415983373
-26.857491479757805
-34.56372998779912
-33.112770798783906
-17.270624055535126
-10.73839056411719
-14.50231665884838
-12.91859325738558
-23.472757924232393
-21.666753296500612
-32.79105441846691
-31.40604439486855
-24.88400389411815
-15.961848645585418
-15.333980960616733
-28.011021231507783
-29.1798163720432
-25.123223011928488
-26.727701401383328
-25.234359284189683
-31.627054804283425
-32.13891429197001
-27.30720822431012
-33.41861394065802
-45.7847542857201
-48.44942533120472
-54.477729291205385
-66.46276686555065
-62.51163974535283
-57.436854565878924
-67.94754095048451
-43.81499847525331
-38.02861120037386
-29.125258543068252
-22.358983580969944
-23.018755168433266
-24.083329727755395
-3.817267820352503
-1.0658833121255815
-8.18053930637851
-12.4025714205953
-6.396423196401132
-7.714599482771296
-21.55263954997788
-9.50881061013759
-6.340621405851866
1.7022037921957067
11.597432664301994
-15.87821965406316
-18.272339799794512
-23.557973081070262
-20.845838620801317
-12.028259051554613
-11.354404019899736
-13.941872306164694
-14.010063043325095
-16.793870971663736
-20.07645681704777
-19.582334424827465
-11.697701838620176
-9.587034206494986
-9.378973182112508
-24.117779060172357
-30.342746531108304
-21.19890797561544
-10.325955206290343
1.8434529089458769
1.2419765027372962
-3.5175973028735177
-2.3778528752732053
5.710248289800168
4.543126114675151
-5.031209003252567
-1.831205706347908
-7.863874208704788
-27.39686551345488
-21.73239677128539
-13.260647594306546
-15.240516409044671
-10.89095753309835
-13.114034492928154
-23.550583630693946
-17.486023372927566
-8.53926720153134
-17.15756648723584
-14.457311577245537
-15.308160949174127
-11.08324446740088
-12.118084392834456
-21.064545271305413
-24.735973839135127
-30.234867714131774
-33.10455912350441
-29.936648898634516
-28.104526068112477
-15.428860831329676
-1.4736340809709791
9.64833808268818
-3.9791758207695467
-3.2671850040315467
-2.564119812680832
-1.4364767006564472
-1.4521822688385488
-2.8165318566999464
6.100359378618973
-4.0631515326910685
-12.809472677284612
-34.95648272586951
-14.170804938831456
-9.033582344205168
-16.84389016822007
-15.277607407277738
-7.229365172349161
-1.1350431613599348
-5.141367869118162
-7.162990297183037
-26.09312562016128
-23.57179312714193
-27.761889858558973
-12.405809144987199
10.843338708367147
4.232311442185003
4.120797349243436
12.380144801856776
1.1135086106290175
-5.937402679831005
1.2787178241363495
-6.667375764077526
6.245284145128692
4.096117163734202
4.1818571230357255
-15.501594256542287
-15.23591464831569
-18.931262656308018
-14.948916573394367
-23.218980177018825
-11.052487180250884
-7.125266059562477
-1.8893514409903684
-2.9843519970451022
-7.3926749512698295
-2.1686297663303744
-9.043126927722293
-19.580037000851416
-14.002571957851176
-14.482857843527682
-15.862523719351227
2.51946425613266
-7.199729799472097
-17.003752684662906
-17.73102597577523
-6.982484157993777
1.2259205647458082
-0.7237290170292087
-1.8025132507769128
-0.7427300576340136
3.6949515184085855
1.693858268801038
-4.1957742118288115
-9.835915022416392
-10.627207306897233
-5.873808762668954
-10.141087494342713
-24.369753728862573
-22.88477997208848
-21.570073912319998
-2.311044830490224
-5.858301720579826
-27.97964249782968
-38.909825390584935
-39.712208615126016
-47.52027343791399
-38.53224246348131
-39.734217281096136
-30.97791500846866
-30.380446341492977
-11.154378456752989
-17.405874657680215
-14.443587716324046
-12.198312965096926
-1.8101247460394128
-5.639093232470251
-3.368537204746064
-9.996584729344944
-22.17249326177967
-19.57108439458992
-9.648205330264984
1.6607950770432338
14.683002743793182
5.176118011023113
11.437081756109436
7.471620961067154
14.053041846542596
4.056646013836573
4.494119039664374
6.3260960637506765
0.486348779262316
3.9138660493190778
6.119284766065888
-0.9752573220105996
-2.9341482167720385
1.9809969465750068
5.570330302894575
4.983653159403616
7.528399803589245
2.9871146334740257
3.776907705987434
4.771907014990927
-10.539712382467613
-14.249219235512465
-5.085265917317456
-1.9219705413331083
-8.964037855456118
-4.105067625541008
-13.90592687501998
-17.863147074341054
-13.185371050375133
-10.255723842859963
-9.979789457940056
-0.6972564723078927
10.175114891674996
12.9944156998237
6.087962557381908
-4.121314535496063
-4.8146665477819015
-16.835234424334278
-32.087042580555675
-28.622156595800128
-26.966145245233818
-25.875688965042556
-25.713154211448412
-11.650421257233369
-19.405607243403797
-7.758793665777312
-26.48584383163511
-26.866061963332378
-21.94606369181148
-5.127461481177818
-9.153243047523985
-3.794234006444481
-11.54109245390365
-20.513952625011807
-18.37804419699554
-13.029205040053279
-21.341073720350803
-9.385944866553457
-24.940794166413035
-14.578258138378338
-31.298512193967646
-18.55103973700959
-27.399145864435805
-20.96944862356359
-25.2257274756038
-14.721554586118335
-9.950841518379734
-5.173355487695312
-9.32103902692032
-6.763929965393727
-20.001779907334345
-16.95695574733578
-30.29152631148988
-27.828846107159873
-33.60597586735933
-27.3951663503573
-31.545697560810623
-41.25135270786452
-30.815594545839428
-26.710553656646386
-25.27712750348273
-22.034582003702756
-23.33002298202053
-5.989819393022929
-20.714592325169363
-12.712674468539138
-5.916672843349877
-0.11008393962683792
-7.520732945373523
-16.490533654369866
-6.057652253012737
9.158914355245157
1.4872670933128878
9.339470882075236
-10.821216041649796
