-15.6418066203123
-23.61943202417793
-22.398416749169137
-18.855563589742392
-8.488553001520929
-4.432975230612193
-10.245933949890816
-3.4499111356932994
-14.925502412289
-14.885981037548607
-15.44604485941467
-29.097101974943598
-25.11618325428905
-21.399278438111796
-22.339737118537197
-26.22836682281233
-4.884131757012656
-13.115845500188307
-4.335459228705027
5.568343431457013
13.869836408552391
21.856265580240947
14.494249051707133
4.474019602352956
-25.805391720960845
-38.107440626738246
-44.414381573026645
-38.648562309369346
-49.89172445990041
-41.93959391482663
-35.45361464228391
-21.72384056458584
-13.91334072455975
-14.359498229093056
-7.33162206195134
4.258782154136902
-0.0595394185992037
-1.3696864622968643
0.7928951701331641
11.110761238823777
-0.9063377196437272
-3.1567794553351134
-3.0923536119385777
-14.175105909727886
-18.98440969395797
-28.11730708397957
-12.119273408608336
-7.846629699768169
-7.478779872266692
-10.724653054495993
-1.2230850819469086
-7.44098764556298
-10.73446925310065
-23.481409705180077
-18.192741033362587
-10.067696557124039
6.577866755314858
-14.57787157739588
-14.912498214617564
-11.050405444669716
-12.646696436054844
-9.449729434783048
-5.743974780700718
2.2366175390812963
-3.3197029675843632
-15.683124943603131
-21.939969072468077
-11.7921034007111
-14.050422857695837
-5.140807057901088
-20.286843530253858
-17.418204245448013
-9.60363449109593
-8.942725855293887
-23.027075038574463
-10.81120892136958
-6.072757634310433
7.054843445868762
-1.041002636450713
15.703255035189441
-9.838398282607551
-1.901672349277326
4.6871466679779585
7.483941806186388
10.49083056853988
-6.308495315509999
-17.441055620321578
-17.624637595693603
-14.526253671241411
-22.68027997785259
-28.402120316855417
-29.674613152711515
-27.20390161304709
-31.30142885842168
-32.76266928085388
-21.3164954778929
-15.17670417019259
-19.34433416213424
-19.89478284300977
-17.05658024740728
-8.567875236683246
-20.577506363730844
-12.455236827563038
7.378409217165871
2.1673275864057047
11.559454948507225
3.3691200056474475
11.796553639155094
