-4.96032327632454
-6.165826284069435
-5.6460930356086525
-5.250710372018659
-5.079436102936329
-8.853102548244882
-9.226125376687738
-13.686011035421867
-13.73001972117357
-4.075298875691738
-9.498433187821297
-26.239408724680352
-23.306604966218128
-21.554390185348566
-23.89144613401539
-10.232414762185854
-13.52587669326024
-20.75444674595109
-30.69943922052341
-16.76186589425871
-16.05589093748999
-23.61786107548382
-23.591750738145514
-21.91685769331804
-24.410368233042654
-25.29731809042121
-20.99588983421522
-15.892026901526025
-18.794388559840133
-19.99913078965969
-11.349254947312415
-15.06971850982826
-18.98922135058857
-16.603013988728367
-12.676520158612492
1.177785206167563
5.6792000031677885
-0.06188371079370088
-6.814239311202423
-12.730455511784855
-13.955367051621002
-8.857557357353986
-14.640887779561824
-5.690569860550853
1.113632167719575
11.966693624421813
8.306761263168456
-5.069803542355649
3.578450393434792
2.7033295354965152
1.5179075865494918
2.2013756368101323
-1.0656580626858625
-4.92652157835947
-17.39307267869376
-21.400093140708584
-14.304170660144903
-16.51960777797846
-26.20547686799876
-23.572232229867534
-20.881371770255353
-16.24579773385991
-7.305958999205389
-4.393336458549531
0.3296221564015289
7.001819938235912
-2.5140065002929917
-20.55367820761827
-22.437449065911757
-18.743600727795386
-19.017755657452
-18.103702197599254
-33.438287443360394
-53.02363477911617
-61.3738277332811
-52.937096723565986
-42.80361916546647
-40.27314114701614
-46.32679847564435
-38.40907529678576
-28.790062311261156
-37.003385670103256
-35.794446630826705
-34.27019652622934
-32.92717369507561
-38.21358592328697
-37.26666230413069
-38.066954362127426
-33.470239699146425
-24.71707695774982
-23.156139467457546
-16.140725413432396
-36.55822670237668
-27.33476067452881
-66.37068407698929
-55.00525959838196
-46.80368981781489
-36.967742802711186
-43.12432637395243
-67.59459793295142
-48.74434025956214
-42.77563230292977
-43.41083625951724
-33.8379464605828
-19.519046322159355
-9.365899375312237
-14.302888021359053
-3.91906673825058
-7.388389504526843
9.30045196001067
11.439861467651456
14.840197785944474
4.637641352064449
13.955639600025359
12.703956477511433
12.37398544402957
14.575227869958216
11.014768053981738
-7.1512122553376125
-14.938257136149442
-16.598893277720652
-17.42842953735238
-22.226741490878204
-29.34560939681659
-31.583334448360663
-19.177992932561427
-12.719311611712431
-16.058409383791943
-15.698430666091767
-18.020663626591002
-14.716903892347574
-16.124793862826472
-14.90403242728665
-0.3936221852180989
2.1120561981777564
7.759094304083304
20.918617720776354
12.692078834763114
16.606880532357618
5.470887375646041
2.798659231280256
16.86195690472707
11.388733918535706
18.25997239613383
14.193394203353494
-0.6164965503182287
-11.448259175974297
-17.27487604899764
-29.901899674973105
-25.372916660107776
-18.952186725537626
-21.875150985246524
-22.253899954251484
-16.175568742509533
-2.8606478655736205
-0.7824374426856765
-6.882939820405112
-13.906775340219236
-12.840146422554033
-15.686964432960734
-8.493460047774105
-5.645668189273488
-18.042288267590344
-11.150616886655717
-9.538728575607044
6.319900539138736
-1.834139266332612
11.076127785786529
14.337900421784711
12.539044505305982
7.1573318885453405
0.1892749278184595
-12.546361139900274
-14.416918098461421
-7.228318341325703
8.969964374022789
6.1186146529513765
-26.68970416072208
-37.38625565343949
-36.51739540013252
-39.24971925591369
-40.80480101405683
-33.40166756149148
-35.75951416578498
-41.21020459928686
-34.42066634076249
-15.674328965209744
-39.49627447103296
-32.115463164301
-24.51205841451904
-33.069448864659336
-18.72529723368942
-14.695906572150488
-11.927795023114724
-5.303493834952793
-4.244836946878478
1.9414046737370425
2.53976116227666
-3.2019445620860765
3.0312301461490305
15.567070527195511
13.969852219435491
11.760050390847026
10.271368720386286
0.8645349203486522
-4.0801311937090485
7.758023700594768
15.056509485777815
5.692247507488508
6.594037716697669
0.915189610894878
-2.1620012914531928
-6.355652511079298
-13.387444554049466
-25.361093880018142
-28.41480787567039
-22.26541048967861
-22.10207412703741
-21.0019499664748
-13.286566028163753
-6.2311109349101566
-1.5685463386317426
-2.472452731112233
-10.881840292718218
-3.626996032634802
4.500097147767024
2.8160346072695126
-0.9807103100607306
-1.8603180539483195
-4.601318598516415
1.7900307414572765
14.314781867411465
11.167342910495579
12.386176988627687
13.980184648199867
10.702704622003246
12.57269267827891
10.287711470207716
9.937108638456623
8.275447783152211
-11.59351979249302
-8.341224026193876
-9.446752631855876
-10.93857888629601
-15.04599271920182
-14.039341153333163
-21.1466036965112
-22.64327550881585
-21.917751839027733
-18.586629219862658
-14.534723432456131
-6.006515684657388
-2.594580987662855
-0.6386673753953747
-2.1745707259886218
-0.5004393229352752
6.477873868552304
13.837575236687908
10.584688110912056
4.611547363915816
-5.118288097846358
-10.0919887112569
12.665909250637712
25.20208542890461
19.098267641795946
21.672719092099594
26.48730037094708
23.09123818612713
30.60759190257617
34.322873288806186
6.963231054605997
-22.92167962846993
-29.586677508049807
-35.02855391668688
-27.371844384652697
-22.22674965668314
-17.60968386720615
-12.732733789011455
-8.115156132063913
-9.64307022099398
-6.856714360596667
-7.786989857280504
-1.9001010936433635
-1.8915929979375592
-7.993628910333206
1.3291794644149664
-0.1947416718922444
6.428529119734937
-6.544401700877397
-3.8531520685010467
-3.2232433462407286
-7.175559209105903
-9.582754197898034
-13.07100302333226
-14.584806113503847
1.565734467724945
5.419473971440351
3.5754169581450186
7.187363542499787
15.497150084940927
7.130161451940538
16.667558831025207
20.084679026411305
22.163818617048264
15.597572393834527
