19.395792082180638
17.760346718760534
10.738868619417495
9.131378476058718
8.07330326297103
5.158200735181381
10.05534527056805
10.128761066662152
4.204006003663631
-39.483495944375136
-25.516459169922435
-29.24499836266957
-28.43398528323605
-24.291218981996643
-26.333053684325968
-26.005569974762
-33.805073469639176
-24.614825244571424
-13.092098942154422
-19.350600460400155
-16.829017661079597
-8.680657913050297
-5.016513046550755
-5.132743763210463
-19.40922564128498
-26.243112493642002
-27.282579370729657
-25.54409236034471
-27.337899952209806
-29.04821768066023
-23.14612123717626
-28.161129018237933
-32.91533497527774
-25.101738468918487
-31.17254508177568
-19.093186420965747
-18.4693800364476
-23.171784043661546
-13.915614484720018
-20.330002311180692
-14.132976894464088
-11.872011950493686
-15.251312646582123
-9.944025357099829
-5.8470521432514415
-4.787917469561824
-3.7879246315493216
-20.938944105715056
-12.085006571390405
-9.316443011272641
-6.634083090853639
-9.778823398257195
-20.442408666906605
-22.41145938106864
-38.57299276948322
-38.04795711676722
-32.639154783961075
-35.299595761482394
-31.762529769502354
-33.56369934740992
-44.85237850074584
-59.28910440788814
-45.16652909688585
-33.826184872629554
-39.06092615861756
-45.366691139997776
-44.338421027771005
-44.904013656047056
-42.64060807648347
-37.72849903877356
-40.38910480034187
-47.04734968865723
-39.385683769399755
-40.324964153631356
-44.574883552819
-44.441033460473776
-32.90027286571557
-31.129705633449213
-32.838607105907606
-40.289393780009114
-53.376211546356494
-54.046118001383924
-44.522143018208524
-53.804409201933105
-37.862786439314135
-23.11232966407432
-25.70116338338895
-25.861504303295554
-24.206485209397897
-27.616371629919527
-29.38755563605932
-25.69041264808053
-11.908765441198511
-6.627335136775355
-8.71145119731759
-5.485067671468495
7.543819607003039
21.569327184639317
4.803666094891256
-7.395732987704084
9.746082189045074
-6.553214382449838
0.7818860379650966
-9.70547185757558
-14.251701744657286
-2.612894375597564
-4.7160716543585846
2.517641225670106
-4.275359736368565
-12.684182994403914
-3.8603127049513812
-15.208206422387395
-21.402700138158625
-23.902776364306735
-10.659252939594158
-7.11566750496627
-13.641216366252324
-9.863216127587851
-0.4892354913102031
-17.107471554987562
-16.32514923681101
-6.6658460830395745
-4.783350347886969
-9.137004622647039
1.4720260787854036
-0.5018307113249865
-5.7784635106655395
-3.453387390176539
-2.5709862237369534
-9.313160961838443
-27.57138287527417
-28.93363715774495
-17.4674920078846
-19.767733715465575
-36.99459670054245
-40.70254491524466
-36.59057559959547
-31.60388449100206
-48.24426404514927
-39.700121614348774
-42.95162061919638
-34.65900236528163
-24.29012326885091
-23.901267909699502
-23.119256697671954
-33.51438369927732
-23.15381467111217
-33.10220576653632
-18.752354097867784
-17.58158234293561
-0.4635033560921615
-5.929607596465533
-4.857009045511699
