0.2264677626658315
2.5095436381874707
-6.942483566126327
-5.7231199189861925
-18.010539239695564
-13.3847105522144
-26.677971621936113
-19.204562091508006
-14.948310517170727
-18.84971291028648
-19.82626094806753
-11.578824422514545
-11.46358781440476
-19.661346845841308
-24.65592763280836
-25.8523284398325
-22.08524835874997
-27.555538149010417
-23.03002686466857
-22.710797045934363
-29.936659908983422
-37.971082644725605
-17.065360775012525
-4.6705034074921095
-2.997686927898239
-6.938042763470197
-1.6759477491569803
-3.077789625564236
-6.323050960944742
-37.0332574666916
-30.85359580129729
-32.894929382033446
-33.96038264858232
-36.13274295992961
-27.248069342777075
-39.25616205190667
-32.904742507111465
-24.050844617470013
-26.146174301843313
-24.204475465415378
-9.985685570407323
-2.423766040208156
-5.442778547091873
-13.041404226519356
0.58622577839423
-2.1026602181647034
-0.9814688758022042
-4.524972831428345
-4.594802596867365
-12.979227475446978
-18.25995609279144
-23.454286134889337
-27.591673839891037
-16.60875780610847
-11.666496887042387
-14.889558893037446
-16.83789536311348
-20.977114278302764
-19.65800558716704
-10.214705434268016
-17.338399386612288
-27.94020660715148
-22.574689387392148
-20.481689940561463
-6.333257111315222
-7.110744312714638
-15.273654838797514
-25.449299599358625
-23.530635403270267
-10.379308761161335
-19.989460107822982
-20.60827421482464
-12.569983832284418
-33.90151205441507
-25.465372052207478
-23.601711107337433
-38.350719208146636
-40.375823295143306
-28.45325340372507
-26.75430368846245
-27.443304831613908
-26.64057045848015
-31.74097102321641
-27.9568613695422
-14.227762437281433
-15.086537004781034
-25.6487810171987
-36.225989187881645
-33.061017573660656
-34.95588181177323
-33.17347207927135
-26.05687271628925
-20.280332743126152
-20.44120159067701
-10.238382205702976
-4.306363317281401
-0.3772254124629271
-3.963767705348881
