6.972355781767
6.798874725921339
7.595234107382973
0.8610811923843754
6.071774529223681
6.402608310433627
9.435958560412873
4.7285224468262825
4.917713142581831
6.604761542440087
-5.868870493162903
10.808649251662722
6.560877676043497
5.594709598158821
3.2672415241511548
-1.7215667171350213
-12.995051824058466
-11.22535404725957
-11.335809394819504
-10.607450832748162
-16.072451085679948
-17.169385224411332
-13.524417969105627
-6.12954145286152
-15.910465732984505
-12.774218845754847
0.026070222133173872
-0.3872661111439048
-8.431617811147957
-16.66688253658798
4.275468651338439
1.2491482109044854
5.504274453502492
-5.352974609620924
-3.025363154688697
-0.3119849977647923
-2.475027326326503
-4.863743684392241
0.17292175729768802
3.3069297268607607
7.742874618807216
7.957250441620839
5.514616549792688
5.439101987541802
-9.051841997859237
-11.580879892210012
-13.919540954551612
-24.16340706012135
-22.236868172920822
-23.985058816051946
-23.162775633139805
-14.765981911503507
-23.231887851872482
-10.605478346247668
-11.159896278917682
-8.566755460749246
-5.055288583389948
-1.052274436921365
-3.19114889787291
-20.783881210724346
-21.75512323273646
-28.16324503933063
-34.84271284956828
-31.939358389606475
-21.81553162149516
-22.11694771336645
-27.802758165772772
-32.89791120387448
-20.59096477904137
-34.569853189182986
-30.570840137883376
-34.50575400579673
-28.961177804056987
-22.037890505925283
-18.789422411373685
-9.778815867730842
-13.519910887394614
-7.611390984313897
-7.287204299155352
-5.993400138916969
-0.3081961842464559
-3.66982060364594
-3.3881541885440907
11.592166929698188
12.551535824763091
-2.2608047537263634
-0.5663201902186599
6.8053375265795335
6.346621447221805
1.3536167221570181
-5.445257612849193
3.731333905714792
4.124249194261912
3.142322725665989
10.151548002857062
12.084581481891842
13.270542245992145
8.532311737660171
-1.984908861360979
-2.9859135756335973
-8.564139981596918
-3.366028449243585
-8.401295469150622
-10.42031796252791
-6.836620319815867
-1.1999064096462089
0.9186666248862124
3.683425391046291
8.024336220771799
4.800545756441123
18.34042923790767
9.353642117260726
6.363636411949834
9.317704623065858
14.292548553061199
13.79259918352534
3.783816126131084
4.948182857545249
9.065960387746358
9.546459852569964
15.742266190305548
13.757693095440269
11.605167298077678
14.094687662313412
5.260039742407309
6.791189777748321
1.7876744523844632
10.445304594428515
4.814173197631645
-1.0603389651609416
7.053957010225589
7.5385221948985395
2.370957626928275
10.036702707849338
9.904466862349217
3.9152081179899527
3.2493330615811047
4.693518099015313
4.482534948046534
-0.5071678187357139
6.944034187403961
7.682776081346992
12.556507939892633
3.4726098738598323
5.106707478184685
7.280399037177865
