-17.677488820260145
-8.844276764581132
-9.50373764351189
-2.724166626796069
7.3704337017612644
-1.0521707663055029
1.4282213428922583
-1.1641456897630011
-1.6722932126249606
-0.02231902314312435
-5.7490046258011684
0.9446596171078924
4.294827875570311
4.357654693280363
0.3070456223668182
0.973170659207141
-0.7137015975138246
-4.047032085136268
1.4656249293049737
0.4583217543396197
1.1208196473068217
7.685836717961157
7.38113912751388
5.956320774455272
1.1466049688954465
-8.28873213743062
-6.033362092515472
-7.456318208910551
-19.201675400553512
-14.349887596704919
-17.621684547583104
-1.9065855182991367
-14.459612694839675
-2.4537551149157038
10.655112925749007
8.663742681241459
6.030696617107979
11.950294108207565
11.382075423123634
8.063580365969699
15.737557699672324
10.415487688597203
7.0935576049421725
3.622359744619048
5.349053428023584
13.460234193901211
10.20558807320355
9.056865042629074
10.64304770175638
13.522998068090205
6.8893856488888074
0.3021317893104785
-9.824724101063847
-4.9065350780110615
-7.604398765143051
-10.11446621746642
-4.460485039904468
-7.543504957114093
-1.3282034344786542
0.5135593653702665
-0.4411295417348839
20.212703353873128
19.1949546102323
-2.0903610098552243
20.576397768495603
27.131947844667373
22.729014588380032
19.18983116134078
17.623074458205842
22.900445616774203
21.33279650998396
18.01089737935776
10.814851597463171
9.427367616220094
4.07815162906812
-3.679258695797096
-1.463722407659386
-9.295666548886052
-10.659272570443756
-6.6978621950779855
-6.419882826973613
-3.104836502161864
-8.269262797335703
-10.117868372785466
-6.4237822985208455
-20.40298103359298
-18.5065660317596
0.940256800381898
16.617249089446993
16.2056264607006
1.0312958114566655
-3.8261593596718138
6.613772127773003
14.948622521689993
19.62331418292696
20.94658921398593
14.737762987700176
2.445735799041807
-1.4530850598518783
0.5599702746528351
1.5556586520313005
3.0499390626106013
4.901871870150925
-2.5942623485504703
-5.254256800438274
-9.57522247927096
-14.445612319958155
-17.53357608385172
-2.532104508123287
-8.250201273230704
-12.629522456974994
-26.545678557391767
-29.493432413650822
-26.393842786183786
-24.864427782382545
-18.342046984114845
-26.038162466606913
-27.74522220142334
-27.82379254767118
-23.38744433121939
-28.86941739569096
-37.2335480436344
-39.350986495428465
-31.887415757017603
-28.663127215366856
-28.145045353764353
-20.7739988513243
-22.224920012389088
-28.739570681294822
-18.23488698789804
-16.600178020224345
-25.459055720107106
-14.573030430640733
-7.90541991513193
-12.363023838063786
-13.086385391034336
-17.15331659189283
-24.230491909692176
-25.83181333412973
-12.67641145354898
-14.707393593079395
-9.004234405103952
-18.1931456206131
-21.171598500910363
-20.219137842772454
-20.73728201689993
-18.917580205004658
-5.457544039793903
-13.27117120714189
-9.736473496333156
-7.0512149777130455
-11.896788194510815
-0.04071598167994515
2.8537059499432367
-19.626981284028602
3.5232760220298163
-2.876972293517152
-1.7923056196368234
-13.571013132215517
-16.269723534019644
-13.039646575849204
-6.287301075533298
-13.484696692445025
-14.29389636037945
-17.64074684787457
-14.356404595450424
-21.953476447223895
-23.997926133414165
-18.569168619506627
-21.944990619395632
-28.8325271707424
-8.073421129251278
-12.887660830777644
-10.259864075897964
-13.61459629064533
-13.829117772571564
-9.734623839486897
-12.68530161738203
-12.516783142648444
-15.141186752331086
-17.68617966632119
-7.276528928091133
-22.027696565514358
-16.584649032326233
-18.41595013203188
-23.17994198734415
0.007998761974397816
-10.603346597650877
-6.107849503287334
-11.068889506416788
-9.282456987424641
-6.340129293969346
-8.773000644529812
-6.3238174435707535
-14.781353721665885
-14.58106365637684
-7.166107551595077
-12.937947207382873
-9.823233463883623
-6.113108146825358
-5.242047352652782
-7.319128809621294
-9.390653679467258
-13.131058326698506
-18.22466782906704
-19.689067965464197
-8.52239697955642
-11.612319953228347
-17.756633652137143
-15.020496502795984
-14.757299628862851
-11.783912613940506
-3.5538079334381045
-9.344223231489703
-15.480318445604512
-0.7158149809718335
-0.03497627119466018
-6.891166380613615
-2.900563901179816
7.616260870249683
-4.367935462899565
-0.5174852284297319
3.5150159831956977
4.2455693231973495
6.9210864947551975
14.937251460715293
10.416485557312996
6.255851123926228
-0.6334081577926495
-10.297134705074916
-0.8587619140103567
-10.24823514350992
-18.67373280906528
-13.08628190050354
-9.953292663173881
-0.5889194552815663
-4.373440863263173
-1.596202653053906
-3.5919500510382845
1.5717381035473788
-1.3787607993046989
-9.281458135607826
-4.781424796519109
0.970116783737254
0.6961150764071031
-4.54239607055275
-6.8410648519160535
3.3928611187423714
3.1122379677791483
3.7642723355743066
-1.9624769035999812
4.154793786983773
1.058818384772844
-3.9855723982984266
3.919329882797303
-3.3761717356704697
-11.612243149062769
-12.981157721518922
-16.792011320091635
-9.938410635545868
-10.840936687252992
-14.804274276166565
-24.206190317639212
-25.42625086114995
-14.130618153101675
-21.716465757555014
-30.716287531568703
-22.250528254951817
-23.51865450458324
-31.51459451879684
-18.630685604872227
-45.0077096849303
-34.66861894258833
-7.6168966293650415
-11.429591787018467
-10.694454382458991
-10.691092752427494
-24.81102391838079
-31.65548600480537
-19.53442119604779
-44.2006154446048
-49.37429454102995
-43.442872458211724
-25.703775092939033
-26.96255307323636
-22.95760740431384
-13.066849342263627
-8.17488025886065
-7.321668481980868
-4.0699839410023175
2.7928681470806085
5.214914499512741
-1.1359843788462771
1.1230284566562962
2.0596886383874087
-5.480606516798741
-12.94769286638354
-12.293146617862627
-9.143339411051736
-1.81271660152752
-0.12353891140241055
2.027395470455797
6.9285348910170015
-1.1540809777002647
-6.901627139991423
8.334909189269295
2.239931984877146
-19.21821191038089
-13.501144905184347
-19.138101083622207
-19.13952519693711
-17.421453064207174
-14.662767380108464
-12.929441748324177
-12.795932668791867
-7.049260154714191
5.404825285092644
5.627600588828108
-6.0099010449505865
-5.0497107520161935
-3.613988036799775
-4.11594188766456
10.535362668435903
1.129187753425665
6.969318120705056
5.727739149759952
3.996453332612027
3.659353381099117
8.084600207159731
12.361900028493107
14.97559172660131
5.3471704132610895
0.8252758105740007
7.535047966235924
13.089172458366468
10.341432657451547
8.267948070591089
8.723056772910102
2.3405233539314168
13.351330351541224
23.27600722204436
31.049706688502397
24.87513159447608
18.23952263467837
21.550153746610047
13.890629640975401
21.00097094875966
14.528655653436886
20.500345465873774
16.377939910364148
17.706480163149127
18.460368185021945
12.817328021106306
5.7589664959128495
18.04790890639086
18.243624413974853
9.607230760896696
20.51607156665477
20.130124100754546
21.53004139237804
12.452908484163475
14.891208858732185
16.42073954303832
16.74772318939232
8.255748489383121
6.13812753955305
-3.677095829829772
1.0352331146393396
2.280847126335161
3.467214679263614
-8.435792898052483
-1.0533413453739142
-10.095131139541637
-11.710035270873885
-10.431856588356762
-12.869404114885993
-4.3203097538357715
-8.26453747734923
4.729533080663583
-9.57437901518119
-5.320745098945751
-13.2222051834895
-14.826542998178525
-9.79379909216872
-6.336287501384432
-5.34996873929938
