-5.08358405444803
0.5331044980840857
-0.7132827120730136
1.0349476245822438
0.6634587759024472
17.399449439723586
8.760614041881428
14.106851928248599
13.380522944192105
23.623675850448137
16.51260441456262
10.856702569567547
2.023389639612529
0.866188287593007
-3.6289116005502833
-9.53924400542083
-12.494945436862375
-16.016482258138172
-20.656095676210747
-21.660614504019904
-24.144400752677413
-6.8361723702001616
-5.538807704821321
-13.94979739623359
-1.048104733524496
10.05834789376584
7.344374785170942
2.273801499606269
13.245188675382677
12.363347954804919
3.8733182545348637
-4.864020409342291
8.790799150767329
9.27214381916869
-8.636824482107727
-14.55940286438216
-10.308537615290671
-0.9420720856267724
-6.062627910511005
8.2547304500759
7.8090276201541435
4.6555754962072005
3.87749871953594
-3.180396836929395
8.25582402929322
8.93263385996053
-4.498657022814738
7.455946622380575
10.30524122703759
9.551592333927161
9.21428920235802
11.949807771694775
19.603341417802643
24.241293470052717
13.046943516226213
13.196249478882066
10.474325621846504
4.2211668158907125
-12.537447537495662
-14.741010002224774
3.2472242896692056
-0.8174090702458497
-8.50403135083754
-1.5311848083495176
-9.87405519243178
-9.171375119416188
-15.211119077856734
-33.59096576343636
-33.68352537162889
-30.265577305293103
-38.21960613098689
-51.45839570322471
-52.333281110790004
-61.34189949937933
-29.08174431635029
-26.665539426530906
-33.52923900555907
-36.46457487742036
-42.26996899131505
-24.47990606633924
-36.55037940356394
-38.83723803979464
-32.53154106039054
-23.226119164755392
-11.2018651864386
-16.670200075393534
-16.994845581423853
-23.059078523509864
-9.768803045512877
-11.13277696041754
-11.195210302662456
-24.321546051170678
-22.382318688599025
-20.23672333425996
-29.664886414171573
-10.256279046351489
-5.207444041029048
-2.6716151015175904
-2.2629181968687013
-11.486462657148302
-4.026009917130984
-14.465448229511127
-11.133174866842182
-14.656448783054106
-18.025875047189103
-14.328856747199747
-13.65472120603151
-20.517248035543044
-21.216732121359783
-23.78423988498967
-20.2154599393386
-16.01515733049615
-20.18995343949176
-16.787011219447574
-35.26585441992415
-21.847108175099667
-19.7934596945257
-26.807960872371076
-36.47103332307693
-33.9514826513742
-29.363724192872766
-27.297203430813543
-34.420653209615345
-27.55652158467629
-31.4463464936328
-34.935990615263904
-21.971483191698407
-25.497014039629025
-28.043979940117783
-34.94550390032897
-38.916843815773255
-57.966074169910726
-47.525741829000474
-37.16844511237673
-26.2020362934078
-31.241937272525877
-46.266110681521546
-44.42892120105947
-37.72821141615435
-40.074318230769904
-53.73856582132633
-55.258791897452994
-53.914880869442904
-44.219797425449116
-44.22165524427357
-40.71855398798052
-48.23977902469215
-53.568974917365395
-47.9367988813296
-49.58500473915596
-41.63167061366338
-29.66367994691686
-8.547003460262813
-7.347015309942787
-12.925403748614439
-8.927418717944743
-11.669797845397232
-15.988044367078835
-15.648986347456214
-19.61283785912436
-11.774330974697795
-19.405340792261782
-21.813510830164798
-22.370994635323687
-20.213045892205752
-22.13997040156467
-31.859423290765648
-21.70480999185395
-15.270574920837939
-17.508201770671064
-22.64827275398361
-3.985314277596297
-9.416099438097252
-7.8296475678015485
-0.2278237607722491
3.622708043333048
0.709934366951879
1.2232413982994743
4.124480843390331
9.074998364846843
8.985711628185246
5.64643434758383
8.214270020107461
1.0644538511197923
6.719311423088032
5.675038233983523
-6.121897973163969
0.8624491120456674
2.4413325663615106
1.07375737249086
-0.31820015311338
-7.958359630659398
-0.8843134611898638
-9.372316814721973
-13.248829425102803
-5.51858322236042
-13.110064704109574
4.29748612061894
13.400022857057314
12.387227995956213
9.531549173296547
9.479249584441227
13.350807260181176
12.91864350684994
17.457169810100513
13.893311240933313
13.0541001084456
-0.17222133486528415
-0.5241995960839989
-9.324290717123807
-14.582538428613706
5.417424882128441
5.6471252824863125
0.043167212904909616
3.25534268330464
10.6808349587979
10.653921213948099
14.181446450504216
2.7388919814436234
16.777876215222854
18.259999513431328
17.385099409892725
13.902674268387996
19.826393167186247
16.330289179282328
18.776686924477783
18.0723726961538
9.77065615467408
15.929807053961214
27.13272104816823
27.986575011704033
27.69188534085948
27.71753106597129
14.277683515929056
2.8241410338871544
6.4527224546760085
9.168321245276518
5.07575501548189
7.532196100161165
1.5513817648059711
7.298237085333499
12.22091738699506
4.61282845253466
-10.500363845091544
-8.845404487651306
3.416392542983117
-0.8062761332232977
-12.294555449142024
-1.8971254151864747
-7.700394639250884
-16.80800167873644
-15.773300713860626
-11.751239551296482
-5.439225243127367
-12.080367208089395
-15.026828288711824
-13.00739712795576
-9.569919721135756
-5.803652700634254
-7.512958517117367
-16.899509538959116
-28.446716037351464
-17.550247251778007
-23.50909476093916
-21.550427695424183
-28.38573683306901
-27.53393576025237
-24.518165548682926
-23.594897654487628
-16.369647310168723
-12.63247916065216
-18.053706214467443
-13.300269612565437
-9.561432893538962
-13.658123185362587
-18.217176904985372
-29.98355293653161
-30.92486993566957
-28.45664198185777
-14.727503279601128
-14.989370507185173
-22.69032907851183
-31.12821738654779
