-18.071160765060924
-22.875852969269246
-16.836399030516887
-26.473214318870763
-18.61143103451087
-17.314015233936633
-12.052151594362053
-15.774831580181468
0.9148816954898448
-12.323910987094871
-19.861779576616144
-32.34579654030223
-56.01477856340102
-51.08753505380946
-55.123288652841474
-45.51590516060731
-27.84127552636037
-18.484792598458935
-20.606788081058184
-24.33678008350973
-21.48916051867929
-20.592487181978818
-28.428661570715064
-26.620320006406637
-13.45510425010235
-12.397727084967228
-18.119238274747925
-18.953821240536342
-23.20996512352123
-25.945360030428535
-20.34509500939444
-15.817647241092477
-13.717821984075346
-15.70591235051402
-7.707426691273992
-14.297344086977821
-17.028268361019506
-17.771007667875217
-25.022246230903967
-20.20476270591113
-14.645959597004188
-14.769662484135187
-17.86517521030979
-17.797409030060887
-22.042307148495563
-19.12961095157061
-20.77213936673051
-27.889466043577023
-19.47695078934989
-20.361092353003517
-11.774899818991257
-17.245251826377928
-9.058915800419877
-7.383538873479843
-11.25391637771019
-15.647326473126357
-12.650716393918069
-9.985262819390648
3.744046376080551
-5.276957226253653
-7.695656381199559
-4.151765713338763
-14.122427120008512
-14.002533775711887
-11.744030314170177
-18.505226611638665
1.8585711518650967
0.019138301460301863
0.4806002009619117
5.9109161363760245
-12.459662989752447
-3.876942700235655
0.13912044966357145
2.2409920090053004
-11.148214104479694
-1.7530190580059417
-0.08065211744723087
0.6401986073745505
-2.353679030395376
-0.13875004791241374
4.433929330259853
-1.9231552617577967
1.5078925538314
13.380222548588307
28.347549244972917
22.098967052091318
19.09148535842317
31.58562816905825
35.074221620451105
23.533149712583967
18.842505509961605
9.556488031305813
6.992077751359396
9.082980059860397
15.368039660253782
19.95039573235133
16.01346944748605
18.965726971707547
9.549495016321911
10.916453276730035
15.696504980189486
12.541970697597131
4.647021910308187
8.418159814778932
10.010250467593494
4.497740332355081
-6.813868991978544
-20.021357408808
-13.073580306338027
-16.261909739302325
-22.368461766245023
-13.543598868496428
-13.615148837694536
-19.516855801738995
-12.966134568616926
-12.425075147669244
-14.396545720490884
-21.71185344003057
-14.405131003639422
-16.44193226428091
-21.842658361851743
-19.312367673473137
-17.54747730431105
-8.575745724129604
-10.432569690150554
-1.365875964424813
-4.339632171596375
-11.323258249888893
-4.661921323281169
-5.270259947396225
-9.67768072886372
-11.908743154495445
-14.777987797642552
-10.464035150074377
-11.018132795254084
-9.657689791016622
-7.558425561764285
-5.548812251155561
-13.352174128845613
-13.364095125424932
-14.131259385868471
-30.579966183030717
-30.031793162290114
-19.768980736140737
-24.479824386391048
-38.398910821710636
-40.59928755232881
-45.589342152985324
-48.46327298663778
-47.61902007094375
-37.29120758679708
-34.866925150993204
-37.83999734120457
-39.46219965349926
-30.473799224457025
-27.621914275563302
-42.55963120421351
-29.16812563967441
-31.64320257773069
-14.489928638393685
-19.146004084447906
-23.967367672562553
-12.273286800921507
-8.824294023664073
-9.755948387425253
-18.652333170192595
-20.20081066122455
-9.572295808673069
-11.770198071085176
-8.559141545767972
-8.061990159763884
-10.611107904220164
-7.8077398278083825
-7.36516313250254
-15.2698801249458
-6.121804739994162
-8.205642866452992
-5.890056102869353
-0.398220436079176
