-20.406739241058236
-23.05510638145007
-14.842045992036159
-16.015919702993948
-14.658577527202597
-9.62666896040118
-5.161775235779113
-7.106675065398684
-10.927348763513756
-17.797459650231172
-15.749656756094913
-17.482422862703515
-3.694589184073261
5.1193630187208115
-1.5035906871614428
2.635565463776666
-5.389558213048084
-3.4149580091014786
0.4310324191067389
-3.4315285315953177
5.923324340659838
13.101892204874165
17.792627410790697
16.171456500999692
17.666642205429536
14.725000574241536
9.731944604420297
0.8169109223516147
3.994718719049828
1.3483627762680428
2.8827126043480464
-4.958278078357886
-11.878495670423913
-9.836754913509237
-14.070022424716544
-14.59037603963914
-20.89656886419521
-37.289393977993385
-42.597095057463925
-40.91331227245585
-52.96401896627862
-55.756665414106344
-47.196094303523886
-36.77923438151559
-41.54059489932641
-40.58815105661135
-38.474302441756116
-29.817533351819293
-32.1731247544768
-25.62262271484686
-13.774451591235492
-29.86010773009381
-18.705255163833574
-11.530483509041352
-2.5277409600461542
-1.6686663024125477
7.292950046322253
6.578282340666416
4.66307831028987
11.88134712924741
19.60631193494331
15.361540010457599
10.702046804592248
12.572604669590113
20.1503656418137
16.50447055720919
4.349255041977622
3.3884202402267416
-0.16238562176196605
-2.6464964685923342
-10.761848827693568
-26.151373397065967
-23.6046469314854
-33.87343720645556
-27.32472168453149
-20.521493660382145
1.0144008910295057
2.0520047663668293
-0.7611456783549991
-5.878109297644211
-2.1823847307980917
-8.35253210940802
-4.955464466837387
-4.970087308745295
4.050597883817443
5.917233651001792
6.335484477175562
1.2010636675218709
14.252626340204227
13.060841507707266
17.419587386109928
14.857977302808726
16.977118787581315
20.612948691742613
7.360026991337694
4.2029624991609245
6.316625611953678
0.9987576651896888
5.393332220448456
11.342387443039296
9.408481060974855
6.683387493136072
8.063773200377643
11.948377656009393
13.690287679950792
5.285834538058727
11.144238430987167
5.0793400682157115
13.35518344301069
11.813596407777656
9.619568546676748
7.186597990285933
-2.05260310335946
4.724838483953465
5.895900972770463
15.139458339301875
8.385607762694907
4.7282000726457
14.679273908920873
6.5782428222238485
-2.0363446478532867
-3.18199826423773
4.715126668288558
9.954839074771694
8.626471837249014
12.915587571822664
8.730641907601541
-9.326382422877654
-7.684931248672093
-1.298746115280967
-5.836004264788351
-0.5379107418426652
4.850046935657007
2.304209873260458
16.5934104826994
4.28357148998788
10.603127663910564
2.5969589284611203
0.454217822675685
6.338865509583414
-0.22725576604131045
-3.7299210891074814
-8.480408960805603
-17.1132564642013
-19.082838597965214
-5.1510995164040585
