-10.323347118621015
-11.860508234070313
1.140401378159604
14.419465055634403
13.125006801227903
15.123249714021885
17.027783720433874
8.645185163662525
16.905933616774053
21.578688337586602
23.97807951889801
3.2414411533415235
11.993013229418617
20.621824351588806
10.79702356762307
3.4891498425857965
7.13255556161934
1.8839800071910515
-12.504390178768327
-19.23428717897674
-10.407371014536542
-4.466682953256071
3.5507132235878185
-11.320777835912809
-6.026721216791993
-12.29509130521003
-13.850911351641564
-8.325027260394393
-13.587871684591454
3.5345493541059905
-9.654150661913386
-12.5245663829188
-13.971891014930794
-10.032624638233061
-8.554012096516441
-1.1416457436548608
-2.4853336493926594
11.416354864057704
2.7345518042653487
-10.242068370377957
-15.234448768850756
-17.444301718222796
-24.93824369264133
-30.82986546985831
-22.793216801975717
-23.50736761568789
-24.352421189521927
-21.542916647348594
-7.469247047073165
6.019437891940579
11.095955924916424
-2.708933134719841
5.391538959802528
2.8761042237852017
6.35597470107064
15.365514918449259
12.27179469602304
1.2572942228284292
3.831014664795068
1.7268923168231192
0.8761166356859558
-1.0081970106596805
-3.8567291618426935
-8.32933517940459
-9.049396334832904
-24.060943730175982
-38.033190104702705
-14.74670160360989
-15.198233472964926
-14.968571642850938
-1.7569884180468478
-2.6639688962363834
3.8362512076090867
5.9020125068758835
-11.162036475830051
0.0035377681504298103
-2.2793130131495927
-2.949744665191123
2.64270985902337
2.3482907056887137
-8.560460088245673
-4.4257059882186685
-1.5010885180152511
-0.2775465222717046
12.287108961750336
10.829376535935204
14.470640450451308
10.571017673297488
-2.0067703278754863
4.8101006255444405
3.732428217083385
-4.084673602204909
-3.3627168017672955
-1.9375086236293624
-6.96575302648458
-15.233584737616146
-9.888556391349663
-23.95317026376848
-28.005711774963714
-22.339171940751463
-20.813044862070374
-5.846843084674539
-0.4749846376346791
-3.450017857699632
-1.6627695236755586
7.0531359876852795
-1.1082224238034548
-4.396794177072887
7.361023586546731
-9.536487146065637
-8.839005630064689
-3.10014232289924
-10.905981625313013
0.23569913865804776
10.33637461500886
17.130065558256174
16.830641466293624
7.9593046887207635
7.003880376250929
0.2703125187500542
-7.658090078129753
-26.19803264439981
-22.52745163057311
-11.585010494242306
-20.05148051233313
-18.34441881771949
-22.5727640114753
-20.42768308022113
-31.132361694926114
-18.284174032757274
-28.883863323084586
-30.71779616873011
-24.730703761312093
-18.625420333022927
-15.4775434511969
-8.117943833576538
0.69055042671901
-2.0484303850402523
-5.617612337509535
-3.76752713629534
-12.03816856883944
-4.543905683016017
-6.755549105657448
3.5878803042430083
