-12.385729392677893
-7.574945368635612
6.6874735974804445
4.180042224905783
3.75771225949902
-2.672198729046162
-8.36385883783329
2.2461084803119866
0.0841829635440433
-3.6759753113985054
0.8694175587223831
8.948516887096531
1.4373038071717692
0.010522766690847216
7.575360584827178
6.999638966800696
12.555502246465347
20.132731814052185
13.917595497409588
6.780565647112424
7.0712033038645945
11.567620731031678
5.520351911050748
3.0832721175781472
8.108181147998701
-4.949798564049122
-4.12548218113678
-2.8302206942311603
-6.069436437141856
-9.102405607516197
-1.3906810948011397
-17.565286857498858
-10.766119941958566
-12.443704425068937
-15.993575689022553
-12.601791038712063
-23.464663652419528
-24.262386309745906
-21.86243803420801
-27.86471892729019
-21.885813332601355
-18.46446415754053
-8.27473421878335
-9.279969118145656
-11.689878177748179
-15.426162829143314
-22.776055291548463
-20.423259751181646
-20.68708375461239
-16.160089626693644
-17.998558289227102
-12.602086751940213
0.03566297048079189
-5.6336254623096265
-10.130467684456422
-5.52677424672895
13.348237025849183
8.204849192606016
-3.640344835459361
-1.2120865749546417
-7.8488010841134175
-15.281320115505915
5.847427380788085
6.773164394497661
11.062418584136115
5.897888884144448
7.997815235500531
-0.3714558012540759
-6.431003354373504
-5.599092664280644
-12.331072832576082
-6.446252165566339
-3.5410086151638107
-5.329894826757356
-17.55047340856245
-23.91889025404703
-15.34979257557041
-22.387219310918088
-19.184645338984307
-26.425595309008273
-26.94489814964778
-23.654566047219003
-16.66760608717815
-15.574085926587006
-9.05854878355384
-11.786730207796841
-10.152982662399463
-8.635424868163867
-11.15375057286198
-1.8269139331555733
5.437048477922769
13.460814393112885
12.385091711563422
16.806366628351864
22.809178191488577
18.818429072316672
16.254063053656953
14.219628189700101
19.591584464344233
21.050448293804568
18.49682612816064
11.841970428340385
3.148261417413241
-2.1368162986835046
-9.8665591344152
1.474515721500962
16.33353643065826
11.633733873275352
17.094250373443934
20.801991826834925
11.121363882976935
15.17295760885396
15.38591143988204
13.345947324613789
23.12626848767613
22.384461294810095
13.82517934419302
19.25632187135741
16.024513784860478
19.255827873251548
17.21934049864008
9.410798274379113
3.7488789742634254
-3.9435011150413297
-19.902079719706432
-19.472201310747806
-23.824404126926474
-28.9624290971152
-16.934033966015388
-13.123003697153877
-11.564724185189652
-12.54014603094264
-12.91647729858117
-16.382512375666153
-19.967413490216387
-16.50007327825825
-21.08609016167372
-9.140787236703193
-13.46869460796216
-6.679110888606223
-0.4810538708350061
4.751316101125415
17.045769513043265
10.915967413996604
3.9908112106266977
-6.38661231973477
-8.151906960420233
-10.141252047042842
-11.956821957178988
-13.07526616649783
-14.800073274563092
-35.27636524276927
-33.032090960018806
-29.30473593642595
-32.35458932648219
-38.310355757685706
-38.75783762144696
-28.815674800063682
-18.91989262759696
-16.900056173279197
-10.021155390503429
1.1362313582098091
4.994541518224543
7.92263441164536
-5.080596835599131
-2.7319657917829487
-3.717664157360288
-5.802132254974878
-0.6525957449602646
1.9529001118357057
8.706600102503902
4.961591583803298
1.5798212591087244
-1.2861004784078922
-5.9812125285602535
-0.16295344469996242
-1.2834462059303389
8.366855033559995
4.255079940512024
1.4413936495336457
-1.4479808484092243
-7.475318130598162
-4.478103885935946
0.3823456334786069
-4.812656681138599
12.631083353990368
7.439782720528238
9.377773368724148
7.215325607786423
12.477018297201926
13.103023997969482
19.834959121028014
14.924453716432351
13.358904652271084
12.31677034717401
8.150281952118615
-0.11264946397148702
19.274839714979088
21.004232841019885
13.804958912452257
9.050772406215557
2.8721443955935437
11.546308675486653
10.587794425375217
-12.376794880824278
-19.80529217344428
-6.699481162536122
-27.089831520378947
-21.72928650495901
-21.232932672301715
-13.266683977413292
-15.34812549742086
-7.635877610948187
0.6766353236013894
-2.105525630097928
3.2893447005732788
9.122535198897726
-2.1188135872596736
-1.9637175267974625
-11.566498462541066
-11.119704013583494
3.7518022200214554
8.94771413524761
4.2418788908707725
-7.938880637616178
-4.951390273996668
5.940262150420482
2.6304201430395593
-6.782207554646092
12.317123860735107
