-5.353083753460419
-5.691726806102995
-7.389481942706967
-8.166097298368724
-8.943366450049874
0.12704688901182487
-1.1346052632539436
10.440812768049748
19.622341112467453
-1.6182131804691775
7.97087728501987
21.57412529011766
13.677991864195745
10.381818171981648
6.271816518450643
3.448243545675452
-2.4080163643047485
-4.47544129802684
-2.496729978869441
5.313322947299999
4.586641953187112
7.346336630390312
4.754787431679231
6.404423356094908
-0.3239671682144131
-4.566547323092119
-2.206441310746252
9.453249248897503
5.125847963586048
-0.1829532596806456
1.0747710210563608
-8.17147189963546
2.8767725023601454
-20.99651908128192
-11.97912652319448
-5.55568185637412
-7.8292501533740335
-4.990329591425708
-15.625713681276764
-15.160048468736644
-13.417322065996807
-12.648003224442576
-16.86933499502346
-13.162909616819196
-13.174976822268832
-22.744167778983787
-22.715129532869746
-37.910881752496145
-30.332201429584252
-29.42006691915133
-31.748574110109672
-33.29085226340303
-37.54599197329182
-30.40197333012357
-34.910084439337695
-38.41213183950679
-34.172081911678866
-32.784069992052665
-20.639858277770692
-28.36166379890827
-34.17385302302431
-34.18578931834665
-28.434906206941882
-40.973011691391335
-23.768661654157352
-24.76043819804249
-25.310547823927603
-19.943546877763104
-28.83307474447202
-32.75762103189075
-21.08776676800864
-29.95508738349251
-26.52151118695468
-25.786048229037572
-21.438182270902928
-19.39452075689756
-17.10653093482208
-15.247819919268172
-17.433427947058814
-28.174310821244912
-5.668599138805
-24.45862602601435
-30.54264238111223
-35.20275546020106
-29.0747532527828
-15.752878399477101
-25.91790089366811
-17.781396241711054
-2.137818076370704
-4.1710755715352095
6.80880931919191
3.508017319449465
1.7179561132189876
8.921723808080118
11.655574548619152
10.358807587180527
7.168395409415152
1.4578633815326774
13.811874674691827
15.140632527969293
14.345055286039505
14.236005810188212
10.766423819295099
21.185323233895293
16.769505957298232
10.007522544687774
24.07617939873414
13.047690446014107
31.445815835692038
19.515239721410264
10.859058722125173
17.71452190954091
4.8953533113512435
0.33767925410119404
-4.908618080549474
7.270261696807543
-6.688708834323468
-5.675331788086942
2.066452630106821
-3.8906081422403833
2.1099995249073875
-9.560191706899527
-6.894728752866372
-5.995118122627662
-14.69981413079865
-18.684966159873177
-18.754441988436287
-19.40073255914779
-20.354913853788112
-18.86850391898739
-21.750754585859095
-18.8913755021424
-16.349816781561195
-24.656099037923713
-26.793174703588022
-9.849579254013944
-2.8089327718239705
-16.359702235348866
-3.8356425083462624
-1.1114657740898846
4.254506220155807
0.042366190337462535
4.053742617578308
-2.668032694982088
-5.670863615226494
-24.499524743720517
-30.239645758696195
-26.234399820975995
-25.560819204898518
-22.437524793374
-34.93110016879472
-33.11405851412841
-29.285481208864702
-29.141482474293213
-28.977060527747746
-28.424315402487146
-22.98587942348176
-16.47129438487712
-15.903412840093141
-20.736471336730357
-23.727089584818486
-15.949290343555337
-11.970109199374036
-15.867618329345538
-10.195978630697269
-7.575161984539926
-21.21813618093116
-21.0208698637295
-28.569997610733108
-26.541010976728376
-37.17426498417782
-34.241217823194326
-23.188910467138157
-39.01676340074485
-35.65960733342949
-33.3822102668932
-24.969720286085845
-32.84751708678196
-27.68573465234384
-21.723820934165712
-23.757549087291803
-26.545673344795986
-23.95543454924324
-31.369222510977117
-31.99223994041993
-26.052823214727226
-23.8870395823632
-26.964398367138077
-26.11630115292698
-33.37785766062095
-24.79801700367329
-24.91560389423192
-27.332915695300606
-25.971157969789353
-26.713421695305254
-24.53259169071693
-23.254553772034388
-21.98993929662521
-25.582726794567762
-25.888664035817158
-31.296682120516557
-31.970777504272213
-28.601393791449123
-18.93072538612812
-17.388227330775752
-28.225317625164532
-48.84701779963515
-39.629649992616336
-36.141808356869284
-31.07914852373473
-26.56557240819659
-36.98213818591868
-44.34633318962936
-26.250254461936674
-34.82214369541516
-34.993562389416105
-27.285394583667692
-34.29615818681371
-27.97980608356714
-19.278629692202745
-22.692762992550925
-16.280915037829928
-19.31780463805035
-9.966384951763203
-5.109824144415363
3.6309861576465963
16.540685587776284
19.43943185450486
-3.8988628260539864
12.201239776980376
18.21141849695996
18.73424661088864
18.48383584355302
17.193756150933712
2.738177813202085
-1.7322512584588186
8.608776149632396
15.182914043589454
15.704055944001048
23.529623412067966
19.291378722300376
16.964190007672908
13.162673033495496
-1.6849158478915554
-3.5277230139869498
0.7160031451252415
2.2252320993604964
-8.582443408613338
-10.485309817729288
-5.553762552824142
-1.527305285117847
3.0660003875753428
-3.6873876285912983
-6.811644705337478
3.2766027186481783
10.597602486885847
15.72439757571868
16.564874389319026
14.706839941161856
10.375772009815774
23.12720677700079
23.822175187987913
18.55756098628038
18.48408735112047
22.538396342792073
20.248630981010038
26.73987879824833
25.168123156696897
19.171554041128008
27.36625420623137
33.347715952073266
22.984391476839463
20.47239975250223
14.184161126257758
8.823972760675689
7.218627359568957
4.533747590704656
8.817382835276861
7.1095477625223245
-4.343927391271134
19.05322970007685
15.373208047049276
6.96558631457385
10.541777472616127
-1.3095889622413752
-7.7716555540809145
-13.64152293450824
-18.070691984445684
-14.579643485266388
-9.884079763865481
-14.536095858702511
-8.672461548282245
-6.8402264947920965
-6.144495207974633
-5.481419133744472
2.203098882111587
5.082660018809392
0.11218822054432752
-2.2514891253044245
-4.115946151850622
-1.4152949279679905
-6.310135021143397
-2.1823768794955782
-4.424081136071626
-6.435674206168961
-11.234372731039844
-4.373142934613194
2.128896514791774
2.7249087835768218
2.6378611809083816
9.061134432428796
7.461180604550271
5.604196353510517
-13.578575984853625
-13.441604418324534
-3.7333704120955744
1.6773623877015882
-0.8576706161713924
12.923348282554807
16.44812765830742
14.310000349264493
12.656807107753885
12.360908418875015
19.203436186437923
17.720040944309062
22.347777203180517
34.577984967541234
25.962248655137056
30.313052130189448
26.72744874529455
25.97339818551217
29.602268479148695
20.966966695923464
18.794372148980035
28.396908197054575
28.64768740362845
12.320119632760345
23.46648127267177
6.477989354571723
10.066995512666244
6.118176968529879
-0.976274005774734
-4.590941269517578
1.6128661101256774
-8.139915987272166
-7.249425719701183
-9.784218905023787
-17.030235575275743
-7.82139070602351
-11.33978036549534
-16.572159975219034
-6.276969035750557
-2.9365248218695696
-1.371817278861991
-4.3533439582145474
4.00789974898893
17.392075180767574
9.109572508946568
6.017521479845812
0.5515992556720702
4.767492702389383
9.14515597532901
5.822724001049299
4.168420341903455
2.389836822638132
-2.9637758516890513
10.575830826156746
4.484074330144182
21.797843406418057
15.128335355432926
-2.878075302879972
-6.579101175867895
12.770997636427747
-3.1675420421207896
2.9498812501593683
10.107377964341033
26.67427119710685
19.376560506590785
21.15837795516655
7.7705193538445
13.007079358970563
2.1823453947565365
3.080126693372147
17.302712647115072
13.6216511405687
10.697850313278282
9.56095426258517
