-14.23135648996199
-11.291494566790595
-8.578944398176043
-8.404004561043495
-12.729935611681114
-2.397332650891697
-0.003875827561115229
4.535502819310211
-4.385100574948531
-5.9225891302138205
6.072055971179215
-7.199284491594911
1.1951747450735115
-0.6675342665176232
4.781547539861501
4.9359973456752435
3.3643011101258584
6.198950678187514
4.765433827982034
12.429612032146089
9.000355427795105
2.7007515186767392
-1.4931358850014222
14.508720683816223
12.172010340332895
6.262119712863827
5.442181866930142
-3.5053135516800564
3.73381681923592
-2.9403220320761685
13.55433874373442
6.434117799771007
2.309341982195348
-10.294636589273336
-4.065094612524601
-0.908051159763146
3.3486066816619986
-9.60246840481861
7.492815309458911
6.775441700256518
9.07256954551096
-1.5062180620834411
5.798756385073308
8.672097914914279
17.901534287408953
21.337570292007946
29.94298880057491
28.222057215263423
31.554425232970363
38.943418759840924
34.6808346979248
40.899533094810025
28.72381140003581
24.362058596871876
31.43750405899875
28.230753660919923
31.830796568757748
35.87051616465062
22.798654551742093
11.111733450628002
16.69469699597776
11.55094044572537
12.647261104942714
13.40146028776103
22.611972622598863
11.301504065295225
17.769627209412576
9.875457032245674
9.5226165578581
6.812374195901628
2.494047430566233
4.545090811849817
2.217232761655608
4.597252173314923
4.682557117026539
5.386649089516567
8.202312524179709
7.609205540285723
-0.8446913835048032
9.775977094396042
-0.31392655104549705
-3.3769997857924223
-6.566862566097597
-3.9219335299829767
-7.1714451535393895
-4.65065183624438
-18.549191483035575
-16.045205846326013
-6.183589584481269
-0.6649601978975138
5.04075142486786
-4.56260538601315
3.394152338994933
9.73382156617402
8.426988934418487
7.171633870384376
9.017564643369859
19.591170083307347
11.761249768934979
11.249627489575335
17.702306027053183
25.79238080537582
19.787691878843237
20.949863013114687
28.97003291925756
15.449433266563974
-0.2885880647068221
-11.656346159923249
-18.049038831730176
7.972120250490102
15.793201554276134
-2.4776460570175143
-3.1165746112094395
8.468901215925419
2.9751850804019515
-2.3456611593871344
2.6107883415812743
-7.889413456600739
11.691453604313324
10.868778579901962
3.862908441635705
5.280377298172901
2.883068863575777
7.395024017395076
12.353970533492875
11.49515164166718
0.28423639238107123
