-10.072543982529094
-2.6281276670253457
-9.407057345567079
-25.670641861535078
-26.865676017990694
-5.606919763030267
-6.582630989386816
-2.6705903503566537
-0.3985006316558811
-3.8183209540769623
-1.9713618737935124
2.661883303336356
5.397829207982423
4.001414641164466
5.359572946845197
4.965566905807608
5.010839162085628
-6.826239065009345
-0.7822272623421388
-11.42160997896156
-22.51109524671585
-23.19369807152684
-10.705309660974283
-18.9889220818686
-12.79251550537642
-8.213783196050006
-5.924834959185669
-2.2797245777324147
6.387659459277822
3.8265744923079823
3.516574516297245
6.2904132562443
7.536477609276067
6.27532942129425
14.259623623762247
-16.622959548794135
-32.97306579596123
-17.52384857583322
-1.4675911153347638
-3.654897791327543
-6.347105772421593
0.2519823147797443
6.483981922660672
-2.5839830806055635
-5.570847426923627
-2.5525395527433887
5.643809056862112
-1.4476472904614988
10.359446107273703
15.131486014256573
21.40819846162345
11.930741263728542
14.57833920027138
5.1656440973465365
2.334354606721297
-14.427065921830433
-28.750803562490553
3.486750613488863
-12.958685785870982
-18.42575133895449
-10.40430966847533
-10.12508064953975
-8.617244315536196
-19.799887936839003
-25.715952481177663
-15.545797378751006
-10.912511490235548
-8.560031393990213
-0.2703731895354776
-0.9855122227915691
-12.125622197802944
-12.640178581641404
-5.613957517086218
5.95311820400228
0.966443813280482
-12.253928968368252
-13.833686495441587
-25.995023929696554
-8.589996260066561
-0.7557335480746957
-0.405955349508153
-9.30095917003002
10.603118725227166
8.195413605243026
7.039271916891294
-4.361019374047904
-5.745844047758823
-4.188644444150182
-6.942584637256037
-4.26298747844797
-6.3968397206399015
-4.5670089703947765
-0.2542667908302945
-10.668611934680714
-18.174472299484048
-28.73058096622309
-33.49700667087057
-24.439654942834405
-20.226996384610807
-9.602545322948547
-16.665823094519943
-11.219880684081405
-14.459614893773544
-4.774500255803532
-4.481852713543411
2.0459531483451534
1.1525616459136312
4.469906159997564
12.770110752765591
17.101043782307308
-0.6724183313952645
-7.248404422670482
-0.4628121148750624
7.938766469742129
11.441398872108044
4.5836380947427955
5.241306520139758
1.5358701002189563
0.6882778201595129
5.7975320093686715
3.2165610975948233
-3.6540449438333535
-5.3250160898362315
-8.077889368453729
-7.070141399274273
-5.342887234249835
2.591891201853119
6.602642042766902
9.275297845960647
7.057763038726969
5.568717611446476
1.0925682371048109
11.503602804965105
-5.848852481551793
-0.4476631423033534
-7.648675360170884
-5.825113358438298
2.994389399489858
-0.41669963416633776
-10.566097320873638
-16.136750652312642
-19.550571506837283
-14.713310977656656
-33.791615746931015
-38.360478999395596
-31.283557375244797
-24.37037677678132
-24.054791316149874
-20.032974006476774
-15.006729016758776
-13.802985234201806
-11.39529027240294
-6.44664829226785
-10.226677932850652
-10.313580457211405
-5.957654026018091
-0.3514025102598386
-12.462389348106296
-0.6546190092770501
2.3563530555228818
-3.8936215592540164
6.823227146453244
7.797155592362598
-2.8797532325168795
3.585095789080256
2.680197484098548
-12.69868834845717
-14.1565446418855
-0.4848882193194807
-2.4800737692190618
-0.8915721911036807
10.473555222390287
-1.2402356136408763
5.926150303296993
9.522412158283496
11.274896477801828
-5.382588003833235
4.660503040903057
5.330268332330531
-3.3362265852240287
4.900109975598029
-0.3919785730069652
-7.168262958511638
2.1733925059330206
2.887606862113764
1.8027045460583024
-4.580591354462595
-4.333070076163267
0.5388503934173051
-0.5262642421593654
