3.067362768821912
-4.111724700863557
3.109976412456062
-12.5641329957092
-8.895114477540831
-7.205382983397895
-10.911118873236203
-12.046426490888466
-18.798372940554163
-15.030532392088356
-15.805338684505069
-13.953280300467807
-10.317611111232393
-3.410147183165338
-9.647266048925387
-14.600019429672127
-11.581794229553196
-4.674710641180785
0.9657165896707164
7.462374582088269
1.1539644707018444
-8.016082188405566
2.8709083119046155
1.5385324850499489
-5.417670385577608
-5.3141923594859835
-13.878501666215104
-15.911998841586204
-22.87573874935156
-19.873193271157305
-16.668678304893216
-31.033133240906796
-24.614282857559967
-25.04710372104495
-18.84396657963601
-9.434068201208964
-14.081081333175128
-15.139344031886699
-17.50549600762674
-24.78680966291441
-34.74078642490627
-25.493654591948523
-23.148035882376433
-23.315681720034085
-15.518491231852732
-8.567016784841293
-1.5035728050316497
3.5617148775430745
4.522867457049701
1.248993511456467
-9.933132416864352
-18.207193589299873
-8.528322982650991
-4.213380573500151
-7.401173880737648
-9.665155110612163
-5.296193607872224
-14.824428663382495
-12.197585616128302
-15.88053912564259
-5.462434535984305
-10.599781403061117
-17.279350632519783
-17.66511787414613
-17.4644729443619
-21.06893224067386
-21.668002095729126
-19.541867198712414
-7.1398357483568615
-8.933208060388731
-13.653628968011697
-13.805560726764602
-15.077098653221052
-8.847088180571212
-5.5132716661480305
-12.886534725410655
-6.9080860050516915
-9.48323849072908
-14.059459128729936
-12.212615562442377
0.4954089519188687
0.1883464372491172
-4.8043769250229715
1.5789466552770397
7.425599353352398
5.654731533775446
2.0389746546815366
10.820279036387372
-2.452670103930813
-0.255735259718194
-3.225938540262525
0.4587099955695548
-6.842295666552531
-5.260207694277262
-15.929687963622696
-16.829020299506077
-16.721903661686152
-19.098625247463914
-19.584516126752455
-25.33123417613796
-23.776055627992672
-31.819420169035464
-25.449582861260872
-20.290863300994676
-20.763137689345623
-22.593905883930553
-23.286133460256053
-19.53245792674148
-12.853259692286608
-9.833555333329516
-5.029301054604038
-0.4424766261756644
