-14.216554182360088
-19.342978728661087
-14.460656652320823
-9.693812264002027
-2.2204724380147987
-6.938536517605653
-3.826389895723799
-8.255257717277836
-8.142390162724219
-13.34713717161132
-20.10959973628813
-21.66693686867947
-12.333030779995621
-16.790835876510727
-15.966575325677994
-10.164322842941546
-17.897353554733556
-12.965325753552971
-9.877373261387042
-16.50921423489795
-12.894818696586555
-21.260761352027952
-25.16653858653251
-23.006179315620717
-20.09436031257033
-34.96446390319603
-55.19606978792473
-46.80720799607645
-45.018796373222024
-41.3331694532941
-39.74654341638495
-37.628359858625885
-30.11848330933837
-34.265391197301376
-42.684568598765146
-36.12694510102965
-26.89707850924711
-35.62509119884871
-39.033478206227024
-34.13398607368792
-32.50920272667787
-36.84265368315174
-30.5340788367518
-31.12089495849307
-33.65930069129504
-41.89868599803333
-34.370880230801994
-31.456810397140718
-58.37782622185809
-53.88681428932651
-38.185064962173
-35.30825226491167
-35.79981131982307
-40.535410529043695
-35.15848932309094
-40.90299815517118
-44.418572525827706
-34.97416186314502
-34.67129200475691
-43.1668733438066
-32.96920100142209
-21.14586292738661
-19.892796330492285
-9.58675466067776
-3.0104939891333036
-1.2326975577964618
0.6970173045759556
0.36523544993377577
4.354549316416802
11.693370634806275
12.53882462919827
11.4341796509819
12.968210725212217
16.473568401352242
18.97436431356418
7.631363033484777
5.421938040446538
11.711978560140574
10.550831437801936
2.500530501275536
1.3446666122175546
-3.2662219923319014
-0.4578470115138864
6.442250992383924
12.647981277455525
5.860682864668648
4.4671367595125036
5.162330472339129
0.4269553375863788
5.2978807884915735
-1.1562575489682732
-25.39640501021913
-37.902404326663536
-37.494638780354464
-43.41828208841843
-34.42173417381853
-26.33805939884553
-25.291642990236333
-17.00559158493583
-11.104557094166305
0.06991664142076437
4.935244673712083
6.8954162646396515
-0.4631065254867368
0.3844687957193851
-1.367076016654118
4.885616067004156
6.983459830198273
14.79185397540358
13.324276618316098
21.898227126870605
34.22556722763209
34.076747301521486
24.54535928590722
20.410547788128074
22.226252360379668
24.642712361766623
13.075642815415057
-1.8710346563387104
-0.16358173358856762
-7.520547367762745
-15.448452573613404
-16.156028768167946
-19.07067088204419
-26.630849175741034
-22.271894936604014
-24.765044785176553
-25.598207132910947
-28.87231637953632
-36.826916038718885
-39.339743133798855
-38.86657967303804
-44.12144709219517
-40.41368271119116
-41.05686657348519
-31.79765862122348
-26.024054758357643
-39.88985433346159
-31.20235066521334
-28.994236593592905
-45.985917228021286
-30.74383504443537
-29.729542249700128
-28.023886892492673
-32.29511749851875
-26.94259923753001
-25.52058252924886
-38.47577304387246
-28.45528412190181
-25.791050952438287
-25.184519010045555
-34.9059486950377
-32.976378026786854
-33.67791809596768
-31.415326087230763
-33.878875929969375
-34.48189241592129
-25.923212377250557
-35.307909716794484
-33.122852118297445
-28.450353591637022
-3.3126384249868184
-8.958519614185992
-0.5463873137536753
0.4656302110768598
-4.503144447376613
-0.9149650597372924
1.4474631214605502
9.357308801516186
11.555125543812823
3.8194376277151383
9.908516379052264
10.390639806299376
3.0958796695351967
6.698839856708834
4.970363555560987
1.1571943461119696
-0.1760392820879063
9.785168606558996
16.726131116827926
16.13309913062049
23.179384183384162
13.995271396734836
18.554884830242933
4.223515828095263
-6.5535178383569965
-8.096575143993121
-17.07539146665969
-30.74235046514156
-46.25861042164136
-39.77955680400956
-41.19378265894993
-44.29108768691441
-26.730906160308447
-34.60658101828012
-47.52801723888808
-34.83950324982937
-38.134164102011034
-27.03656603406216
-20.1175307016273
-23.33446956980857
-23.671518673849015
