-13.789421687347145
-10.34930855191486
-6.61011990627112
-8.58477367067618
-4.339662678058372
-1.4544133052352881
1.2297730556156952
5.346336607245184
12.026600269723588
14.406147433828814
12.114177752266214
22.37336345974603
15.188178153289211
4.8702449462485635
7.040978216600553
-4.0917181686829895
-11.26637074263258
-21.28226434883518
-29.85276193228943
-30.08110837411987
-30.32630893017848
-17.530704266492847
-10.040382719141887
-9.06942832890752
-7.682739034406262
-15.294276597199808
-10.975458773318536
-7.961926476500517
-2.969828601525629
-8.802549814986287
-4.136146588571629
-2.4373776036793577
-6.370685663919303
-10.992214153789073
-4.8264021833058885
-3.3393003442231035
2.802059062612552
4.748181915671955
2.29596797489896
-8.58870484461484
-8.632237167941238
-5.335929210753027
-8.731525326469567
-18.46480442334784
-13.297493290249667
-11.946557286629474
-11.157909810107501
-9.602540670414918
0.10787839958310087
-3.6012147901572464
-7.915906256696093
-6.150712620966827
-4.105601077333584
-12.993869096878386
-10.594032101076703
-15.11522503563126
-20.018839331095247
-17.846534279298332
-13.624564092157867
-16.402529275782484
-17.97564427052268
-16.89563595295141
-17.958658373210714
-17.90447354484413
-16.976717791929797
-19.114357862367466
-17.57493450859051
-10.131199618813156
-16.951113829298166
-16.670412867456513
-17.960624491191602
-19.766100283862997
-9.699453670452804
-1.750487976497879
-5.76462368973617
-11.627069822558134
-9.708268786440254
-23.50875503150271
-19.395998824443268
-7.755124027861338
-4.6679271391388735
-3.5972725543342263
-3.8864435806308215
-2.710532923576547
-2.553416365839924
-12.593907726862659
-16.720555228982803
-19.23444071384594
-24.312373463896073
-29.15538565294636
-33.32654641834257
-32.18469240939157
-27.018945821319708
-26.88655550132944
-30.989141470430766
-27.28707529259938
-28.534908799562746
-27.022793383406444
-26.443425972025718
-25.625770750883433
-27.037207358308923
-29.64477242701374
-24.475004391554904
-13.339859009411313
-17.02419084866946
-19.803253618925158
-17.896672920664145
-8.36905248829859
-5.3046098710701655
-1.351388118433943
1.3015804199373369
11.273503700217105
7.149499600822505
6.918828948883033
9.355806621011226
3.2980921592839385
-4.923219010097139
-8.840005253930368
-0.27031929269668725
-4.0238083579366535
-3.9639370526279287
-2.2816350057800583
4.748658504598708
-0.6877690926686
-2.3088581249298965
-9.419149190497883
-11.632070634082087
-14.487110088130462
-13.345828395103021
-22.615210597014705
-22.780724436448796
-15.369354644472887
-16.316409749143233
-14.240775270652676
-24.44525291602364
-21.542836602133765
-25.66057794131373
-28.291920949965547
-25.15266076883595
-21.043861227486907
-24.067256614219108
-24.8346226346982
-16.45518023964743
-23.915521151787
-13.937569019742286
-11.611700433687645
-14.753268930941587
-8.586443526851427
-11.763874169790355
-14.322601170696284
-17.254641210998496
-16.46343947882741
-13.577682631102764
-11.732291419423909
-8.502576796805558
-10.724973693956946
-13.298698459451627
-12.25434489546358
-12.180879143901155
-9.653796176915328
-8.917539305275257
