10.088320444414732
17.286098988488668
19.966631662946288
13.965773383701999
10.7241974488525
7.664201217796543
8.509845719849727
2.7496611420733412
6.097357812012455
1.7038208046139602
-26.39317926245291
-20.14868038892965
-30.87892097212296
-17.999079692455407
-15.60571503038311
-17.85232129921175
-6.091350102912247
2.916678719290945
9.111746694436444
8.401877968475674
11.194920050462057
12.34124261819906
10.011647074845806
10.696395159264867
9.774459837718457
1.328772691059133
-3.22697247180474
-7.256462390837238
-12.520379519187589
-16.619918573318785
-17.154695151412025
-16.422003329545873
-12.308531319091834
-13.632441343798881
-20.15627968373497
-18.586383393117877
-15.809621003218933
-13.902881591035571
-4.455891075793701
-0.5755093052524101
4.727664762804126
4.315752136484967
5.073042161049041
3.1566256100723984
2.0764681720956872
2.1364740148552706
2.177118164275366
-0.7928623758260559
7.850407850656892
1.7590731349653383
-4.508322874465069
-8.57528765869988
-11.464475255654142
-2.6311432965870782
-4.026394753810112
-5.073490515042451
-4.74168242315154
-5.448109944077895
-9.34294142592123
-5.494226551295
-1.1017762971373368
-5.157411027261038
-11.576663135713254
-12.5182280043571
-19.769837862941014
-13.810203227121935
-4.95011977145869
2.221011721316707
6.906899829274303
16.31647061317377
22.688877783555387
24.750784190137967
24.80874521928278
28.237529697810782
30.741283001347803
32.50249450912207
32.2598376788331
32.9496696006779
29.018375262004646
27.311038045979576
22.171671586891755
20.316019229697684
20.352719264010556
15.654039448709488
13.039054130932028
8.939905647262721
6.35125233760679
6.638987378138388
0.14176058967826646
1.3894322191704782
-5.909263686867839
-7.024527656052316
-14.27209842424419
-13.170049101143027
-11.18355906715908
-15.578635313234308
-8.386875285539306
-11.077917156088073
-2.37248655896746
-0.4715559485625153
9.364674140385084
10.631270331783332
7.639134370921843
10.881618401128023
21.525411359909054
15.035290021858733
2.118216550353957
-0.6877861505888271
-6.225985395540044
-5.846417880920135
-9.25882503450422
-1.2080431808032577
-0.7284172230364654
3.755233596461757
-4.1002378028398185
2.7435244018505247
-2.8693692633967727
-1.8406769250796573
4.000008297513169
3.7331503252076637
2.952299700475129
5.555913501554862
6.503688617393608
-3.4296670989589475
-5.9383201610518315
-2.070610333878783
-9.035004355243274
-18.16822544011849
-16.86087133616926
-20.46892493043288
-22.230285142701455
-15.167171813392766
-16.161101495221033
-16.23224441194074
-18.027599949400734
-16.580197636234765
-8.315654536956735
-9.616113552231274
-5.300123010779043
-7.789646574515087
-1.3340293604774949
0.1466295788703279
-6.068525689872977
-3.902501114301748
2.345544186455391
4.332505557413583
-2.9674073034089514
-8.106142344789044
-12.359437880301956
-5.843324564444674
-2.0055722684446597
-6.303265865241007
-8.458909386053389
-5.6964172566603315
-6.5992265983450995
-7.711737003010055
-5.7841602592323165
-5.38655621445498
-6.641107025604904
-7.432996677101167
-8.489988773419094
-4.3528996079731295
-2.2625245991232137
-3.3377315859527026
-4.2943393529515665
-0.04346269488716677
0.2322400825925082
-0.0013617594819059532
0.840161494982863
0.6711891793733068
5.023185825411042
8.313798759052595
6.415732054148762
7.717462106958912
-3.974771857577681
0.6024764314610642
-2.001368049335439
-11.839454879860506
-9.192954210318273
-5.78743810069788
-6.071721885196107
-7.356863905920997
-11.105536802180863
-6.705233885512334
-8.92870493037041
-11.375925305182653
-9.272562088641896
-11.195075299790936
-15.498332544938373
-16.747109652759246
-21.07064296425696
-23.34418862527717
