2.6854220213017035
-6.993626444099946
-1.2591721095219683
-3.7628275492578482
0.7823205532856655
-0.5447085646668587
2.0830882052049025
-4.566117701820131
-0.3002575634697191
-1.054443199268227
1.3432143013426716
4.1490597956691495
7.779432544603548
6.696559642761258
12.696719645434055
15.840283676313176
19.902222853594747
16.257042536125866
24.162777463505698
25.052425054545193
21.75608480073565
23.230682801754426
20.620491462950774
7.674649208215492
2.8007500616119887
-2.200104200286272
-5.862202454831183
-7.7843236585204645
-11.240004412399239
-18.244931025867
-16.84363593629321
-16.290342138330544
-20.867120794678065
-19.573064677695655
-20.353620700464173
-20.49103710272486
-20.40193127875858
-17.08242004955508
-21.47517574537708
-16.94850888915343
-18.511748248149107
-18.945300413908022
-17.309257916639172
-14.902640306078933
-14.306084503137246
-9.50942442969823
-10.403821626032355
-11.320630556107064
-17.20072221747045
-19.16481854154444
-18.73706201809578
-15.74826681035066
-19.136283041311867
-20.70012904100797
-17.855527191456574
-20.369837038972264
-19.559157429449392
-8.732863795297337
2.349150013324035
8.799999798290553
7.944959090453849
17.22426931684186
24.11191965028445
20.224346900941637
18.523954548402347
17.380871677429393
20.889353722613528
19.271165973266577
8.758317991850673
11.254153726737291
10.603508302949402
5.197730524996005
0.9330461599490169
1.086400632217873
-1.6941478587261627
-2.7773031853944503
-3.7055771538134485
-4.8567448852357975
-1.403306853755507
-2.5760432792169046
-0.2170595200614092
10.158498839859122
-0.03894771996263019
0.4665890851752209
-6.294531085373781
-16.047032431281913
-20.72879080771865
-10.96964212341272
-13.044028103663194
-11.881854628632318
-10.122608567393742
-16.548858197633756
-21.262974292086533
-17.696103125702447
-15.35551451873837
-14.623031731032308
-4.441328846764517
-4.121954344928531
-3.925295192077477
3.7777585716671687
-0.9987010400212576
0.9107278470688456
1.7886309840617085
1.1780090562912795
-0.4454986277698393
-3.923762267440351
-2.773276674561312
-3.8351219681261983
-0.7323139011394938
-3.1195047547990344
3.691679217342831
-5.448508977701022
-4.2791022384405535
4.760427795617061
3.0886351302180453
-2.116552472108343
7.643381190435124
10.990113605380325
12.962658611756575
13.831113781712485
10.258944841006796
10.272216221612966
4.716521096291278
-2.6540190804390664
-4.155006024164741
-7.878988891798924
-10.386014355855576
-12.708977285448661
-14.36054043460754
-13.81044765526897
-12.591690061807563
-18.897410087185357
-18.880619881755816
-24.068498687816504
-17.753401815744592
-15.929676371320856
-16.000555865525644
-20.94563542288783
-21.928242089248386
-19.33661902361639
-15.103433555609662
-13.174794711985353
-15.197498697123166
-14.324012852820356
-18.256329627023455
-16.626024946866973
-15.492382551800876
-20.071875496239414
-20.750716105866005
-27.916012567025362
-24.17959412351359
-17.60110480322038
-14.13153555936702
-18.5135927432068
-8.79746320494068
-9.072314629796416
-12.476140428168115
-11.158698040909028
-5.675438142425345
-6.677818692243549
-3.129373855074564
-5.786498452513528
-5.050174952471802
-6.430563659700513
-7.686153193443756
-10.438777443151938
-15.669310356005585
-20.24044197385712
-22.336274088282586
-21.085910025806122
-21.202225770503965
-20.843528351742147
-20.367793163192612
-14.121167121551327
-15.417054296995088
-13.919224063609931
-7.481709378463592
-4.530058140671871
-10.55682222390715
-11.575138413410249
-8.509126873354768
-5.787198720462503
-9.880558182675856
-8.871615422068551
-10.921070595168825
-13.065736628239513
-19.73755640889965
-14.429584013846574
-11.94775797540726
-18.09664354367733
-19.073072176426926
-16.63549185450191
-20.13879745252369
-27.904486504654933
-35.166287242878084
-43.05112656108509
-31.950512959858646
-35.602037130253514
-30.88141545678807
-37.64568549378415
-38.756961168422464
-36.409237804706066
-33.94942303469108
-34.76936447813109
-41.09210190618159
-36.325544468196185
-36.51057969763736
-40.334101122993715
-39.078482461637186
-36.253116665154465
-30.61765927733265
-27.55038986436905
-36.267337768691355
-23.9372650175007
