1.0944031772421337
0.9430757720810063
5.348401518498182
2.4699490042008274
2.1608611364193453
10.006188043404912
2.8529976071159644
9.292398189236447
9.356770242387618
0.8099731192432313
9.933704384160784
9.55008721579379
14.036799739354574
19.919540744294746
4.616452265713674
6.558700495673803
4.972841783940266
8.662833438397517
14.637264519328074
14.182622781399601
8.213415277730958
7.019593595194878
5.008029286181889
8.739386322550716
7.073726578285438
8.075355446374216
3.3596753458567243
4.352976906979924
6.068456747003276
11.688006421099196
12.702652083636787
14.806661244040663
11.493877170131956
12.834286592304966
13.954226422452907
12.732251398010073
13.844670003284044
9.71980989428316
7.508035874566745
8.676884624086552
-5.107727918601097
-11.187389033620867
-13.661256615538885
-15.427284783929744
-17.84435602377505
-12.369556609399538
-16.652906210127036
-21.41895417160456
-26.73369857415104
-18.6669504691859
-23.428428772112337
-27.24477843784993
-25.02202190676196
-26.27625731312635
-26.511316673347245
-17.83880643948989
-14.315477154910404
-2.6032394629033697
-6.122140904160179
1.0663061931263562
-4.7301765365447865
-2.006877940284743
3.427209563426385
13.9979619522924
11.587651025708412
21.10104779387168
27.27683971900236
25.705244803580424
19.24420427067664
12.9988232230772
13.764241074115874
2.9307008048708565
9.434478742317623
3.4245837384564464
1.7013810761473696
3.901969948427395
2.6546804688873737
-3.8879080037945672
-5.9180871127016825
-4.145740936707886
-3.8303243136112473
-11.537585670754169
-10.218798327767065
-4.980220281974182
-4.383272605220858
-10.28848357030389
-15.622675758834536
-22.961830109515788
-19.024696905898328
-20.966082561063963
-19.80490755767805
-14.462890981743069
-14.862921445798149
-18.67438052362136
-13.412448422244198
-12.473277073599482
-16.677592011952367
-5.880781250733162
3.786829770058258
11.749969072965438
24.404285360709054
28.81387015318453
32.66641170287252
40.22815342643928
44.08005435976335
49.09577924209183
47.294093983346386
49.965857960524644
49.86131293536656
36.601076825619074
22.782789396856092
21.112780813698247
33.19579105467278
38.853784922703205
38.796844207731574
42.435999395010846
35.017407354581216
22.59483587948827
31.857009376627545
29.237324703384555
25.770676723256784
28.199339453682718
39.29898078071931
34.13400969598461
34.83764573874994
31.168351038629705
25.83746331435028
12.475769978850627
8.715576401566077
0.9213517345910612
-3.4568043780648097
-0.03846217990600096
-11.052982441424561
-7.383091816502348
-6.716198806742347
-9.23263535710436
-11.840947227499134
-7.995444733162847
-9.017468343856123
-6.757980966210713
-12.636287632657789
-11.094335075576096
-3.6553762372900342
-5.1038892767525486
-4.156540714449308
4.202836195144337
24.02784452484223
17.973867888468682
18.8106174975598
20.46057145308791
18.0635608484542
31.890412566732756
21.118092089358854
18.549565251817228
14.838537118218955
11.544912736950893
2.6463310357880574
2.276058046775564
3.100749016573107
0.13201427484248732
-3.6094493143578923
-8.513079618446332
-6.812714307944558
-3.010611673577084
3.8519474152384574
1.4383142163394127
2.9217473650701518
5.3312720162075005
4.215462459835469
11.154523639465614
13.232186623643479
12.848081474401836
14.907704348138239
3.8293577918414585
5.2065185546964665
4.704307000868756
-6.517736766869863
-18.712028161598326
-23.901278125295853
-20.135420897020236
-16.444500174098618
-18.501661956041602
-22.80845875922748
-18.468980202668494
-23.438792988291237
-18.867688013585628
-21.16895996407166
-18.546582964009357
-22.11945627877501
-20.67983549303633
-18.797563253773593
-20.322172114470085
-20.097305763608922
-21.092589887403747
-22.25751177960668
-23.511338472487644
-16.502498843934372
-25.77097070824049
-27.08957667566957
-27.699498111917624
-26.040867383154286
-28.754992154526
-25.916242515173234
-27.228811472868923
-28.307104797669734
-19.341997940952663
-15.228714797108815
-17.55447091500436
-24.198359824017853
-16.063368685857128
-8.439914507957928
-1.3849518530253042
-1.1180584672127305
-2.352237210773032
-0.5174404665398472
2.306323402950125
7.130741081878513
3.8361628947600983
0.6359000360990522
2.036831190394808
1.7936810590610923
3.2487795647979234
2.4837948993544408
0.8467092574989112
3.7406513244175374
3.5468575040519497
8.938924914266712
8.262867172811049
6.162813280997735
