-3.4363767858194385
2.9712509195908066
6.5587728037771456
6.125387195623312
4.944700930226999
4.561352170797036
5.392247335803963
-6.05073037816508
-13.59971531627
-17.39300688741093
-20.724964038559886
-30.794158592832726
-29.80857471648639
-26.296047049720826
-28.73462623011525
-20.898761031476408
-15.031304858576586
-15.161546499594172
-14.803199538195813
-17.711109867937342
-22.037929089721228
-18.417540168167207
-17.546289727775246
-8.660080747174069
-6.6572231141756975
-4.092602813472562
-18.29367374103296
-26.297521731898733
-14.541055086336092
-17.972998569893093
-21.14742054390483
-21.2581646210325
-30.233497941439534
-37.32236778303803
-26.011694559244777
-20.82491840850596
-23.92756963819097
-36.968011350393745
-23.51544734407107
-23.17829021086445
-21.57032025892397
-20.4733187361412
-21.410724623651944
-37.46949176172487
-25.140699353172646
-12.989171775120644
-10.148303184386112
-13.5535171586314
-20.362156251228193
-12.101799445165176
-15.68587910338674
-16.157084003549894
-18.465616194764205
-18.399486673870395
-5.569263936161809
-2.199368534086048
4.676200049399343
8.29704465149483
0.989729921491802
-1.6006638955153316
-7.558000417446103
-1.957380904007052
-3.715633389172385
-5.653243003965922
-10.217042782912332
-7.861448350110358
-8.962117068056516
-10.857229287350721
-9.231622928940368
-9.793351675802134
-8.963144221894119
-9.450863218110953
-12.879641288612195
-8.63473268010531
-7.454370496467688
-2.3016161393605503
-3.2826015925145264
3.6157216167914665
11.709115369889032
15.092604234551024
18.839107814175364
25.99848661661301
38.2837548594013
50.049757714121284
22.914737798038622
25.4400804542426
26.331774106055
20.721586790557264
24.855764877921878
51.05381466814989
35.82663876458644
31.128419771086076
35.502173298514656
29.414918558054374
24.65055416126916
22.94185839647693
19.28768672474731
22.34922205715776
33.139838805240544
28.654475331357908
24.19283068576133
18.778664317705342
20.9315834275594
21.905144459402862
21.69708631499893
18.47417526475728
10.4592760636162
7.12325987282478
9.135168430123429
11.483821435035116
8.661378617626951
6.926738659885378
4.643707621895173
3.010457122598088
1.3070526911708884
5.618996108671523
4.230641611204243
5.397674399427025
7.945718639941857
10.069839220456863
11.168972880942944
10.471809228611308
8.717361003511336
-1.3953743754464447
2.7729332589222127
2.9353531725758715
5.4632799492370205
2.2352075920642207
2.6300855020931646
3.612551482978291
-2.215103312236116
-2.798961694459494
0.13093059069617485
9.033129834093153
9.407516810724722
13.404638272844204
10.84445487536899
13.249124908666953
8.454475553760808
14.05978420475888
4.1467960562967
3.9944420358955
16.39656173405462
9.187817006234749
12.705178181428403
9.990774861551763
5.605954437859039
-8.271859855518443
1.849900174197484
1.5570340587239189
-7.404731729480237
-17.11218366870062
-12.60798486117068
-12.504884403105738
-12.537812685059345
-13.47468684756748
-11.883368737267412
-17.276086544508516
-26.186522170369024
-28.99643191362717
-26.899095937159167
-27.313926934327988
-26.871141282876355
-23.713077206514395
-24.45931703262341
-29.806168970104927
-23.350739812140336
-18.574559944477894
-19.150057757849133
-20.94371712190581
-12.50341936965674
-12.906759870035552
-13.950336194636364
-11.501355708941267
-4.8479458574142145
-8.039243338816
-9.221309328479695
-0.5898339961419812
2.8370708487908045
5.737850034010815
8.820309383988759
12.077430560819462
12.1552615527614
6.299340267393191
0.4152337488783099
-4.163878984147651
-3.6325733108647382
-6.958108564866532
-0.9993385555530264
-2.0963101078513344
-2.8281397663776238
-5.223381534839233
-5.169376593594492
0.1363813666301134
1.823226197126782
1.9967320181322867
3.690561405757769
7.233206429042452
7.990253250624744
8.440549917888431
15.949528675593415
10.949447369623714
9.643788440307793
11.273866886772694
14.07875595319311
18.289370237882867
24.40846937606789
15.059514676303728
20.002181892840373
23.66097999090024
19.590618831172375
14.224728790601633
2.506293658985526
3.3752453315472035
-2.5138501364631454
-4.989825736823669
-1.9841959211315032
1.6980238349028485
-5.495130684457117
2.8448724448887432
3.3582611421198254
3.2097379721819843
3.271138121027521
5.760276568944737
1.7293813285287247
-0.9813047608822644
0.2952600290544877
1.0748803116389412
-2.983583625262196
-3.0824531178378924
-2.197095220988169
-18.734930426446954
-12.696809420313793
-18.769573737085494
-7.260296456903402
-15.381542788892126
-13.544469867811866
-5.1883255595927835
-2.1573279666818777
-7.6545000314120974
-3.0148484767472614
-7.6214557009864565
-10.510106519819773
-4.138892137238587
-6.136233760886272
-6.386329882533108
-12.536761136841305
-15.714843048449168
-18.14514157111474
-26.493712492573128
-26.801150908828372
-15.714079155726411
-19.90218179846207
-18.829015864368184
-22.43231418800111
-18.844310494281046
-14.280258928761448
-17.36900603398391
-19.4163805512276
-24.526178145539713
-31.09994263306569
-29.91006401349678
-27.621038106230106
-29.59141672682794
-25.82607396449121
-22.57066657123632
-24.50044815265502
-22.218762551872906
-28.717722097375887
-29.6904329492684
-24.54141871570613
-15.81707597948346
-14.47344245976114
-8.908407506002145
-4.455400511570571
-6.52713299475328
-8.606039999591014
-5.5427389732516295
0.09541655457121226
-2.8920746621158213
-2.116397259962333
1.2456263762758402
-0.7889223416754781
-2.1558711366774848
-3.243402183808324
-0.17649733669340467
2.8125151269583792
3.0382331570129364
-1.5169743825402149
3.0137372342955464
4.672073142115599
14.682594113692252
16.84189344802743
21.56626403768837
35.87165770378478
20.32441285674489
27.333509335944893
56.762992441862316
58.941794044346295
49.11059753291639
45.58050307396738
42.85896015492968
24.97845661559986
29.81215336636467
39.0683520999257
33.50079834771083
32.44288092771067
26.556422796482916
25.89821061120432
35.01236768606916
31.296392899756228
16.81438121391054
10.026877806484435
-2.704094920777534
-6.167722641402709
-18.222987797168024
-17.25056533252346
-26.016741277259477
-25.23751284281371
-21.520498024009733
-21.74112723464498
-21.993761648607787
-25.396312627853018
-23.40227607837872
-26.134473626994122
-23.46367749492232
-36.995310125035616
-27.43334553946108
-27.813919657972985
-30.13413750745252
-23.377890782520517
-22.243148697000624
-24.220249689180374
-20.166442629040546
-24.15024025695073
-24.05519504317789
-9.764011804787474
-1.8932720281482465
0.6249169355501998
-3.0676668732990837
-2.648911189642175
5.330971051039105
8.606318406252825
12.84502151790757
9.774499057155994
