-6.6434335611029365
-7.837671947364885
3.3583558152894013
7.202860474098369
-0.5721628967768191
1.062616802190671
5.264477394518762
9.694074459754033
6.102734895873502
5.140948742930926
11.486321580248715
9.728899614962923
7.214586781484215
11.472588429417613
9.859407297994164
18.34639899803356
18.979185266025837
14.10832963342602
13.308964411441426
3.456545259149705
-0.991787556147049
-1.3305719036509545
-7.180107794655881
-14.20985024578181
-7.546518650512116
-14.658988574679062
-1.5961404275413116
-14.558870257690376
-10.772781689080892
-11.166321680640104
-20.897700382213625
-15.765659556589947
-15.822910428939231
-16.125409400221447
-12.114591581841426
-10.747516836136617
-0.7367134587683254
0.2626375533505633
3.58262974010294
4.206553310732292
0.15359391186357216
-1.4130440387747374
2.0023924517969114
9.205055409131534
7.657907459186612
11.791851146031151
10.821243497482245
6.244399023716432
8.55791748107411
8.614350928439842
7.7412554225208225
3.7333902057638095
2.8701767059075087
4.196095310234926
-4.876951936843617
-0.7559253316591366
-0.9486525747424394
-11.11573736726936
-11.647037319837635
-10.229755444692175
-11.545057540676494
-18.897718626425995
-19.772810200933407
-16.931108491928164
-14.820964924412204
-20.86992006948383
-21.315019217306503
-13.14298975237543
-13.177148333681044
-9.901585847863213
-5.629063072050495
-4.791611908552088
-5.845269072843743
-2.1664038541987063
7.501603354531357
10.001624647480686
11.6025470405658
13.818296114366165
12.8304401923143
14.973669721244883
26.200848249156195
32.676937379090944
41.80610025049804
44.463881105621375
49.00264354385102
46.42001921858258
48.86210017877535
31.407293756384536
27.252120949559675
27.121731158095056
27.576336205953126
29.53060782374031
38.41858105308162
33.913895077061625
33.94258045563246
29.8960718144987
26.731832206860428
23.994173808133453
30.614958089578824
43.627219509425814
36.58426013518388
35.44433644625933
34.37109870746314
45.92982616038482
38.63826211398303
34.00955402937761
34.13062575614582
24.953401949894467
23.13555876398476
25.940497865051277
14.008025805410044
11.411979193259269
10.08025417363742
9.342963310450877
3.7660950080212623
0.19332367385257607
-2.8592654579390766
-6.61920281704896
-6.697638533624753
-11.237361376415985
-20.019475883185088
-20.393521172920657
-24.108686442194845
-21.466308880323574
-20.232821000899612
-19.5680577367721
-10.323556534877678
-11.187290430969114
-11.91282299311936
-8.882789050201715
-4.838471842454493
0.6963556908921607
0.8734700856183142
-6.2025151726989876
-10.594548868059107
-5.774775823870899
-3.9177422925993968
2.0810352706148763
-0.7980584007467922
-6.27072167247188
-5.106187859271514
-13.746043640700508
-19.85526463563676
-10.92304270839315
-10.945406875636085
-15.60790137907639
-10.669317931963313
-17.90399456927589
-15.278752552446814
-20.02870619932059
-15.733079702337596
-14.89405006112894
-14.645496616769938
-12.317681740089405
-11.374447906413774
-12.821617615309494
-11.894317256529767
-13.712954358325252
-17.199709147855906
-15.84665175979858
-17.50584161814009
-18.827575796489185
-20.61785803275913
-31.003957238634033
-22.72781825189282
-21.606686926711802
-19.02787727868784
-15.934390663213026
-20.862840489596998
-13.025240675272038
-16.305944176742905
-14.578615645758454
-12.641176961578367
-16.736869701071992
-10.531133958031887
-3.821098948293767
-4.202742171210838
0.3756922881393349
0.3147057500746355
-0.3895376722165448
2.2873625285860544
-4.330888431358506
-15.965824319744645
-9.746042952109047
-2.4672270002934447
-7.067623585324503
-2.0500472881146843
-4.836748379500337
-8.684090941120571
-9.75173161982536
-20.928964841833228
-18.678701287308268
-14.67936755278703
-14.332532871197724
-13.537370474567387
-13.666080494576185
-10.631572328882925
-11.96813232718313
-9.846663682924829
-7.541609984147251
-4.6169341337653185
-3.1942259097124337
2.467931015540402
3.96366927024944
0.9725907280467094
4.679625243189934
16.998520821183256
16.762315364501607
13.891630364247648
6.299715735935641
9.468539389300892
28.009355364287646
20.158292189124822
16.27881269378583
10.707959610865633
9.107435306147577
9.624029013001412
5.000423192645476
8.877005904758212
12.058316405462834
8.56974878865344
11.528033522201458
9.068179424975298
17.352535085294694
22.079326796137238
14.341842590997572
13.321367239001665
4.345061917903746
9.598944315589636
8.80634500335415
9.54646818773298
4.675859343023538
10.12560773497157
2.809202445386371
-3.5985337843457317
-2.2684475233403845
-11.763564575537432
-21.484083219697343
-12.833455262902607
