-2.1348602277011737
5.044806586570847
10.565844154160672
21.564392752371088
24.045815478748608
26.391581508964986
25.969756528071656
27.840954765475697
27.936608870483003
25.664382961850468
18.004488855502633
15.668623143637529
2.303250619378483
-4.066532393450991
-14.643472234150936
-18.127506171628415
-21.107990454295283
-29.17011718139769
-29.755691913689198
-25.92196025513404
-29.409357809883318
-26.97007898319651
-16.38488639719045
-17.223721346227716
-11.797227167103555
-14.596465738858091
-11.201870244697568
-21.286972768425237
-13.271531614548351
-15.435336067820561
-14.124330694053562
-15.8894306854524
-16.501959333570756
-16.467171490791404
-15.863082211002574
-14.378050604000206
-14.459966586591909
-12.354093608645675
-10.367744371672305
-10.380729336558582
-14.83250127158716
-21.821652650203124
-19.52299725762909
-9.0911207107302
-6.054480365680671
-2.4716945434400257
2.2511143432257263
2.9341950126930705
2.6462618427298983
-0.7629808398678717
0.2851586971257788
2.75457013949183
-2.743032047786389
-0.4895210019669436
1.5722734396807
-0.2250248541103332
-4.0197431303766775
-7.2386812585393985
-9.776194894832877
-2.436264700868755
-2.743305715198163
-1.4024362971982642
-3.0816639443331377
-2.8019916396358084
-0.9827346715081612
-4.2631297865302775
2.598172881041038
2.864271836603276
-1.6468589337284478
-11.594856266889751
-10.215124129185867
-7.055252564164541
-19.516285652887305
-6.4579928902973744
-3.381659567109685
0.9264609668265066
4.995236707860295
-6.212377647145527
-0.3605944721224201
2.926802051997184
9.627729420989196
11.26294425267758
18.535926548006962
21.73551352810066
16.69166613308562
24.51748126429286
30.08172061677684
35.5340344174576
26.435831177895032
17.22525704154186
18.87684833059417
10.66968885450939
3.7716926048358936
-0.6186031633408713
-1.2162083997901505
-4.287646515708809
-1.2061841155997783
-6.676718553209232
-3.4777152274925656
-8.478783508151738
-4.625746588772162
-3.7465949498218216
-4.1055876251325385
-4.6525915673754925
-6.778118070690165
-9.071263224060084
-8.333608087523624
-20.523326098485715
-17.502121519575276
-15.024259827327592
-9.94811004004357
-10.57370319790579
-16.281019236369268
-13.376392157284865
-7.751284325408096
-3.614013869749207
-5.322923655637443
4.001163748958945
13.277693789996064
14.056727246063595
29.415928615990637
24.94158348825526
25.93754385105061
27.66856826384099
30.079843863511442
12.979207834997736
10.737030192066797
2.028389233325536
-2.00188652105622
-1.7523165261575175
-3.803515942808064
-9.824156924544221
-4.630355591001397
-6.039378279659796
-11.581315721405664
-1.4693688554490183
1.095931621019255
1.6272247723849198
3.6905950646493286
3.622797344334714
6.0210098475026514
3.6924786410832224
3.315667731475808
-3.77168049245036
-4.916510413403059
-4.936139509780046
-10.813423231858783
-8.301527839016012
-11.130383357933617
-13.146879640546274
-12.958827832086891
-15.56415069999604
-12.83700734087967
-15.301177462118675
-19.798947037877774
-7.769437636032469
-1.2639298393517426
-3.8952303844888885
-2.655790534976828
-1.5663995149411931
-3.840789417202013
-14.958184587703405
-19.717351228798265
-22.042586815795442
-9.780797110709793
-7.170809684949387
-17.51297894507502
-16.235027132452934
-13.2565300690919
-15.639477233547366
-27.242252883174853
-13.07074391402343
-18.27420299884754
-25.28127677950196
-20.0209336306007
-26.04349047000643
-29.14550277850504
-18.490349788338076
-24.30471260603268
-24.020576199133398
-16.625512367366884
-13.33431812725621
-20.5870982974434
-15.807153935279652
-13.758710845962575
-14.364423027639825
-10.491065863492882
0.5405683217295348
-2.092675476061419
-9.497153844120863
-11.389091860800743
-9.764075983270445
-10.529967935831987
-16.862021595770017
-21.594666756306356
-29.634480857861234
-33.46288014198069
-27.883242493360896
-29.601824671693425
-23.977490524846743
-25.75725744468912
-27.029139924413837
-16.13281416247838
-12.491382785841465
-13.294340249296686
-21.470671429773738
-13.782275797719235
-12.873366749833838
-19.805437828804102
-19.146060399068283
-26.87240942898616
-29.130711093312463
-29.773470522273907
-23.553357103874326
-25.256737634839023
-26.70723463393864
-28.292256738701482
-25.883720681207482
-30.694278700965505
-22.480996539189686
-21.571880855209784
-22.281708569305376
-17.791118938841148
-18.74593410867047
-23.335602839984265
-18.12830712042804
-15.692240552977841
-14.461600899975648
-17.81067207645074
-12.209215512617945
-3.049990579786757
-7.144851407098519
-6.020952788761642
-12.309784851184327
-9.752560668826671
-2.586214487713764
-2.342425976125716
0.8839756441557723
1.4498802692239818
2.249929492360085
