-1.8594775507119687
-6.559623429793008
-3.8089699489728766
-2.6111145616345457
-3.00664921827016
-9.914951251915394
-14.850312480159676
-16.896684932587398
-26.36198109791615
-26.44881871720989
-27.85362249098404
-22.063491913835197
-24.674631862289747
-20.3376661280906
-12.560793818596533
-6.334181630204777
-7.630695681258869
-9.293932095903351
-9.715947015009453
-14.478954725220204
-22.175501178323437
-19.24266461397752
-16.677925571725822
-19.34293720894123
-20.991282249971302
-8.38223910296961
-6.3576008783141065
-10.49919064263841
1.5314470882170947
9.46653281642321
9.422390648465912
5.6878734990375674
9.91050103777992
13.357990388188446
10.451782142247394
15.021833655784473
12.136804095309213
11.681303352868648
18.168257919449715
9.504150847679778
2.634305198105169
7.1220778367932125
11.397321189248807
21.80212599413485
18.49698208289503
9.395549815165651
19.397760694092852
17.43601493005182
26.730108328262578
38.0312997779216
43.63304375103569
37.19381806097452
35.00028616261287
28.457777965019623
29.104965856556568
32.511625671514345
42.7919573645751
49.10045818482212
38.613678406006585
33.96433358297261
33.97850550248044
39.60395156929453
36.23606653452008
39.2413895221287
40.48574681612616
39.542371470088746
45.146124303345566
34.725300411051
26.86374834466412
8.600815517023403
-3.5398304105211653
-19.959037575150656
-20.01382812737744
-17.812307479139626
-23.322091891268702
-24.794823927963037
-17.25318283355828
-24.679223696630988
-26.413804769661997
-26.702331680161837
-21.422865485500964
-28.604817230096735
-20.81852569097418
-10.800095004192043
-15.674231519147284
-10.484186814924518
-5.689651071865495
-3.5680112678298674
-2.334082561657294
4.1102001795002385
3.728767815089616
15.769347943530805
18.034559502326147
20.959578532355835
21.721725607687496
35.50237361761342
29.744771987172538
32.73288817930609
34.877228129623376
25.46512403780329
18.898053004276296
13.878185134491826
7.510435841407652
8.797952096542183
7.280526982409579
4.227988353212639
-1.9687508985043551
-9.900451027161504
-13.056349006853587
-15.949570112691353
-18.471215978906386
-19.36517225614256
-22.58397916190205
-17.770510828627707
-17.858632122095155
-22.27516346834053
-20.770973417692748
-20.859468794796282
-26.579685453501558
-18.19419269779766
-23.60285955391393
-20.829931144540872
-20.518731568732356
-18.458609471886263
-15.486711245323255
-14.115749551475878
-24.367920750094985
-25.712737903480477
-29.288637032197517
-26.034070244094227
-25.44099684155668
-21.592341474535374
-29.42224554167642
-33.33779031038628
-20.710583187839035
-21.97887492712803
-31.702205493309606
-23.877961729649677
-24.3704127112184
-23.650677721524712
-20.539857498020535
-28.84837681362903
-25.183714943302693
-23.624980451154943
-27.27268549637463
-23.465781647979174
-24.375800217488408
-16.87394964686064
-5.180316397236668
-7.899368983836752
-12.877558812535227
-21.495718162610224
-17.312121454169596
-16.829671839710166
-12.726196650308015
-9.11211957800884
-12.119364412901149
-19.333760559195195
-19.782812940705913
-18.845528543783907
-14.379894263969954
-19.699728443812926
-21.391668698332065
-17.485377370084247
-13.16767197146621
-9.591244607537083
-17.382670062376175
-16.258152438047787
-26.117689720414052
-22.721728440439577
-18.44240873406249
-19.0091893846934
-11.958736417562635
-18.69558364261518
-24.650639309662736
-14.735202008355227
-6.409429408436368
-7.688455778335483
-14.782718943144989
-4.198321812258697
