3.8829729685408494
-1.7477891607660359
6.123377417223582
17.18029913118281
10.204457187794334
7.511887270020959
9.201278832216095
12.101106695583455
11.463676228652453
5.007928581273354
-0.1610317359125274
-6.854990099518236
-2.1392129611301183
6.078593099218527
3.102063250809038
3.0780697642315773
8.021968986422873
3.7783958450145225
8.763493115229114
9.24171900710451
14.463315177554428
6.864960250860535
2.194379820320527
-4.374206113066483
-10.314358646367769
-9.825136282766655
-12.840644740765033
-16.897789370071546
-18.696768580849472
-21.07619499308657
-16.152090050327732
-31.383155671035613
-29.45121668672542
-23.118975423269948
-24.70916570236492
-18.79209669779762
-11.435102068814395
-13.351205344307376
-22.660958425419373
-26.389942717708717
-15.102573339738564
-27.050462575642477
-28.121938687900737
-20.738955894332353
-17.043543610150554
-27.95557069547688
-31.307851535776035
-16.183971172270653
-12.460520423400462
-14.003334135200898
-6.523096108886375
7.843045506203362
8.882238847307077
14.812774145056302
19.479407797767273
24.547379325820145
18.87827705173701
27.388291596206695
19.53614129418548
5.762938462873992
-0.4182697940853212
-9.611703506958918
-10.527347973818124
-7.3631362124840924
-7.7598728388483345
-21.54478182867005
-27.93966546795853
-23.79438078488502
-28.385782952207155
-30.43558592726105
-27.171161741948787
-24.75235295909777
-20.25984541246806
-24.120723021464013
-14.883784899438787
-7.559658151913991
-1.900698026686884
-4.0475793670418785
-2.211093832719569
6.9083831784590615
1.5519398398657969
6.478487105689963
-10.626345969229373
-8.96380119915622
-0.22524588150800856
-0.23967835276457325
-11.858833675797849
-5.725153352579767
-12.313231146576012
-7.301208421097118
-5.8750916079360795
-8.863029997262768
-8.47171878442246
-17.652221423771472
-17.796730059228
-21.428799346857332
-2.4798455651598967
-16.070659559958116
-14.783895729035985
-11.119992526392886
-8.746997262225635
-7.821131091166342
-10.710380644706863
-16.35446716424629
-22.860477902296353
-21.042983232542287
-16.409194372192385
-14.080741364345114
-23.71822153960669
-25.0537127314413
-25.889449506011324
-22.38753571909288
-15.657429738197699
-17.42888933613491
-11.38546436815429
2.7771347639528807
9.973998415972039
10.736135333571083
15.426074035078518
18.02480851326995
21.278260267123017
23.891918733344912
18.949513054094172
16.811268737465365
12.589089754500925
20.42456274337808
22.228819485254196
16.66909740154361
13.745908065117606
15.512363607809991
14.550897254730211
17.548526978866036
11.990824704159794
25.25148029486423
4.760600595527631
-0.5063562703577833
5.3306457883241904
-10.844267551277644
-7.140760844069124
0.5022006488947188
-9.311944683468651
-21.4140702474857
-9.149634520967608
-8.218184231613947
-1.987675422060197
-2.2645466874193096
-5.850146222472395
-0.5919323099527984
-6.4179572782775205
-14.466393685225597
-20.109789645960788
-15.553989843875256
-8.267898924311535
-20.70533830032737
-21.831706030042668
-17.332299043921207
-15.642068312612178
-22.39883091698464
-19.122661279705838
-17.26226280966539
-19.5312163228134
-15.710204290066953
-18.529097527450467
-19.13011912252761
-18.56166990915537
-23.943161378029732
-19.335477776430963
-15.218741620238626
-12.935295144238806
-17.794971029618832
-13.966080952820349
-19.85631541486495
-18.935257541098785
-25.597373429118804
-27.109226861436817
-19.231593276113315
-15.412447473616238
-7.098671979403544
-12.23945735382842
-18.48519228676554
-15.90238902057206
-14.205650523784804
-5.806937621173521
-8.482692749349324
-10.766083732328196
-16.20415046976403
-19.5598268984594
-12.409166256865824
-16.28062940433911
-13.05976953789268
-6.389237953287907
-1.81909789254193
0.2342172664283484
-1.3396812553717126
-5.442229493353056
-3.886907956448233
-4.634606604821081
-5.556840624352101
-10.266206629381363
-7.440922508793517
-16.76339405039287
-12.205670118212035
-10.340035898448392
-9.975829713567613
-16.821811217133547
-16.72504165057341
-15.795288354440705
-18.851294476276
-20.71665443027594
-20.81666837349852
-18.746028270953147
-23.1886780459483
-24.14568280761065
-18.857076320224518
-26.91295284867401
-22.79727854900963
-23.66421699184205
-23.850443888413963
-23.91133693521676
-30.599103314059445
-28.96369227502181
-20.70772954841994
-22.302938529418483
-24.240034206192675
-19.959066244933847
-27.078192720906248
-27.27634550309051
-29.366842000302128
-27.892794171844532
-22.033690429456396
-10.253075866825943
-17.519205983411595
-19.986648750722736
-15.791921442342005
-11.561544881446336
-18.24272465677449
-10.694829857379053
-15.921559369361262
-11.316824475781775
-15.873550091306472
-25.971750075950972
-32.449278099529536
-35.86701441452038
