-11.457000784811434
-17.342634112966664
-9.798976952053255
-26.851711635221914
-21.983321301702475
-19.235205940762814
-11.518734185044133
-7.312833333374496
-1.5334418449250082
-4.683898844078608
-2.830946620339337
-5.519210049938935
-7.5727885085840185
-22.45317539842227
-21.140969063341306
-8.221934404310973
-9.892449451836574
-5.703772334721951
-8.443215993534206
-10.840549451177168
-12.485600355826914
-15.110289074254556
-11.46606860482234
-16.710501014834033
-16.143031916511443
-11.486532522307634
-13.710432665091055
-17.268590873876285
-11.628939695057136
-13.934787271188913
-18.62515786536672
-9.668483688561599
-4.282649666491752
-4.2218133505400965
-8.337743755324208
-11.692936444369945
-4.318802589097366
4.511595773094245
-0.9452365683187988
-11.775751812385616
-1.074253642117031
-2.1606446846476373
-10.886264632635731
-9.105210850844193
-7.694388101154053
-3.5787055796017557
-8.388555022576554
-11.674237835589937
-7.210816157563626
-5.3917639834778335
-9.26649624558627
-7.543423384956488
-1.2700412830117442
-10.080023135923335
-14.624016697183574
-11.013953917827287
-15.633172838313632
-19.70653052400221
-15.056599308235445
-9.993343168628348
-7.581544441082624
-3.827915073830687
1.3017547393906297
3.895396592060437
7.49383977858093
5.20697779967367
7.735606318058102
6.411856990005715
8.076058347053
12.494766653266074
30.528564047843123
31.596566935953323
32.24014503406066
35.980379691664325
32.804885510687264
22.42206435878652
21.281566839207358
20.40460965701345
23.94734489526129
32.303269802589604
27.36247690703567
27.11399474919913
21.944751001307612
25.324565603060073
26.95621610946548
32.0744243924762
34.783173808423534
29.826708512183647
23.690468881531032
20.9144199455841
19.740251240111412
25.00622780157275
23.21153506817639
19.39588062214468
