-16.20876136213701
-12.408017855212009
-14.482306753401375
-8.892589609751475
-8.792464801743785
-4.831934722497016
-5.506142343618723
-6.916461887354199
-2.0506025876212592
-7.666535206424353
2.119348345013692
3.2233446604710965
-1.01462867357888
-2.848824884351108
-11.369936568839098
-4.707058700159842
-8.396600468746321
-10.909664439571683
-8.056032953191128
-8.74594999283768
-9.798630334622644
-11.568071451530235
-14.078433617431159
-14.140556189544348
-9.002362851267375
-8.483844296337438
-7.732426970048658
-14.335819854418647
9.392419414206449
4.33219766351092
7.865781995943237
11.774049434579744
18.376755482467576
20.547251664216596
21.410426510808087
24.182038665001148
28.89086296191132
35.941917106634634
42.207345364760286
28.68350809438724
32.78962440273994
34.67152821155144
35.80075297295185
48.46985016310659
38.46699936853452
28.16777913705761
24.609179578670894
19.536574389620046
11.062158453905463
2.0316251459864207
6.5043015385886385
11.50035175832608
12.892788742080354
19.86337245153692
18.61655276438135
15.143174202505632
10.336153766260962
18.37307255649701
22.904137792912344
25.91475938941627
16.091564747921556
12.05017521322502
11.655835451505927
7.527505595865296
-0.08066248111976174
-7.0190771811292185
-13.149533162693254
-0.4789796453992426
-5.072644836058753
-7.5215119534153345
-2.244657950608062
-5.582220926597583
-5.904118416046558
-7.455122526217911
2.4222792536797653
5.0178573522643735
2.239093091138012
-0.49605191334178
-4.4638189785764695
-5.632258328209491
-4.7835599382748715
-7.959704897354356
-8.818060863190038
-2.0904454126620715
-6.664772454908287
-9.097105673175202
-14.02434108556317
-9.489576820486773
-8.481657755797919
-12.780292967330208
-16.89477447366944
-20.477807342990165
-17.03168743716043
-13.897372062952714
-21.352424269202785
-17.904583672629983
-17.3833473627226
-8.178293288078152
-11.904739140186914
-11.341579034052913
-6.23428335506246
-7.071293513275009
-7.494110465612112
-6.46364483449785
-3.833097963735337
2.481151738091921
2.7143899454513387
-3.184769725292069
1.723783713448123
0.38780085006117065
-5.7346917454872255
-3.0631709127078777
1.1986096042857963
2.421680015534568
3.8272466051225686
6.070035288991384
1.6935937429901151
5.870864695567902
-4.327549317910945
-7.738147976831633
-12.911136218965346
-12.4894664708424
-21.630210190471068
-8.24351808445541
-8.807027357843744
-18.46910790772321
-17.049071230982012
-6.4627620525365845
-1.823697974733112
12.296707236960266
28.23369960173889
25.748489521899405
22.444144541300602
30.283379809895173
32.11601699479899
23.11891965192068
24.61991656512291
14.317341360208733
16.276512107617055
8.44478590542968
0.5429046261187693
1.688219466053522
5.396118564056062
6.227224939973405
5.462725487488737
4.0798098087039385
-0.08476262283029533
-6.085350801846611
-6.663730938140173
-7.387359768068802
3.1673650659321546
3.7741773860181134
7.9958101131633486
8.500774971793835
10.868167647846937
8.451071923284928
9.959662916088972
20.53434015073
20.754973210752212
29.037206747364515
39.678459147224395
42.64316788373244
39.36817707385634
38.43445369882605
31.211076154830064
27.516996446340237
27.180364419602427
38.89887053070806
35.491038057845586
39.11554673637979
34.70160788622043
37.313570011991246
30.311752908387003
28.733532934869043
21.31229057241112
14.782134648029466
8.669541623723646
13.279375325567875
5.76326059027872
9.513627897186264
7.32140343109254
8.737198006857696
1.7495162152077024
5.833287900389077
5.568755495979864
6.983080265155393
9.763390264606633
14.896039445198905
18.259321081575962
16.563954997079392
20.39928642246868
23.638502895194364
23.610593261575712
22.17112347185252
18.279028762010494
21.81678462517493
19.66466716050082
8.26730933157263
4.740816141718144
10.450153074024515
17.297442503696587
10.967936402802186
12.644862654766758
7.261350255380853
5.572339500515724
3.6378169721612905
9.468334494873623
15.33296388994357
11.563643568570885
12.439267211724427
12.641236556168506
17.094340476397697
25.863118675529066
21.786611770392383
18.324054998890926
17.617849956088072
10.413462574598649
8.910222772292244
19.79317596053249
16.124831495231632
6.049608756540284
1.032053358972213
-3.4370462371352946
-1.82561432682455
-4.342517354969778
-0.6679170466438465
-0.469063865525925
-8.234241291903475
-10.62385552934094
-8.979838131172595
-7.412288920919956
-5.916033329080397
-4.684547876416062
-4.154196799345969
-5.409299587772838
-8.546055317211534
-11.955315748509806
-10.228950375043393
-7.652069327832593
-0.6498996514943016
9.090759634603238
6.965118467261485
-1.3741134964412665
-6.798195831092523
-11.2446911621614
-13.127854493485415
-13.411882777887607
-12.82738217707412
-3.3322201093717947
3.4963438061137997
-3.8272860584569575
0.4888791641070458
9.733437755679292
6.191467183445928
2.7673850733625858
2.8772099494238685
3.5308409826741496
3.531292579826834
7.3158979857263935
11.992421478877835
17.058908301363353
8.321894172713133
4.790989068361318
-1.818455452047136
-4.9879082999158255
-4.4257841609102915
-4.43125277881459
-5.263605489417245
-0.9449926140158812
-3.6948283485217135
-1.6922147856882808
-3.8970182943330522
-2.5895005974703302
-4.6778606560175735
-3.057609280004597
-2.388233690756865
-8.274434321758037
-7.9786583045372215
-5.509655664194975
-5.957600716540325
-12.559346803575131
-5.747978582016003
-6.4150685419861295
-4.9301180984384905
-10.259228018776037
-5.82458097128631
-7.17790039209779
-12.110661179678047
-12.103332253774367
-3.676228670394368
-8.844331350657571
-10.116307052172292
-12.306645613612591
0.34366023725766753
-0.4398171661351733
6.231430702015727
7.6328049390652755
3.341406229245921
1.108433750692037
2.7168585522912854
0.373557609916247
3.4501255130889747
6.100887210533623
-0.6566851522249028
-0.6121863378490783
5.403203327272274
2.000982376135459
1.9871443997818328
0.5236758252746321
-4.025601171322615
-0.19312524984175172
-8.623520115024311
-12.487995756357012
-16.71351677075748
-15.869228094799366
-21.198994646926245
-17.372368613861767
-20.27531088173416
-16.344160287965728
-12.004574777637053
-11.411506064418507
-12.095380643847447
-7.9727615130685106
-11.291587351369973
-15.40736046607715
-11.713903780596175
-10.306354890408993
0.2702123257597454
3.1248210459656414
9.781722322997409
18.348538166781907
28.92516211442855
36.917943825030726
28.822894048345304
23.99150257236813
24.584758476290855
34.81901001188733
32.51945611662844
25.806279761964106
24.898257179998065
29.868486640901338
22.44829919629711
18.42944315447366
27.48573094744153
32.587428396416605
