-11.293706327223756
-14.691842310890276
-16.238343528451765
-13.330356819414087
-20.724672065789466
-33.465766278889035
-31.588066816741982
-25.514433428703672
-29.662781830675158
-22.367486460234428
-22.45238894174818
-27.304074396508735
-27.703281522628263
-27.03971323636384
-20.026472415057192
-20.731359290704415
-24.088724321062106
-22.821395638112605
-14.297300996431463
-14.34582238844668
-9.933969500305023
-1.2251646732123445
3.1313693065980135
9.406041279380666
25.91361585325992
24.59030912069226
24.886616522708326
22.072280097350326
-0.15747300417237128
7.183669463898842
-1.7272257228005958
-2.9267965790067034
0.944961425190204
2.921529120732361
-3.0379208906605046
-1.4022219467407342
-5.588678662258814
-9.050187971371544
-14.915116247009369
-9.54873587346791
-14.471992962945292
-7.7159399123332895
-7.241782450419017
-4.41433428808077
-0.6655876413953373
-3.11546290434941
-8.067871885461932
-8.601305577649883
-11.842595743499633
-16.983109769134032
-18.991109085080346
-12.574910716424945
-18.16436424775952
-18.419576239843096
-21.67243770661583
-18.754417406304892
-17.51757447264762
-17.393991032268314
-17.169080764679208
-13.225197934172161
-16.642043248712152
-16.56312461292059
-8.801646968560371
2.2975862701341825
5.760194097283334
5.424453920057171
4.820866033028488
7.680411506038396
12.97681473387611
10.767062036639938
10.414367231468733
11.188635820323462
12.097198000492382
19.51777408092045
10.326533028706685
1.4745310334837434
2.729951076190508
-6.595883482270634
-19.23975329364411
-22.03745681763048
-24.26868040246321
-21.915408514161104
-35.60860322607961
-22.80801112129057
-15.483918043266144
-12.741234187715795
-16.678887703610812
-13.452817041837287
-15.198021110936835
-13.165863863939965
-13.516361391257234
-13.340788205984461
-10.717437258232328
-14.789834382480874
-14.647958249146965
-12.992905679783748
-12.016104179033524
-4.3181727696198235
3.9381817023082335
9.508452192001773
13.221056864459815
15.454398116855511
13.814896959107038
12.204750797190776
19.77638203750184
16.459515979048348
11.016903452905707
5.0642066387590745
3.7552369651278745
-3.5313996466351143
-6.894144928351857
-6.468506909835777
1.026817274832093
-2.5235684715415623
-1.8254878457483945
-7.949261772932526
-2.641882655997217
6.832124793296572
-5.608847008122599
-2.0920871268392567
-8.789004781852345
-6.850524284255093
-21.685317232260775
-14.64803650146436
-17.95906365884898
-10.003159654652947
-11.455972297205443
-16.231127472183115
-14.712095688578744
-18.49191487015168
-20.72423355491
-15.4086105434043
-23.44356218609094
-23.0204416152282
-12.342187466560926
-12.138968456053364
-2.903945090024277
0.8285678744835023
6.0136038140898345
6.588888209504969
4.4063647606265
-2.5026429985967185
-0.14458830865457986
3.2092987154193127
1.8737369068125336
5.6370771301973175
0.6654593893870699
-7.961453036938742
-12.601964840561786
-15.991554370352972
-23.910244235258713
-20.18623670102847
-19.32644967391486
-20.918788504447967
-22.25279627563251
-20.466110518015405
-18.48689750317752
-16.460580715145973
-28.460103794099123
-23.897557026658173
-21.644449994553398
-25.615827785989023
-23.826353401585504
-24.581372620341376
-19.668940072864725
-14.721484511982341
-7.648429164739857
-15.736766273048664
-11.458904344635984
-1.066227458192862
6.869277172682621
1.925470422353577
-0.17014571100214226
6.929422204457955
2.9632521905256057
-1.0770597513041078
-10.822073348274785
-9.800653809379366
-3.6585649500345783
-1.5910006225046944
2.462635201985577
-7.2048746025590535
-3.5850836556096506
-13.199415402659746
-14.284999141605676
-14.209040678958551
-26.545877812890684
-24.990571642919342
-20.48091453893432
-28.63895474135521
-26.310515983149557
-26.04215391794353
-27.024517219429107
-24.11622036679427
-22.541668817287345
-26.264827326294093
-27.793089883474988
-21.768061012742148
-26.669396860118518
-22.91773219823461
-19.622282574298765
-20.68661551196213
-14.935499601734744
-10.904869937364118
-11.458291607865776
-10.28392680328559
-11.659440296294287
-14.813262718823127
-6.882692135344912
-11.05579475214835
-13.526072077705296
-8.51076877198058
-2.201787409385481
-4.498103167937142
-6.83532573685092
-14.626108398839019
-17.107513678551616
-10.243585951401327
-16.792696096189893
-14.275775630077504
0.7917734803224502
2.7113760986135262
3.0677634638973936
-0.7906898813145208
1.0808925733208714
-9.06289862750558
-13.557701726847045
-9.600885047970946
-13.362232103281533
-9.912564969687846
-6.541139523624844
-13.27966718103493
-11.116069586582404
-12.399186630345273
-7.860308599132867
-3.5410944875165407
-2.8845276665997903
0.27862702815840856
-0.4319614198500325
8.233150077495841
0.4697266702912238
7.881059765686398
7.4497919461193085
10.401018559304418
20.839223093670746
32.5638763227822
33.96901715940449
32.77174004432881
30.18323345643345
27.32435495946798
26.15998607645723
20.530087505687998
29.74385828101443
19.12134889322601
12.204430263343433
2.0088116434848744
-7.1640146934017075
-9.761958508600257
-11.649105441360913
-11.46741032550543
-17.520016332496127
-25.902106387516326
-24.425466231480627
-22.3150963260954
-29.400430751955884
-32.218866897503794
-23.233364041034413
-20.345201734415927
-15.083953916830337
-9.58154033883347
-11.785104653086616
-13.798296345261994
-12.008073519219511
-11.109408168567667
-11.079471016794724
-0.8004752815072095
4.894291229965654
6.53860175193524
6.813153229837937
6.823177040521625
8.495150910659802
4.9633001186805314
5.604278663704783
-4.283164706899567
-0.957034846219904
-1.1971096253950286
-2.1956710798165218
-1.1823208107100232
3.88472043569721
-11.050309385059512
-6.42404750947965
-14.788336397293993
-15.40640830255989
-10.520361949365963
-17.34009261510468
-10.389332994624267
-11.827268922523212
-16.638702737721164
-17.172421813299362
-11.826223744613552
-15.319794344153705
-8.622552716151992
-11.700542801730725
-11.556518101759755
-13.245666493378234
-13.120779760777564
-14.357648055299391
-8.507237900493559
2.7855972948625287
-8.775193721428188
-15.470523306694686
-19.249965191143986
-21.08121540175928
-20.326858098406266
-19.04616499151372
-16.192056738087636
-11.79925716518535
-11.591258355759086
-12.148867601552586
-12.175935130243484
-19.208972917325138
-17.689928665803656
-14.420918798329918
-22.18878434373059
-22.24211602728095
-9.21608880506091
-10.050771527665756
-11.270871890194455
-10.6116760230107
-11.105986264244368
-13.284048777561727
-13.15936278412842
-15.86164395754756
-27.474202325712124
-22.985493299077863
-26.690842851929183
-20.588603496399752
-19.507887238590644
-19.97973819857017
-28.912546157612876
-25.390582948231085
-5.973552531562965
-9.452773201746089
