22.74786831411086
13.007608208058748
1.2551132251810575
5.7366615891839725
7.6607598550337235
4.468748956886288
-0.6789974803565636
-4.443857136837363
-13.552478621329815
-11.310706435876028
-15.050627245586488
-17.777726155111704
-12.993490386814985
-9.341240135936935
-7.792413888438888
-10.352883439340316
-14.195221038328205
-13.50876298757663
-11.923289000585283
-7.773636135887005
-14.058731681335395
-14.667547038621604
-9.133389494552
-0.600440713696125
-0.4167197152851916
2.0943000578950683
-3.4702219060185517
-9.315075975297471
-10.106510633824634
-16.862360549576824
-20.71100587692527
-22.666266286486817
-24.421072308629476
-17.04150261746259
-15.68812514293288
-20.983252881794595
-16.805060831052273
-13.144353671707664
-15.561195617559669
-26.708896591563906
-25.418117476620086
-6.518781715374678
-3.5690436821843172
-5.7998795492396304
-3.542300931656296
0.2877111926816664
-2.8560664616473197
0.05126492654796309
-6.126441257756213
-8.24060982669559
-5.770411906944483
-10.790845675270104
-16.68652241494722
-18.725128753979504
-18.37792706971525
-21.50536580684678
-14.630575430756574
-6.551857559540178
-3.3216676200628124
-13.67470134632408
-17.750293395312625
-18.578527139192843
-16.23599728149234
-11.18910606102736
-11.477379224224821
-18.90327231049309
-14.60418127089421
-8.36044816708336
-18.92987692250142
-24.60298950219553
-23.169896722432448
-19.226566880596216
-19.792217091401767
5.515906906304867
-10.780080397926753
-12.877809109665073
-14.916915300068247
-17.353756413944176
-14.176707623462553
-10.274481861079485
-12.961460702050502
-3.4802404725103786
-1.4910374135602302
-9.331856098185735
-8.003301386107497
-9.919441975188745
-5.928405452032287
-4.872831569685986
-13.732230884555634
-6.211627749479352
-8.72622930721416
-10.255604296109897
-6.757483149385027
-11.782983604580414
-14.38098270824566
-1.1933336658454732
-4.777191844716491
-10.821322711137995
-10.878700666246367
-16.84539771363739
-4.647217855820355
-4.882766638176292
-5.384639663360032
-9.739466040515843
-4.604190952162939
-2.1249629490393263
-0.8623103646448896
-3.6135956694341433
1.6309620572019334
2.1270850076082013
1.2008205107184928
-2.274774206406839
-3.0401471874810113
-6.7345126243858875
1.0566714766869252
5.0297840609499564
3.680785665300636
3.5943641245549567
1.855996068749604
8.217990608498884
3.1675873685380314
-2.7409117042326385
-0.4186955033558378
0.3209931434343305
-1.2032213625097177
-13.4784038554177
-7.949234121667935
-7.560446927533313
-7.863759844845747
-4.47770456994226
-8.060697380112819
-12.552164763076725
-18.688159759974717
-19.841683072599448
-19.505659307341727
-17.92836317555876
-13.736955067183628
-17.068131027941927
-19.153766361185898
-20.579904106441766
-16.804403986535213
-16.601942303177832
-17.979937618197084
-24.65939654126265
-25.522012189680492
-16.00209915884906
-10.701925659526397
-11.94702589409459
-22.926869618587602
-16.504126392282256
-12.990257051425376
-1.587655396955674
-3.707133769088923
0.08646930194220846
4.365267374820428
1.926708298114256
-3.351242173418581
3.8704547227262434
13.211708499679673
5.245508800728237
1.908826679503468
5.410706519695828
2.253373878132789
4.6066795004842715
4.584961190558657
2.756030806100217
1.8831312933424444
0.6189817557076535
-9.10551448201078
-9.731215002399932
-6.217513592860509
-7.934036700002529
-6.685731739934383
-9.51608064360527
-7.7227214460422315
-12.179608773912694
-13.749476252756136
-14.979166966149972
-17.59934959948986
-18.083905583246782
-17.141092138599888
-19.43692283525508
-20.068457797140947
-20.84922733573738
-20.073751459989747
-23.106263758672963
-20.758496057704708
-21.044309939210454
-17.746145864400997
-17.722496102904454
-17.901183192457253
-18.447127623074593
-17.497205255786536
-17.42412210788158
-22.7865399490347
-24.164502266547238
-26.794378761662625
-17.336657880701928
-12.095718451594696
-10.601259848178103
-5.02340152517043
-5.752051147393309
-6.359017752871141
-4.035509904933252
-2.0306719735827232
-1.0962468870728863
-0.8339460896387199
0.2661169590889197
3.706505785556656
3.214667991668467
0.3358853833773634
3.7850492684585646
7.126082567110585
2.8566842316732943
4.298217758512592
7.415858680127339
13.04810518416517
12.150674281411192
8.200658358556367
12.333011237428105
10.247636635578699
10.123847907495488
10.09053246561964
5.025228062547228
6.033773350472188
2.6695181510689245
0.2747357049707461
0.5726577134908644
-4.090266931922562
-9.666262839922423
-7.738312122054868
-10.35105684603908
-14.723885000832613
-10.210626480791127
-6.0749969294300366
-5.544625345503033
-11.106410210852847
-6.1246600080755185
-13.08476772321966
-13.329920316707867
-16.479544907743584
-13.948943831855926
-5.193152879262165
-8.325243862636777
-15.194233829114914
-12.946172144639823
-13.028428885445928
-9.168053716541973
-9.783364437568864
-11.356329835943074
-12.08803633174822
-11.236829929216185
-13.51972838544857
-21.295992972856762
-13.679792184845908
-12.944869831459751
-13.539818699346805
-24.177095375010254
-25.47744608392393
-22.50922730105955
-25.660980872360675
-31.784278682895465
-31.413999642426315
-19.5506274949043
-18.940577099270488
-16.580798746180285
-20.920191676316854
-22.215557547364373
-12.900207379700134
-5.942695484577903
-13.828945708232686
-4.789849333789308
-6.286282165079312
-7.064358822132237
0.3288137094609901
-2.9603412877682125
-8.06859507918893
-6.4250517922842185
-15.145382593271801
-22.38388767909061
-24.948283262624233
-23.548158542218747
-25.65618366194221
-22.815716724376742
-16.429922963550794
-14.029222104527646
-13.170718000031464
-18.69885579459129
-16.931029771816615
-18.466613958520178
-12.997529773893357
-14.015953676480999
-12.84216845930838
-17.095194375698494
-25.04868712463789
-24.15915046113875
-18.561629751944565
-14.107160886165529
-16.070083588034766
-16.352010872132148
-15.085621450357364
-14.618330396485698
-16.820842625807195
-16.446948598368635
-19.490729193379213
-17.920774472615143
-13.738518164884358
-9.674692735880962
-3.6490532740151207
-4.764459707557407
-6.122880741311053
-4.728424642466416
0.4674939768791579
3.9747478972889234
3.927674824010997
4.3074823585322815
2.2704362264164484
3.7962644589364727
5.886123528896057
6.838143569007191
-1.3562327286966152
-14.242716833082065
-14.868288452126176
-15.060467868060885
-8.59777734731277
-4.928735122365051
-3.548355049552657
-7.387626102127667
-14.739532291270525
-19.49925028917396
-19.828574893295702
-14.935483230221289
-15.56875952240068
-16.40184484626386
-13.76463785347816
-23.34166765586205
-31.2380899003272
-40.107394089796685
