8.323671863263893
19.686493452054837
14.058422219480779
5.94255903773588
6.644724766476688
6.7319507838088715
3.546614277518359
2.5464379090619573
1.7146366799346269
0.9815010809424414
1.683314602683868
0.8306781484873079
1.6900669916759914
1.4268623105846037
-9.548569739821007
-5.9372908065245005
-2.175869453764346
-6.969993754612645
-5.412711740137729
-9.262327589759787
-5.53156613909468
-6.808355907202919
-7.545539637978224
-3.2929868798212385
-5.7790926641772975
-8.091976165857819
-12.429363003826357
-14.000941508084164
-14.58818137100739
-13.906316328191894
-15.292346229238467
-13.13348601568218
-15.40269014802058
-17.191014954476117
-6.388306148773858
0.32782529751196143
-1.8454913154611357
-1.3847291471816288
2.02548526504854
-5.122274353483197
1.8062433028807292
6.652790172984215
-17.18028401874028
-24.27858074036346
-19.684888394027872
-25.723977097100853
-21.425950152653265
-20.203297499241916
-19.54058442393201
-21.732609881511358
-29.76791242759567
-29.754992663799
-30.14361782309113
-33.21751954904268
-40.848105835449466
-19.86740691860568
-21.21065480220208
-30.91356931491852
-21.952566598808016
-17.671228256231547
-28.678657297936077
-21.385021828478912
-5.184158471956091
-17.91927852559013
-16.413345598740776
-7.826678617282552
-8.035782666346213
-7.629573707272673
-18.27811312084536
-8.021907985294071
-4.333719493315957
1.3013532231568252
-7.8588397186247585
-22.917360965454478
-12.602427744846757
-20.35511478732871
-19.908852885965615
-21.03845452547282
-29.724009224035086
-25.052805592366305
-27.343695489887637
-30.05976068483173
-26.30345239518723
-27.127725997375997
-30.205233023832825
-32.547174891675574
-31.53769416997643
-24.806509207035493
-31.979099113005233
-27.198825584876428
-21.784494898220046
-24.734091983311377
-20.250161034984977
-19.75759301480102
-24.987966102672885
-15.453205993629597
-8.679824380120559
-7.646269777512549
-18.17892569317906
-15.171687686773204
-15.735307945852687
-11.472049243847563
-9.274618320476725
-13.426915428801436
-16.143488795547132
-11.90849218242961
-17.305868810960046
-21.80753369943325
-9.050273429055778
-12.64862245799922
-28.49690402957844
-28.14816328146472
-31.287480374761728
-38.309671198806896
-13.594293883346179
-11.185185753955107
-11.48204948475918
-11.183855984391954
-22.427365996237146
-15.494116124604071
-14.742363692707055
-14.960419106186807
-15.422694882294245
-9.646732494027225
-11.930477904969544
-6.716926306714307
-0.6970786605733132
4.348367203720711
3.5938227813919643
4.871206385611882
-10.568282258861004
-10.910798087721284
-2.22629705563248
-6.236836164017126
-10.887150614462808
-10.71860746720544
-5.917591359371097
-2.034628311702345
3.5342991459911137
0.8342573878288402
-0.6967057748974684
-7.473825062381763
3.420652455425836
6.613107293676277
4.333866988633587
-3.6024502417011917
-10.960604082795312
-14.45848619928664
-16.372567357849555
-11.045229610976213
-9.249136187657411
-8.165616976156489
-5.299570310858032
6.705379169821836
0.4674721888728792
-8.550344842364332
-24.719333340458878
-11.910275708922429
-8.912960341096861
-7.338068577698023
-9.531157768948892
-11.303717906079648
-5.523225036284368
-15.11206754501821
-1.9022798126847007
3.2732473598778986
-2.9574640445006763
-13.741460790861602
-11.965771561219904
-13.279651538816287
-16.04087945561908
-14.785281377667776
-18.296131651982073
-20.812583839265468
-16.376987102935257
-8.998432139592964
-11.41734346804659
-14.114733266175346
-7.324971440518084
-2.9680156016726427
-0.8705433250985136
2.7105615234460596
11.923722958205893
7.655440518824924
6.686453586434292
-4.367940046638959
-10.56207754786558
-22.85767134730257
-5.553891486107478
-8.997423976762306
-11.084900158433065
-11.593518015210106
-20.389987104273885
-17.605085139342336
-14.218734044765293
-7.943857564835186
-4.83346534332717
-10.695141507137668
-9.571070009816022
-15.023984365877068
-16.180097789799444
-18.301803582009548
-16.75239270549579
-15.68536923434705
-11.224198384219443
-17.420766447927257
-12.819716092754149
-13.716875765253587
-17.36836536941409
-17.733702053866253
-9.195322762069374
-15.085526047230012
-8.330444226928833
-6.332697954952856
-30.243798431704626
-27.142825166635774
-17.58349461377839
-14.513112643409253
-21.42031661395864
-18.2118041091996
-16.05360920975281
-14.129275856351391
-17.278718370964693
-9.364886468876769
-3.515864901831577
-0.4908308702460636
-1.046211727726087
-15.224244664621875
-15.870541931456433
-28.850945675974867
-26.759609023870457
-21.186327850468487
-15.093092207941874
-12.666299552435
-4.636945982507639
-2.0170065442301284
2.148619190726193
1.4205311199267372
0.3468797584813445
-6.205096665898193
-8.394656344483664
-9.943727712386881
-17.770356264695906
-15.890479963443875
-13.454481131044892
-28.290933252302466
-20.9327679062312
-22.08432220562604
-28.63859316680113
-25.576138960900625
-28.7620334347105
-21.410581856228518
-21.616803510709076
-29.76655611251729
-16.74175275978773
-14.477256965717402
-17.711888227924966
-8.273986479355049
-6.212613351983677
-10.54715326751966
