-20.450499173029076
-27.864139774660817
-28.486126943541695
-26.94595986177471
-21.61351169868845
-25.614837719499093
-20.182560363034288
-14.870647083075204
-23.06219806156116
-26.503703515421186
-27.057220918083342
-21.992555367519536
-14.656183665749626
-14.60636576069916
-15.692664067711075
-25.990549438303127
-22.02056722252218
-16.410412684615984
-15.344938423927085
-15.748116715430212
-9.96727475393465
-11.248287153015307
-12.022790356718952
-19.841439068788414
-18.13568227478757
-19.694314767674488
-23.822309227338053
-27.500360039008594
-39.688127527461155
-28.63988582379473
-13.73882451100204
-4.490031505039566
-5.9839757619608935
-9.311121329460276
-13.801086937379106
-18.771569127747775
-15.127879747918735
-22.90062295493136
-25.71344716695715
-23.284487210585947
-20.349430454561556
-11.67455929741262
-15.346177023578965
-14.982461001012895
-15.117861888794382
-12.652475099334358
-19.907207359876846
-21.93161466169207
-15.566977181283484
-21.495845929184814
-15.307320637043707
-11.974291984017267
-22.244504882915017
-24.631723746404123
-34.15863116591864
-39.07767686597926
-41.01207489900297
-32.97342111504789
-28.985347345634143
-24.387010620741574
-24.358902712872943
-27.62801068020984
-19.813649249280054
-18.084925152221714
-18.250119033663108
-27.67724713550181
-23.396559187626828
-21.799269194080576
-22.868227109610835
-15.468171793422034
-12.690063056911805
-24.456950305475512
-16.525942333855518
-15.898509349617033
-24.431917535201887
-22.926444793873767
-16.153072486628552
-13.347885107647992
-8.822815717234356
-7.738041692787349
-14.819356073515214
-6.11297095082136
-2.1621404175783097
0.8298685517291018
0.8659316303416017
-4.6573254955797
-0.8245311976959216
-2.7647121881696113
-4.6225442923847355
-1.3527477743933929
-2.0555603524803976
-6.418766019609045
-8.06537497810687
-9.534494788884436
-8.176878834710473
-3.381551426867666
-6.3783329167139335
-2.311732647465641
-9.669199943674574
-8.267346324895264
-8.624086743972121
6.102337709720148
12.752989819312894
7.255616345114277
11.157596408068304
-0.8192698075986894
-10.64154035487151
-11.774656238076119
-19.40003293556045
-24.29538906562123
-11.527993020509474
-2.881984073610913
7.4814562996505565
-0.07485738572940777
4.466308494662086
4.037874629367188
6.378524432300455
-0.010257882034354016
-1.8382130401621997
-15.55824588548936
-21.486435236304708
-24.56757029325233
-21.620982683789638
-16.615392091190657
-15.611916145206704
-13.706723009773027
-19.316834409280798
-21.40985044580765
-19.305288739328734
-8.013321973563697
-10.118011600841447
-9.807379537644316
-0.09802501890171156
9.170926864566065
3.7460001653469694
-0.8880218200984902
10.068214172407249
13.564477045390575
10.18682987562978
9.829337204223947
16.252955345319734
13.927457896912545
15.000891435726945
14.573365995697667
18.749442035323728
18.619566684797427
23.448007949770478
30.325859538287638
32.419708521645326
30.287814545326913
33.394890870150576
29.069147817243373
21.96854990130629
24.05101379536942
22.177448038499747
18.036383569027414
-6.300651992796206
-18.425961085336407
-20.47662929708012
-26.293556094867448
-28.751295581378606
