-22.989888300377487
-23.231939182890173
-15.254174974865705
-26.090808050730185
-28.089751151426263
-5.438086552328564
-1.3911149574710318
-18.479021461304047
-21.86121494924553
-24.068285534796228
-26.77005689557283
-32.090119765605934
-24.74064642147675
-13.0558542686889
6.09920613633879
22.505331145595566
19.686757510559648
17.069812244472544
4.4325308459639485
2.8122857051104617
-0.3679455082148195
-8.345650760488706
-17.02467742874357
-7.4804781473785384
-2.9232070938006003
-8.542997775754444
-12.385038593354828
-11.243115803659014
-9.628305562187778
-7.849483510460668
-26.505746916092072
-25.522662721685467
-22.66485822876121
-19.017725842875358
-16.421613772852517
-26.055919021856784
-25.501420530796228
-22.941035147699974
-21.95759126424992
-19.360452369261264
-13.735861489188432
-12.858696343553195
-13.631058922553782
-12.283855470066547
-13.772531705097306
-25.54070668347257
-30.43678900379455
-34.538656006340176
-30.603132948122102
-26.49538891040128
-24.806327293407907
-19.398896130571718
-21.832043796326523
-26.67471475330989
-22.14710378247429
-20.99745786448672
-18.612505227613962
-15.108125378764935
-0.21346145151894894
6.354211411254009
5.206009476345231
-2.99547249178279
-2.9736966346496057
3.5125985400383515
-5.968724168245199
-14.28444888529313
-11.412636346687156
-12.241351460876038
-9.975847570649849
-4.974866891741974
-1.137372637554932
4.789801938558411
-4.824259944806064
1.2296440661329198
12.435196858560523
15.584988839762607
13.931268326077408
10.49259738142668
-7.72445681288588
-8.691488889235059
-9.60136640773325
1.6561136406318695
1.9338087057286475
-1.9596429456020923
-6.255337185102825
-16.787572587490562
-13.927784427212426
-12.804288131125967
-7.932058831259888
-3.857131640140264
-3.9823042826427577
-12.934971084652831
-20.22761042504486
-21.40530965152117
-19.593738153732875
-26.216801163878714
-24.656199739732187
-22.814912356506795
-19.999972663073805
-16.187320924487995
-6.607655661567813
-4.870895665516466
-7.693230073503174
-4.49746069132495
7.094429153796983
17.519872395010307
3.9463607971621215
15.249644547357507
19.485367397819488
24.668446295647726
24.428629778497015
26.819199000578564
21.83674794873785
22.362507975171212
26.937844045465077
27.491087030755487
27.824368885841537
5.333631295111407
14.789099715043529
17.209935924468585
5.8129379131478665
8.213656482384723
20.44281298475862
18.174767336761004
16.746380770362766
9.727153165359704
-3.037791231737621
-9.973964586869991
-9.828632712127597
-7.5032773035842775
-7.615153726162112
-1.5908608077587318
12.791819160970578
24.177189583434906
20.66145092151828
18.844604613913848
19.069480404428703
22.315251873990288
26.502647628741396
22.29814399200152
20.218991910913786
5.255746295649807
16.20002714368372
18.249980792387124
19.383098425610555
19.958611976151676
16.235388345694233
-2.438614005781446
-17.327458552197097
-21.852415409548286
-19.085703441163968
-9.146340599331204
11.654676687234799
21.36847508089734
25.87031945073361
24.249758859645567
23.518976257185173
25.31186191766341
21.221631323268053
21.36192376137901
19.802842960849357
17.735106822517263
21.026629845933627
23.06706906922271
20.763969726594087
22.053728191084623
20.153098460730817
20.278928321885672
21.84440589281944
0.5512564594533824
7.653565962506338
14.36484559758176
17.352167239223746
6.89974781824402
15.268014047378767
-4.933168601872909
-21.31663781928565
-20.917466474545225
-21.565457390475252
-25.685462166843767
-28.944292850749974
-38.05057046579751
-27.87350986957057
-19.385520064559067
-19.820878082128647
-22.234076809738603
-15.56500678371706
-9.829029785092
-13.966138717737547
-4.038477941472465
16.734620334331712
16.060917127145164
17.76210291618341
-2.0159450082284787
8.105252049704173
16.451116252133087
20.14915215307901
27.147121290479127
23.043031376475266
22.109668443394867
24.86791970800346
22.185239463195877
6.317622878361874
-3.6499610657696016
-10.79429735737518
-11.74633604217457
-9.95064102215101
-9.970427036244457
-4.069403514653355
4.163914125417766
9.450009947317227
12.395471817653014
9.73501831505656
12.761666253180525
14.230826581331337
6.17968023962614
17.614793400110386
15.763690211502428
19.08606579750448
20.755894936563106
20.122397740018013
16.755389719324814
4.6303178023075295
-23.63750792006245
-36.12774514316549
-31.529839014445038
-24.311873308024484
-22.463867616078854
-21.41194104519434
-27.315104206737107
-27.20599660233767
-30.390778986691302
-22.35250574439436
-22.326771521679536
-0.2181538553204006
0.10921938307259434
2.483079951796767
-6.778905223703128
-25.58113607766211
-27.518912142543417
-23.82509169692049
-21.350868834357854
-13.966222953376516
-15.96084509095092
-20.22128195726233
-21.09395831713873
-20.22338292167296
-18.97001462846989
-21.11778639600467
-24.752646666646747
-27.37166285786588
-22.700748816408424
-12.119693113291387
-2.9317762557815383
-4.680222207127447
-10.950739466340163
-8.758856166292684
-9.204714219871109
-2.5930594365251114
1.4277396835084142
6.060364465720547
0.7856302545797388
-4.648969653075182
4.185579840870751
2.7158684391436583
-1.7750894054285902
0.9695234676856588
9.515489060672527
8.555308680535997
-1.8212567321500168
1.287499147888926
0.13008185214995868
