-11.8669456612355
-17.735591781127585
-21.15834527809438
-20.03521344418512
-20.335559017832203
-18.926532708409148
-16.076229312584346
-7.93473124797261
-7.021925856955456
-12.63795893593285
-42.65824060219974
-33.6572130386067
-31.98429654819392
-28.568717041039818
-22.543327368317538
-16.902113253543845
-18.286917960195755
-16.241003815424463
-16.14693882516278
-14.334945654541626
-15.039077134616766
-16.909760884581264
-16.09591004900361
-14.324619841428866
-6.081067967695409
-6.242391873000317
-14.834929850287928
-16.690040405945837
-16.894914357744533
-17.863096559681264
-13.68113136304489
-23.573027961494308
-30.613205038653533
-34.479802433608306
-34.62537611452888
-22.90781932597692
-20.297657988844076
-17.155629291070806
-12.149408925604213
-15.713570113497374
-19.343401797548253
-24.156970205141892
-14.769775516956644
-8.04991856361379
-18.502413265217157
-20.572811831871828
-24.202046491322196
-18.744249225150803
-7.725759018241769
-17.810456039938757
-25.04678041897973
-9.653548117581812
-2.423860009485147
-2.4868013824308037
1.4857015444731068
0.012254995718585605
-5.942008143410809
-1.2678745009725392
-6.0241077897018815
-3.6376676350344095
9.694095693461902
14.703931661280784
13.90587508915452
8.700609728385787
9.736305217323387
6.1793676754664375
1.2181824655886069
1.9255395659834027
-0.17610068254421626
4.366929512576738
7.920727615628968
7.218270777486995
3.624256261529064
1.5626286060763261
4.673801925287392
3.0866242400863952
0.6586624483832879
5.352972285878486
1.1939341210428778
1.3261731776089691
7.4239441200961345
5.656389863150985
1.282699688761881
0.5471316825588193
5.169283500657506
-0.9463337049143696
-10.23919737742281
-11.349930711364253
-0.13493830142965654
-12.380337511959743
-13.84325936666502
-18.350293183525093
-11.638015751169753
-8.058784743257615
-5.846944435150673
-6.35267922567038
-9.133159732692443
-5.000575548076847
2.3653354217403466
2.2601286720263327
-12.04397046691631
-7.0167619942013895
-1.4321732435828358
-10.339536594511756
-15.484377278105114
0.4437383821355203
1.4005513011128101
-6.420846205358263
-3.5471821140698636
1.8800665871386797
2.8520383473216224
-16.709551834250743
-15.490032933699696
-5.876903968447479
-10.368170916139599
-14.944400616285202
-15.612723787824384
-16.793138690107632
-19.726881751616787
-17.954004693133363
-17.98402240029683
-16.882504536329993
-11.032696764853242
-12.498727495759162
-11.569602061821092
-13.33314121606225
-17.99604955792229
-18.190589030232356
-20.077296044952263
-16.841286807738168
-7.811075535792312
-10.771112214979103
-16.50958047471557
-16.693325856793052
-19.3637272506743
-19.22106042178508
-30.16698165501426
-22.091142024877048
-15.359462037380005
-20.302757146433578
-25.621218779114372
-31.09551638355057
-26.530398000374106
-18.446241819583136
-36.858260813694685
-41.71578983875358
-28.254817676127402
-29.625404948521822
-29.392324697678145
-23.153747334951447
-15.871640007821322
-20.45915421660451
-17.294815782780937
-18.921752931188408
-27.73472083175456
-22.21169356112725
-21.046733542326013
-24.538712736440377
-17.792975294308246
-13.75491491638556
-15.43852342728253
-17.113488108461038
-11.396877792391939
-5.478394480302585
-9.915471977622195
-9.505707407611087
-16.83208198198449
-24.46110912042613
-19.176383947833415
-12.78142457377961
-9.788737458353504
-14.33600545588189
-22.78702048012528
-13.805569732025578
-17.604112559878267
-22.171072245323735
-18.883896455499453
-15.526010559599257
-15.543481029814416
-30.569725464107037
-20.078668225401163
-16.665893263784568
-16.20866732432276
-12.022372126656725
-15.889388770870779
-14.680161444392017
-20.782797810475774
-13.124404436831341
-14.762526288174913
-11.7756984624843
-13.131929801545963
-18.54020264853289
-15.838283416587878
-14.471168097953644
-9.839239268367816
-6.391024294987498
-4.405197641457299
6.370912952002523
10.388560677167566
5.324490726808182
1.4274513382103984
2.0281652997289576
2.7055102886553613
-1.6602384291570438
1.327772978644003
1.4669775552411095
-1.1527710451088589
-3.9996778571192406
-2.0902055102007564
-2.3176814353641597
-5.85788389171375
-11.312203548988693
-10.012648748260649
-14.003032497902277
-4.638462380023198
-5.861956304804171
0.5062946419097963
0.7450182360656944
1.169538344048213
-1.4186544400299492
-3.5531790772780885
-4.958173468917068
-6.3433459635193445
-8.18701133536089
-8.314702834562397
-4.207500493418719
-10.335456755505787
-12.68930036318945
-11.895363083189553
-6.7090197421746485
-2.2668296037022526
-0.9165447499146384
-2.839161546873536
-6.190610642714506
-3.2153901949845736
-5.167047921605438
-1.3097360712605584
-4.392986751208917
-2.1693395971623635
1.1969416592607336
-6.4933774428324975
-7.614648072846593
-5.109076087858528
-7.066734688155347
-14.058644127937644
-6.9205064882694565
2.085682487996228
1.439101018996464
2.8177088325861948
7.412293407227486
5.9335074176147
5.2712335538050965
5.78853871145702
7.2940919743274115
14.29335717421277
16.772596394649238
8.578196195581237
8.992333926176718
3.5875873284155357
6.7402908437537095
7.667623069810258
3.9651367711659646
6.383578046060588
18.971972766239226
19.288627784991416
14.939468318427856
10.008891735624275
10.78836854327968
17.260807270111403
11.22342875428779
27.012910788288746
12.643867076319614
4.326763938396712
3.6528020472935485
-7.355869211529046
-9.86381376266382
-4.525134641049158
-9.699279590275827
-13.737123758675844
-13.286047272650821
-8.779590267656074
-9.993908186457539
-13.817790056248276
-17.269368687614428
-14.996953287276796
-6.509802565416474
-5.916030089231048
-4.880999301724593
-5.041551291858083
-5.549117103014746
-8.30807415186622
-9.750889351695138
-4.415987783777732
-0.1859549392581194
-2.36052078929882
-5.902926383270361
-1.7126929594608464
-3.3506313905241094
-3.605674815450572
-1.3434617965379083
-0.032569805275349965
4.212354997482299
-5.535019102069285
3.293992674422072
2.7018530858117025
-1.000258581181865
-6.111014910332759
-6.321254958128248
-4.654953469684318
0.060291373369992435
5.744677555435518
16.168112496327318
15.002343847255757
12.047723246923713
9.387348573124774
1.0798901290029286
-21.390631596659414
-28.78111571388384
