3.64539935265868
3.14877624122403
2.868912534955008
8.119264007334209
7.657326891371682
19.123005162880087
20.7893420899228
24.105983912167105
22.94244346167638
21.92841014046384
25.48468632801391
28.556795820276264
24.615661997382755
23.84416703545604
22.73859927503843
25.04639886027067
19.304965485175572
18.287375947409988
14.390631997193386
10.282051183802302
6.936652424880652
-13.102577171296339
-15.71455631006715
-22.344651112263836
-20.44932245084247
-23.470397270592173
-14.747985906309069
-9.248290306783893
-0.40563608729283696
-10.751756111475176
-13.596722431898367
-3.642255872963324
0.7070236148646754
-3.750587233726319
-8.332182037732526
-10.315564287207273
-18.58253572975417
-23.292401357152997
-16.575061612034634
-19.261241924920327
-25.596042751518198
-4.809309730854673
-8.664828291939642
-4.947275610319299
1.2603365788620438
-6.991832129723482
3.35422408227772
-7.857220777731713
-12.705968110910273
-12.323826382524233
-19.21273642903859
-12.391299704658875
-9.36630531265261
-12.603608988793859
-10.36786405503127
-10.455170794938713
-10.321078756461487
-5.332105292088285
-4.633229686198068
-7.52483520858812
-0.6211358833217062
6.5613888234457685
-10.7757137272543
-18.837036862997838
-13.745624902006707
-20.112167823363553
-19.95194492350369
-25.308728070475354
-23.92749408916124
-27.458190841757645
-21.254473469899605
-23.78575657044125
-21.982495292847148
-23.041183775437307
-33.272193534046906
-21.554995256065688
-21.65111150807198
-23.95764273576479
-23.669948929199673
-21.256663163799452
-20.86703706409173
-21.890911587276694
-29.40014635498396
-27.27854568523111
-9.191972714411245
-8.472161564359578
-5.175488768456214
1.3170956309890536
1.8805989551008957
-12.274082395746069
-3.1539375551570337
-10.55006674621068
0.04224740576175984
8.924304480079321
0.2561177571558153
-4.73033665240507
5.261397327297281
8.670353122143611
3.5567452365258947
8.864865996276063
6.288547976516045
6.614170203282553
-6.4017930402157575
5.078727754693084
-21.04465427336207
-21.626239454211788
-21.23458787863942
-14.578824170170105
-19.566002994191006
-19.143748352058424
-23.549444057959686
-20.719136772167086
-15.076554082370324
-15.729982857373688
-11.335191791276284
-11.885167512752677
-16.82974966586042
-15.558490845362511
-20.248567683707922
-23.95875829445045
-17.959750561243073
-19.932509748863843
-26.312160188489074
-0.7882049465997302
6.441744182277745
15.477129669088516
23.78852841179368
36.16739127920165
33.170385414077074
37.035797476308936
39.2667188394041
25.99717044289845
26.64777395975788
21.843284506463803
24.627888440177454
27.78183803472809
24.695625709074932
19.43190475013723
23.400580761052442
19.5086577052904
20.18541143465433
22.254840258209786
18.53268325206513
17.0134754413751
13.675434406838619
12.139921610775053
10.829535693570499
12.572345134602909
