0.537307780945627
-0.038857586928367265
-6.207272671174059
-11.661088030398128
-11.552175749334962
-4.615356009714231
1.7850997013371774
-1.577479731543081
3.3091524454450325
-12.807786029140079
-24.860959531766802
-36.28741470579357
-15.187732560745768
-12.50215685570362
-20.653582265379423
-19.92422445732716
-17.92963389826028
-16.191989591291467
-19.096746754801664
-25.463862064308
-22.883251027518718
-21.627114866751533
-12.395050158564233
-4.3833316724404865
-5.386991471119146
-0.3209469560490024
8.187161614859878
-21.22676364706656
-2.941067377671342
-10.329000695783677
-20.15495085073113
-18.786631373386317
-24.36436657297447
-14.88103963025308
-10.935140143725786
-7.908252254338125
2.6034901800994694
-15.070071027780758
-13.842505899998946
-13.611405423403296
-7.667222204907727
-11.213051273755623
-17.86095716474866
-12.397518923645725
-6.861463269310101
-8.95302628133049
-20.467809135262105
-33.83668002428693
-28.33842985784565
-26.28641040468505
-31.663031235007892
-25.729930110097502
-15.163381605900323
-13.822038581271341
-20.6220300123176
-22.84499719024315
-14.184573863735098
-11.029302547413012
-15.258316543548874
-15.236277738751381
-11.935401603564243
-15.432716456461058
-14.710636121387546
-13.193113171827376
-13.102986837983467
-11.079591840838821
-13.94232835339816
-41.86294491591696
-35.75484277190153
-44.941910461825216
-30.453133917814984
-24.128311566344145
-22.813696415489332
-32.107841858279535
-30.835506485112205
-23.427143495436955
-21.494960709447483
-26.780906622755257
-28.676318931710178
-21.9943462613157
-26.747708252871927
-31.668774644973375
-25.089210134757018
-28.05077140671739
-21.18451933116275
-19.477478710977408
-17.646552059895644
-11.056137616085909
-7.413875877764712
-6.935585609494058
0.3766971051565761
12.459520351492367
12.395462862142267
1.7273153505659709
7.277159050737432
6.224226730481626
4.193122206228123
4.1646949378721425
6.136216327708032
3.470810770705524
4.716096663906562
4.2901213923708
4.398913579841426
-9.306577476989599
-11.943389026043755
-11.424837821111476
-11.694061704424115
-8.561380357570735
-7.6108090637110495
-12.786728503704364
-5.089735608793712
-4.447661228526077
-4.287957871770795
-6.049506144777334
-6.249293865670477
-6.816098950862898
-1.1157124998809451
-3.5027339194572087
-4.964959606855119
-3.388911206737951
-12.097710867493275
-10.70011646254802
-1.0469269970927062
-9.710017684131119
-7.003950471820822
