26.500589786390524
18.064927478712033
19.644807791738998
21.9631140937033
20.837565759705228
35.815847936354274
42.45100020046485
34.03286612163957
28.59552452603224
25.43017045040983
30.012906788456807
40.24932371112517
41.14324708904681
40.6709145531176
38.85260407313898
25.89599242108124
32.026007024767736
33.801852347662745
-6.5202395379907765
-3.311403697375709
-8.882539417458933
-13.342608655816829
-3.2552531163542473
-4.702409367190722
-8.422129050038357
-7.611135290447142
4.348394291626135
-2.1244552456162102
-6.760452389385046
-5.112724069886983
-1.7214705321254118
-7.578457226899358
-3.1877096255888064
-1.3966406715481936
-0.5094659471967532
7.411058143488148
1.3896393063759869
-3.3359409514508886
-13.145244887679146
-11.669355260632967
-9.035499240535026
-7.121474818865143
-4.151075377166782
-3.286084029006754
-1.3876128421745522
-1.4906318781656884
1.4480955176511139
15.4769518768556
20.70314413108844
20.89830282305281
21.45500922466532
21.044320451299182
20.139420897492034
21.1128912580318
19.19128904445105
23.600696473529663
26.745368896674467
28.122254077697892
30.82868697143452
27.73447037213826
15.811571750590074
4.5113458833101125
0.3751409712649091
-2.4343211896348063
4.5413310207262265
0.3649567669854061
-16.289188473578918
-17.205414256801344
-19.514781025725426
-21.149259587752898
-25.46292561422309
-24.789312412935324
-30.780697901614317
-28.715139429881173
-21.006667625560528
-5.3193976139375785
-9.028255134604503
-5.826286204442668
-16.236881987612307
-17.55315512281508
-14.007956504590325
-18.41669168689122
-15.396956911326908
-8.043578009268955
-7.476913939147423
-9.147142992039676
-8.654363121447188
-11.072342157686343
-8.643800463951013
-5.784902160344808
-7.677923072020396
-6.926286694522459
2.8083042100119173
4.048139345697536
-6.2448527043002455
-5.480630632837571
2.4748907504937563
8.515051623285327
11.570269822056108
1.9285706816163048
2.556749366066139
5.083621850626052
-0.8526110586810405
-6.346219878595655
-5.3337254565533865
-4.673070385034535
0.5792504834581572
1.5808348696584942
0.4168290683954957
2.447754310163412
7.251285296400393
2.011229911447517
-4.725087012486402
-2.1650737311495525
9.427680468203047
-4.750306981598229
-4.400536418731753
-5.789546928381907
-0.31649324114282074
-14.89357888530867
-5.907810799274478
6.328791788457968
12.943816958672857
16.182216747433596
17.398817604799046
20.95679272902336
19.15023571402046
11.885612907369499
14.80824286584326
16.05069878121925
14.921485541612315
10.135112139615822
15.530433912215548
16.28677595899131
13.471733530932964
13.566786009989286
3.1620625116140886
9.426706620973011
10.84958504276215
8.334956339678854
-9.020208573068171
-13.12075960875634
-15.247585446729063
-18.38369099113633
-21.284061873752197
-28.29438581246391
-28.53122152766716
-28.45432895623765
-24.832698105574625
-24.467145003436297
-45.140690110917475
-36.417638527780255
-36.22318452881885
-30.059699788918934
-20.20383424028933
-9.752535244297263
-4.402508286199175
-1.5133746329900246
-6.007395940371941
-7.797171325719014
-9.0603173466526
-10.042478574961592
-14.129321054824949
-13.31294437121467
-10.186696834721022
-12.395138747020226
-12.454250328263221
-14.133229936554976
-12.372491972034625
-12.441171038315769
-11.826394393547226
-10.007533750890246
-11.426336831699581
-14.794818431604414
-12.49472569009851
-4.654945630073028
-6.013032327753806
-0.5933494859687534
2.874803389688864
3.4841444798278958
2.943411834084974
0.14945808804584426
5.231654111429117
4.579016021701012
6.625131253062773
8.628823518309474
-0.3163269579027306
-9.460531035296453
-12.459578362093108
-17.290487122548804
-16.045058573986
-12.886476697586252
-10.002777641911386
-15.72514548749229
-11.423479398763789
-14.73055060211015
-19.583211956760653
-16.869274020210618
-25.59048082366893
-30.3803653821492
-24.523832622064475
-25.598503468582848
-29.52432494612552
-24.408988269813037
-22.255680270561804
-16.767867825991814
-18.50026771199144
-15.373742655363033
-16.312189095864326
-14.99911988543322
-21.280877217495327
-29.18680252017245
-21.15671316342731
-9.991149453327424
-1.1656649951790043
7.855305943541577
17.665301392610804
17.26515913683162
15.134283039236212
19.113380608892275
22.21301367422164
18.678219249328087
19.185999927453523
17.591043948733667
19.028171400949287
16.58507190923806
11.203262670354517
8.715302413880332
-16.688931441302778
-24.794143321247805
-26.82910412151966
-33.52585607546139
-33.82014174428131
-18.505506801334906
-16.10053259554581
-26.761309903107772
-22.241215110632005
-31.307707149558894
-16.037998172022075
-14.479994864838504
-31.8773339136148
-30.96625506017752
-20.68152122908299
-12.280402092721715
-17.820785883321165
-11.908386134266536
-8.665920966595491
-12.886243926487605
-20.64506357991514
-20.028426298143447
-19.672945769743905
-17.070512666082408
-19.25062308901105
-21.165013654590663
-13.462392121954807
6.044943755915164
12.369768190233874
3.8567147067536514
5.819729801187624
5.048109758302346
13.80442347354865
13.228999081235099
8.73908358687655
13.254212305861671
16.855679294090553
3.725516521955479
-9.403622092940816
-6.7779585741076875
-13.839316521063546
-12.443167971759088
-12.049996957882266
-5.285969741266429
-3.975294616500815
-3.0316481794416066
-5.377419998752828
-5.7890066299252565
-3.3701149816546367
-2.4931221178788
-7.136738624752847
-2.3394628298181908
-8.45155923368023
-3.8100124350264815
-4.057165030723131
-9.996851518781561
-8.083950853420996
-6.847589041946449
-9.219151331928213
-11.854339993189313
-16.11758633303832
-17.128757456323797
-21.376185784373032
-13.070989817691975
-6.9260287901673685
-4.15747966063965
-0.17644491828248826
14.40883561199214
22.17234405468452
24.987010813253764
23.677271424763045
24.862040020650802
29.05981146554489
24.60801454144609
21.167913254475923
20.45787712488243
19.89703822796637
23.312448592231394
24.04090169905079
17.65730727080214
20.782166302859274
20.48682595819
19.135706364768367
20.066108984443762
5.699872792995683
