-3.7625720044057687
-7.565962049502104
-6.438970787536008
-22.43434363690922
-26.49452786530797
-5.764809440456407
-8.394962344914976
5.808721880092549
-1.642832070085403
-8.852259728107999
-16.80358115899199
-13.33782586841192
-11.410773084818974
-10.31622641101482
-11.106856548492145
-9.557265683354313
-9.052078819846967
-14.750992844642015
-14.760487303964672
-14.783205589820293
-14.424399506312051
-14.957293240116227
-18.409131266517207
-14.923413070879034
-15.182886020465588
-22.504399486487074
-17.300604320890972
-0.7342420581805518
10.606791287729
10.66852141856334
9.249524181931891
17.080732122548206
19.898604976853235
26.61133121287112
27.57379608361576
23.733725858452104
25.107132294810267
24.085031577750012
25.18118300725195
31.51735197275393
17.340750127391146
15.730456222200885
15.227784965457234
13.996143658884678
0.3897905854859301
21.352933006547453
17.181746509836902
0.76183797636738
-6.72712757712462
-6.186171151786581
-12.311740939001384
-15.137140404466978
-11.803021117487312
-13.23945675076159
-21.258012851732726
-20.728369775203323
-22.12893727826784
-20.675997216184374
-25.015234661119372
-24.51251049173177
-25.27460865662508
-31.39483788297908
-20.898100883378955
-18.69925851129548
-19.021060421855605
-20.40539970176568
-20.88671122625897
-15.211475029196984
-16.35167853058028
-20.16008157219729
-20.578278414120774
-16.63027940025188
-18.095615857674726
-26.26692672431385
-13.289305775011272
-10.032902501488778
-10.345103157984996
-10.73124222744463
-4.550349945211807
-1.1379788306600518
1.1290040087866546
1.7901708042716944
5.151432190076574
0.36807926787546813
1.4994983168153428
15.282488220266194
20.418373365845692
20.468682193903305
19.721491353759987
19.5758492790904
17.717125130172512
15.90138911166996
16.41545946182205
-8.770034281017846
-6.7317080778140035
-8.632802988888269
-5.046221591142523
-3.9349222363101735
-3.73483171017757
-10.631797066297986
-12.944974382439725
-9.40299346344785
-10.536832717983344
-17.663897215840162
-14.91524963206335
-15.271924854410416
-16.774854122320217
-12.27167379012194
-16.989596746671133
-15.648113735547366
-15.015470220186126
-7.585275229633108
-4.377744520111935
-6.484170640871965
-2.1478105534378416
4.048389811512041
0.4630625878784553
-1.213051452955798
7.256932820386053
3.4187969217927603
0.03627489890401138
4.494935174430548
3.805430203996247
-7.966372944267306
-10.099537961543529
-18.126611505220012
-14.599804145873295
-10.971711891706818
-13.422878596692396
-13.859769939857221
-12.53331045436732
-16.188798426105773
-24.549402879690792
-14.170733241494215
-12.580724704994195
-14.094914216128336
-17.547721053096573
-13.191146461043394
-12.81621219968319
-23.50744174194292
-21.42093884790872
-22.75642358138527
-24.51462329254252
-18.69232735336748
-21.464593375548304
-23.47715012424355
-28.34012422978899
-28.217639805522445
-27.647613717867923
-24.752143110077213
-25.22770942936193
-24.698495212506323
-23.540989375814824
-28.624311049548282
-18.09984556796236
-8.897739159161047
-4.595338117181607
0.29213873917332034
-2.8482955350314048
-8.399865640768738
-0.27938270524430564
-5.5008000048277435
-7.425733357905162
-10.186091805491616
-15.03614777775462
-16.62785123937076
-19.017080809574235
-16.029274671383828
-8.685181846287295
-10.2629068774355
-13.184083788002019
-12.348864751331
-8.985249722285214
-19.721908458985304
-10.909439479992638
-7.658859278355528
-16.72082949221559
-13.27945013498614
-17.684895907273667
-16.80336297829121
6.105750512957402
17.373992709277413
23.46597969753541
29.824181531318974
24.666430663234788
28.307401315086803
23.361655184431466
27.895240022805208
22.59120776061725
25.560507722808186
18.21659144980705
19.645339028840525
26.291117650905576
24.15022969609932
-0.005907629103359575
-6.66940425525925
-7.723204392345557
-7.358351524832027
-7.957133483000468
-3.9208511781869246
-3.951748134879292
-5.3881628522863165
-8.529968899721345
-3.7226335812898266
-24.201365261783423
-22.999544505206533
-13.469113173252676
-10.44888828708152
-11.942087136797689
-11.455448571399643
-14.189035812819693
-17.103587076368242
-21.53877502093954
-24.178878871768127
-27.844664034785144
-22.47451879475961
-20.467058048849466
-25.01397935095289
-33.304973604316444
-25.152324926525253
-20.655103377861032
-23.70012787907011
-15.60777627752518
-6.972074956522818
-20.05972057421016
-26.88829233448921
-22.615518872910293
-20.89185472276448
-23.302052979813322
-12.295647935169887
-11.494992071976856
-11.466979933914564
-6.311894490804744
-6.580367338302471
-7.809615867243935
-6.3216120162705085
-8.74814852216711
-3.8621562392282685
-11.386017501827858
-10.943855499333381
-10.309445474839043
-4.2219757294397375
-4.048026700409089
1.4505088903302268
4.5697068562628615
0.9399875639026342
-0.2438078609770896
0.7172552152335462
6.868247785031074
11.488908857489808
5.930095257772945
1.5930358356070382
9.80758890608677
10.552261863725567
10.000687526254305
2.2344776195888785
