-23.64167083773673
-20.352758466538734
-19.058677386872315
-19.942751897688428
-22.58247472589148
-26.902397106886678
-25.01755948400321
-23.41343901611661
-18.6915243871921
-14.13756255602402
-9.305527201517023
-13.022618957135007
-13.604599649692135
-12.607416101270454
-12.150854600746035
-10.32159576529735
-9.66086044916366
-10.620308919052556
-11.518324629883967
-6.563151461357211
-5.101942489166323
-15.259355736020938
-23.693900801118566
-24.91178101112452
-23.96510590949213
-22.38234961598721
-21.023422994637922
-15.689030450547447
-12.590490979894032
-17.458556597918733
-11.294248743093705
-12.842064658266597
-15.73985859386191
-16.456308211872443
-12.14174634575017
-9.349350191706892
-19.501724520987178
-18.167222362317034
-4.855878749522794
-11.275180113666833
-14.237622686722345
-17.54936883683674
-15.811121266685564
-17.458615026041223
-20.11250075847904
-11.56550899509442
-10.059144971878622
-11.640671830707431
-8.842081121452953
-5.128209536698352
-3.256110943992678
-3.45678546673546
-7.8663414697800444
-10.669291020792432
-12.886353036914196
0.4576720415655144
17.45153938392807
20.369101732135505
20.089427684340485
22.321878065468727
24.120967753355693
22.294639893715445
24.138322029340443
25.777288996152958
24.501482700290985
22.8305681974748
17.828931519842985
14.277945150327294
26.679898503222805
26.34181606447206
22.03316391448421
19.815882078711006
11.691044200563473
-2.8103188882200114
-2.1422619821191238
7.227583547952223
12.785547626045986
17.111871077834792
15.476776717842322
10.538707257202047
4.731988516640042
8.76009507384352
-3.885632273313933
-14.10699319395472
-17.945603299425713
-14.217588737238305
-18.896950450295783
-20.58396003052333
-18.491147379790426
-4.293277383487316
-2.9504610606295207
-5.999303888400477
-11.677906483258546
-7.471334051635072
-7.430195577299642
12.219881793161873
-6.112711546458452
-9.08417379873133
-14.782458058035425
-15.556796256137645
-17.133562346835948
-18.19471421105208
-19.645293870378
-17.692660614663588
-13.86285443915194
-19.863547068418573
-13.018955587658414
-15.478061636514658
-15.992601912756939
-10.507949608413064
-0.5531377009709038
6.284384044474182
5.521928354968518
-0.2836071508481379
0.5463334047555002
-1.4076135867234072
-1.7205771262646647
-0.6011906491511824
-4.373580640477131
-6.174518133447009
-12.627824970013522
8.220544411732106
8.194364026168545
