7.282808682664674
6.395928727176992
9.044118813787478
7.812136602917517
14.414950994125507
16.763790052762467
18.875376412313603
20.638404301318047
20.00606927333355
21.742006892466602
23.98822768024461
21.214365535837594
22.08532870014538
23.279792171146713
22.262122521250355
23.015880571916203
21.710738184820837
4.364615416979044
-9.23021722561483
-15.419150957247698
-18.87447154735943
-18.853601698154048
-20.21188790414356
-23.87272440449891
-16.729577068438367
-4.176401420709384
-9.779238480985208
-24.746704524349397
-22.33862349014827
-21.6410139383954
-26.590429874742604
-20.489170567782622
-16.439096836779672
-22.19394047977781
-27.901256949349875
-30.59215068135085
-30.342974851331896
-23.225750532105238
-19.01297774246585
-16.313547879397476
-6.6453032598251776
-7.754579111002066
-11.05728324114461
-14.944253092390847
-10.643291513541543
-8.41805505771507
-5.029050041208822
-8.61526569918445
-6.809715006983319
-4.253348778697827
-14.47096266314502
-17.970693756331972
-18.330762581600688
-12.947259665533723
-10.321083458686747
-10.749489752263583
-7.636497680660236
-8.417104675964277
-9.106127681787148
-10.767285060325424
-7.688535619191985
-5.674369622283042
-7.861900008440664
-5.7956162586042925
-7.741147396696683
-10.296129359211374
-7.604879389719364
0.2030911327958912
-0.2483872667497232
-0.6709414395719207
1.6280833511367243
-0.7455026611214098
1.5294938066682615
2.2020092240282145
0.2190144300328556
-4.442428666304528
-6.097041084331813
-8.908198251281101
-10.181316793794633
-15.968333857386119
-12.405883028425107
-13.883228067610245
-14.060449447768052
-10.055036409881946
-9.546652489976664
-13.348454515367308
-15.281405920189192
0.44536799943662747
17.89955952743005
19.620636229248177
20.09187719418411
19.4679252640972
21.830382327235608
26.53085244506917
19.02236249792734
23.04391021293649
21.71606622526569
26.8958132102772
17.212088350300437
2.6521755460687637
-3.1626568042589707
4.742846239322961
-0.4361746759360123
3.714549974796736
2.599176785254395
5.6269278660823305
4.8466902602337765
2.426815781744222
-3.337500154652495
-5.310632966064058
-8.886681320284886
-10.295035883084527
-12.535092144383313
-9.376191270280184
-4.147613776434174
-4.660578840885717
-6.477941325222318
2.4549015281399984
2.9839140882408124
-0.17839142834556096
1.5180376778264844
4.381448826504227
0.8432505109387012
0.9546799377441942
1.8907996241924208
6.2447755960702995
4.0784971747556265
5.481502865401222
-14.269819811079874
-21.922090997906253
-23.863223091047683
-24.841244504827536
-21.09346579309609
-14.315177389674867
-15.802113487771358
-21.997654191709927
-18.246910651795627
-12.007241040871588
-16.15595138884613
-13.086829704976582
-6.7020564152301025
-5.39933242942772
-12.317441842369938
-6.9212687853355614
-4.671817169567864
-0.10553229646803393
