-1.2527144764274634
-2.6512691596395137
-2.5720755950245024
-1.582527370406482
-1.75287319716132
-4.098887104170949
-1.1225231904402044
-7.649088080425162
-4.552747299161894
-7.407304094275219
-4.2236718730609635
-5.154067289403131
-2.8137136567039973
3.241863568230614
7.103098692054588
4.064926160732417
4.071115038268919
-2.3742188550689267
3.041998679331681
5.739635409674091
5.4094765407989085
-0.2533497204787875
3.5779363079128585
-1.73295890161961
-4.757195458227825
-0.4561219268377472
-2.3137623709326807
-7.9198450267877245
-3.388268698796033
-13.239289668963075
-32.595784276432184
-30.804687973817977
-31.957788394602236
-30.120206691323023
-30.34809902838011
-21.72591424876871
-26.570290434699263
-25.716518369466648
-31.02572908766927
-24.505239234953933
-13.958733611010206
-15.193895275880802
-12.928719656857998
-4.049307750033323
-2.8755880229922877
-2.288121694296524
-10.776928758099348
-11.905674486256325
-11.803960269830613
-8.757649842658898
-3.655229924286776
-2.4838926499413834
0.24964628691397106
-0.1007357836782106
7.468936216478647
-5.954504982935947
-2.0124413924600417
-3.00562561985372
-7.259862221650433
-9.866019223068413
-8.684174083761631
-2.031942367452613
1.699162054877261
1.4515205491410297
6.1974570559549855
-7.658488169337247
-11.04195732525715
-9.2577185552953
-9.092182837113274
-10.938017781798651
-8.596963430987033
-14.076758767441534
-22.084324483805517
-26.78784571652573
2.182195444062508
1.5762556163527313
-0.5100860030226076
5.686717528277196
9.957025841140066
-9.719150876204363
-19.10108353052857
-15.470414857730226
-9.278863381257256
-5.541023912484634
-3.1212252817567703
-0.05201743256920148
2.7951361978606086
2.0617234396481705
3.4060697758511886
-0.8196853472154676
1.116194495845743
4.6959266241539455
9.265748227325435
12.339199323124811
13.543080742738118
14.426681970866614
13.333019058566215
13.5970691117114
10.136525489050886
12.384410930101822
7.749417542098412
12.230420544355777
6.230106410713137
0.9910092353607064
-4.641003112074762
-10.243690270104382
-6.362088886204805
-3.751384482151257
-12.393348569169355
-10.255503575445301
-14.319087497778687
-11.652135876672046
-5.798579730859228
-6.918858767525033
-7.209069561170713
-9.025862905028557
0.8170184541752059
-2.305765085126254
-13.703183328460947
-1.3385689642100949
-9.397833124579558
-5.4008782506215764
-10.786269128995455
-9.471497144197787
-5.547931578528359
-7.543199695948802
-8.268171661866884
-2.6169518756414885
-6.563438651706583
-7.575977515361104
-7.8480528858294365
-4.407025950637536
7.131351877615385
2.498105460197745
1.714938982753161
-0.5834213743057345
0.7326176111402571
1.0880939904599316
-0.15750065792878126
-0.4523326919587207
4.511733471370124
6.380285501608562
4.350298244105241
5.9200275726906195
-7.033546916012077
-1.761044541781987
-6.001386311933751
-5.111358723594795
4.776708452162263
8.030305348942859
-7.604542016148518
-8.763068891708192
-22.404036363195036
1.5626092954192061
15.310137209397125
14.818228610660984
8.960012732658608
7.7098485015019325
7.901483342114352
4.424824628238972
4.61218916510076
6.813452322964046
4.644402608033617
2.755639360434852
3.7581649213044517
5.2649224354538475
2.275886659467856
-6.113215549182111
-19.4548039135885
-20.074698750229818
-11.844114555418418
-13.325356941893745
-14.187914645649805
-13.141325308023687
-15.558987232444196
-20.209961316729924
-21.949545575588413
-18.581015775015786
-18.08372421123658
-29.69612818858107
-32.349448860939184
-20.923144711507167
-22.223591453098773
-25.26231646783439
-28.01625052865061
-30.03526412520153
-24.834471095154623
-25.47511587470564
-27.362655282716002
-21.628815197434
-14.79080817274616
-12.274056801986596
-13.392521097808574
-13.808063799746337
-10.481789094939039
-16.21557190324601
-13.20945935239986
-12.138624991076894
-23.15411823288293
-6.830464813832992
-5.6540696559085655
-21.022327697319795
-15.28069597240228
-14.070741065919053
-6.021459567054495
-5.6009783895363965
-6.252500363435148
-5.441889334574563
-3.8063533695723497
2.4153231912349997
1.9431819185147985
-3.608301044390927
1.0047801003479555
-4.539563437914291
0.3052845474610659
1.3682018064542454
-8.619894442052784
-6.897190819187112
-4.976106592109144
-9.669251427590844
-3.733663606991636
-7.622039642796012
-11.216557713235954
0.941766872772624
1.9910488927895909
