-1.839084605518163
-1.3130108576375492
4.811220336246876
2.591337167965804
3.5197335217260672
6.192463839496057
3.867946358424161
-3.205118456436383
-0.6101790601949982
-4.5069700396059025
-1.844166405389415
0.8495554831216707
-9.493646322696524
-15.689208615338625
-23.18162489930129
-10.910978056541516
-4.635375035650121
1.0756722553787017
3.3029368605683462
-5.5198397340725265
-7.293937898167897
-7.913037164500174
-4.974004053308666
-2.6736714877418497
-4.783162692016505
-11.843868627598487
-10.397058102132243
-11.634445918172624
-7.203163020262296
-4.959072230423421
-8.185532782020381
-10.627927938755096
-12.77384202432674
-12.58990437329886
-11.074843732952399
-9.042289730299768
-6.020996086121626
-7.438093914996139
-9.017677837725026
-7.521111224035357
0.4257852905913881
-5.6188556696631435
-7.3577332677974105
-5.727174634008291
-5.192079956363556
0.3709679563980574
-0.7921441690441787
-0.7973187233446981
0.9927179326691836
3.3042878874787784
-4.618054606261431
-5.149993819524962
-7.8309640106206295
-3.2121910321479796
-2.1196731902824157
-7.6798387941005135
-14.669868677165999
-9.734650264328707
-12.138961714693151
-16.922733659064466
-19.592967180269802
-22.09181158533942
-22.65359198762463
-21.482130217794264
-17.987058704084912
-12.998016629756188
-10.522424580928668
-10.279411565963679
-5.428863359508095
-4.640499005422449
-16.646848951247467
-21.034612492699345
-20.241294449447214
-20.79215667705485
-20.88596526904536
-17.175776805066146
-15.786026723246538
-11.411406697117222
-13.321480416208837
-13.315246308511188
-12.862674192234433
-11.600836984659535
-11.248039083371395
-3.2326803781615414
-7.912953382062037
-10.216395671516251
-8.016751412696271
-7.811231295069183
-5.1789840324147125
-12.975389665505451
-7.026550670977473
-5.323235289798687
-22.47103148388082
-29.159738409612398
-23.1466577480316
-20.485804334667236
-19.657214991080593
-25.040697468411327
-24.856452502485233
-22.235393428903084
-19.794927448158948
-21.020532353508923
-28.136334697773684
-26.811451047266413
-22.294844417272586
-12.820140881495142
-10.740852000413241
-23.47134146699049
-24.039019355861377
-25.352001978324033
-22.422242643133163
-22.022763775092713
-23.785897676721287
-26.97542172094486
-25.78995136749491
-23.03043908131808
-22.68417508258893
-20.860401171108713
-20.844634645203325
-18.4693592543592
-26.987444109501038
-19.165006584299487
-19.156524050123686
-21.564843066273106
-20.36319865771829
-15.650983071385715
-17.61146511663468
-14.898669572395887
-16.729791637203764
-11.854146302625264
-11.703635809489287
-19.6353379624647
-20.280119252326212
-17.563997799149814
-14.56284283865293
-13.858592868920958
-13.462923798164521
-10.008167507693887
-4.783284680042106
-4.339490057780485
-5.2205932648461095
-11.346660469048647
-11.525913063439043
-19.83467842151331
-11.824703778631058
-14.61564261226166
