-13.640361904779484
-10.300181747172124
-2.315949969530036
10.678372427130228
13.445024403039456
18.134980597082787
11.920686934485595
6.783410557881844
11.859730129333393
0.5874816807248662
3.8665179214984153
11.542683051261788
-4.233045149597712
-11.265795750154796
-9.378501248322005
-13.731965646260107
-10.570622576203784
-4.988058720773964
-5.457687441904144
-0.7507348202765673
0.43000858048571
-0.8693649679656005
-16.407738980867926
-14.662585490443348
9.164730559514174
18.376439428181374
17.72668488682263
17.998653745066107
19.571106968373673
10.386523705032364
7.705999515391944
10.509869380857824
3.9633698235951433
9.89920970108715
-2.5612523860873027
-14.063188000221386
-8.104408039436292
-6.805026184092001
-5.3566758070579885
-4.565579329272203
-2.249470456133281
-12.26327780875557
-15.12598960097074
-4.243090188349827
-2.7879168696662204
-1.5752340698772942
1.187887488551001
1.4028444111405838
-0.4396383521725595
-3.0286315975047
-5.957516425884401
-5.07019387507366
-11.843374480340414
-4.104223821316968
4.04806926516396
-1.8167549418018316
-2.070843461294623
6.531421504667781
4.297042197502984
4.349882044601164
0.037314936387011485
15.881211132834348
23.62895612678997
21.32592947134641
20.597404858227645
15.010830950849973
9.478545216144903
12.102339801742225
9.129485154935304
9.519817255785957
-19.44500550364413
-16.53615274043269
-13.277562209100662
-16.01675822973207
-21.314359928176245
-18.402511474701488
-14.979721062757385
-18.92027889272623
-20.42038497712347
-22.17571168344441
-19.642209109002454
-20.60790775258672
-21.42058139185707
-29.971274368977017
-38.16720015595007
-36.35839648610446
-32.50478744642677
-30.404308563770176
-28.862635023754354
-23.214864376945798
-23.23594338311689
-23.344025215099524
-16.94298143127594
-16.037691265544986
-9.589686710096037
-8.530780064862233
-8.783928357444804
-9.476152513428527
-2.539754992135896
-3.840661797795889
-7.707087216553358
-0.41764284080631614
-5.189438286092129
-4.199716455509215
4.284292121837604
-2.6636561885812893
-2.007517234647843
-8.025031346023223
-16.188713347987292
-14.837407135482053
-11.060451132380793
-8.514649639563082
-9.425265899978095
-5.350603054251692
-8.533816296705401
-10.526900322934406
-3.8679668312901945
-6.354628894145278
-4.4877019885540745
-4.044830180981405
-0.7702336817515116
7.385763237118714
7.696161994400121
6.2163883493378025
2.492578168451109
2.1408718500367327
1.4847600855850491
1.5160995596340068
5.490321679326285
12.68227691894091
4.115001606835047
-5.863819728487983
-0.5394507913649407
