-20.512513104558668
-12.723929898257403
-5.545491761419191
-4.572499709394667
-8.038360634844905
-6.0655811151704535
-2.447502546431353
-6.4757016129633405
-3.74796521338198
-4.509738331329373
-4.360569429898561
-4.804474967333637
-1.8023672242304352
-3.5893794570603137
-0.4313930203428955
0.3083419624176175
-3.065726954236911
2.4965903898403456
4.507477219487226
-4.452608257280193
-13.068335231577935
-17.062998435544287
-13.605070463202136
-12.265727043830626
-16.154155206780427
-14.753359801816508
-5.9659259632719515
12.229125780519908
16.841132717597432
10.87592784111769
-7.9557912130917545
-3.0787333657753195
6.9470396990890375
-8.429645532561738
-13.943329342804544
-13.833617006651554
-16.072511007250732
-11.39622488509227
-10.205218692392725
-11.088374495375852
16.336913705906312
22.72487240993751
23.163465531872557
18.597979055575326
15.922285439544769
-4.101310978919049
-3.398210851377404
-0.947127996333172
-2.326357288839687
-1.2740482083853821
-0.9053071229838174
-2.9012021772940093
-4.845518178136971
-8.68451087636656
-4.85894920868332
-0.09499033754076364
-1.6355665138214823
0.7693606487964779
-9.462018486110424
-8.858734819589822
-17.00992749252589
-3.6659528307839726
5.722454979530238
16.73739308111429
14.448352488947046
9.539161417265683
10.03898881605751
9.768223866706457
6.510522125698483
-1.5121041460082043
-3.550435755000944
-0.7254741502958807
-7.6672401658778115
-11.027588227873443
-14.895311388388974
-10.639217390592544
-7.896773855688781
-7.850974025557305
-8.984939079757504
-5.917471895038214
-3.4997869567698907
-9.237927351855747
-9.188661932964571
-7.548357171507576
-18.263879503616824
-13.945926093949055
-8.191298263161224
-12.650280596771953
-15.927269159153935
-5.174543088677083
4.5485350695068325
17.805169668145865
25.78643071373618
26.51607725793409
26.19516606510083
26.512507197797518
19.748132524992016
20.490100499353094
22.25114615026527
27.03108601051745
23.40414145198192
18.52550721045531
14.849578275936453
10.324083392438768
8.876705185741661
5.451839004449573
0.22243856650940366
-6.485207441687541
-9.14741464685204
-9.3379921060126
-11.440304411713154
-18.13743298922071
-16.093205863759856
-13.673026809888148
-17.466265821571483
-12.000118166680386
-10.800118275658548
-11.4358618479165
-17.509390024874126
-12.713066898307032
-10.4543217908683
-13.479727275960045
-9.566147153843245
-10.935905677746543
-8.81735629936322
-8.96507510921374
-10.06100052450723
-15.093786796423776
-13.960572397789758
-9.382333138567605
-2.3670942248058173
-4.310818835987333
0.4983637017653494
4.532992504807751
