-7.500443178046075
-19.341476755507838
-16.829922484119727
-17.269906279647845
-18.446155805797435
-16.42183031313786
-17.557964473591152
-19.962618678943354
-22.641692426407666
-28.966807919137807
-24.59049797620298
-20.403195661845228
-17.463122178095258
-15.761797796079257
-11.925250284162463
-8.30074398574491
4.407630058305693
16.298795784559154
19.46462353694674
19.02961686717791
20.4121484264262
14.474310216118484
17.165004644053454
7.697964576588108
-2.6399884473286157
-16.12716302184342
-18.61468721430602
-25.760161310039486
-24.178991878361263
-23.752349735609066
-26.04083163529868
-35.10993137739522
-36.45617744363192
-45.9862606674874
-41.45518863830426
-49.965150440076066
-41.88802892788015
-31.90000030680321
-27.29167196209891
-35.155414117551736
-45.97105325394546
-49.17242145506215
-37.96880760328116
-30.299988726775908
-40.71006129886555
-38.83109792610525
-24.802254286234398
-27.887105782254448
-23.639278876126536
-17.29014942898153
-20.558032052281067
-19.361330193741182
-15.395562829483366
-24.177488336705476
-25.035711018058553
-17.901003621785595
-18.4982618176009
-17.779286767254074
-15.035659096093669
-7.373529216060272
-6.272918336620606
-8.761703941262603
-9.98441795433908
-7.725919478416968
-11.119287652386452
-13.006628586620073
-8.652356066027355
-23.279202110983054
-22.7177105560178
-23.2070595266795
0.6260883199069223
-3.7399754185077354
1.8637121953979332
8.316122517475586
3.592238278919717
-6.107693172335368
-10.411951140329348
-10.092911209152101
-9.13539617826205
-18.667731775388035
-23.459320041653285
-26.143358682467326
-33.885369752867085
-30.306550004095122
-39.13369516905981
-35.67416421394333
-30.45572149875769
-30.23550599384831
-34.87532830974357
-34.057554992132545
-29.961661664358893
-33.39834929499284
-34.795319928340284
-28.036385315588774
-26.16306899501201
-23.20170494079136
-25.14595521386968
-22.249081728733223
-13.891366504829392
-5.382172583995222
-15.681348048884699
-29.279073056609736
-32.572219999981215
-29.924346620649533
-26.86123677263427
-18.08095426841308
-19.50374387929011
-26.686692139040122
-26.092995289240122
-18.855543851352152
-22.780093818200232
-27.53083090528093
-33.86265128941432
-29.374257486625144
-29.50716268326241
-24.212683443872532
-18.79580705616862
-12.171642621263521
-9.152390159411404
-10.048732720241688
-10.236550068809377
-2.337895084228661
-6.5537199246726034
-18.435826312913424
-25.317853528156103
-22.24829084051273
-25.973013902790488
-26.01543601300449
-37.76034847200992
-37.596562633128215
-25.570010798519753
-28.57966340362337
-31.04899416031721
-30.660581849252036
-24.949465210732487
-18.68300583446233
-17.825883940609966
-22.56687001657639
-24.11926450213008
-24.004100966813517
-16.330981109950276
-11.130677887415516
-9.057995124780033
-14.64899578922156
-12.266211271789029
-11.598441609678755
-10.547058035250993
-9.402281390666847
-11.66109511406909
-10.619017246758302
-9.50823998353976
-10.313928065610158
-6.723057041631414
-13.956530926764465
-10.388538856247317
-13.144438923368492
-13.442512732319953
-10.125970885311482
-9.971958270339515
-7.154918588398497
-11.856782643934677
-10.393329725336283
-8.461714434386849
-15.211654752551384
-7.425401064230278
4.4548326070692905
-0.1661720002970541
-1.1814749674740173
-4.0222032670881545
1.2633618726671296
-0.348348432199496
-5.950666359275327
-7.6042916795114825
3.8403682992708568
2.1203956115024667
5.340737137346498
4.571925215054076
2.3810177372361467
-2.7681918315345064
-10.503974905219657
-6.558660468800143
-16.760573778908448
-27.666492613195572
-23.917498765231446
-23.937672750702337
-25.31026784945116
-24.259127209614288
-20.186356727221657
-9.414828816881014
-11.420766532811859
-12.159448745553085
-15.21434864263073
-20.070837234413084
-13.852316480570467
-12.458775551151334
-23.377700054408557
-24.31348222183247
-21.995825026828307
-20.966417436443027
-31.23804506725083
-39.09953990071423
-31.786980584814906
-32.34183418235329
-27.228707424032823
-35.6333673107836
-37.388559003937615
-25.888605456587502
-26.524297737642023
-27.952688277294754
-24.519397149355093
-19.418239751064693
-24.40744871137818
-16.649362806228485
-17.274017156394965
-8.642209580586888
-12.478308196419931
-4.661729925375222
