-1.9529309075880048
-7.461992606343817
-11.236996264631925
-8.346937808431369
-1.054175888653085
-3.5452699089406554
17.54013529508881
15.561614521058484
10.732507194686292
5.619653510275227
8.152900129225728
-3.252365071025478
-15.943936436362648
-25.8843231904477
-28.10611878517797
-21.239865907874986
-26.563357991844722
-30.978745780717247
-33.353764033564985
-29.285750219753343
-19.407754969990638
-19.840173960517788
-22.838536673638426
-21.022750532446235
-25.112457552315675
-21.45389378121111
-28.988753647704886
-29.43645919337615
-21.38162527904812
-12.982943756573464
-24.6484678104927
-4.148533203589539
9.055052332085747
8.713530295211791
17.035421342074386
16.608714832129277
15.69665455512209
15.373611056943492
7.841800262515293
12.981835502968092
14.046146377533178
3.5516958869805246
-5.525546873634074
-4.050480230378015
-5.747618997844097
-4.147157787767557
8.136329675499
8.553256531248765
17.4416719232792
17.552752107258254
21.59737863677084
29.874702161228072
25.35172380256841
19.519576772949268
17.12926086673372
10.151723648018868
4.282669003425892
-1.2107176080453232
-4.296291935320565
-1.0790529033044929
-5.080446552969135
-3.7145763921784734
-8.54178357357189
-7.148161173485335
-12.08678434235096
-9.37966751038488
-15.88702280102053
-10.050151976138183
-10.022736077001962
-8.044155480298622
-16.550558477178573
-3.958915253742934
-5.0560503967385815
0.5143871195431581
-12.974462626124186
-11.542155292214007
-12.49411404877655
-7.266719759978852
-6.289754956071391
-6.536294145160083
-10.229860104986074
-9.192561346017694
4.008768543677168
1.765518626902112
-14.427685270142241
-22.591159024062637
-28.192936076274474
-29.40252359625115
-27.651065884085554
-26.784344969923445
-24.44066928147253
-29.896794315102873
-21.316035749159017
-30.12797783469524
-19.643137100854357
-14.037638420546086
-14.39693875877655
1.8195024871444028
9.34184217676405
5.05632875240907
-1.2164271740764792
-12.735209076572733
-19.13028184582101
-23.284423217793695
-21.111250880110823
-24.925878412297454
-28.41457719113676
-33.968573550646475
-19.613948262712327
-19.72349522665493
-15.262330473487804
-13.918990985182194
-16.805926233586227
-19.479059042977838
-21.20280478365728
-21.546786362621866
-24.427391693432256
-25.723648242811144
-17.928546021800155
-13.330503115053213
-13.834127899135769
-11.285462021891506
-3.2369789286289734
-0.47404797001462295
10.18219041835598
17.80955003570713
16.097329714285873
16.402848406633172
19.179333683872663
21.973772252493315
20.904736643259007
25.353574357247762
19.351576288369372
14.050542433902777
11.217668555207693
11.210272953127232
10.39952596847948
6.358267783193576
3.612334003839272
4.250224211942122
3.9392173333874623
-3.4901534607827127
-4.3968091324523755
-4.182025437485486
-15.511466413197994
-13.42044026762018
-15.779414331568587
-17.638709987721978
-17.684833123578752
-18.026065750526506
-18.015739592732235
-18.131199746737934
-12.83984364715984
-7.3454832220648285
-7.553209728957215
-10.182806941076658
-8.459657393184493
-14.52682865460361
-8.498051138153349
-8.7971906710314
-8.124108020837816
-1.5511386806798244
-3.9907975328634118
4.314932489352647
-2.118548272223757
-11.93131614584115
-6.982350365906619
-1.292692304906141
-7.672461696796413
-14.163835560033634
-5.338233408621925
-1.2325455763694546
-9.759044029554113
-16.57620183126625
-12.83357851468832
-14.317264713406345
-25.656614661361022
-24.261853313505
-9.467064782072203
-12.179677702758095
-13.596412338253698
-12.274052802026427
-3.2850012499915757
0.007157605584965698
13.039345012177165
19.45418937707989
24.785904557525164
17.606263610686593
7.55488267751648
8.036498488119928
10.23284688833184
0.4113487092736484
-0.20698374634898214
-7.689802621635808
-11.888738463157962
-29.966227231892248
-34.73157340308948
-32.97989945478928
-38.19508230168723
-39.48890897776647
-36.87600544200265
-38.50311854125944
-40.53268994100086
-45.76460793029334
-36.85687813859923
-29.894885161217516
-36.08904190788385
-29.213920769186174
-27.05890853975786
-30.187845800321583
-27.67041041118425
-35.69381587921263
-25.739611455698004
