-29.817476051844547
-33.91663446589179
-29.439378330937338
-40.86964283774199
-38.04572978216733
-36.61744638833629
-32.74698483895675
-29.482344900993052
-44.85344709571041
-33.18724826069303
-29.4258137319868
-33.01806290308924
-37.98955894851368
-43.2228289328273
-47.305948527613815
-37.247348429360606
-32.625899839221965
-31.78993538689075
-29.59927044321052
-30.815587409456896
-29.788794550507397
-21.18874485275819
-27.152447859196915
-23.890191190541053
-18.514791311657532
-28.115033646769923
-35.71537456204525
-32.90446110579317
-33.037263240513184
-38.315942101942746
-29.987030641486587
-27.17793252157889
-24.134485167023872
-24.672282009519787
-24.980575106568537
-25.20403005697395
-24.69279352505073
-16.199651901419966
-13.04923245000645
-21.142689476594004
-17.27414506483776
-13.716746343101814
-17.402725874154168
-16.478582835996107
-21.16679568185664
-18.587317652277022
-20.455359312906122
-20.600183034607227
-13.764195630349427
-14.484405365465443
-9.430531076231784
-11.189599132935893
-18.388861521494373
-16.041186656278224
-16.42696396329986
-16.711604079924488
-18.239502641339836
-3.620691696397987
-5.210082137143731
-10.571441467933695
-4.9300739401274765
-5.462421981351154
-13.919274785395567
-11.511848770645573
-15.155158314830448
-13.17714550331194
-5.8253334151167415
5.217296273348103
-2.9385764209382126
-3.143390421553612
-1.5908951184993376
-1.6714515737772526
4.8313769878498585
-4.1962684744656285
-10.6582871350357
-4.4376704224553025
2.6092059919329658
-10.932230026845042
-6.518399957583862
-9.352965381887039
-13.607688642893462
-20.51524466002954
-25.518035590322594
-27.428334218067626
-32.343448611945924
-25.632241192858586
-18.489587968748157
-23.5270905734263
-27.20637550969707
-30.84333233812169
-28.047226783280625
-17.51919679497266
-22.45945158007865
-22.15509828520813
-21.88858925501277
-18.737599023371093
-26.236481058845502
-30.37843239610962
-24.37404855471793
-17.666729220600462
-16.762098346884798
-14.367582377011015
-21.513432567839487
-18.492722525340568
-20.09397822457968
-15.737912844141915
-17.329076197167485
-10.17608019550311
-11.10236825624636
-10.242761780492604
-13.00540152141966
