-12.992086602793831
-8.396081069163758
-15.5154607109807
-12.899470379715373
-13.594569407389177
-14.95225019342278
-12.63765792744517
-13.560221782251991
-9.533937967388885
-19.602130591063677
-22.17381857398427
-21.09717766622326
-23.07759410110467
-16.37581350488626
-17.108065672635387
-18.31232068190926
-18.311191066197733
-17.916394710376622
-18.574356778133644
-16.144208765730035
-15.771087955086347
-17.92682094919192
-22.527814085392777
-20.79571864160562
-19.99003718208837
-23.113526440150142
-21.861077732133808
-20.352017656274445
-20.759453754687133
-12.416477689149833
-13.155793599793839
-9.249110929482304
-7.182966005299406
-17.684896415388163
-17.047283666612962
-15.550066886684869
-11.490865688228748
-8.430101637317458
-9.035494407558321
-10.929108374363071
-9.375023767745564
-4.159127530600496
-6.8346921263918885
-0.34136968607593143
0.7529492241284103
0.5870396873322626
-9.853034035372593
-4.4453305330231325
-13.64748626169358
-14.924157314450124
-13.925459604117506
-20.483908417461237
-20.059151589575556
-26.967118648704087
-23.468316606770692
-18.60430309197356
-19.758850142458734
-26.71304380191515
-25.99204176917363
-17.648385680109907
-31.01666947313269
-36.220700430064404
-37.090154738934295
-32.16624481194988
-36.62057333352439
-43.11121968495181
-48.21551184465166
-43.842245221042916
-35.621871212893595
-32.62597120810016
-27.71347910379909
-20.68235761103195
-16.241264514096944
-17.879955226698467
-19.822197517852892
-25.92079496948104
-25.20675357061007
-19.15372131874515
-13.702690372798305
-12.396251876601655
-7.748868272997228
-8.14766457046291
-7.74915550039509
-8.943650191654795
-6.061851259279857
-13.603755329445393
-26.31818530449853
-25.991696204477943
-29.127266596390214
-28.29286351652843
-18.379782372051338
-11.515896115523914
-18.66972489437319
-25.20113988274189
-26.156200834215532
-21.477451935392185
-28.16972097259068
-26.677649696010512
-19.382927839566143
-25.386964862208433
-34.19576855540653
-35.9333149316076
-39.59778847064382
-37.18674869996956
-38.89428106305668
-31.294278198485728
-41.25977406750043
-43.392940880109094
-36.35744073006945
-30.79515883088957
-17.266148025485336
-15.422023271663182
-14.975068470687553
-15.294997523891444
-16.196857494837143
-26.20316319539818
-17.468047383062018
-11.789790827315759
-15.507422975855148
-23.60977952078441
-21.134457644319106
-20.461764642018238
-17.451171795052687
-10.142427027596916
-22.194257435269023
-13.647097702437513
-7.51653648342428
-7.586489739694763
-7.171944600728308
-2.978051363097558
-5.715238544035798
-7.046969543732987
5.065516238510743
-0.5041652427698635
-5.432672906571455
2.616680688335527
-3.321229580030865
-3.818588925585873
-8.953026817276006
-12.594656060181448
-13.414865979226208
-7.317416149363794
-12.160382954412404
-5.450282690869424
2.73065284715145
4.869318417873963
0.6345942545109106
5.182980815194089
5.825881101941501
-1.567733795331436
-2.010625650917716
1.2239253545687785
-2.613781448891533
1.7386427740089392
0.8070598429240148
-4.172085422293995
-2.2514847086828738
-9.829401135583264
-5.451634812992964
-7.169260249207452
-5.496503497022911
-7.676630488050719
-9.878530221686562
-9.041222996448855
-11.086070375233689
1.362945851243322
-2.0099292574003327
-5.343800254592903
-5.134411373693822
-2.3790183881378404
0.1279265470334958
