-8.064604923463111
-8.929730108564558
-10.41352828059986
-5.989967317860598
2.4229149601855915
11.45248370809952
13.186316659149739
12.216157548784182
6.6271038111710086
1.697993177672867
-11.832973253562574
-18.00368418524938
-22.07043989841031
-22.44272112709809
-17.726427907700202
-16.105383438518718
-16.645944752583553
-21.60184570818951
-21.682051462273865
-28.95657278739789
-26.712238305450306
-17.307538546182034
-21.308116160881873
-35.38788299343844
-19.608286076000642
-21.868013340457626
-20.727385764399052
-24.201145034870592
-20.68849492105581
-25.48473063756084
-14.139082174478862
-25.92462477628263
-19.78545227359401
-26.6562199620748
-27.39431598760743
-23.853340494756278
-15.821124898557436
-22.952853434378827
-19.931835792885234
-14.160224071912134
-14.865800241889902
-7.963529905868972
-5.828393699165133
-12.509880321168929
-7.166414464019347
-1.119538790050267
-7.333488446022718
-5.274199515906271
-3.3277350864714963
-8.526193588482972
-16.482122698792086
-36.919403337575616
-37.24223610169202
-44.30369757683011
-45.93098037478276
-45.8405599568863
-40.56165338419762
-38.23718616105521
-33.23390586854938
-29.532481393790693
-28.141917777913022
-34.74144178754446
-23.76624818100326
-16.997461464363912
-21.623038735564013
-24.141001156413573
-18.80356318976068
-17.081404589933612
-21.079272138508426
-19.501992984114576
-16.425927312191178
-15.372282363428118
-1.1538916326206778
-6.428156575413669
-3.2953308350522006
-0.3251215621701473
-7.314819461574293
-15.816028391413074
-14.26779286844702
-7.566419030730456
-4.100469466034272
-7.622680857362781
-9.531995555058694
-21.128403054615077
-25.421461636373483
-27.74204817517209
-28.15158842241878
-25.681957493823408
-28.11551949322013
-28.4587291021348
-29.11291089210091
-29.85684945508409
-26.91528147501593
-31.59664455483089
-29.302944832282897
-34.4646080399842
-35.75610212036151
-20.929899467727974
-24.483392774087246
-24.380255565517746
-22.74049112329781
-17.901637421151776
-12.567349668013215
-16.870514619795188
-20.02478644469562
-11.323020465999667
-14.668515975212744
-27.4751834545978
-30.581277194775602
-20.745453358699084
-17.179647676408138
-18.551185763102023
-16.59168624080958
-13.650754715320046
-5.039030335003763
-8.035854757214928
-10.923168914817762
-6.207221254548153
-10.874518205309961
-16.582430729618853
-17.448740354479963
-13.24667139406701
-10.565894195291293
-14.315508218711429
-12.524728772266785
-8.753191720626964
-7.902457806484495
-15.519892798108152
-16.147373900951788
-11.514517515954411
-4.215731459428621
-10.248936198464744
