-24.044842812197174
-22.499674284298948
-28.426253054124174
-38.144501262817
-38.21656250496364
-38.898797551071
-40.645635904181404
-35.56082566633384
-35.9285812346681
-32.50270726514546
-29.01078524010399
-25.426715356111465
-32.45636444105212
-38.80882720627459
-32.57095427533784
-25.72543005127865
-27.941762385696073
-22.86113758685977
-26.677377178636746
-21.412041319885518
-15.908615923859465
-25.313510428247966
-28.54413244421444
-20.818938589940892
-22.25517078843856
-17.40240203242515
-19.043885260155925
-16.404167337767674
-21.462588137045337
-23.201549607502127
-13.11643713809578
-24.407921579645127
-16.033266405846568
-12.29770082936002
-13.362305671316712
-17.906274679912368
-20.688458424266386
-34.41818924920777
-19.0127523091198
-21.049537153736026
-12.63019562999585
-13.904375454843452
-25.271617727106687
-30.6273273369104
-22.98321905987961
-18.373207625535013
-28.51849110276932
-36.419392968480366
-31.326750195234265
-25.74398491094678
-22.951449913304877
-28.24514705343641
-33.22311209337165
-29.757688565245783
-24.761823728435353
-17.943379235201697
-13.878515158351796
-6.406662458910131
-8.865666517585195
-1.9821551996255884
-4.05731207009161
-4.1889770629728025
-2.193079505081629
0.13108914982217806
2.8028024054928644
-2.2619794499352746
-0.3592498227734188
-11.21472635228437
-18.417224444069408
-19.37095004253161
-17.095021829717812
-2.724709711503868
-12.055467546203811
-6.796026782627997
-3.8954319750035946
-9.67674244535776
-10.056678951962144
-10.913648833767128
-10.289574073470893
-3.0942876371345696
-5.101039779068173
-5.311352461047137
-7.770834440483905
-9.33672453946764
-4.228889237838705
1.0629080552152423
-2.9024873465535688
-7.449094107519093
-9.226506677387043
-14.958800407459972
-12.642739777868865
-18.193058837364163
-20.69348111805469
-27.63462224392689
-30.74512107864985
-32.077901029177326
-35.57319922429435
-39.19774778265783
-41.122771376977404
-38.67118849746194
-32.397464237177694
-33.23582530355132
-34.999342698848146
-37.202081264715254
-43.34232648752636
-44.5852757905018
-43.42614325531765
-47.08013087995723
-43.30934961320989
-45.87072486216466
-45.85825289758599
-38.319323373200326
-33.863710530332234
-22.55829790352384
-19.75067742425562
-20.280961368733987
-18.553966864421795
-19.1307983403676
-20.411670398179176
-21.97890926612756
-23.56041384003173
-19.928702670445038
-22.424877470945464
-23.518567392467137
-13.256581365488445
-14.567060215777348
-16.66927565137339
-11.299878424619793
-12.210338926149293
-9.399418662048953
-3.491050308720022
-11.4043998532522
-12.9628836669809
-9.829537217969587
-17.68184021372995
-13.568220724700325
-14.514152698915046
-16.121394782458133
-22.81280510549405
-23.43619674620328
-22.723482335490168
-28.109288158492287
-24.25025057175497
-31.30563968961668
-28.61888185958791
-39.04617376989931
-36.883229306084864
-32.12366545434586
-29.199826139832798
-33.677950139970214
-43.32835744519343
-36.10301365898
-32.18813991296539
-34.920414323455965
-28.334445468478012
-26.98626011184403
-29.47597052652729
-36.278337507706645
-32.08472852884182
-31.189919972031536
-36.22841495343655
-25.708515912865238
-22.76443112991759
-23.98826668289556
-21.53926536906977
-22.05259518938031
-22.30588572439658
-14.874510601464332
-17.588863965722187
-21.293592442562197
-24.961169340206922
-20.9875555085665
-19.72095605589689
-15.623160767666675
-10.304839246185301
-9.813063821155193
-16.84104348849078
-11.301118877934327
-13.621255859076754
-16.10804900028096
-13.780254036121732
-13.995156035643955
-16.472406526435414
-13.020675345969135
-2.098187516371799
2.224866958415695
11.958764000875707
13.39387467858781
15.77566931984396
22.344570544681307
15.806154582581065
10.99847806976634
12.028978242106259
2.9878163557631163
6.130304716874994
4.421928732378054
15.108075309741235
7.711688968558557
14.231976696507829
13.041277131938227
4.867578505778331
4.562617748963184
-0.8311025977135329
1.7891145599318208
