-1.4145963579567489
7.9774593425649885
3.7030763477113786
3.0256491590885477
5.199253103657144
-2.742441999787208
-8.60749988247198
-5.904639772074134
1.040553683177735
10.464498619888653
10.978502988020738
16.673043312095356
12.872959912776524
8.9976829356059
12.737324156107011
24.64746238288789
28.39415058423202
32.10638368319652
34.025900479496734
36.20387063153451
43.02552912634134
44.591623063859146
43.83037443020228
34.595688355171816
37.078643971072594
33.592709655370676
21.540462542069708
23.7987636676478
16.463902300159187
6.611334789259148
-5.068330252225653
-8.314617746701316
-5.5854063201234725
2.298533578580081
-0.2325055763513909
-0.06816478155398345
4.109289271045332
5.915992933339927
6.590349229648767
9.476718669394009
2.949101079734397
5.236068028852111
5.923870568588575
-8.09517546144377
-19.985522809777393
-22.68645552907324
-21.63619182202844
-20.23403819155387
-21.49270242025117
-23.00847435266631
-27.458773067076894
-28.227729138975892
-24.069939596937733
-18.48971233200066
-14.904893637837727
-18.343135389298205
-16.454208596051345
-17.53061620558536
-14.425723680958304
-8.761922565376524
-13.544480386711026
-20.315204033814066
-21.834877603535677
-29.5576262477569
-34.6279749206326
-28.511583935156786
-30.310936617449283
-27.3372926907356
-20.83365058406572
-21.15495016369493
-16.375151359283045
-22.193705999094114
-28.619162148678175
-33.38569740843142
-27.825892390455984
-13.470812250195587
-5.213946323252045
0.2466332114503603
7.360159694049424
12.787068102321507
8.706326311651768
13.017303293178493
5.777621272965517
14.492886248377635
12.262001498270545
6.581419362684017
7.918906649475331
3.99516532892529
4.8499562191246675
-18.278540307474174
-1.9701092068684027
-0.8046068513080145
-2.554324719720292
-2.288657731613629
1.7721907872578917
-9.246791255746198
-4.934351983780974
-3.668533295542825
-1.8007352385875914
-10.155232103736967
-8.396133663676268
-7.116708711220242
-10.951933692829087
