-0.5193132712631858
-4.312117987595332
-5.899716276034132
-2.0277433888856202
-4.236669358045849
-2.1073317423778617
0.06098242054230092
-0.02444409852815015
13.470889442491215
23.543652218539854
33.18097406960863
34.11651876840705
41.96984760096709
41.832714788484175
36.55462018345045
29.74606833030793
23.41241908367664
19.158391518622548
23.950396492014843
20.439147390293012
16.19721779794763
24.969119189883518
24.715693198609554
26.819675693747254
19.57349249245741
13.776648012547765
3.229742073486214
-10.107360192028926
-12.028660665023768
-28.880963763349328
-39.52660798236529
-42.57854687648888
-40.75071146173285
-42.24509342712772
-45.655739621540725
-44.879051526869574
-36.49683188027764
-39.701556219001134
-46.54840440917432
-53.360467883481185
-42.81986148412128
-33.99909309085905
-31.93251295002638
-26.49502710575067
-20.000424126783642
-16.92810436634183
-18.09372549239316
-14.843028032262712
-26.03465362913384
-26.080520736608182
-28.286750369319638
-21.211247194893858
-29.197671328246173
-34.99526444650634
-41.263656837465255
-42.87265725545802
-36.24270791944468
-40.62925422376676
-31.14461045462472
-24.896913541735376
-29.05537516144003
-37.950047312760056
-38.6122384369296
-33.56729552479762
-34.14086601805622
-38.96138227696305
-41.63985553989637
-46.82432719316722
-33.846833509638664
-29.189938898113546
-30.741743226578087
-30.765027981331574
-33.33846502043987
-27.73338988226045
-24.76979632861313
-24.198475683826466
-19.36593571350044
-16.149609234742524
-8.14600549055505
-7.587777262844845
-5.815991153180678
-4.829685161189317
-7.100980639811055
-8.763613377958336
-10.657442136124557
0.07971686896525759
-1.8096267845358387
-1.5950268245825148
-7.078694176176863
-3.828175285638483
5.0330869342073
-6.667627134376276
4.571539631836161
6.263132304114207
-9.39644553949883
-5.157102971060478
-7.498065693942983
-11.127809865637788
-23.607669089996506
-36.29560885626268
-32.718028424387086
-28.878315764915737
-38.786804862169646
-43.06886491335671
-47.026983365928345
-46.37335127437947
-46.65449346357774
-45.318751449255934
-48.93059777608312
-63.86696953363498
-52.84583936966571
-46.15662438728622
-45.30047119858103
-61.886989636325495
-67.37810518481552
-44.201961313821954
-49.519942288258974
-46.39379042832665
-42.537163999862315
-62.16793277948715
-50.05073574757966
-42.35935828611988
-45.86375220888381
-51.9626333276544
-51.46039651373318
-46.57710710891742
-38.692124344518454
-39.06122509843496
-47.557191713782
-41.85424463441184
-42.050351659924154
-41.871145921673744
-46.92866743308607
-39.779644448170096
-39.36350790472519
-40.36777666833692
-33.46318580808349
-31.72103573789438
-22.86683024241532
-12.514053323445154
-2.8541772115164483
-5.132430006001472
-4.113605641069181
-4.155394309259897
-9.041834394767164
-2.51083211162326
4.081356226414
0.12196246975566905
-6.033185656002183
-7.044041624641419
-6.4725751567107
-3.0765161783569366
-0.18300616949525664
0.19256042846414229
-7.545951163838582
-3.330225396011065
-1.6143107573721325
-6.291078522179995
0.6595738424570672
-2.4040234035576766
-2.080428142068273
3.8537678373958366
8.398324259013714
2.3152437688087115
7.132974266770213
7.9843896396912095
3.906460634488996
-3.6395755729438495
-11.971425448130276
-16.605215397137552
-22.978846912580657
-22.738738827696746
-20.84171561149839
-15.56461332046452
-26.643014359797085
-30.984626524913303
-19.11341438244868
-29.704976662617284
-27.130325175226513
-6.9087700641712155
-0.388911346773711
-0.021083494722143853
-3.045080246683029
-15.641684464995787
-10.679139896392712
-14.46207926496999
-19.67135353464662
-17.355661091561597
-22.831418664311787
-4.128297982097282
-5.383843868913535
-21.25034026567189
-19.962688128775547
-15.544886525041068
-22.058950487828145
-27.87889133705121
-23.92062662584007
-16.490995861307038
-15.206502170684313
-14.455400645856088
-17.507352727798732
-17.351538920252224
-21.917844477146925
-12.362797834086061
-19.39012684152195
-26.92445135469063
-19.762476172497557
-27.956578594753605
-24.92308011306806
-27.434674489447502
-16.975531661856873
-29.9672109714118
-9.111395333877985
-6.824390051950347
-15.453043873655336
-12.20587875832387
-14.65289565381403
-21.310600057625233
-19.06440985816771
-18.361007766595506
