-30.25520460788774
-29.150464580442282
-31.268401172919003
-37.523722411468725
-38.02580362637616
-34.957769158183645
-34.38338941598247
-34.33175240820478
-32.1187761191928
-31.997590716262838
-35.315231763634685
-24.7468617279212
-31.467519473816353
-29.29505572536291
-23.596960840168425
-39.718434547139225
-48.22125872503728
-32.817807552728716
-30.040516236095733
-28.383112886863927
-26.10099204081598
-23.546101147595852
-21.559584879769908
-19.09553897084195
-3.128834273045749
1.5131757614350774
1.5739895513460362
7.713870236442335
14.103193624773835
5.4243361983863805
-7.5463574740013435
-17.71364189964494
-29.070238055270828
-26.168077685419522
-34.320688645027545
-35.49867895466649
-34.92902143481059
-40.408663381704
-40.40092384108033
-34.89655772625128
-32.82432995404707
-31.885049335617794
-36.37303743168261
-40.84266255149181
-31.76700314895564
-30.20976428491633
-39.436257252945644
-30.466833769278928
-22.007577977770005
-24.758428936473543
-20.72257578349895
-20.5407793648911
-22.982302955580725
-31.961693425393477
-24.393533676943875
-14.499494968081914
-26.60606263224523
-32.672088633044446
-35.45754512407801
-20.432722319897124
-15.482675910682099
-18.320654442766916
-14.674108696419987
-19.289564903576913
-20.792168604042974
-17.598916152146927
-15.850450657125931
-14.101009063708739
-14.051557438805974
-18.736307147907887
-24.548640975188302
-26.00798897154805
-13.487203159318296
-4.946498222142684
-11.89649400219676
-0.4324577292696109
10.63088978929205
8.258478062394406
3.719829002335652
2.2392341001049645
-4.304683595485768
-4.355931995281559
-0.046842904486338786
-6.293615319942523
-1.4026110530633409
-16.081885346460474
-12.713949507088586
-36.48064754166376
-37.988798283504465
-42.742504968127406
-38.09236613087403
-40.32266511856441
-28.840409520569466
-31.35696773733059
-43.83437307881962
-44.31328463049322
-39.19145340542529
-35.43125802820216
-31.74744087597269
-24.24088215941191
-36.02741683761656
-30.57879329776898
-31.76038203246965
-30.626177900336717
-34.83751691260511
-32.06317532894461
-30.600495934524197
-23.3558692843879
-25.901140035878967
-36.27764808040043
-31.717002833101247
-29.651209046788907
-32.24385331561127
-35.516186262815864
-29.83081796984664
-18.25350999374074
-11.037890572172762
-14.590749858399146
-13.672590431847073
-18.444445035784472
-21.822036161308212
-25.473012316372074
-25.97493179935649
-23.632103482934607
-15.177947520765393
-13.522937074747064
-6.56586747684294
-0.6615197096777828
-3.9553035677604784
-3.1064508698192967
-4.819534983546536
-10.706974856544214
-11.791302244122493
-16.858987703193588
-5.1876649761887155
-7.149137208680885
-10.30601600040934
-0.8051092124400581
5.653637838466759
6.441117426241022
3.9713318517099148
1.908390750985942
1.9530724999033369
9.142035290895556
17.35146618778239
17.94266835230028
10.77660551755159
5.8656222038162
7.585596944098951
9.87492635382869
10.090207938672267
11.060455803297117
5.908243698687607
13.08764202953242
13.800840173545652
8.216140302392224
11.86588173950408
13.661280091642654
11.631745102492733
13.13901668971875
12.102247536762723
12.659004210240465
11.758016026200163
12.351574609267
10.412988134658184
13.839132005200641
7.630293326705019
3.132647010778184
5.88250864302344
6.612957630273043
9.84253552968554
6.2607482987041925
-6.451104662388043
1.5692678206553836
13.669674395794999
15.938758616255734
15.558237940534427
11.713115461196713
7.514538012814502
5.887605018980408
1.693147800373894
2.577689117609949
-2.398203622246226
-3.4846888483114338
-8.293740805429461
-1.6930351628430207
3.915926111494089
3.6481782245097736
7.105843572929572
2.0481449962783347
0.9810524098333392
2.7928499350585327
-4.703486285730022
6.573606071830809
0.8175815872716864
0.4564960897777051
-2.267928879655404
-6.651650261436526
-8.205674809310219
-11.673653526166095
-14.050735256582588
-2.9481495627320986
0.07264581780602651
-2.212884185291031
-0.14856406439409708
1.139427347026344
-1.843360309821032
1.6246115093709996
0.18386215389479832
