-5.106939140195927
-1.7642342360648855
-6.353994037234049
-2.8575017912119183
-2.738136091860154
-3.9293148408263163
-11.812479449377882
-13.695577112695675
-21.553046168977662
-23.94420431580981
-28.07988116967942
-32.46525918111586
-28.493241324548073
-31.529568103186325
-28.96581450701237
-25.859482889931922
-24.325951325726713
-27.995066924914433
-28.63700063200769
-30.6357464943188
-34.26493362432157
-34.53534019546729
-30.783623167425514
-29.537829996041022
-35.05930448748794
-29.673483461355328
-33.1502018322208
-34.441782547633345
-32.4163048215132
-35.551645169945395
-42.35983193727073
-33.78558699014717
-29.055623118897017
-33.713200338993865
-29.76349430456821
-28.316793330108666
-31.144524342987648
-24.945022260868846
-27.164756055728255
-20.644983116903266
-18.282343212793386
-28.608377241892747
-26.54827155780742
-17.085535545719885
-33.43650542286788
-30.33574663629423
-16.253409392487402
-15.971889842247302
-13.317142306301312
-11.825928566173749
-9.210201878719461
-9.860624153806967
0.09299532994383017
3.496912770448111
8.196435928583421
1.405807740745281
-3.37786221804274
-7.8496088784188425
-2.8326117614102633
-1.7966640243506369
-2.0698372320506953
-9.130841396313206
-5.005334807477233
-10.43402056912119
-6.247096848041968
-7.245192128074317
1.5758939131477463
1.0038210103626664
-3.3667082315832717
-5.977321770819714
-6.151702359592588
-1.0776590562340609
-5.828780080515196
-5.779681845003876
-7.348149379322057
-7.458023768929057
-8.76640625102444
-5.9347408894894125
-7.578184271586257
-6.52725102172837
-6.157284698566798
-6.533919170973065
-5.410433927491881
-5.556594103482334
-2.9437166864119138
-5.455008446381519
-6.92644979787732
-9.137003783898663
-11.715450803048238
-17.254209366899985
-3.2263582584733768
-10.696123446748203
-11.053341166550153
-12.7746180165738
-22.387523415407962
-32.193991364374845
-32.49354389322653
-30.88386967964671
-35.691767165435785
-31.343906068170615
-33.066825516258305
-28.987039689900246
-24.853340499133285
-29.326065347810932
-40.672559950727184
-28.13225027635416
-28.14311636160012
-25.967604703539386
-22.68807174814662
-22.348397961664357
-21.535188093131538
-25.78302092580879
-32.37044584364892
-30.707120164711824
-22.500534595881618
-14.756131332776034
-12.235309063586344
-15.592788830425265
-18.886739775955935
-10.353235875611944
-20.86834084390888
-23.572521600245885
-17.68556457823085
-28.939688199263482
-28.348644929959523
-20.7061475539684
-18.895201603281425
-23.786081804958986
-21.20221178422421
-17.860291806877996
-31.197975220472266
-23.53582301278308
-28.74004541725763
-31.318771058577052
-26.213250173058
-15.885557728330062
-18.695328027137773
-9.353139283439155
-4.966912140481298
-12.926129434383073
-18.81370901651471
-12.919386146322253
-6.171954385152157
2.1493730668625566
8.164650652744717
10.89917926970815
20.14642132141757
23.27412218298567
25.84866676852798
23.27942038261115
16.216263719554206
13.291840338197732
13.764628879094458
11.386238830669177
2.7020361685065617
-6.964814639721491
5.102351604956911
1.0866753224847934
-1.7372869292874769
-1.4363937130955218
-0.9000616400245914
2.2372598231009504
-1.2252045780367584
-7.6429896746046655
-4.539727570186631
-1.1644196204858694
13.454454203507304
12.715486530525698
2.6228979520159044
12.450886580503173
12.418236248036957
7.968182871956646
-3.795635074846628
-15.15388939778988
-27.807847863676187
-32.61005523818737
-27.18783534347132
-27.62106705310949
-39.209383964283575
-39.897886456487996
-44.29635834050947
-51.83868534421807
-52.749418467807104
-59.05352759486313
-46.616472762310146
-38.77784461252534
-44.117130232884904
-39.213199311561745
-43.84240384315995
-45.85575628476718
-43.2917127315892
-35.337383484076774
-38.08859960663229
-37.01394979965676
-38.570033052395395
-37.110414610121175
-38.47490334064753
-38.8020989574338
-31.65698742271885
-29.354042578081266
-33.33184443191231
-24.538239606497946
-21.073498315140554
-24.138804133584625
-26.78009432131709
-30.87985350713133
-22.64348414430675
-10.809385153557086
-10.86973067062685
-8.760317615238847
-12.74329736611563
-8.63992484380519
-5.092504539558538
-11.478139244878712
8.9669162363122
-4.271713850265767
-10.633898416768966
-16.047401736654972
-29.068764967752752
-26.270867522082423
-21.43217802657051
-17.241247958293584
-15.350658830406552
-25.65705528734933
-21.990737401239052
-16.937510182865342
-19.778401294208606
-15.040030077752107
-17.619591574831773
-20.131880450950998
-19.133758547478568
-14.541586967349806
-23.360208519238103
-11.34022964991424
-3.7382137449247534
-5.750022101094923
-18.022552916710385
-7.351106777969814
-5.3827728235792085
-12.20458768805146
-12.491008433220856
-15.026978268957336
-12.846445869563654
-16.093125416640135
-27.1588216797194
-33.64265170756694
-30.201715154496142
-36.28453164734723
-39.7680599611067
-37.64794431540568
-36.05293924789375
-31.285704315930552
-44.176623858616026
-39.47676890601625
-35.965050734791944
-32.124596103107805
