-31.317950797107873
-35.30357715211893
-29.42487125554904
-36.071218822433735
-37.09823222070911
-32.528265886733735
-30.8625930863976
-32.64273197134658
-33.58101259531766
-34.896769930832875
-25.216934586713737
-20.894810228443195
-23.326413634034
-24.861083579041328
-24.93544289015728
-12.874073448805465
-14.908910360917206
-14.077275388151092
-20.201585266862818
-14.971774181541555
-19.820969154767965
-16.076535329330387
-8.220520362469161
-9.107889125578989
-15.726426485554581
-16.952247740835517
-18.82916043421681
-17.946506450615857
-28.625547372309374
-30.38240390411012
-21.495012873079986
-21.44374940969557
-27.199091477080568
-24.474451489143586
-19.32747233132681
-19.419126585603212
-15.29924469202831
-18.514093457768837
-11.187958731995957
-3.5318143312611125
0.941756582871252
6.198472821374954
16.893032889555393
8.142634067315475
3.1023955833920644
-2.3211820667790644
-0.5980510707625796
-1.9725965574268507
-3.032717264660836
-5.5115293249363875
-12.866358766042941
-23.22257985427406
-30.59255311005916
-41.546441508406076
-43.15310570527323
-39.52277276669189
-44.951103771669366
-37.77984140859532
-41.947637198296654
-43.82655067859189
-43.177930171032926
-39.36818464457229
-38.62902828214892
-38.733480230114004
-33.38370363202035
-37.21255367187456
-30.24548218448325
-22.737792643984687
-27.944863369373447
-27.76779882491845
-29.29115957160209
-32.27859280418818
-19.34623478327185
-26.46919265127404
-31.07141241570463
-29.469364306650988
-35.586116392125795
-37.040897755178754
-38.76518631514936
-42.533449059763996
-38.337974168089865
-35.57513113292249
-24.79329473253464
-20.244629515614072
-29.674230217480865
-32.776913778346575
-30.231958734958624
-39.62313265662839
-29.88279997297874
-22.76061003622541
-31.137899765145
-35.51363573666112
-37.11075438155343
-30.34184878168773
-27.566841458077235
-21.92745231760128
-9.970004596499448
-3.6473021944091606
-6.701838450664482
-12.009826489604011
-16.253897044507575
-24.5009785149072
-16.44629284340992
-12.287963668339836
-15.449681007086493
-9.965507542124369
-16.336472190894128
-15.555082899528664
-9.602765008317501
-10.231289173911195
-7.667674100647894
-9.87839801533843
-11.582317793990333
-21.70120844671093
-20.086998200142702
-20.62668649810231
-17.561893645736145
-1.1115231808216988
-22.96803489117401
-30.455978413593613
