11.216945599461038
3.9989121876813702
-1.5364271622344168
-2.9102072027209624
2.3190523454709573
4.899063286799857
1.9026573332855683
-0.4524223552078609
-6.78680221541333
-8.875017645679375
-4.5900436126688176
-2.9851113939292886
4.474230308141276
5.622218849134064
7.744135439919488
4.0416639647682855
4.133806611480937
2.2658731549333684
3.9129675650826647
4.663356407239008
2.4043359079670177
8.395498583886749
-2.541446398848997
-13.720446305083327
-13.175495367955616
-10.108844462267896
-12.291321868355439
-12.42423569260712
-10.137989400554694
-10.65162088338118
-12.519832491636
-21.517994670709427
-11.004874339362033
-15.495340557606392
-22.72485332019227
-26.930102249517063
-33.70520686977789
-35.529355995706894
-30.074559335328985
-44.73979203939389
-45.178888781048954
-43.90549949088287
-53.14871720940056
-44.127056628814735
-34.749552510303076
-28.67222470638816
-29.610105149070268
-35.593356189715095
-35.31873255898173
-30.157269420182487
-28.905004805253352
-33.40065490591838
-31.52867850322541
-22.462490455020582
-28.096351125119305
-25.979013880930356
-30.565515108857326
-25.432703332083967
-20.897181377384037
-15.867167390935526
-12.034955569379122
-11.794748300171573
-12.990995578014296
-9.604165715863298
-13.197146625771616
-6.606056868698306
-13.980586831062052
-26.764989008933053
-22.8825810248442
-37.38949164682375
-37.616765141296185
-33.74019160118323
-32.284886236708786
-29.22570552935525
-38.069706775194476
-35.30479700718669
-39.22671880255814
-38.26026139076391
-32.787799120535766
-30.638309612897423
-37.676075172818095
-34.6976330840227
-38.44202474154085
-35.2095435660717
-35.83123971233972
-37.67229714481096
-32.06532896491804
-30.800300998192807
-22.13288884050867
-11.375188726326158
-12.949535191417302
-10.30980907061841
-11.684881321402544
-12.062708053035431
-13.889537144959489
-10.013148518672377
-2.8623720591158137
-2.743883383817317
-0.7120827910692047
7.295626697165386
7.755733510729611
12.086763037097368
14.419245325522184
15.601457500181036
13.922591124023265
18.52864134936555
11.955651717223851
12.915108563718386
10.498488871294454
11.545111478495985
7.910437692031758
2.484129065401683
0.10028379948050417
-2.9219972995528805
-2.4188531341704143
-9.332243346167802
0.6710758843307922
-2.9006814761347908
-5.568651927449525
-5.450806216346867
-14.349709158846588
-15.90077241338429
-24.644431776177164
-24.245695203082967
-24.62307501687233
-30.913660592716113
-19.474470886595306
-15.711697605600627
-14.845966568151155
-20.00505975756901
-10.658456658608324
-8.430877937090473
-7.445833104606142
-4.628667944550711
-3.036394026224604
-5.956369120413656
-4.3856183604557035
-0.9514368026057896
3.54463381213359
4.702043822146632
-0.7626441597259559
-19.79743262839379
-23.33999611251979
-21.17945569904745
-31.710948222686433
-24.13064233372125
-20.459993323342776
-10.484209998097123
-6.341511344896432
-11.142090679190376
-9.336253401985763
-18.80296032562326
-12.77128030573233
-5.503419906899531
-9.718113138413164
-17.35378241197094
-21.563026158080536
-9.569759821345254
-17.636062009648303
-14.598374661088965
-17.581193585208222
-19.098289843788226
-18.65038783089007
-10.322317291120498
-11.953578658166384
-17.159920024600876
-19.834396531770267
-19.098828448969872
-12.736268592641087
-22.651328259606142
-20.330804193701464
-17.14848083409657
-21.65099635450357
-28.41520825451328
-20.725895331639048
-24.51186979398957
-20.3873453084345
-15.913760337031945
-20.90649394697487
-18.74509994580297
-16.15292618193867
-22.029267450158375
-28.19424858419657
-29.94112987645841
-41.23560576906114
-39.869000901217156
-26.65622441321052
-21.564256569261094
-30.138428032695785
-19.96496315709837
-17.09653342524483
-15.34865647757282
-17.657423751206622
-16.563643625081173
-11.206545327249806
-3.096415127061634
-7.864672647704032
-10.766591010079916
-12.379105204699838
-12.67846481033469
-21.631246210048428
-28.120064060937427
-25.349787989231682
-29.40236375077917
-26.59031298977797
-24.556203533222924
-26.18110786501689
-26.994101638923148
-23.269512203226014
-20.039344876525067
-26.78568013758068
-27.150547617467733
-28.59281637896054
-25.657696893253487
-24.910250056231927
-26.05283503945562
-29.399999926413106
-30.84828780318222
-25.727094192813965
-27.442347177836922
-27.82549082838011
-31.66462560689717
-29.73370817351089
-32.40285385024053
-29.70759460791824
-23.383597812426824
-24.800377409460545
-22.23948554721623
-21.636092627745548
-25.083961006271696
-30.578140473913866
-31.89001513267998
-39.802107774752315
-32.50573520862037
-30.08880634450339
-35.96061122976578
-25.753740652878186
-27.80997237770513
-31.337988125631174
-31.37121844687469
-41.673323792325604
-32.52871801934134
-30.424612945040003
-35.08108541269381
-26.19248213813259
-24.652159763181825
-35.365964601313465
-34.325929490057675
-22.69416967762089
-5.8407084171269625
-8.813025861147723
-25.17851902978537
-16.341314142063506
-11.825093302426671
-13.022350711443494
-8.473886525827862
-1.1367967780335313
5.661599527394973
