6.7226459360699335
8.690093596824216
6.29685787107583
-2.1718931513335566
-12.003128609472757
-29.97942209404409
-36.63938076984604
-41.237699005525066
-39.838736328298985
-44.22381909964343
-56.335471272708034
-52.48368925826322
-36.62015395583217
-32.591325936079386
-34.41264075203293
-43.33184104770364
-33.048754958877346
-32.31129591114563
-43.294603501203156
-46.82126840059577
-46.044275120321004
-53.972626506582834
-52.02774030083413
-45.87407721805082
-50.162987911344146
-40.666650891728224
-34.87332668663319
-54.255119705941354
-51.704887210489844
-31.795893459773826
-39.87084081038411
-43.913477005395755
-37.433019104636415
-31.022394873031672
-25.363524873961488
-15.319288935857866
-4.994327015904176
-14.341106492362632
-14.558472563582676
-21.56985310468792
-22.025577666522636
-24.33540942582941
-26.26168786218513
-29.64422929908721
-30.74990414288148
-33.030649868163216
-27.91862343894918
-27.11937979744257
-30.108299105385214
-32.466604620305745
-28.40853649958063
-19.591923401554624
-10.303664984290283
3.7772646430633623
8.258788936343153
9.376057342458344
7.338465560504772
9.379530037130687
5.388577567261595
0.9604597077328728
-12.801367222389398
-22.27800203635819
-23.015281313640386
-24.763982230406018
-29.97880732573402
-32.77025464533102
-33.340133273357004
-30.55891429511394
-27.77143869286365
-29.590337010246444
-25.72920817249897
-32.37265664262721
-25.591988392817477
-24.40040966465837
-24.34413251863911
-18.286127616600048
-26.280760489726486
-30.913447072220613
-9.650953769226053
-8.933358260797023
-11.203533720349515
-10.830426001858237
-11.149462923590093
-18.002162693442646
-12.872899022723146
-7.576538059667843
-2.7457318254721
-7.173833063537882
-6.063498419520718
-3.9304324757123363
-4.4401553129599645
-10.210923973995623
2.8242390136976727
-14.954461315028025
-10.457681151836127
-6.425757231055293
-4.2594200658362
-5.418849248640944
-4.542608003876009
3.8886294545641658
0.1232511325441658
-0.8682415645510485
-3.5364704161655327
2.0178013331479345
2.4749057744358347
-4.937409017386946
-2.1645148331902178
-3.1818811046463704
