-22.566366667675076
-30.00699155739169
-33.41867308579907
-32.7322108297096
-28.822020471142864
-28.382839934019927
-18.964544770093827
-33.545087506276175
-25.148438466778288
-27.307900873283163
-14.309302286558491
-17.641029552314613
-20.99113997785679
-15.462734788142793
-21.799128011547953
-20.052743176178442
-22.098096748623853
-22.50572540667368
-21.856550687982818
-26.405873384377927
-11.9526686445858
-22.704331716369325
-29.563921461326302
-23.99276809818621
-15.866933268243224
-19.452397413067885
-19.70085859116326
-5.354666775505286
10.939979448134912
13.269376864269994
18.54494160382782
18.98783944720747
12.61210614794367
8.067514546428393
-5.9767612200411815
-12.448259559179752
-4.797798488490049
-9.46024539463844
-1.5632909112549835
4.361585871813648
2.167533322624508
-10.662025593118146
-13.545202881638437
-16.683049618458547
-20.015338286414995
-26.957881667322212
-29.557503056102682
-34.139291291137226
-26.82784055792634
-25.358099848890262
-32.65940385776302
-39.74768173148088
-43.05550580441225
-43.80979943796032
-33.95395452259509
-38.23823411836904
-34.909567282365764
-38.36709663726469
-40.08486902714309
-31.65181648967191
-29.75149402354374
-27.647017696357235
-27.995699051793324
-16.462930350667158
-15.668574780477615
-19.247030288060127
-12.788404152279416
-6.718477232480859
-11.060016711464355
-8.004143724574405
-7.0653415354599325
-4.179410819573692
-2.8675538624036383
2.9414647028674987
-1.1692285745628996
0.9162917515554508
-0.11476617936094975
0.08532516580503248
0.8925970397396029
-7.219158410425849
-12.488289993951502
-15.710175116755085
-20.663933191954765
-24.542525564182267
-19.835769586013747
-27.339846887639734
-26.776925690400795
-28.8410422661046
-21.173393442583667
-24.34952032055521
-31.856675042835302
-34.79368890296081
-33.44350339296356
-37.94119543663657
-33.61363713851481
-30.58538899462012
-36.816559410992724
-33.557571777020684
-31.75969553729241
-32.43868131585507
-21.992209614458808
-24.711204406006953
-18.526131034200464
-17.542474234545452
-16.776712968914605
-14.671132366423686
-8.022159441846469
-10.972368530269327
-14.186277095027075
-12.693052444711125
-13.740824498641762
-13.21865975959702
-11.159045259238672
-10.592909663443017
-17.454379442787108
-9.828867537826033
-9.716554694876706
-7.3998476335338275
