-2.5954650803383084
-0.2086234602226982
-2.4674204628948826
-4.618226611327325
-8.597935718044804
-4.6603903372837445
-1.6351599938522947
-3.6696394762778484
-9.176385028997217
-8.705501097516862
-16.052808343266527
-38.01003920598154
-39.066997776783865
-35.796040433291154
-36.31264600107644
-42.841984109768745
-43.101854671335886
-37.70305506086809
-40.738970200481006
-38.18784636583065
-37.0650256355324
-41.71411003626831
-36.188188490301386
-35.089725924767855
-32.75051126662575
-34.73580515091579
-23.75805254971829
-19.73777937640116
-12.189812486371784
-12.072368443953057
-6.933346635779723
-2.457300320229578
3.4265364863381444
6.193420284224968
-4.738109782141634
1.5010138527305896
2.7669269541655783
-1.4955056600464232
-0.8204786485811271
7.141042356987858
17.831266688985693
23.829562904552823
-4.5507450974954144
-15.12656771542887
-8.499123232018956
-8.503728126896142
-3.866502176971693
-0.7207239694989727
17.96653676383297
18.60778400059712
12.730438478270063
6.4339448015757466
-0.3440600097381973
4.748246297122934
-0.6358762046760107
2.0299159019391277
5.791800565032084
-23.246231691511397
-31.687524448502952
-31.31142928068932
-31.809385096095337
-35.18571633150743
-38.3453631691453
-33.32590090789616
-31.554274825043645
-26.573295194825548
-19.630902135637683
-16.425279884296966
-16.599784165277807
-13.328665954933234
-8.841389352764914
-0.4953683688088214
3.4756231311026857
2.4495681705652634
12.854945280357109
26.22781619756377
23.02810720433764
23.713608441522442
20.566368387125095
13.527367084141533
6.715721657371968
22.07472171193285
8.973528513232912
2.0660021231175167
-6.393281659170673
-10.211338043521089
-15.44278841220626
-27.073254920031392
-27.187591480363068
-22.82646703586599
-20.44895940437755
-18.8153626588756
-12.545692540605463
-9.83493985418108
-15.82368705812442
-15.436743395173266
-26.68341361388576
-20.541953574040868
-14.199993850975584
-15.285232856302494
-23.199416911252
-25.32191972878601
-23.14211773674231
-18.15173956797074
-12.640305312352481
-16.95201836262292
-18.030121144779827
-17.60542723533432
-11.015992984983434
-13.199157977105816
-21.610880979576088
-29.416961615231553
-36.9905337934054
-30.368135428908356
-22.209672119872604
-13.027001150645775
-2.4765021074668687
2.4259515544859362
-19.799703042941964
-22.17918326128479
-19.01191413747788
-48.314202217650156
-29.200415436967052
-20.97132260087808
-23.16048473774281
-38.02696332597417
-33.42272895764787
-20.273052487404886
-28.475209410488983
-31.429006014265557
-32.54252987234892
-42.02606023580716
-34.00321795977238
-35.49799196927703
-24.46501955432171
-28.09052051215171
-20.174231211865653
-19.279020941218327
-33.81641284947577
-43.43235716417298
-32.25379719190758
-28.85964903276515
-37.1362588767215
-40.291945408078455
-29.63330497944771
-38.54093095889344
-35.363855184303105
-32.836546775977446
-34.56783567571512
-35.220992315362174
-26.96046330907885
-30.94147229062446
-31.281112214380045
-29.600860702750897
-20.059464158686964
-24.448732176644462
-19.124051974176787
-10.393703839095581
-3.2400666124367787
-8.0025626950822
-1.962547134588952
-2.9524798749689514
7.2691895304484975
-7.051603371235832
-4.657569849875441
14.82462613741086
11.166043013352354
1.158311596698261
-1.7860918653874491
-1.433196554110613
-1.880118917068225
-3.0453108313792696
-3.3252169587010285
-1.3953341729949755
-2.8036060243989094
-3.63614085860811
-1.9927750825665893
-5.36825373871632
-8.019128316688588
-6.213823812513533
-10.40327231646477
-6.300353431079798
3.7714105790845793
-9.429155753564432
-5.176829327149641
-5.794482946476298
-7.255929768164513
-4.8754128090084885
-4.997847736898363
-5.286758393152064
-5.087807881516248
-16.797465960453984
-16.33633936211691
-6.036515570421518
-3.0115349504417663
9.211486861050977
7.935530630037308
16.135808221974347
6.629186010609742
5.316053916948718
3.096653467838675
3.0812559629197414
-5.854460044345548
-9.994416225189653
-8.11574718465961
-0.20484303008401786
2.441724418144812
-9.195237502752077
-2.4015942988785635
6.315060570479032
-2.4827825175605955
-1.3295378096457082
0.6534632151291957
2.9208311577259733
-2.3547992115983707
-10.214390189253324
-11.860958720925927
-28.690339609834247
-35.195776754761226
-36.827110490721736
-29.355468287079958
-43.462822982987966
-33.665956624581355
-25.163102022549428
-40.04091142549101
-41.4932175156946
-36.92364635394178
-35.15637504401665
-47.37207495402493
-37.88950581843267
-23.525842595603407
-20.945760413413478
-14.784085517510992
-15.609277747347234
-16.53077065674606
