-38.51181626263808
-30.177712253240433
-26.91678207534964
-25.584307060439787
-15.265839724485245
-11.462870091513512
-18.138598209558626
-10.933972572080418
2.3538813769013425
-1.3224847433393607
-2.6975983353039417
-0.5006714811272978
-0.7174073551479209
-9.484341253664251
-15.632523009008086
-14.035919959048435
-15.010632253110767
-14.381359968278144
-15.380948867607836
-18.73365380131732
-21.292548344825963
-18.03633757131012
-10.340657443234754
-1.7933077727599236
-0.4200664852793101
-4.65855150632809
-13.293413204308555
-14.569805895094627
-11.126066806067117
-17.999674015070422
-16.981976551436652
-7.127484121904494
-4.193200561951817
-6.330766970483888
-4.36948944061231
-2.9383939401857186
1.9208996225361064
-2.560694933945363
-2.0551898325762337
2.4724253820987596
2.6726161025051853
0.8389318691915156
-4.034391583581145
-9.331428506694458
-7.927694322227966
-2.9241238985768656
-3.539395056992814
-9.618107482324511
-13.9260020335449
-10.800121247122721
-16.461654288226992
-12.003824345582778
-14.039358153843214
-24.714201131032716
-24.899165728798113
-20.826255076444813
-13.864855592729466
-17.406865904152188
-19.34510797223684
-20.094638485731878
-12.627512426957578
-11.32514067689697
-19.325857561066588
-14.436762507891505
-8.36552612843765
-7.624124517207209
-9.161526326378722
-5.9671993625
-6.607192028435767
-8.511249892481116
-6.93750342699377
-2.618581666309665
-5.348868952843203
-14.501172415835454
-22.33510548433621
-28.750507093462378
-21.451121033233235
-12.974575890170124
-12.340653662537985
-13.292006339276655
-16.727937357359913
-17.967236653334858
-14.327052076798056
-10.256968133721278
3.899356930991798
8.418831726352249
4.05792449432598
6.353947818960738
11.278452358109107
-3.554971427047844
-8.641169533199665
-10.218243704968984
-1.0941919335607944
-2.5695946202167983
-12.528471486896182
-29.560284559571876
-29.27667185388362
-42.97260991049079
-34.579866453275905
-28.35112977198643
-26.358128130611988
-25.86409828357142
-30.90589034297021
-30.301621558712554
-27.760165067427224
-25.621674370217022
-4.543331445623131
5.691776030473803
-0.7568415825731508
11.412198767975168
7.449988272415726
-11.561247956113277
-7.371230356992345
-0.8265863712782917
14.19172198809772
2.2406457172796337
11.247141345174244
15.46159084186793
13.919211315499435
9.832373253979505
-7.594629706546904
-22.917751318967586
-24.743906307173308
-19.722682529106415
-28.65087106695641
-33.754969308684515
-41.728121667150454
-50.04946865466735
-45.26064661278038
-43.19632112678297
-36.825184286579905
-29.50047117295917
-42.777293874369114
-40.006826643405795
-36.74877758348874
-36.593302185658494
-33.09705991248653
-33.631791057233265
-26.85653720651279
-40.80525734657837
-45.43991695964422
-35.511013022468795
-41.3657406456719
-30.664794479581005
-17.951348969477394
-22.43614078821703
-25.293639738732754
-24.409203990897737
-26.316561680354237
-27.27803668509532
-31.25543415251062
-36.15931779358528
-32.3780613162566
-34.7314329110035
-31.879541176179217
-15.501394497296669
-3.2048668347298714
3.018098716118194
11.683943639191627
12.065783308932616
10.751025055169569
13.344513942675883
28.541171542753354
23.89673761638013
25.10037760474989
24.545780845579408
41.983322563949024
-0.11104537973084108
-12.278343964809856
-13.243242116266954
-9.798673387912043
-10.62134567599447
-9.300119069381386
-5.872706292565748
3.7446824082044
4.141239453192603
4.737645065944825
8.074096996292113
-2.6205074781500914
-30.765297588297496
-38.308624033221186
-34.74290360113143
-36.186964415979
-31.56564950452575
-26.493999161400627
-30.02161149107823
-43.90067590091237
-32.97579491886789
-32.23085743943669
-34.7455497768705
-43.3296880556542
-41.25701063501312
-28.003182534654503
-15.882574127359245
-21.23454815584881
-41.42920995857278
-41.34940753723528
-34.444742701434194
-35.23567479764046
-37.202093518230726
-29.68756929665577
-22.618814018555064
-27.435446254829653
-19.83188073131751
-11.2242123200228
-7.6617169379031616
-22.34490292365436
-31.795730431071934
-31.913536474776464
-22.361647608137574
-14.984074089420016
-14.215669151645894
-25.717857811150502
-15.167087237813584
-12.778430311902707
-9.582025639607838
-10.654632471363023
-15.670553920011391
-4.020594824804393
11.909754336983696
3.821995774066453
-7.983704549637049
7.408638946477301
-14.966202602306733
-29.417095118602155
-36.82609558173697
-45.424797968544894
-41.10748412435082
-38.05806082014645
-32.67728390341691
-20.168854071194485
-13.817977852779494
-12.92770665128702
-19.20587213533383
-29.833609537358303
-26.46744944380504
-25.67646459370325
-25.37167749021609
-16.186148010031555
-12.680499268244214
-7.081548160279588
-2.824706071513928
9.422728663178416
5.3727933198106435
3.5719856450520897
5.484667580201496
4.828212373411159
5.106983783103416
-1.5968669319650215
-27.897938963168393
-35.62811836405119
-39.01149143162972
-37.45513371971744
-37.12143688860645
-28.93330036570679
-31.995778014028012
-39.28333709298893
-26.805117928186775
-20.767342840129928
-22.29622989704542
-18.248822833320897
-15.553245326044353
-11.47961436606494
-13.574324273958464
-22.822758455835253
-20.890160490255735
-8.184980353039878
-14.177008648491066
-14.662876595971815
-13.372025036997956
-9.134746216792584
-9.40616388997792
-5.211429683761692
3.0478270647378416
14.817339784973976
19.492000208645607
23.631632722585355
25.524745454176443
24.811296851864252
23.056974245696125
27.484869423572963
25.356998341274906
21.60031530812934
18.874100604218448
21.295135071762274
20.09694947393125
20.88123689030607
18.354027283517865
15.769164320112688
12.938911933361966
5.89164696313713
-1.4934739157020838
