-23.767879268694266
-20.956603602400754
-21.26778112067737
-14.893157206209526
-13.720235987582926
-12.446500599122134
-11.340051648491368
-12.898493912339886
4.441001491588098
5.719242938242741
5.563358229433489
-8.504978602104853
-14.191907073380374
-10.683302044756688
-9.6448899598525
-9.943077179136985
-31.988702159530355
-33.75552659839178
-23.300277869891246
-28.070198112218698
-33.35237785896521
-27.388692028964943
-26.57575992726654
-23.075287747896343
-19.448731469088784
-16.477238969913618
-13.518641095137664
-13.029694269948216
-6.810815585021253
-10.022750759652544
-6.088342936548914
-9.147626286091322
-11.854062840520296
-15.2524897666781
-23.342534073015127
-29.99229164979517
-31.49391144005175
-21.90147884066372
-21.88857838472097
-28.437414832321387
-25.34760968054719
-25.98739908188406
-23.35607161402789
-22.25447554524765
-28.03908007426065
-25.236078247808013
-26.278644140977264
-25.973337653108764
-19.15735836407174
-14.410634536252825
-17.393177712855984
-10.619691596313434
-4.912897966722976
-19.92445733514796
-17.72942828004401
-16.630070912490662
-6.981989268588121
-11.52770860633017
-5.352556730069078
-7.95902851199621
-4.739945463990701
-6.341171595886159
-11.58480760430743
-5.9709604168014945
-18.458575352132915
-4.76839331700406
-5.9135390248314765
-12.879052521289616
-8.386269796591174
-10.677624469944114
-15.458572962568107
-14.846794702928829
7.383763855112119
-11.835606196676387
-13.253150999833892
-14.073182475926918
-17.410387824317382
-13.773917006336047
-7.038595286476848
-9.3723082117666
-17.092087555241413
-13.409834682872994
-18.22957876043297
-9.883648310789503
2.1765351042630257
-2.4824475434687328
-25.94200974858758
-1.897448274671694
-1.8725197918100465
-3.2973956727884315
1.2297215079526889
1.4506888773891622
-5.0276451964491065
-1.2245356600827642
5.724871836656388
0.4642510327165258
-3.6302465221078366
-5.153313108013532
0.5557862181285838
1.8660305031932545
0.29242170894233555
11.327019552426279
20.146083862515702
11.883396376731895
2.27503046375427
-16.61031643376962
-12.472164048987842
-21.09197125687189
-18.925693431627213
-9.148046562498275
-13.39508806393794
-16.88837860596272
-7.314414269615426
-4.3686332540804695
0.6458505341360188
-12.098156295932085
-31.181837007711593
-33.86096575057102
-23.73509882410284
-28.32544503649325
-25.175703460663414
-18.73105908731961
-26.501265695530797
-25.300132939982127
-29.224782676187573
-23.47458414860333
-25.403610379930267
-12.628060205440258
-17.442295430678598
-31.986591504512237
-24.15206829271821
