-0.7231648765025559
-5.120204367833608
-8.946387677118945
-19.638931403098915
-8.973211697667153
-10.207918759185512
-11.791341958106255
-6.988713636882286
-8.046784078466658
-8.4730529734691
-6.7955868381251765
-10.407867534752768
4.901428117707959
25.436641198248147
14.49002935330673
7.1672793793078355
-4.681117416142082
-8.667401979109203
-7.932107599865942
-8.580575170968636
-8.287429809134286
-8.31357571556473
-9.732646853607557
-13.647241781695604
-18.23024803146853
-23.800642985970853
-21.778106102939862
-22.931769124839157
-28.993545500434927
-29.588585073853988
-33.75416338515807
-28.2024104519972
-31.237231205001372
-31.288992179199056
-30.657334536528047
-26.837408096832995
-16.942463212913413
-11.685075680538885
-19.97158152254012
-25.124760850120648
-14.709200732579866
-16.643521174454342
-21.59953138717052
-3.4581396000659637
6.445064337845862
8.24255156146775
1.8631442144054144
-7.4793115691190035
-1.1700254509564612
-2.489241353362406
-17.15374289087688
-18.916198874812366
-23.54873322925239
-26.949835105123896
-26.146113033750712
-35.229580022631346
-22.004369696474093
-16.43282536958456
-16.018696826444348
6.167692773993196
6.168690311313847
4.528012494128291
5.950492790043341
3.588338487738502
7.357140442577814
8.562712245772621
10.24067323791467
6.077905636080184
3.4856490026555376
7.8990748035633676
6.945499443556471
-14.159379104257825
-6.9879637468571305
-11.400162603600435
-25.085921517710748
-26.183724264877423
-29.83753013707928
-27.566699759856345
-25.020263085727034
-25.88544927490118
-34.249936790829764
-21.790640440531803
-17.558712124125883
-17.650462576203925
-16.564931917466282
-7.1768893598748695
-10.082431993287576
-3.7603166046001633
-7.379314784522859
-7.495549610198075
-23.168156112810372
-22.740945413188022
-20.683054670126992
-18.23273901865032
-20.123077627516164
-23.847583635640213
-14.15719569916312
-8.60445618221028
-17.295848055960253
-31.20173045971221
-37.03202740716572
-34.213477872465724
-39.13024502312996
-40.11226771194532
-36.73349441908404
-30.056363538264574
-25.51400126187015
-23.098551285977425
-23.160512097674683
-18.81410994538519
-22.0685288520137
-10.305233796068011
13.56390273790271
15.711779709163089
4.707950686658481
1.4893433080970426
3.9016927516656636
10.991832783653226
3.950411134781133
2.744938499001764
0.0025367781373738
10.30752562072756
2.7304668320850825
-5.3014699662997575
-1.1932369124867015
13.006518817879062
-5.5302782559055315
-11.20939113130344
-22.1066171861942
-18.489190776905073
-18.98165263943203
-26.85154943155373
-33.050836162466695
-35.844170018044245
-34.125016023753474
-26.768550969096196
-24.977225198896647
-14.100267262893405
-22.483210906794895
-13.954055795162256
-8.284566324180327
3.7213512211763566
-10.583758706128094
-14.648859975848348
-11.259975622144273
-14.38052063751099
-12.35979964907839
-17.47501556733501
-14.432260583778133
-28.048148571906797
-28.883480133025465
-29.325371465879588
-35.49064775845262
-30.43147716134453
-33.46185235320747
-34.22615194004533
-28.90091849318982
-33.64249275129533
-40.86519955793712
-35.12044543335618
-34.29447474323787
-31.458316021370482
-32.23905742647883
-15.050339507936814
-20.538408416890658
-22.146267611379283
-28.422281537259913
-22.181286336939053
-29.23350627552147
-24.144363995590002
-27.29602839421672
-29.766669779256176
-16.483750850722465
-16.538621915468653
-21.465161462838907
-20.426226888352343
-26.590996604319677
-27.60623502251565
-26.739885469528677
-29.795335417978226
-26.220562945148433
-20.22789932476749
-30.66836462703301
-14.512990104060705
-5.158780858843358
-0.8954256312857733
2.9892157362655496
8.242666285353401
10.63197156632204
3.8726086565563453
-24.35023079596736
-18.05545792333067
-19.58906376212377
-19.411897774873246
-21.724982729140233
-11.867278558859766
-11.567326427949107
-18.05759110748717
-11.358871643607507
-11.903405320750101
-10.917795701149249
-4.255951211182098
-12.411451958458429
-10.670798998777867
-3.3302792283444718
-6.2074197577867976
-3.1197052429859133
-0.9507373500138676
9.43542719067984
14.641825435517163
12.275144449599898
12.413199633377454
5.0938190487979575
-1.1284759860352402
-2.2669995797602702
-9.962129643423676
-14.575612339879932
-15.83921433473278
-19.42420040155804
-5.794141281000121
-10.507171301950988
-12.724353892553252
-24.797184664038852
-20.682576859502824
-23.985147341768595
-25.73377641581933
-31.29484764927825
-28.27795671375573
-25.93937344766395
-30.121674337344214
-26.981397161287077
-20.54602587222488
-14.394091920993915
-33.849074550656965
-22.205393161549743
-13.509545269299279
-13.857353366024736
-6.204416162448699
-7.427682045368679
-17.78384403364908
