-0.407347757441796
0.1890851725946063
-1.571109202939134
-7.0693169106845275
-3.1184101197486562
2.0511561493293318
7.309334265937453
11.777362323228374
6.914582224739356
7.8574245964634315
7.5895766980482335
3.6022905841082853
0.8826137368723642
1.499667629151046
-1.2828716322491498
-7.155072080667073
-9.725553806822829
-8.301468229620644
-10.471427517589417
-16.399985256505772
-23.133588823649696
-24.642447641074344
-18.44133548570638
-19.705049226127485
-28.580988767478267
-20.860735866153423
-19.392310770541226
-24.259234445736478
-25.220416471167866
-29.24756479012006
-27.04827178125488
-32.39680887191045
-32.60104255788064
-32.12542744437227
-31.370299197796864
-33.36282550479487
-20.22304488220826
-16.089770224443463
-3.0600616024521647
1.3057379211094524
3.043067039692969
-4.428040190856378
-0.13571896611024742
-11.499806711242744
-2.3169976808322748
-1.2701986340653433
-5.156343925335679
-3.573468043967005
-7.783192809301344
-13.525362534103675
-4.822768740538963
-4.329217397082311
-15.457343717607216
-31.307318517707092
-40.31012053566635
-32.339177564930026
-33.02283437037822
-34.97100737342776
-38.032921570075395
-38.881180456999424
-33.399213489100276
-32.31638114425645
-27.1470740720727
-22.730314903578886
-21.72485081679112
-16.860781934593316
-7.855304595289314
0.13351092552815855
7.549740417595398
2.934969885106275
4.499228027008142
7.817395992070449
2.4818605200689627
0.7339353845393866
-10.00571694958985
-23.47906501633284
-32.52324992322007
-35.307530631864864
-42.7073337595296
-30.924126661115718
-29.58353412690239
-35.97204527529182
-29.185856159774513
-26.23281173280026
-22.34786988480165
-23.109619809050134
-14.297993087930227
-17.902228464550156
-16.083159438799967
-18.602168205540284
-20.55800590184925
-11.54407568255622
-19.41757332483345
-21.686181123040342
-34.46304162558141
-30.274147324798232
-24.832476297175933
-20.333483003827105
-0.6635146677932903
5.402290751495311
10.830977698424089
14.261855326451235
10.63936082476144
11.109673199956744
10.770920977412176
18.293375066228823
5.276222645354931
-16.57269928973156
-17.602828196091433
-7.918006615791255
-15.113640177925953
-7.328676223691707
-5.760371498879402
-7.3890874838033795
-6.500684194834688
-8.61515144365574
-1.6900168582164052
-3.8235826381101328
-12.227427229155705
-10.506509646906007
-11.133780728240701
-15.057197861519251
-19.775836745985355
-21.923062395837132
-23.63091077470093
-25.41165885034711
-28.341686756122428
-44.08957847476597
-34.918865313955514
-26.41261787430111
-15.866953294336
-1.2377071767142451
2.918253639773289
-14.050526633309822
-38.42196926075545
-37.96361944878669
-25.06161937004109
-11.9969573080717
0.09023272714661204
8.898953184236124
10.023451916563172
9.462201754395975
6.352058347545178
-1.4105442805698276
-1.3495406585075915
-26.905518320303536
-34.8410059001984
-20.25289976943148
-7.393801982974522
-15.231799011687565
-18.753079353027754
-11.408471735302903
-15.340763723438432
-10.625389744861922
-5.8352148559337085
-0.1718673368329912
2.508013381744707
3.2025201447655074
6.135979022696215
-8.352531540541191
7.628552365212019
28.372492205577842
25.919477149491772
25.07548727192202
23.60139847089806
21.935842398428246
17.665190985299155
27.77369628355144
8.571589262917486
12.73284859818818
8.137279188423589
-3.407757955322138
-4.843595304950076
-5.127449911783403
-8.528305567525866
-15.446270902580617
-25.079510459889665
1.287890715411261
-18.723851613952828
-18.912735156815994
-21.66137943075834
-14.271390267404993
-16.634475601636414
-7.877184807304578
-21.72467388299573
-14.822713221543006
-14.433016077529278
-12.334378206084606
-3.773423868395165
-0.4056462203417727
2.471604524652775
0.13296983418647926
7.895973014032765
-6.645932878126738
-7.201393674723909
-20.080114930306753
-35.96957355020996
-32.196718218125376
-25.542496328448948
-30.434068664474115
-25.493272449141003
-19.54874603757235
-18.12313829815402
-31.98429279481915
-24.738847807825717
-21.63780603282844
-26.323119012567727
-31.191595495761337
-23.33067397365617
-23.273734037140642
-35.14359979800343
-20.268786266110933
-15.234047353330242
-24.062252540046156
-26.639284598981146
-31.438649601014617
-22.85020618631332
-23.72610862000696
-28.65171254545493
-23.551957882104606
-22.505732389122358
-28.051858825201467
-28.26506811576292
-21.456271914118126
-21.92293890786185
-29.47983228825573
-30.77945571180756
-24.608996868435806
-21.65501412391887
-8.667757869851194
-13.991287100341479
-24.67751569800715
-28.141992079266206
-16.86788872801565
-14.300717239579624
-11.355914297614401
-7.992784142751707
