-27.080682778359837
-24.524061311214837
-17.415694175399278
-20.768595789359225
-10.6271708568741
-10.589139750934027
-4.8353666645387205
-8.999087930342053
-5.13931678657813
-2.581708831570169
-0.8182349481927188
-3.5593725483322363
-5.897720710704062
-5.892446809554622
-1.4372133282569266
-6.428126483067162
-1.6010096211036309
-3.1952688814528485
2.118855449746882
11.703561825486428
18.757314678452843
13.241696650188176
15.653254807377325
12.531360835248227
12.113895588259625
7.278049395684376
10.281110889837038
5.158442960632359
5.427014879323221
14.817077974662562
-10.841515314072797
-16.39729993911628
-20.42253246063084
-25.285270054232306
-23.430859816029137
-7.931606005783432
3.460290021775258
-7.669735451078954
-11.60221064528673
6.138496058428634
21.522441551448843
22.753487703887874
3.4169547013034
4.22457720127921
3.941943654905868
-3.415521543824012
-9.589856219016896
-2.654652248209264
-5.680293653128201
0.5480699540405997
-2.3862517735941267
-5.318790742870318
-8.152624207806468
-12.197345930996738
-8.692894842552784
-6.367693616369362
-8.34291934857051
-13.433715159431493
-10.823871071480053
-9.551571977007873
-14.2996421359689
-13.719791808482627
-19.171273289640556
-17.62347498387474
-19.78350702833153
-18.54698775699796
-9.98955407174739
-33.93964728626247
-31.412342189600377
-27.820924668834852
-26.32013531277589
-30.93400136267445
-26.964459848340226
-31.773190923012905
-27.945145723558987
-29.92097626309523
-32.519952085710656
-24.56710104250821
-19.71213472491959
-20.267677800074075
-29.55579623188112
-26.57296363721601
-23.176034791683012
-22.02353262848782
-27.179210122327536
-28.14261959108782
-23.327888714470333
-19.37586525642393
-23.715208393496827
-21.01407458694777
-28.562736057038197
-29.61739650194338
-32.233941481719114
