-4.306269434541514
-7.449312220761403
-11.192318480824204
-21.05605733031553
-25.17541393151877
-26.081742884548394
-30.607455369262986
-32.26872863668393
-30.833848793556136
-26.841938954284053
-26.75199342800039
-22.281768269619228
-23.828523358348946
-20.73121885294188
-26.076580344086768
-24.795501299770578
-23.626744184830283
-19.276554520751773
-22.58415715992639
-27.713764434283046
-22.49245280201091
-22.119173335684575
-30.59050461262395
-27.22565065602464
-23.386112759130093
-21.777390471763386
-21.00451442280428
-22.387317809508904
-20.113454816045362
-17.561042456348414
-19.91834934043334
-21.058435928849665
-25.346461616940626
-6.285169498576996
-4.335714368855016
-6.516880872490582
-4.489678010977854
-12.294337034325585
-16.07291540102969
-19.29048706331117
-15.250024827687248
-16.076479468687616
-15.766638910922225
-20.505529955867832
-12.257917533412854
-12.803045363582768
-17.65356014491434
-18.603434355997997
-20.982285505151363
-17.983439912411434
-21.059522285828226
-20.56442907736171
-20.054642931072035
-8.984084502624055
-15.708625025764967
-16.23364386439864
-18.107737604259807
-13.80821393573966
-16.76333680734369
-10.807524604121893
-16.878522151826438
-19.137518033973837
-11.15721039681141
-8.98362547486603
-9.736109639312062
-9.441319780675471
-5.98315781250582
-10.50928072867804
-13.191624990120127
-4.331838957471465
-25.56678886350853
-26.340918279258197
-33.447568871709265
-33.42554080974406
-31.39554902379239
-33.05309982570882
-42.75893809333388
-39.68336493832732
-28.14571172637395
-27.232795356789147
-27.428513169312954
-29.340928663133546
-27.108949206558858
-28.68027656165133
-32.32630798861646
-31.8724937393892
-30.529585105542512
-31.211500381234412
-33.02303380108541
-29.613751358278797
-34.48975592246994
-37.34515988479093
-37.23121330751529
-35.74500862779011
-30.96347246628652
-24.966705671130004
-28.079411310613555
-29.505454751398922
-36.41085107684593
-31.694307545362076
-33.84801626280749
-38.97420296435607
-42.29477705426
-39.63410502103449
-36.09129753236049
-28.421467366827322
-25.398655780359203
-28.47645649126312
-23.513831701854443
-24.95350697350252
-24.2026907078278
-18.397484071714466
-23.220369823462768
-22.02891718026936
-20.23474687759918
-19.232320860040364
-27.279623907646123
-31.543744941587494
-23.906736124792147
-23.03142703393633
-22.336955034221482
-23.157412874322578
-38.78448842309636
-28.899574199278693
-26.66872306185953
-35.84545245065185
-24.028629804249302
-22.169747576532437
-20.385240887983596
-35.13784805425849
-34.62785593814556
-21.87153549663868
-27.187294054868627
-31.33409623584977
-29.399161263450093
-21.736337842583538
-21.964792937443608
-22.74007943596292
