-16.633132324525757
-15.523756704132971
-13.841315247605287
-36.87711164743332
-54.92698646058486
-32.45966735924471
-29.35877036997215
-24.817477753801395
-22.434240142448825
-21.575004643590823
-13.250058264027189
-21.744815320679454
-25.65013212356528
-16.23135871615552
-21.341456140806613
-30.78248175864017
-30.04053883219309
-23.784847091242682
-25.367510817644025
-31.352533982092822
-27.998659744436146
-16.468914605680272
-22.33619237978595
-27.673829426161838
-17.438606577379186
-11.077204096626671
-9.040941434863594
-17.348273155975082
-18.737522281687323
-10.264761660250583
-14.020380271006713
-14.248636194994194
-13.658750687122
-3.6470592277247142
-1.5241485926238263
-9.794015552127373
-2.7719379374335142
-5.9913592798553585
-1.2957962276480284
-4.309676149721114
-4.863728292076425
-5.218866849304965
-2.6771918693384538
-8.528513633773338
-1.9662285685173395
-5.924432868078737
-5.534180883178941
-5.218315305972637
-7.450072428587074
-4.197415637614317
-2.6584076679924418
-6.421544334386373
-2.983101120445144
-6.557248369297378
-0.24760575916494704
6.7611487600389255
9.009849178481556
7.856322316831169
8.881793110030706
-1.4376403702320084
0.6194855891628281
-1.5695866462082464
-3.5414712334254883
-8.254542356525857
-7.192877479458251
-0.2920725297608978
-6.899757478963523
-5.323317028151481
-6.407711078578992
-3.057522507217582
-12.11558609087034
-0.8182910432073399
-0.9915929422075764
-2.1184257385546035
-1.4921333793271685
-8.470302551352795
-5.860597089297478
-2.156880328885252
-7.022411934911204
-7.757713438398015
-1.4645923461031929
-3.683463797649473
-4.528960829134962
-1.7369011763039497
-0.28713860377106193
-9.85601036644904
-1.1957706081005226
-4.2202599023421685
-4.365885831642336
-4.4949476353598685
-5.281028951757102
-9.822158518227557
-4.895732491477611
-9.88349822574226
-24.79376040474323
-29.416484992052197
-24.19256192311804
-18.337542102369007
-13.149185472933596
-9.405711536553486
-8.093362464882295
3.769684284096473
10.930970607306586
14.693543529126842
14.29603072594098
5.8537970029935815
-4.916823651191447
-7.206404444666889
-19.496892933810056
-24.415955585273327
-31.860985685100694
-36.203681589878094
-36.14875689755464
-25.443899939863602
-21.461316861140734
-25.5795681643906
-13.687907501762394
-13.92641109545526
-8.384371705936056
-1.0179709470068437
-1.559855111611008
-11.05586151533125
-11.247602616880751
-21.666319965747203
-18.736582495453625
-27.81461646056561
-30.262369470688235
-24.683333745906214
-23.342516565704337
-16.05279209551835
-12.72019200242586
-17.192544825570813
-17.755202534631916
-17.72484518143538
-15.340911452052099
-17.82451533729429
-17.677892977373315
-16.175451369591187
-21.63127598475194
-20.537100497899967
-19.772155295364445
-24.33458658806797
-27.47644419770368
-18.941046612402523
-18.16295549146002
-26.40206461729353
-10.800694838780975
-16.770715068489704
-23.103146965187076
-17.719462120388698
-15.98260605710212
-11.563954194237983
-10.533920486862304
-17.923146879898386
-17.041594343756827
-11.069860696097534
-13.128506600723519
-11.150566354820487
-10.841935161338293
-11.872605653278484
-24.25383931221213
-17.103762546314762
-15.071030895055099
-11.644437373544669
-14.781092941665811
-15.617658222956626
-12.003971493276689
-15.399677522052198
-12.70463941822556
-16.450929268945988
-17.80727898671555
-22.74999301731236
-16.928364028106156
-11.574280025338568
-9.712094968944232
-11.442097972174087
-21.38805390457623
-19.82646755318693
-12.486077283891115
-20.394219125880948
-21.391344533838037
-19.78780683890417
-4.867701131382372
-12.957334653560377
-21.870708031717587
-12.968220939188981
-18.958814003495323
-16.480474823902767
