-1.9574374878689416
10.876379030800017
18.05088650313358
13.171473432345175
5.596242246021597
11.833334182612223
38.938299349937346
32.484651451180184
27.70986062938753
30.107676970571397
30.71342193857217
23.838694390822567
20.307415807804073
18.47241581007906
18.449446363247173
18.79901819963009
20.735127473924702
18.20582076018526
12.164589152785377
3.3614820078398004
0.4108195843985878
-6.4133646096280765
-11.143843370035011
-15.520024806138652
-7.249605165914205
-19.56357436832949
-27.94789931562686
-31.29019210478252
-28.845356449538627
-20.841938732459184
-22.99522574638729
-30.429519470215798
-24.87450695405987
-29.835839756549703
-35.08426147905349
-29.928145079742862
-36.830322445960185
-32.725490397860234
-27.66687044036441
-16.036859688960842
-19.53885279302556
-11.309544952669
-4.907664274055653
-10.139989587985154
-13.585171358568013
-19.98015970403037
-17.641145258015314
-22.652303716471987
-18.295050012954217
-22.76386920899073
-24.64623757927597
-20.153986288841814
-19.718957218241894
-23.92793597963608
-28.710259256171447
-30.70915147440289
-0.7105325633244098
-6.339766190588187
-8.354550777597547
-11.158409297443876
-24.596116034295722
-24.26705560914094
-26.059411370319385
-29.318285552166408
-31.590052241160468
-24.22025048351861
-25.121581188027736
-30.923737415006556
-36.6493911738164
-36.92038615002861
-25.95837460568304
-20.607805970584728
-21.964319751888947
-28.44826585438962
-24.13707482197359
-22.025358713292757
-20.028890704930166
-14.954410605946855
-9.305279303050591
-13.889813711181779
-15.046221959994853
-11.289104057424767
-6.7939324526615605
-5.902105389214047
-7.504350104047033
-3.4657309739925104
2.005759987208328
-4.9369389204172585
-30.504238290606757
-27.035372762494923
7.9719764604440275
22.22882995316113
16.132627740904983
9.656353689977482
2.5649763342717837
-10.887959626930357
3.852849091259224
14.089665949036524
15.173599127961705
10.814049444037542
16.215204658961564
10.08797000561845
0.9264821195791562
11.244405916096769
16.676941055733842
-1.9538310481734749
-1.7302043174544508
1.5969654213804874
-6.539541416418202
-0.29416092313969944
-2.8452774603584086
-1.2602888954875304
-0.06996275640992053
8.322361426832607
12.023903699623101
15.173070079509216
18.746480088481878
15.845722182770453
18.73259855591678
14.873218586400185
18.629916718909023
7.993188949960788
8.059517919368284
3.6052403478860606
-0.6583573337492983
4.861124484349589
4.8297139060514285
-12.586748031587033
-19.30538666544389
-21.23657319828148
-26.88125596850386
-25.964737942144357
-24.45644758210309
-22.0251124025759
-15.506590057205985
-3.998980310433294
-4.151699963219972
-3.5328615907670433
-7.316486494673718
-8.312206338327956
-10.944210477948008
-6.648147541484589
-9.427885260103103
-22.277007175038587
-23.589623584473532
-24.45763009354341
-32.53419129410489
-26.399341022722826
-25.178477244907654
-32.174726688903625
-30.990467860353583
-34.1262962853861
-22.295564569752603
-23.740351835723942
-21.908611344795236
-25.107639844513645
-28.873195567747498
-22.11692754467256
-19.94104164544527
-18.498715678983647
-19.98140497304537
-19.583923417566613
-25.593524984523093
-18.821397122378322
-19.499345720570407
-9.201169715370536
-10.678490346245935
-10.338609850199688
-14.588259054438694
-13.591389308752051
-15.215834054014929
-23.847450403271466
-29.3274787184819
-26.848862480409945
-25.503530541543785
-23.475292665300888
-19.88228642336664
-19.877003667698
-14.849317962556533
-18.048050098291238
-15.473367717705493
-12.252795641615705
-12.159664138911346
-14.554228993274114
-21.030861721650744
-22.355528889229564
-24.08705135635949
-11.0010414766696
-8.077850900022106
-11.121046836751841
2.914266926682998
1.731162291765599
5.2673091973023425
-6.9637178730159865
7.068939782514838
22.785702115904602
24.1143637428644
27.405044041938755
22.107838452711423
25.908829709007602
15.341211930681515
14.976902705444134
10.789559911554914
13.445820483213732
10.963335081209225
12.3759209760026
14.005559837722357
6.344120076881758
1.3035495493628009
0.1323302386594543
-0.5571789620159793
-0.9056150671507744
1.6991831203948744
-2.7076902948911314
6.0384583974142405
13.07920663119709
19.311248152630178
8.740192548243371
5.091083217599481
9.449578346111196
7.347169101415527
7.465895327667434
-0.3965874533116136
-0.047993790883286584
9.628374188246829
3.2316803336511697
-0.4700402331761953
4.047156098758534
-1.2880273965133722
2.8497995001098024
5.698631822419295
2.457728460503404
-0.5738662482175733
0.6387186636261185
1.1654479482698887
2.5856342106462797
-4.843921791949021
10.680892797996796
4.880510872144288
6.1954827539373065
-5.66852332294299
6.208142245923929
11.458614789496188
-38.530208991821006
-36.343386129842855
-36.19497332935328
-35.52121432610722
-34.562631854176985
-34.779260789313014
-30.92265223410049
-30.585698541367822
-31.169472186241588
-27.729740689078657
-36.708460995608476
-40.39009168457664
-35.394438213898475
-36.0892458112253
-38.55071465451992
-31.825113171353344
-32.18436250143888
-36.463145800836756
-37.79696819497658
-37.706409278072954
-37.11381788436384
-24.912232432023803
-27.106606438453714
-30.063623438524036
-26.239863961440772
-24.796406551850477
-22.047012835198412
-19.964022329406685
-35.59933461606805
-11.744382339738994
-0.8953946336204259
-3.0610421568101622
-4.542277022134338
-2.6785403876885
2.832819934205138
-11.031409563583457
0.4627528998615501
0.4842578741174879
-0.9169197644013256
-1.2816847944499
-1.455219102335037
-8.585600471133239
-11.970636148767168
-18.15991837499057
-15.572199858844993
-12.348228190946124
-13.45202406221444
-24.70377484957304
-22.658873535520488
-11.977141770736225
-6.071192999843202
-15.060594895545922
-9.65853164132359
-3.3478070115373173
3.7652737247261614
0.4114279760459656
10.787516332036873
7.858536661704282
10.449605885789193
17.086289128243312
16.571703686790098
0.4950359751904315
-9.25109185923676
-3.3215795219745745
8.483060461246742
11.072361784326922
16.596710994172447
25.77978874021966
28.171964803523
19.021285664967376
3.0269694563710736
-7.312694273116275
-14.715272684783962
-12.942120946976026
-21.038517595756094
-23.558829651202736
-24.834554385026745
-32.902386512299096
-34.122120186314355
-34.861132502162704
-36.54620107349328
-32.51108290054709
-35.284991923499646
-30.880088726568328
-29.459650218290445
-34.015935102021565
-33.469764231992464
-34.043473897934106
-28.84075687962057
-23.886258143719893
-23.128369700035037
-21.534700011045192
-22.04578424281332
-17.337403359508098
-17.023639334073902
-13.064495040950662
-6.344424758951819
-2.8519132880735962
2.5545895690678084
-1.0127602155767113
5.5859229467026035
3.5184541198350927
-15.678005199718633
0.25264445201513624
9.339653110723336
2.9633787486465977
3.6186202622848063
11.65463619595378
4.888409408343773
-3.1979836620476094
-6.671170232572641
-3.018751023964956
20.38735046545748
-10.081974337279844
-12.793920104702938
-9.966401393214102
-7.171518919691912
-5.10726944587442
-6.969737704740256
-8.058052176524736
-7.082279128969507
-5.787503675996572
-4.3163395757821705
-3.0058824308989234
-1.7553864629699163
3.8573180581461552
10.34177410369472
9.24522876089464
10.826853354005769
15.570952599736748
12.208280750036574
