-4.354597005390755
0.09639605797168788
7.4874230632147185
1.5525088894098966
7.7212182797888484
2.409886177463028
2.5880930513680784
7.759084815572933
22.54269002714221
11.789993244863432
16.406822556404276
36.85927159431677
40.31709519970636
28.34364166488666
23.960378007666588
19.799548860039422
8.507694669425684
-4.516477753643501
-7.692334993324902
-10.366157259274377
-17.448299168536867
-27.723711935014034
-23.29343602582279
-17.117011037189194
-13.548048978437647
-10.358298321063604
-7.082273708142236
-0.8453361573982913
5.423487390445273
3.324466341868109
3.935976743785524
5.969689859313744
10.793135268359007
8.601224320338737
7.913318775610956
4.394184389124312
9.11803995425166
6.0818640035646405
6.6671767599101255
5.830309856481656
1.0582460850262614
0.4813046347925778
-4.578158408942112
-11.341163423451444
-24.52061360457291
-19.545015228285145
-12.744433677910033
-19.61774034569615
-22.251022446095877
-14.402570810964573
-11.103997522099379
-9.525420039338462
-14.454667757266641
-12.629180047747084
-14.054355650795722
-8.239126884614134
-2.375054985958159
-0.6043624806071272
-5.8682299407024106
-1.7493808986863175
-8.091791142016636
-23.913028818812275
-23.34056166318307
-15.35210145801526
9.54189022432593
14.099244144782254
15.414933264561455
13.342881748291536
7.907434598618408
8.969929804836974
1.4510904942446172
-1.4378019005210705
-6.2714086484725255
-9.393959168805198
-18.53204579279852
-15.993109848255182
-16.23287991252294
-27.008129623140448
-19.772666518537505
-22.002752749764642
-17.793726866294598
-18.991797360514525
-20.7787225051921
-22.076784128354387
-19.64308347490806
-23.984875941166877
-22.083483520877962
-23.053901439974073
-23.62596360357369
-28.921446243264715
-24.836938150343684
-19.965654476244534
-13.684696488708475
-23.285346555550884
-26.836130239857106
-25.20469402736999
-25.993793638512678
-20.67652600840534
-24.247369140589623
-20.44555516746169
-20.72103140312923
