-7.270106346362659
4.077109752325274
15.485212800933708
-0.053510452370198455
-34.06061416227447
-38.554544599197634
-29.282478347863783
-43.9310753583491
-32.53914945549901
-22.449251990967532
-23.89968411455861
-15.442477767809914
-16.17676888132087
-21.518691792165715
-13.17761050622447
-8.928362608920336
-14.641601876793166
-33.30148995915186
-31.255576714978503
-41.12096994628961
-39.891830244596356
-39.01662527964229
-40.84233984226115
-31.359360492059803
-37.093708723222406
-37.646005841622184
-39.75570120354409
-33.24607212774021
-32.532565964951466
-37.89558500637808
-20.17473631069604
-32.96768383348644
-32.9840728739411
-20.001762829280075
-20.24599849020968
-23.054608552780532
-20.463181190667264
-22.43927325503661
-22.835501916841675
-24.0447002943781
-22.223735308730074
-13.304334336730664
-15.751774536220324
-23.801820002971425
-20.976425057770197
-16.279682901233553
-16.02893419423054
-10.825563264952896
-5.118435158778975
-2.587015555811957
7.731348954704481
15.27450902341789
10.13309219471662
11.555615829762333
15.297881406439457
15.079402071682107
4.629412836643951
5.041920116122126
8.363794397402359
4.180138955450129
6.895405942242241
9.502250939675037
3.5131667040129315
1.8437728438393999
-0.8330640351900943
-0.3755073723643673
1.4020878932150873
-1.6185397611306742
-2.517191684586749
-2.5053245567377957
-9.550462135941435
-9.049814249569092
-7.100612410999341
-11.759259279196787
-7.9468783465116575
-9.820206009914832
-11.927102448139506
-6.020081906222246
-4.579216519085698
-4.03818167405639
-5.867641135670593
-5.291115061514252
-4.849787272087316
-5.287291935275621
-12.43531281199705
-4.084508368849684
-8.964842793080965
-5.509269615796522
-8.254524981988958
-8.18470008826106
-10.758631919010355
-23.479254343448442
-13.727552574469234
-34.3355887658992
-34.45122860967394
-32.95714827609714
-38.99341083096696
-37.24223771405135
-32.57956125011681
-22.598692233008197
-19.175902048231908
-22.882240033346147
-19.58013870188892
-15.86713634868664
-16.474268457718562
-21.55141074785145
-16.549753748476903
-11.761493430842455
-11.15089834627917
-11.51584180049376
-10.237719919211312
-10.067167261515651
-6.558601625424927
-8.576493933508731
-10.94779907827322
-15.103889514032257
-10.595061052457746
-9.230940895981712
-7.2758912748886875
-3.747991859530337
3.345399080392983
-0.5650943986104159
-8.190636343569137
-10.640417858307304
-6.218325114042566
-7.363748863080191
-2.710878265333479
-11.719056546639573
-20.54354295192146
-17.673758384273782
-16.479940596448635
-11.190364701440618
-8.162895021159544
8.755996974850612
18.980550890045407
12.000641771383105
15.27477102947573
23.010875141842213
24.287860339410077
21.05797216058568
6.404552045827685
-4.940856709838165
17.905495074602648
-18.75433283267505
-27.376986895015182
-30.76896591194386
-35.180526526162986
-39.202635433979175
-36.41563604587582
-32.356794220720325
-32.32558400525667
-39.31876756605967
-36.01126894093165
-23.272624319904715
-26.939769587154473
-22.024631057207678
-21.901977338023134
-20.408863728017266
-21.954595763933707
-12.018210056035226
-0.9448363279773516
13.996611291546932
19.645851764307192
13.72018022956305
17.55110184476807
8.411010033082
1.0785813655469147
-1.8566051018586245
-3.1892252997672363
-17.585934978085827
-25.672915153273387
-25.13490355071207
-25.224236588700585
-23.500306867071263
-19.838380420297288
-13.702350459919831
-15.525651240806367
-7.765968105099964
-7.2372518020636925
2.8792920079258035
8.14634572667864
8.660399588288946
7.688162556478021
6.1806623300900805
4.472371523638367
1.3799963048648922
-0.08748801154693121
-8.317689739084862
-14.190594584487936
-16.227560666993963
-12.600055427382738
-0.3903599871964004
27.383296529808067
19.311257430472875
38.49163328389964
42.60622695918633
32.59650537374377
31.617125833159687
27.21947970404119
18.20617198190949
7.0031466557432696
-2.9708471109453027
4.34143358207933
7.412569962879231
10.729564744348695
14.494474551128011
17.462565525272137
18.05619403371956
17.80933883777111
24.009075966732468
12.822672859693133
11.226467073023107
7.623930294443432
2.1955468639367477
-8.75769405310326
-11.112507222546258
0.5573178035158459
7.544811781272193
-14.106685060041851
-7.334297291879407
-8.117569055968282
-8.956632745574307
-21.10572587440237
-26.220619682215442
-25.349110294770547
-28.74242962716305
-28.88429143855145
-37.518633861887935
-36.86962855695058
-25.254457104015387
-32.17055334937402
-26.89557900557642
-23.20979126609543
-24.72556632085309
-18.681544987226086
-14.79291141337286
-11.326361164107714
4.243108675890507
5.205002524097189
3.007590316390916
2.4834972649445417
-1.1485833436111097
-5.225073933641247
-14.584922096230537
-15.196388277075586
-11.890900285038144
-18.429500747826754
-16.183791425826723
-20.15515920495211
-18.948675011844834
-18.15174176831398
-25.661839303953272
-27.059993023087326
-24.699233147267307
-26.498362419643442
-24.92070472228967
-24.46839257546226
-21.885042518259066
-12.513813602484523
-9.568976660920036
-8.200255637873797
-23.34720561519733
-23.557857999907018
-21.40676136233186
-9.488850871575053
-4.311314818910084
4.577874255456568
-0.5668844312198617
6.325348885053304
8.557188517137858
8.911813039012175
6.4789603491130725
8.853816666076073
9.682082626779932
4.918567066012512
-0.42024113428035337
-2.5280502782187293
-14.195479018205726
3.4299085687382638
-10.480125398096606
-20.433124313658254
-16.802074063211535
-17.83728771523988
-17.663548976956037
-18.64989068000448
-11.278005796509031
-10.649501873322961
-16.87813605388394
-4.371879119232842
-2.536937232424695
-6.054415664633102
-8.149213111768416
-2.8742597215553953
-2.034376094709569
-5.147045428733492
-4.434488914627255
-2.737433163148192
-3.396294239649968
-4.038095588887488
-9.468666111402692
-3.948211671661224
-7.688264917060443
-2.0374670269772266
5.352986082394281
8.199135205021863
0.970999688156868
0.08109244716049825
12.680675400520274
13.522608072370966
10.46484667419224
6.856765195650428
16.337102526198326
9.518362434340656
10.750196200388633
-2.9014696434529434
-3.819500965257333
-9.707958967741568
-13.75813102366365
-12.125471143163688
-15.183840503591886
-20.10810217035415
-21.400432214087214
-16.798515150506685
-6.385563291713829
-4.892462645081853
-2.7320609090389287
4.791996413770245
-5.093147513498371
-8.367267860231326
-12.221430031955506
-10.65854323837283
-19.17783402009163
-17.805290402087422
-33.51843292549406
-30.73740586022141
-29.856134698637128
-29.385431157639445
-43.48947878299549
-33.56250653876784
-33.77253899240025
-35.548085834237405
-46.509183819713925
-28.625927619860054
-26.41690791287439
-23.72421221503973
-11.142004769012637
1.141142823799105
-4.836655054571326
-2.9995808060010916
-8.327072761001611
-19.098810337388155
-11.201339758329565
-7.278887279731317
-15.593845648664038
-29.60226484011617
-30.58956358820829
-27.85297714389805
-30.84584254700261
-31.266132639609772
-23.67346718452752
-30.38893543533564
-25.393687982122053
-28.71148974652473
-19.58881304114621
-28.032083206917697
-31.94987143777145
-28.300079534175506
-23.94678537631112
-20.96677484174053
-23.468017289893762
-29.930995436967482
-12.749401616703658
-4.938561055321767
-14.7503722037495
-26.35651973920047
-29.83510542611229
-36.27184151351784
-31.586851864315552
