10.302457422882481
12.457211621722903
11.029517478500543
3.1974479198692407
1.7031747823915704
4.811724825061948
5.438904660404294
3.8124798147321135
0.5596676659930978
4.551814128184397
-0.04591453331031382
-14.851427217047807
-14.12155945100366
-15.3195622729024
-20.59392785218592
-14.50443886767272
-10.879152028706207
-8.060222925157705
-2.9155878269705653
-5.525809010896517
-3.5549864203180537
8.507081129673573
0.01934825601017143
1.6126001661204306
-18.758848881736267
-24.634872345747414
-27.951522254259533
-19.448670353498922
-16.885998354587038
-16.38597378205286
-15.245050080482605
-13.816507862151287
-14.09845577099998
-6.5613028530114175
7.0228883433080975
8.475050933609598
0.4797104810176667
9.2370332010016
-10.5289679185824
-16.042083432080883
-19.702447445923504
-16.39399763274728
-15.796006369249582
-20.133225054577846
-15.432844128884716
-15.917709153585431
-16.267341663690292
-13.39818924354003
-16.046920279798197
-13.864624418031758
-11.249066334743931
-15.964549571460562
-16.211348990361053
-12.658007628296346
-18.39836548389212
-19.433792873826736
-14.191969769045016
-14.430101903363068
-20.96966457249972
-21.573140507073127
-20.26592077891228
-15.684997468684815
-8.713790317660012
-13.952943724750874
-16.580935418651343
-28.939890928797
-31.203565670013234
-23.817973004478784
-22.581802521426464
-19.05343723006008
-21.019156298122248
-18.113627265698568
-12.497342239156882
-14.76100243896853
-17.73117741807003
-16.97722272777408
-18.381554953968735
-16.04716169906347
-14.218842837791168
-5.784894190006797
-21.3974634686298
-26.742249325473995
-22.317280168560995
-18.72217418908372
-17.13921564189675
-18.394798883252985
-21.62983790032148
-25.08586998150365
-29.682828786836122
-26.995901346086068
-24.794911140401002
-31.32913981575097
-31.15507847797814
-33.03075988039669
-28.220325094697934
-20.273365759180415
-10.626617152717476
-14.075361555017881
-20.938868691259852
-17.38476170773494
-17.53906738382426
-27.023538633369174
-19.993889971236868
-9.970649818337801
-11.646255321176398
0.8132518752883877
-2.935080167685709
-3.3502629159045174
