-21.30632617765269
-16.699788971218716
-11.914651661907214
-25.9447667629693
-28.34787240576691
-20.917634959424785
-5.200548482633423
-13.585026570339654
-19.16654860083286
-20.118868349429953
-16.897284212562525
-30.5662245626994
-29.379463830799608
-34.79291692527768
-35.97358352973626
-31.657680222060925
-25.660874669798908
-30.85735161240495
-22.016700700821577
-18.36514464451561
-21.959763605687886
-23.054012197128593
-22.857535258456828
-23.732539059583214
-26.999353458361835
-26.19452623420098
-23.13965308353597
-23.212177790713554
-19.61365942035208
-26.986296543303517
-23.85039842477478
-14.298971754862736
-12.936906416696505
4.2864630626291405
5.134851610636115
-0.854974050374321
-1.488498967250873
3.5523029658640275
-0.7500173673550459
6.8603210753046024
11.69502614072282
14.245963744223314
19.503261513183805
21.1709430354976
19.295228039635077
27.74350015042012
22.796278448782267
20.499055176339677
25.385167171519303
15.504510147761726
-6.643258839269698
-15.05973423546174
-18.84646982676624
-21.351731140678197
-28.967177903098392
-24.019521282540666
-23.45725919807209
-22.34530186871333
-22.42529808804989
-26.160003616886076
-31.749123747355014
-26.57500107404839
-24.550555828121748
-20.063842807928022
-20.56121090558239
-31.620002034142303
-27.08859324320661
-19.736727486490807
-18.330262465305385
-32.74871018893665
-36.372941247475616
-21.854843477976843
-17.526503785334604
-26.623659332411275
-32.62372626302552
-28.122243709080266
-22.544943789213065
-30.79255612557305
-38.371647772162156
-44.09849187326298
-42.731080553734095
-37.9736504400469
-34.61643312562491
-43.6768678615052
-32.11170768570689
-31.010478731793555
-43.98326354564796
