12.944268276293936
14.044661189787213
8.193240256712372
6.572648997111193
5.8547848595579275
2.7706707167688776
6.546123589406087
0.7635196033314058
-0.20323016255060047
-20.666360222579073
-28.041361799528786
-28.289263430362702
-34.36786313806417
-31.70934626817845
-27.08968505216432
-31.38094262269249
-26.37034260726071
-24.34858893056698
-19.438878093737102
-18.9653950900485
-14.778948521260846
-15.405115522519296
-14.035066441962144
-16.406355904809274
-31.942105141211467
-33.111298159011824
-34.3374647421396
-30.875123806073052
-31.15894466989691
-31.90715922480843
-30.972724903908855
-26.522475967565303
-20.605141205751078
-22.05089505609417
-21.87099920029066
-13.632490297620445
-6.869990973160885
-3.5827108515695363
-1.2623671960671097
7.833035362275091
7.733233790626127
5.331117166143505
14.33987813101207
10.275446767044409
6.83375185157403
13.774328766569205
13.701989720723837
18.08108350992073
13.98355374486602
11.624041449447393
10.2400333156365
10.124626333963684
10.295068109779912
3.0132446747503763
7.427333591552562
17.89886776052956
13.356313439077278
13.567189313733973
10.726563283659438
5.810870497857298
5.340118750102589
4.993674585678233
0.7422330706275715
-2.5679756349987217
-0.14509518342523392
6.686407821275452
0.7809952052051521
-0.034401171632109075
2.810623355608803
0.011138114020521351
1.1071373130439492
12.417021587057741
3.335768250204055
0.9359372315322152
2.705811279493584
8.862500976662231
9.978867767164486
10.956970141215491
10.693763650503037
16.005788581025282
14.639144861830866
-2.764162880690211
-24.520250602350067
-33.97301731096423
-22.28215795878809
-15.39824265795893
-24.459335554915715
-29.09899672004499
-28.816746863694114
-24.95637358531579
-27.158165802755178
-19.002305083046352
-10.319401333744654
-4.2056455662442485
-4.970646713109256
-2.1937779839570664
9.83201177686657
25.682441815193314
22.724311946364132
13.544006520290287
22.468979115943302
22.43913620471849
9.044923496996617
1.7924144425150632
-2.2750204287493605
-13.485823182365744
-17.911492531803948
-11.648417798081358
-16.57725760810569
-28.83957008802683
-26.687223418510666
-26.004547929939548
-31.231591407181174
-29.609323339072947
-20.3175779106178
-14.34956757169678
-8.761233469117672
-5.160183768650656
2.151292774016693
4.067807732404866
6.826490394776673
2.48873611375151
-5.893266496158736
-4.29239133828147
-11.435407220100204
-1.4098963298519183
-3.2380825904880584
-6.22807422649274
-11.249933259085731
12.324605083974426
7.634185405178815
3.958023821910822
3.040178937694608
0.38085851493102896
-8.764246079125492
-11.864842422418606
-0.19764290277123112
-3.895183287185291
-13.654557771384995
-0.2273198927845767
2.045064907292569
-2.8745025441405962
-5.104648042420642
-4.227816195551031
-2.5339361760195485
-5.833573511707994
-6.49504340915216
-21.16131074138903
-28.097271281741552
-18.106110734076168
-13.871624895087152
-6.2597157059947195
-2.433575940914176
