-4.247531732946086
-9.92187183871134
-8.771541356186987
-1.886029153617775
-4.382093261327092
-8.959847022117284
-9.753432488585656
-5.9846112550704875
-4.563564637707833
-8.641181279161373
-3.6147784172256383
-8.521145373488602
-10.010749147961908
-21.845668480679283
-39.77785442188172
-42.665482364112385
-32.73117997726863
-44.11638584383458
-46.332116058486854
-53.90890179064498
-45.3837263501571
-49.974963389467824
-46.637665419586135
-41.559542031195924
-42.52459862053157
-41.302942988447725
-47.100426117435724
-38.986707879561685
-42.876273182529395
-43.348543827993716
-42.67182004744947
-29.0402907062014
-32.266596910394824
-19.472419444776524
-3.174987176977341
7.449097741735571
1.6800230703249492
2.178354852949285
-15.509707879344239
-13.876157450407437
-17.55688698810095
-19.00106395891339
-15.905371267820875
-9.803730428574497
-7.638630096074006
2.5114075342964237
-0.1627575231747332
2.4737111129355998
0.1120144666396792
-4.088388527852172
-9.474635599128963
-13.28310266423136
-11.853756274957677
-6.735013163336536
-24.808503640565444
-21.09418770634689
-7.2512363696857225
-11.155562729798088
-19.378335892457248
-19.20334854603204
-18.076414145452386
-5.634022608327738
-6.8867656381519815
-15.036326646475578
-12.045619310038411
-17.891546450319304
-18.986445068022316
-9.094658723307292
-16.302846386794247
-13.481929401664464
-4.639187155404164
-2.994542084584917
5.785248121519297
6.234177654678898
5.37588049368723
9.281712747554591
-1.875770935143393
-4.4419543605188485
-2.39083193245142
-12.667867865936014
-14.324852823142994
-18.286448733309072
-29.824322840919624
-23.49281118408162
-19.909732431188285
-11.536849837793607
-16.391536292440527
-25.70537898729691
-20.833010957538495
-18.492401240743874
-18.31566827952356
-18.410898050111907
-23.22178992924851
-25.33758969545445
-21.764903468363514
-19.248548557360625
-19.6852196018662
-25.58928826451781
-28.870887878087657
-32.627134263463645
-40.21836185934502
-40.933142572285576
-27.904657639239755
-24.927096009530363
-20.107559692260878
-8.101408316588309
-17.216836624227813
-8.514131609566077
-0.09131196023513843
-2.221738027899547
-7.895313563104525
0.8535907404899379
-1.984438752495561
3.218320430068616
10.682102376316234
8.418440411528971
8.443611158017479
10.267678162416393
5.864229570796055
10.086865269934652
7.438761599460279
7.405929863202572
4.593020546723327
3.607891466233983
-0.9651539167362644
-1.173224853727317
-2.771516328780066
-1.023910852221939
-6.409651314475171
-5.3976668997661434
-7.0537030073149465
-6.143476015068146
-7.7801273882767905
-12.007285615477915
-8.625566308111178
-8.115390513967661
-6.884460546020932
-7.062917500138852
-7.501974105018232
-8.426014936182055
-0.5568163693307394
-11.651248242484016
-7.259544660771463
-6.153785326157173
-4.548760660652231
-6.518189209946133
