-11.823073620583505
-10.844296724036685
-10.640063070127264
-10.811536200268419
-15.015923944261415
-22.851289542793193
-23.103590800786023
-23.38261074816269
-21.10385975896457
-19.745072608444353
-33.28939510182883
-28.662099933054318
-21.475289569305566
-24.63189730693476
-31.113696357424132
-27.08409751854536
-30.441900760712976
-28.012804384657564
-23.80696202086034
-22.789775279198448
-22.65659754868774
-19.404474636996586
-14.771435567946206
-11.737524315691385
-15.573784394135119
-21.405789321488072
-21.244747522174766
-25.497404354894076
-27.656629191815504
-28.528249613259803
-39.11100446346109
-32.88509593519813
-28.874180775352546
-29.95809830061545
-22.72814075829939
-33.88805985266761
-44.539142217842695
-38.39946627464587
-35.49319769205528
-41.676009489435046
-30.032447001914548
-23.265310485571337
-24.17194224669689
-25.39365270902463
-18.68417597061925
-29.007525039469048
-23.103051998422323
-20.65379442210772
-34.12858921601824
-18.024760448798407
-7.589380306003313
-16.2005020543736
-14.45206693909364
-11.644743166197786
-5.4595932275693775
-4.938093867231462
-11.357422614857338
-17.681696954139873
-18.088120414569822
-20.463033427621195
-14.045994821868007
-14.031625643009484
-9.372897484184547
-10.499888215565695
-22.46128475696074
-16.364898788864252
-24.708707467465743
-10.14716649059967
-10.709056276335305
-20.571012041020907
-28.719937621109942
-28.9969454778568
-28.887572808058586
-19.76858536758379
-13.66752022153241
-22.896991054869666
-13.919038517016663
-4.058988706056246
-4.858147700982543
-1.3863706726398572
2.9116850010859965
0.7886372738578245
-3.7732723416760487
1.5434057519807654
1.4446774380949388
-3.903366111123863
-8.457824056328045
-12.2363282864227
-15.278126207893699
-9.785339938564768
-2.1388405497385627
-2.93322816388472
-3.6646749351947774
-7.414292169602906
-5.3518389730906435
-4.055606703703819
-4.316113560242413
0.21569286941604704
-0.2872559206245442
-6.898486493329088
-6.625355064286557
-9.048114334459717
-12.68971404504321
-13.258187160934892
-6.6917076299040215
-3.838287804044658
