-8.629894448548093
-15.89318502812552
-21.94966652246532
-22.62876427117764
-29.254503228972254
-33.01036822273582
-28.12232360067653
-37.74833114134742
-35.227237107034085
-33.18176966072798
-44.81503725479559
-36.938503455629956
-28.555168777238013
-26.353617196970035
-23.47860784014541
-31.946671411601674
-28.7964910164832
-25.89565929310768
-35.65489043594052
-45.03580465541978
-29.255622614072017
-32.548881988304814
-20.14421653773495
-20.928534327685234
-19.681824000926984
-20.265843184993624
-16.793373739919957
-12.64453802217999
-15.108318289338634
-8.20692659141575
-4.318180372347203
-5.264015498334759
-4.968155166878871
-4.692944904659337
-9.66971000314501
-12.360876401758029
-5.591888418973822
-1.901296619192924
-1.6024921362406512
-1.1576974788858392
-2.042829555131911
-11.011406586112864
-20.992534818105646
-18.298533298836674
-15.350085652002162
-15.000324468101725
-12.37161210541188
-7.0574922682199785
-0.3973282892400123
4.314752280177414
0.5271652169489759
-1.61405303666282
2.529069797022019
5.827670590291665
4.466901366684695
0.5783376282864853
0.9928419344253512
9.731672544878396
12.296958495974273
7.003503729076519
-1.8324753133510867
1.8991446138939057
7.146176543988882
5.61289144768468
2.374110603264215
5.5947105562787875
10.974916103002267
10.139492543581797
11.36504804743691
4.509901010711574
-4.212470035817131
-14.04631262371094
-19.37683982851896
-25.25407641264285
-23.07879114905776
-27.649102055901476
-25.98431606041455
-22.66419935850807
-19.46694589039604
-19.838824320382336
-25.42312469836713
-19.86487365657965
-23.02599591319945
-29.58059014496021
-35.52624472702842
-41.27606755266404
-38.51404600887073
-45.61878289303819
-36.754011913081676
-25.597629866546363
-24.590258701373173
-27.11757009550087
-36.00136833604651
-32.692101347951876
-35.98767738258946
-37.97898108142315
-28.710225957581248
-24.858792125327664
-27.80089470769211
-29.235186610592972
-28.768383849831864
-29.91602571533916
-31.936515420693684
-32.424003764711664
-23.262930577396265
-22.189919825640178
-26.29621224664733
-31.51130255533934
-26.559195877701093
-27.709557173381576
-31.215075582534567
-22.31233547021582
-19.420051033931564
-15.25968848705894
-14.098608471838643
-11.041042925374212
-11.907421802940314
-11.796146828075914
-1.240734008153774
6.0527550585295655
12.030625344959473
13.625531075289713
14.042172123272376
9.89121971945806
0.9961416463760024
1.747438583739347
9.465915159896538
2.8674260314510285
-1.4711898068426954
-0.2942579899863242
7.8204528518164675
20.84019945975209
29.80001476601799
26.26280790139639
34.722257405417125
35.60336883120522
28.553333637056607
16.531794246095277
-4.153945172201651
-18.93099374813702
-22.971532805206753
-23.45512836538718
-23.863879473249423
-23.525191528851682
-26.620334578005277
-33.10767969726024
-30.34133884300049
-37.53150508971015
-35.11142596284397
-32.40905716981232
-20.059302739070283
-23.377232127612604
-32.66343086559271
-27.09823071713921
-22.743927354132268
-19.999230154976157
-22.085006312024614
-17.530287154642394
-23.810259553817893
-8.053499058148423
-7.128393429209983
-18.349803933117627
-15.050978495254865
-15.559758792037785
-9.174537117252314
-15.967925984672886
-14.536858816036961
-23.127367329456053
