-0.794558453541797
-7.3984132571652435
-10.138140702666725
-4.764311326229981
-3.5367383391096268
-40.920055785567925
-38.28595629583325
-41.87203505671268
-42.164268165229615
-46.02294091614577
-39.145443356735356
-34.74522090260325
-33.059056640041625
-33.17924476524024
-35.753535056224216
-27.259439025486067
-27.26405071422852
-21.419870360398008
-20.32348450276289
-23.02801068989156
-28.019111781386236
-18.800754341943364
-18.952242366767265
-31.489885300463623
-24.283111410927418
-12.258249871401858
-15.431149003089535
-9.1636746261941
-13.647259121808515
-12.556466288454855
-10.729289542422515
-13.592682884696536
-9.64901608006651
1.199590661181574
-2.2964814833243428
-0.07960552365302084
-4.514842950106405
-0.3658324525229095
-8.39029509849611
-6.447335037516044
-8.65686266289552
-13.963739354106055
-28.92765546347427
-30.389537589122302
-26.162699420315047
-26.41090299310457
-33.386091655203685
-31.421659679027165
-26.563582879525608
-27.82511904308573
-29.376609790590024
-30.466197467828426
-29.275311468423144
-28.46690656206888
-30.810017303328863
-33.742314022888635
-33.057240167166036
-28.93573606678772
-26.78554363460089
-35.003462294320066
-26.46918848224998
-19.526364150533677
-17.152590802914705
-13.12211912867871
-10.11467315029786
-11.589404423591454
-11.058807096536713
-14.787504254596552
-9.972486824846186
-18.981086318678823
-26.520671946911115
-31.326661595735594
-34.15043139509982
-32.6397117253336
-18.96394464812296
-16.213046895205967
-26.40064834927889
-13.069040127747831
-5.401748297839839
-7.670460000432575
0.5376466561671671
4.098443473955217
5.770835056310824
1.0448984348723218
-8.522490020465543
-12.424799680053404
-7.654164753667228
-6.92339837188684
-4.760695087026313
2.3914106234607675
0.9310480319144782
6.028835904019271
2.4632817709939716
-8.445857866998326
-8.651641172971281
-13.46395893242625
-27.811352209658583
-21.065041812201077
-20.269183950041565
-27.420003202404686
-32.81265534779768
-20.936632609227285
-17.581023840704557
-9.480028019552783
0.04632027276034492
4.472586042992493
3.346724215510093
3.7711115592802797
5.173091841893075
8.501324055419914
6.7765502190029725
12.146726094360664
9.30733599738647
-1.7182559605331336
-7.717480726931712
-5.335691979717859
-19.695154316745587
-26.294251220793573
-20.225079990037237
-20.040835875615986
-13.927765009310189
-15.436216192268635
-8.314720934673115
-17.327070789332353
-20.57194654903518
-13.877194328571695
-24.3691174948824
-22.328523963414966
-20.370378504181218
-37.16178120605185
-27.718506819127988
-37.96741585562934
-31.387255973817588
-22.927181784349013
-27.169234556634997
-28.986772405895554
-41.21924901088151
-36.1788226201019
-26.267300886224586
-22.192596620980005
-32.80376312689264
-20.065197454722327
-16.823118325549242
-31.319313893134574
-30.36430439714982
-32.06073085046935
-24.039144624138927
-30.84823600258165
-32.330628242827665
-30.470786852984556
-37.95021929247049
-26.13050912880765
-31.351215500344104
-25.218069521725532
-22.98481680650341
-23.41117423924953
-16.734986640729108
-20.813738438122925
-13.808317474500086
-12.246767751462068
-14.341606224045055
-17.636259634720663
-5.426977674865936
3.797061305353125
-4.018053944328878
-3.4392887852551364
-1.6409750509701422
-5.801230645777885
-8.707391727606131
-4.235304570877813
-7.469129837853765
-13.224168224993221
-14.727993361821785
-14.679168144556913
-15.983907609768027
-6.045558650118838
-5.771608183200492
2.879101321970129
11.30869856454207
9.172021433218546
11.903629673156129
13.050574703174426
11.621916421396472
8.487192136746017
8.599958341756961
4.197427558849145
-14.002588499308636
-10.76935484462162
-13.444816721667962
-23.639111365537516
-20.26449749808417
-22.881342723337713
-22.361629901927238
-37.072155549993745
-30.864784009446264
-41.10196547027332
-47.16320809522773
-43.948153204756785
-40.427709901455565
-48.33486557008536
-59.502083100195634
-45.75468993183338
-43.65940076017208
-36.689539193228974
-41.71926285767698
-39.783581483574
-39.474759648966135
-45.09402675554431
-47.360338376433155
-44.92426310081682
-40.055827220493505
-38.22933696883476
-32.814909317587755
-36.427561767426326
-39.147920299492995
-39.608914097522224
-28.47709058482734
-26.892608719364446
-42.82615451544967
-31.691544578520865
-25.55820019262682
-20.220426326294643
-24.016578854665518
-20.267511081787784
-15.220653377963062
-26.625040347139226
-21.012302964396017
-24.737913612859465
-26.51763517410642
-18.24978561291435
-1.8099461937857653
-2.3169141327747558
-5.614405503257623
-6.068772926197992
-3.9360574289949466
-3.4504915314769664
-0.5671624807944954
3.2393073874505167
4.185395678888703
5.477642514728231
8.085058448174198
4.054442097223823
-0.12180542850389985
-14.963391789062467
-13.197263434348994
-19.427026117392558
-13.750764160772652
-9.755519480409397
-5.561746772820794
-12.177813734357796
-7.362299635544602
-12.601881085406955
-1.2894245401649578
-6.021337201390541
-5.760275916921157
-4.706668121459915
-6.076707950503418
-0.009176707325368634
-2.7904926213921204
-9.644731447391418
-10.986223199659422
-18.48364321646399
-20.455965472660754
-21.24193782177393
-24.00684082926514
-22.22160902837279
-17.98917474189674
-23.27935622183837
-18.897712198590465
-6.3275468767419385
-3.4456525344386804
-3.6116545756805514
-3.4878470747583683
-3.3275371121153485
-3.3392312557870976
-6.276797772319429
-14.789857543064047
-26.256248277802282
-25.416914289278218
-27.78040107493761
-22.359507013983823
-23.990350249330586
-26.07217091530711
