-14.302574580299687
-24.359079751111786
-24.679302221269307
-18.667285280862018
-26.95582181890533
-37.46196087298943
-44.4752779337913
-48.298499604330566
-48.18261259909947
-43.10860085068956
-24.718291854242388
-25.182403179625663
-42.46315777210045
-49.64493213002515
-43.727064764964936
-39.37216587387138
-32.147751508756194
-25.213089039921
-28.80710130045919
-38.95804452927436
-28.953289998107
-22.633220113483976
-26.84975791475524
-29.87149065444891
-25.10443800830285
-25.43060284265945
-28.771437506020288
-33.898732020627804
-32.674790509380806
-31.79867546724645
-28.653726761898685
-26.6403123401372
-26.240761627322808
-20.31345134726461
-22.64734159938172
-27.570589000876193
-31.798690315975342
-34.81372932361211
-35.42897515196546
-33.802029137830104
-36.38745788399984
-33.765699338271254
-33.25521676510038
-34.36879602224781
-26.517744083525898
-23.131910016394325
-20.364220040793718
-21.772355136820348
-6.323792119956787
-0.5648679583754093
-6.365545022588372
-14.90176936618699
-24.135088884660238
-23.4476098673527
-42.28984472816979
-45.64472837733572
-45.4013502720836
-40.403681201233724
-33.10543418200283
-32.12176821838668
-37.273393498995034
-31.706626692754348
-34.69460128602925
-32.35613462814128
-37.753599251085454
-37.346536069105184
-30.0514217904079
-29.85273639223954
-26.192563360926837
-23.69379142417133
-23.75627783912757
-25.22991474766673
-23.93923646211086
-38.77584967634758
-34.729385369556844
-19.59588906704422
-13.753924301409613
-19.75466239667714
-17.086350542117778
-11.020949551098132
-2.418327266316252
1.7398044197808016
4.034516269269898
-4.0116573533586894
-11.960376368330733
-21.474865344492645
-33.018467912624104
-44.54649997034853
-32.17084219714675
-39.716857171141896
-31.95161744378645
-30.14109659766085
-36.07652699195015
-35.72482497386782
-34.304009019167836
-29.87355837362393
-27.28282217982543
-34.670670170897175
-38.81598831334758
-36.25776030710987
-33.3960740022346
-30.09279123228561
-38.17930224987936
-26.580207107214317
-28.166521296157466
-29.71977350176919
-35.34535579315446
-41.69696663096961
-30.35548841159914
-35.269997438399955
-51.861700417681256
-36.889933117820505
-39.534396299515926
-55.037762637240476
-39.17401968812721
-37.93061554815854
-44.29473455226929
-36.51394187807095
-35.579964244156216
-46.73556272866322
-48.71296361499716
-50.35970601068878
-46.66354174350709
-36.630998246675844
-31.600652774456538
-35.25204445143247
-33.43576465022968
-31.277957544932512
-32.947011135825186
-24.705469648923646
-22.46368715712194
-26.59336814363795
-21.203341152365965
-16.39655073316313
-18.59470354492322
-17.554017081121454
-18.976648944106024
-19.686431162323906
-14.097268131244956
-16.895815439718238
-19.351016899064923
-14.714577588834386
-20.16725365709493
-18.132943949228846
-17.399991051929526
-3.847208638059766
-5.612062694554165
-13.085957947096126
-13.13301532412434
-19.561114717648767
-29.866336829052976
-31.322955806382183
-29.80983618919443
-34.05174353373097
-30.41066723239868
-37.375641904075316
-41.87681909660338
-38.18534524514249
-31.333545621359605
-29.860073453114463
-33.63792310663042
-35.44566817676843
-25.533746070096637
-25.8695897381734
-15.912074160732713
-18.40102440722391
-9.955648879255595
-12.535513224590227
-22.16949618323603
-15.804379710797775
-16.121024585147346
-16.006280112017677
-4.9959877172316745
-4.0145346472114065
-3.9498591261419236
-7.587761517727651
-7.4515652731671
-0.6178299355969088
-6.848442308519827
