-25.265483214236923
-28.50283911733536
-32.48447092469573
-25.809384353703948
-23.255289972429523
-21.81942566892585
-17.066224710886324
-9.747838104036257
-10.7989152246829
-1.8682294842656184
-5.709449471902522
-7.709325447133155
-2.2143469546794208
-14.420656288628258
-21.709921397418537
-25.8728167236207
-24.4651583117873
-16.769896301929258
-19.870698736008748
-29.30811688353095
-30.246626732649087
-31.689920841312126
-24.94260044628729
-24.924373941390144
-20.422351083036986
-18.69145509777886
-33.94312550437018
-35.50039702338426
-32.5118442487692
-33.758795598590005
-45.570320054178744
-29.282271492077662
-28.850064064122574
-33.4464312632474
-34.17212470887801
-29.570489533359176
-34.932449768083266
-28.792592354640536
-22.08173113176793
-20.9270404500212
-18.52891447601112
-28.14791394632789
-27.986563790479327
-23.554044261141023
-22.718902669093236
-30.369142678475797
-37.402303585514886
-30.345633828052826
-34.802572554680985
-39.51752884415498
-33.57206247235783
-27.295116837815172
-22.09073664326134
-16.722243430716784
-17.581729922185257
-11.455840997325828
-12.37173332784992
-4.430965506125045
1.5372088715570995
0.6509572355097015
-2.942905415108904
-12.750487173986082
-3.5913437108239723
-2.081006729323521
-4.140646418565258
-3.91990764044649
-2.908353679041566
0.12056831568717333
-4.072342330694114
-5.685288102003041
0.5108977085542419
-5.3595299634999884
-12.727732624787608
-9.79294477423677
-4.955345323324251
-8.324907550958713
3.0566454185364167
-2.7668124731505017
5.892425961101591
0.5189540440293215
5.636654939461455
-2.325420666242831
-4.53866228238416
1.8899977589256045
-1.4953319534534215
0.7063618415311144
-12.303196828400512
-9.993732426680287
-17.72828486738138
-20.36369529530099
-13.306764504558318
-12.169194346735392
-18.32577182026572
-23.80792380857027
-22.727014034494147
-19.036777666600255
-22.52680163859497
-21.063363090636198
-22.616241924814197
-20.40566004056821
-13.9825272562932
-15.72121999830567
-2.9562752611619403
-9.60501933862853
-15.875327462254756
-18.07657616940656
-9.182094471515244
-29.8195929194904
-38.622546221739995
-31.56965265891429
-24.59299269572575
-16.839963308664974
-17.169188913568426
-16.808207241875827
-21.296384795256472
-21.3340910572748
-19.242730463677873
-15.660147452324107
-12.065935459775998
-7.9822016789592825
-13.96021632265044
-13.842199445529161
-16.182245197336062
-8.42010414861069
-12.973537635278534
-14.298572815070402
-19.8546021302123
-21.288828855488028
-29.77094636437296
-29.255146864978318
-29.49200477737769
-25.048229541482574
-18.532528317266085
-17.235174706217425
-21.65244343113851
-18.362201273615526
-14.21525338192148
-4.483292334083019
-0.24963482343751844
-4.163562404276306
-0.02183040026566259
-0.4877586833043425
-13.786387434932413
-17.572909453790135
-14.832563112018487
-20.71018811720821
-12.612748550145627
-12.076376904466462
-9.30302783686494
-15.061440472179624
-12.443266342635546
8.760391818458064
9.579799761665155
11.556392354231134
15.046118882273221
22.51779012264912
21.48103111083993
23.723571564133024
28.556938321940827
24.06508002427508
12.579737145648206
6.271074491804984
-1.0164912347695163
-2.759492089787741
3.4703459412622166
1.9269691840261445
5.3360767178250805
6.794431664965348
-3.45477389289159
0.5593481118505763
-12.24053124906314
-22.589177094532428
-16.013033083084686
-15.999079282668125
-20.85396458930614
-15.845016921138411
-17.90440912919807
-17.756470100307578
-25.94046433218187
-30.424036598600644
-38.76954498241419
-37.43530079271584
-19.90266436060755
-19.911687847994923
-16.743268599310774
-19.42073137596936
-15.085390313724195
-20.27215421527183
-17.755215307073374
-25.95609619156116
-32.429935581150716
-35.03776342352869
-30.984684912048092
-30.988245053588518
-29.757589476754106
-29.228034316020192
-22.77424843277869
-22.202400158536786
-17.120361434096456
-19.19452168297533
-16.331797376793087
-14.702018963489575
-3.990321897308277
-10.5669638586185
-14.125480250408792
-18.996513633207453
-2.7847047557427214
-12.54459689297964
-8.089493417852058
-13.31155008621448
-15.005446496018367
-16.386614557887142
-18.732538225347678
-26.257448004773757
-24.675070902388892
-27.15347663017253
-32.98921775135402
-26.508061441178175
-23.42444352769414
-31.349470707880947
-29.76717336119885
-26.03477015321597
-25.580951913736293
-23.700121661518068
-8.83107457334508
-19.602978648611067
-13.521196596443357
-17.263547574096506
-12.832233091539509
-14.554526387859442
