-9.761758323337348
-7.903048464348704
-12.566393005246875
-12.6975175361586
-9.588507056547435
-18.31660997562393
-18.70764546098013
-15.997808684692755
-12.89965035130431
-24.85191899315793
-10.6049596624487
-4.65770166139909
-2.6675053155642385
-12.594366631030994
-9.816616327505884
-7.663010366425773
-9.424873795487713
-9.19550885831159
-19.278628416181416
-13.669610053889027
-13.730489714297805
-27.30688782966645
-22.749397742104602
-24.336369218965302
-32.52351010267139
-32.385858735951054
-41.05224441108631
-36.98144328366261
-26.04675932156932
-28.121278154770952
-42.94662854113926
-36.42250444774812
-21.84389908801117
-15.789025227608864
-23.508788503639888
-21.055033216900828
-15.767175273472755
-20.054099755493322
-11.797096616822817
-20.05904109898152
-22.317136934778386
-22.647013920484337
-24.307613987265395
-28.960047316395947
-18.22838938236031
-13.494062455496449
-3.6564380008692368
-2.306617891735205
-0.8981971795519192
0.7927713767944045
0.7569610901338322
-3.7538884039631375
-10.933821209062462
-6.893124674384378
-4.228627374647379
-17.512628505527324
-17.320430917817788
-13.675704054050605
-16.88792918705428
-12.332362034778821
-11.913693907690938
-16.110073093246427
-17.975195432416786
-23.679177049273783
-12.986156158520446
-1.834544739430221
-10.401904708807717
-8.301219858708464
-6.831309824697748
-0.4822229873113617
-9.452184157311569
-6.024291388832937
-8.154181718399252
0.3898003899437148
-1.1799824977236593
0.9580531724370548
-14.516299027749342
-19.834322612639607
-28.396214593971163
-18.394979781838988
-29.8094639559181
-41.60226654126079
-30.987927560175727
-29.08003640750843
-33.68978157907868
-29.62012136921701
-20.483147826214
-13.320770982587959
-14.917809768324805
-28.725867740550903
-23.407824483024783
-20.03586149828688
-18.100143688800205
-21.551546756918825
-17.393909895839688
-1.5000856227717043
11.416145446447194
12.873108642907386
12.209826702582188
4.804183461361375
1.3754432465178714
9.730853346395648
9.548625988759852
12.725903198082188
7.9882670335652195
8.265180561775912
7.456756959822062
2.2970771652979294
1.2400892931058003
13.502228330859653
26.05853709008132
25.623740666075047
16.687104122811128
8.671118207683755
-6.032639571096772
-16.91698255615417
-26.757456764022997
-38.494621195926634
-35.221359548587984
-39.669619260427254
-41.57334769894629
-40.37441371818897
-36.43411858351075
-32.45904873994307
-43.41051471202423
-39.05791396891596
-34.77058742269535
-37.39353291701253
-35.713537455611245
-29.319665787690557
-28.322793253111033
-21.15432261929094
-15.090317433560125
-19.666437757004186
-13.118357848470446
1.295403330314405
23.25894559964841
22.554818611116996
16.940137924643242
17.00490801635281
23.17150684311233
23.651518757202762
20.3746000803518
19.032090904287102
20.509196212250306
21.347392222287773
18.52827406697553
20.444443183795702
19.375314354616343
10.901581346765688
16.71996786541611
19.933645707222528
14.898399408030553
14.048886972312054
8.061252552781768
