-22.180034239227886
-18.649262713608852
-19.81598300491399
-20.940476835051573
-17.678053161042463
2.440523586081217
-9.426038057030503
-20.764978210201548
-20.306923557049988
-20.060713736930424
-23.32079663965131
-15.405171842313175
-19.281810419348325
-22.511126999716854
-26.450799204520887
-26.24321161422852
-29.9273792901193
-35.10156416175272
-31.197448150367197
-31.266238793101557
-31.95917928777413
-33.54737652768357
-32.775064282570234
-27.41454295077488
-25.77670933616509
-25.007364083704037
-30.3347579834619
-23.94572838232945
-30.18366109003162
-30.585232343897967
-21.00275360748536
-19.56200475593504
-18.590143422640807
-21.804706434050413
-19.700392434045547
-21.636966827224803
-19.579402164694216
-23.22373043894089
-22.264080836925306
-23.891603412246138
-26.161222578058947
-27.121116137842325
-21.10993816442424
-7.505126948911425
-5.430004400889382
-20.784568305260184
-11.641261143281634
-16.58870327128794
-19.75125782487964
-18.815564488002998
-20.107027205635262
-23.714959822979235
-27.261715526055287
-22.15408924795523
-24.905312880590447
-29.86195968846188
-26.293939014087663
-22.88417094664246
-20.180717885123972
-22.300524329710626
-26.136579611866907
-27.469246858373793
-25.791358167678823
-23.087519227782906
-23.07324056444207
-20.656335682227148
-14.721129251233375
-24.393164097308954
-21.988497830062784
-23.609264766716556
-28.95236841233661
-27.046394413596
-30.511904959387355
-24.30086922797902
-23.882029138848853
-23.72425475886377
-29.802274809500016
-30.57346122529509
-24.003155910342446
-30.96378433152092
-34.29011380933145
-31.98242743603664
-28.956256789527288
-25.41049394387701
-32.67385330835041
-33.413274207439905
-24.087998474366852
-28.378303784854488
-29.0345238375887
-27.245121066086444
-40.248553068461035
-35.60933360692494
-29.080764761818514
-29.888285423378477
-34.291144264703235
-33.568151525894564
-31.37279853378325
-48.39173148711689
-33.944970750108645
-34.64355059806924
-33.97038809707785
-30.80149372753496
-23.43198269762429
-23.59099360106068
-28.65455440175609
-27.074689449026614
-23.340469150288293
-35.36721262758514
-33.31589365887208
-30.0948142143255
-26.08714942795893
-25.3461193012785
-23.374784863586093
-25.37857690606453
-30.676781932002847
-26.050003423173123
-31.006787013446928
-41.51693094069547
-40.02613284961912
-38.49742529035716
-42.16823440071574
-35.18815127575036
-44.493403710682905
-57.486321003482765
-50.287304351024325
-36.314234805276925
-36.66769097895307
