-10.150940499266786
-6.0545727134817895
-7.557046772309303
-5.56919410190829
-7.29591323415
-0.4646052608010338
2.321389885800113
8.343156378136397
4.881151969573115
2.3392668529897707
1.1748687600872818
1.3211948699200868
7.383481720318312
3.9647863016909266
0.9495629714454096
12.886399178784574
9.014651705675613
11.375699642174835
8.806444727673068
-9.769820027894008
-22.80037272364705
-27.39696617252609
-38.107086959291095
-40.46743525656761
-23.302627921771048
-22.79249498615259
-29.551572128200306
-30.74029607787505
-25.093437239625164
-27.085417119347433
-20.33569144091529
-22.85123636973655
-33.29741608461001
-38.45848623245405
-39.370391313194304
-43.074652932851066
-54.557157969166134
-45.94706285403304
-39.97640308464664
-34.01739226397894
-37.49233535590135
-39.59299763568736
-31.371075223582306
-31.302767124327048
-24.529568492946485
-13.73836042516794
-16.236611397650467
-13.17667759807668
-6.881525363869432
-2.381593848634485
0.454708930450605
-0.7235946521845711
6.0175485373988815
1.979841923440718
10.151082732746275
6.1038799773912205
6.6155127581384425
-4.214711323668394
-5.746659364904184
-6.897397849298603
-14.107497158842545
-16.719417827062028
-26.306487782594882
-37.167526168931396
-31.620962063309175
-28.919870978131623
-35.94481196303116
-37.71903257948222
-37.469313576018955
-31.439327819328078
-35.10107659206434
-29.78335263542127
-20.235825893039504
-10.348055117648745
-9.468440641185477
0.16476294449327655
2.185982337837141
-4.850382927585469
-3.782915834211912
-5.0705166468116065
-3.592632419223382
-13.588792127084176
-16.371417809873822
-18.85424731248697
-24.16643379773972
-23.87933390204465
-27.77698548274159
-37.05393659045274
-36.48996834825997
-35.83581052626861
-29.237297819092603
-23.01108312161811
-23.17647995264381
-39.08943282002009
-25.54611388726839
-24.851693151674045
-30.888115271569248
-31.739077868071558
-33.84492273862189
-22.54809031071794
-23.930455726908487
-23.62951488665601
-20.043496039126044
-8.935484697073962
-11.740006134887569
-3.914526583408758
3.8741562669225935
6.889230052149498
8.387442222210149
8.274859244449544
17.088588956467206
19.680344002255847
24.207373848445837
21.81737958641548
17.0907694867716
22.689969749648352
23.5215934538802
17.526277046363713
15.802658625583774
7.8339471585418865
-3.863088593307763
5.492156360577702
-19.557057909901065
-25.41453508019917
-25.65165375668943
-25.35155860575566
-28.69703785551504
-21.857329882969516
-26.65705247803584
-36.627288883033984
-39.329199189690655
-45.456686890632156
-42.32321385235267
-38.57397845896782
-33.18119517163741
-40.243792723571076
-37.398235294110926
-30.322697102326718
-40.936325631619646
-34.166896065516895
-37.27880160412397
-34.47406842737135
-25.778308356017934
-33.39743526065013
-34.81214498607333
-24.016567366894346
-20.194710811123873
-17.081240471604946
-16.311888159254252
-9.659974018937627
-15.843762357705321
-20.26126278696696
-18.200114329002638
-15.53571316924242
-0.3886679514323285
4.056318434507534
0.6981423590477511
10.130132056301065
2.7600447989102768
4.586918392940492
4.483467284838274
-3.3755802450900063
