-7.456728139163616
-15.458412006218564
-14.968469244394633
-22.190137379588265
-16.008101906096567
-20.313118703606765
-30.646576759652753
-31.867429712578588
-28.852807285371718
-26.61657682302998
-23.87829926993666
-26.162156906760238
-19.780196544611247
-31.21969741743564
-24.76812855598843
-24.36800336717997
-20.269776854152386
-22.98106625856341
-33.54756856352805
-31.50854157236585
-31.64436207902845
-33.3953878801778
-28.200086021359787
-29.398968821164484
-31.705708014436134
-43.93834235019914
-41.468075821756244
-36.09260439344629
-31.359198200826054
-26.889999877743648
-29.295560319956227
-33.749632075068924
-27.16621869111957
-31.316653844951233
-26.068332188166515
-23.388769808807684
-23.376340845127817
-13.041744653242759
-14.60830097034833
-6.479810918561187
-6.87523173988109
-6.9774287511112965
-7.700459671185938
-6.709264680672733
-3.160349541910385
-12.189451723171766
-3.5206518422559734
-3.4600606892307737
-10.029756419626203
4.698545717252178
8.419326887073181
10.732451637510989
12.731091327102476
15.54719334944062
11.095773258416854
13.706397304413242
15.92759423670596
11.361379784037402
3.281000882107705
-0.0036478387592724384
-1.6847269780859035
0.21674062018985907
0.646798919919474
8.005994771097155
1.6801626300765284
-8.84142891299757
-17.266559956173566
-25.48297443236246
-33.70179704330783
-45.9404396227353
-45.96033465937776
-40.07541310828649
-42.8307471863897
-35.585983360798686
-29.17251949031694
-27.82287723044108
-32.91777274468803
-27.401663576979853
-18.60676349398888
-13.621293999376602
-12.626476530104096
-16.530497956648706
-17.594990436009244
-11.886881225683886
-14.435070196739993
-17.780609495687933
-14.007412607724964
-12.928246205327628
-16.812791177051412
-24.359821868970887
-19.534913992623288
-19.8124626379556
-16.035532985906244
-7.226242365470919
-11.00126834161193
-13.323159759148885
-12.118781102533578
-17.775537382238703
-15.15818831224895
-17.004436611860367
-19.214254853968846
-12.54616142884899
-14.489221429397075
-13.670018774165625
-11.049782389167508
-14.792695692479516
-10.520857097757082
-16.541377586717118
-9.497698938231798
-13.870985593975458
-15.341730165416367
-2.693238206390283
1.632546684486379
4.4256269965788375
10.323035939900162
7.95997982933791
18.198507900684923
13.91059604681048
16.3621700607205
12.851986598190289
14.293775159640727
11.408583264475432
13.323201928597937
17.924642746926867
13.294920441470135
17.22408399767745
13.831760613073506
9.048274565082384
13.24136258072844
8.516599619697411
5.704962997827732
2.4661564459159675
0.8565770487103316
-5.406474131779827
-1.4754073615224663
-5.154640032696396
-7.634134468366294
-6.7955755893556224
-12.816406976578426
-19.678521789336106
-19.413506395823664
-14.875497535628366
-8.782572756466015
0.08572232560657086
-5.651493272078643
-7.675906550979791
-7.030747860468763
-9.337741703959008
-15.857508296276189
-14.75411196183141
-14.463580032216614
-17.409594236239613
-23.627536032920545
-11.114597836620913
-10.114973758551915
-5.131295628832548
-12.505428651834366
-12.75283317893983
-3.9415196223057767
-16.188340883755078
-22.615295745402783
-27.69101849184739
-24.087155823017273
-28.842426498158893
-33.63012905249673
-26.09665581556429
-18.4676807348348
-15.621273249482396
-6.746667008278524
4.077707945287912
5.965269010631419
11.815610498126054
8.744011127314728
8.433151210793907
14.776020755796035
7.518066335379538
2.919103737789833
2.2963732261305667
-4.614694805697667
-3.4497275795930213
13.53771919940054
11.341460224762411
7.266751420298566
8.381304395269076
2.8739021387183024
-0.16018947260213104
3.3081104051195864
9.70570353902267
4.2435023831394245
5.829365423225063
8.160643878682079
2.788429324609261
-5.35244860179742
-11.255378101803872
-8.823429341880587
-5.518276716211369
-2.9638134211224374
-6.007754345686072
-7.313841996539138
-14.640169020455392
-11.606177518494311
-19.46230857117665
-24.995534191434302
-23.999195148613065
-20.072705300615887
-14.798326591458144
-22.72171902515377
-23.362830951052064
-18.1545959636113
-19.52557066412421
-19.644051347457516
-13.672136328984738
-9.214991867640133
-0.6015225900444016
1.7022652300244547
10.222821898344167
14.269413735268186
5.844856803844454
7.735355670449207
13.906178393847759
11.90191120691093
6.640045743549737
8.218067865507658
7.1084526339813205
7.665607084918423
6.340493529735488
