-35.80057776869481
-40.99955937598896
-43.0866006435055
-35.64348508229236
-28.701031118475505
-21.822765901522292
-23.192393286620625
-18.04338265780964
-17.771860427606143
-15.776357617075544
-12.175433029192822
-8.781059498792228
-12.7755459180999
-5.65074331463138
-3.190702414585937
-5.109470257211036
-4.869530730497613
0.4137309546314941
-10.082049217949931
-7.835635784140444
-7.764588904815733
-7.2159867074662305
-20.923689742171206
-17.4432360203875
-23.60661441158956
-31.79492282658832
-33.7215275571126
-33.72578572042648
-34.910420680304426
-37.49343058709575
-30.7759708013605
-27.26521949330388
-27.65154380385068
-24.590414276377444
-27.5975973000683
-27.846646070066317
-27.959799618638588
-32.14015968064209
-17.791929762323985
-22.90122642634581
-29.244306201529582
-24.84259374476213
-25.570136501702887
-16.46812131570605
-33.70165819035371
-29.992418625741674
-23.889075208532358
-17.78527773197708
-15.307758855489825
-7.9587273366665885
-3.4160823176494506
-0.018998274415230564
-4.765258676195958
-19.44417148218257
-17.840312976908148
-7.730751531551911
-16.484125060316586
-10.694502356730288
-10.814316038981971
-16.208714838748037
-8.752731608721799
-12.202811973843165
-17.297228512756682
-16.626674770151986
-19.959065182265192
-28.468633835906324
-27.500698774107452
-20.642056808069
-25.29482953820044
-21.412449676349013
-11.576233186125386
-8.70017352075992
-6.576569860273283
-1.043622168285124
0.2426965378238986
-2.864912113697226
1.3442152593411365
3.787172286170746
-7.883994467040093
-4.9817482217219045
-0.5766502803362038
-4.836015390461246
0.2990431568996059
3.402705720458433
6.7744882534359325
3.2828896961965968
1.4733843531109687
6.160488601023352
8.470162254774987
8.759719397472077
6.162422899585189
4.738195538449347
7.770801977375322
10.092501217120958
0.7767263906140703
5.15840206703353
-4.850558898999516
-2.5793136753586627
