-9.107569808496919
-10.758614737672005
-17.686615253777113
-11.505096562343487
-19.88241930557852
-34.0507018163622
-32.97187162730086
-22.71477337304914
-30.879061864664003
-28.69688657148175
-34.06378854694124
-33.820452188649284
-24.7997932733316
-14.96439543766667
-16.466077779822207
-12.868020694978357
-4.5204574831393405
3.981223216951689
15.89777709174315
15.599119405834045
6.6015942882347565
12.237562013259678
7.467186892381943
-11.137198536195204
-22.331951618558094
-33.348838750333535
-45.658171335619976
-40.99248183748364
-33.49701872644316
-32.206925902091015
-37.50662303548017
-28.33475326119557
-29.717044717144017
-30.784768034513412
-29.92437780716441
-39.58728587861003
-37.64970661119466
-39.872025577212646
-36.70124381212636
-40.020770603007975
-47.84130973583426
-49.01848015047743
-38.807992248203924
-48.14226023981399
-41.36676131529594
-38.38983780552304
-41.12157139115305
-31.82092356892319
-24.397058467064518
-19.90301524490411
-19.25272995878096
-16.242910014673836
-15.690700209479509
-16.97321564184707
-14.754609405024748
-12.707420010742672
-34.637000421860485
-23.74909314338425
-16.61937013350682
-16.106264153678527
-9.30456328426185
-9.078412082151383
-10.303017380895332
-12.111136514534119
-16.56094517684635
-13.003383930955968
-18.101963198034387
-22.694341440124603
-27.490683931298623
-22.235622272215565
-9.276452565281597
-7.410768166124956
-10.393572203674433
-14.03938494610827
-3.611577266462689
-6.8479890817628135
-15.476561016516031
-6.713717597806332
-8.582476832197639
-6.571565354863557
-5.257526751649073
-12.042917895035233
-12.514152942877873
-6.9708188542663825
-10.078685249604831
2.0041692382265186
3.791593002165943
2.735805372316736
2.207046598655687
4.543222631910736
3.1727010250187053
7.138971539846847
5.989939184428537
4.879669461421403
0.729574638826437
-9.101017498556534
-7.671744342766577
-13.084002305280915
-20.5140555556042
-32.10833431949869
-27.840882582699205
-30.940901899859423
-22.93846838710127
-10.843355225811562
-13.91398385919461
-17.648800732004972
-24.5887147236656
-26.606305922105857
-22.57604538222282
-19.079374454078433
-13.540925920626087
-9.097118163750263
-3.634038312884869
-5.680650673356477
-4.4141246666319685
-4.465950089734812
-8.094477864026375
0.11016605332532928
2.3161274528087588
0.2787543062778819
-3.3060282015529783
-15.275276344075689
-15.857221584762224
-34.07522749638569
-32.08438436779128
-27.57160038153637
-23.696889828007922
-32.13532372061861
-27.39271785141356
-27.04105381220528
-30.137498489609786
-23.298276091708342
-22.763274363007394
-18.773803689819797
-28.05861068167795
-25.126565542165245
-25.396359665990644
-15.947752601411553
-15.877511796426212
-19.16291481040164
-20.930225161001704
-10.468862889971009
2.4048736825772763
4.861396171486222
13.354324484646671
13.901334553155682
8.172403533016091
12.44351791645251
13.03271792072234
15.43397922282866
13.574321688442142
2.830347754978369
-8.571194505767581
-10.582167493259847
-12.870006404515236
-10.586516272381221
-8.72762118356257
3.416026527800021
-14.213782162886998
-16.733737992883093
-13.06346252049517
-8.318035696338653
-6.235620234179777
-13.248520471806344
-8.849320046026312
-5.864219263177762
-3.3854771562612367
-12.13619634825599
-16.743615072872846
-23.310526039490863
-21.670902115571252
-17.428424624641327
-20.087126288953378
-23.65817198418672
-19.271099189309272
-21.329342661743286
-19.951452491860763
-13.151919790305802
-13.09454233678101
-12.003111915498305
-5.792669426097852
-11.457303996171346
-0.8905482493683946
-2.6158734508661627
-5.0678820352530005
-8.228439640133463
-1.242200157530071
-7.810099862747131
-4.018026330863329
-2.8235761684839145
