-9.131378381639383
-11.341828140568733
-5.559581869423625
-5.078594554465798
2.2535555969698318
0.26893736888677344
-0.7201327929583698
3.810203464465351
3.6655493575840468
2.5623428565225685
5.749973404699298
8.06031957716285
-1.3406815971111328
4.75614643760981
5.597174384760928
-4.055419699160897
7.1035959299753895
2.301175571956428
-8.248609213150383
-2.296301522833971
-3.858203008455525
-4.106433805828451
0.5575897757577495
-1.866430871444564
6.420436682534057
0.9785641716562004
0.5757537437052807
6.521927455970347
10.960110915017982
10.141316963323568
23.93091756417093
28.87092168615603
26.282600861500487
24.249251235581678
20.81386055783456
20.063666066483485
20.358720011083054
15.531025142671494
16.2637549734988
32.46859843466501
31.98476875364312
25.39131324579505
19.115263345010508
26.79815214531415
26.701908557172047
35.20681125770035
25.102128961628807
14.17709456273774
22.55522621628427
19.197736227900148
9.118156301456406
10.411824276441804
6.009637875965987
11.314801862190725
9.957696802972096
14.807021541050831
5.167794695165543
-3.6210125889949913
-3.9865403167542217
-8.464542869600896
-15.049402840381124
-20.723409633591817
-18.80969878930152
-26.31827780887177
-30.819425747146603
-27.26722093705884
-33.18873048711923
-44.69684493200018
-33.036321042642065
-29.691392958621933
-33.35840411686034
-25.080272693864824
-18.227570579445047
-20.03238855506969
-13.414994310880662
-7.6171432347822075
-7.186456546011021
-2.8061107515856083
-4.5490399233171095
-8.79043107022637
-11.508865838479535
-3.8133174136415184
-6.141703994065943
2.721260413526078
-0.9817937137468716
-2.8646945224676914
-3.145358990317893
-2.40846139983532
-0.8059990314757829
4.523544264107235
1.44485813972148
-7.236270991992365
1.626361268240844
1.1554920476831614
-5.107151051630106
-7.131864735894574
-11.050365050000355
-6.133009476160706
-6.2352139660364445
-11.32710230748197
-10.168823563807507
-16.399481494600465
-15.869642413298724
-5.6911023263415625
-6.715468833617308
-11.683060367973745
-5.180776220663227
-4.486143177813877
-6.773715623894316
-5.2034244067985025
-1.3621714677555763
1.8196984798032716
5.0915970735170015
1.7473416813307443
9.98769892237851
7.013567279741946
5.347448623996625
4.880014652317875
6.79163553000342
1.6366227835472211
1.5570764736039269
-0.03386305904287546
1.6819884258720028
0.5753613921514065
3.846389863766148
1.7694779514292007
3.766777206465645
1.2065694880072535
1.2642042890830407
1.4584276800716076
1.1733073814406618
-3.349889841455827
3.0669979421550027
0.1977036214304095
4.206324974711227
-9.868006215534157
-4.453753452483597
2.8482335050856564
-0.6255872569868307
0.10157420633031453
9.525334849925967
7.52491216198367
-5.148112493503959
-1.0796862414866566
-1.9212817626765082
-9.345877457847699
-10.839781272455633
-12.752436266603544
-9.463213575670236
-7.161449364687358
-12.828774867714705
-22.42193691229627
-22.335007378331486
