-32.12884564901838
-22.448960208678013
-16.732507368106678
-20.991599415169446
-24.194752348080158
-25.375909091287923
-27.798994467899195
-22.385629119215828
-18.66306398405798
-26.50059902445967
-15.681144850987156
-21.59558619419333
-21.758669351008763
-18.62588303074266
-18.727260365674354
-24.90344972642057
-17.511198303358075
-23.195587518146773
-20.462840309559787
-7.046307238002861
-15.486603791495176
-13.69744753891428
-15.588046608200312
-17.402449341853234
-19.12805923024933
-27.54053955990041
-28.3304124914952
-25.913765720906795
-23.575214999852854
-22.15757273895364
-26.45032179666393
-29.944156632029163
-29.574124233750318
-28.961872276085852
-22.79942433070547
-24.349622132570467
-20.09792731916321
-9.665168292425848
-17.71629705589166
-26.82660753131587
-24.767688698867545
-25.520680964540826
-33.019371734125976
-31.770737875596446
-22.660876431176074
-14.248523777464492
-13.675037764990066
-8.442951120136089
-11.09886512003832
-13.513461095211131
-15.782348791554721
-14.238524530020449
-8.32393530578711
-7.751014575536273
-11.79647702984989
-8.101161102992043
-7.307725050789492
-12.40244051714867
-14.524858249245431
-10.728948767232897
-5.1565088130280685
-14.52650596399969
-19.442118898706898
-21.22302697188979
-10.110607797819805
-20.386099771014205
-27.91175788546077
-30.366872974103664
-26.538105804414634
-24.84484421298561
-20.595102122617327
-19.635616506425517
-20.16960149608544
-17.591920493826617
-19.8964650852151
-33.05625326847256
-22.443971313234783
-25.891495243913287
-24.46802504933313
-29.995855501678037
-29.164040285747173
-27.17797006157191
-25.182798560573353
-25.546819512306772
-23.640645116298426
-19.44322574826162
-12.4110319814604
-9.385995781014245
-10.118894716890283
-13.682895664476154
-14.684163216927864
-17.32343983543874
-18.312170636119347
-16.424280767004024
-14.013405497012045
-6.626675869828568
-6.358859685541352
-1.3941463415110051
9.399597647663574
23.479395773666248
29.12045257810368
27.945168558054995
19.055626451600705
10.172076415267558
13.682919757893247
4.433793997377676
-2.5164103384093397
-4.088914655491408
-3.1432763189883834
-13.922329575609254
-8.528312139243775
-5.6603743344543265
