-38.518973193716995
-43.195877148553905
-51.78634173018926
-36.399719148595274
-36.74147413064764
-36.265875028142624
-31.648925677791773
-35.53193084534981
-38.364281539054346
-35.18988439995903
-47.008770102794074
-32.61760621809977
-28.40717904805812
-50.66058060869057
-40.426687490526135
-41.706634925964906
-49.735426069678056
-47.027637084040954
-46.59533160629481
-41.791754813317795
-40.98620261243836
-41.08630171763936
-38.370592008039324
-37.52136813804553
-33.57741896069903
-29.02017730540997
-26.52851483058429
-20.426864287200576
-24.219419508677806
-20.801340604108876
-32.444900937067885
-30.790221614831523
-29.72666946072054
-36.307572192002574
-31.16472850531753
-30.496923772726923
-36.330802426614454
-35.340953538412506
-29.11884619217536
-23.87789507531587
-25.55910928073473
-25.38136101793904
-31.31205648068277
-24.149792041548963
-21.379757345614603
-22.793873953187266
-22.72244142074723
-20.196271524222702
-15.91183505515502
-14.597484919518989
-9.018972587732273
-6.001313112437838
-1.2278467347675341
-5.269537925044343
-6.9746528375468495
-13.718767276178529
-18.33885576279976
-8.501172830680696
-15.11935834365951
-14.301782490068307
-13.292087314335813
-14.457825147861564
-10.735239071078334
-30.578715115940426
-25.977411157455588
-13.481371998748253
-13.236455576725335
-12.523228648904865
-16.68360352912216
-6.09206565464991
-7.3012607413849056
-9.493573211692572
-9.290885064282481
-5.550374344985093
-11.739329675308698
-6.9449554162393445
-10.836416327819448
-10.702524895655
-26.091578510172962
-20.437131340619747
-17.62812032488348
-16.942018749847026
-17.623861289785317
-21.607181524785023
-15.479835696618128
-23.15649419913544
-24.864364587413935
-29.25762200822945
-24.340137425700807
-24.17982681537164
-13.885266323039373
-16.04340504569554
-16.00362489178752
-15.545033355168547
-10.993620239142542
-9.484838069579512
-10.78869659344332
-13.833906820132365
-11.031158268841114
-14.630706410133062
-16.89755953981349
-16.608088827503902
-19.40321708246589
-21.117615912521906
-17.89161415630969
-21.090333038382422
-14.956834884229693
-23.51967084613031
-20.98016803494722
-23.1742072595311
-18.057797515015547
-18.542626381843146
-20.4464004869144
-18.725163794017657
-22.68970577687028
-16.015851836016342
-21.66108954877925
-21.66394066731113
-20.332621706511524
-20.38569029805749
-21.807543002408035
-22.920858959753705
-20.929628739117607
-17.02246314245674
-19.391671808977648
-22.153667995926952
-25.431619449506897
-17.428123683123438
-4.405171222293146
-2.138341004743588
-1.0979948772561217
-3.2975223111686485
-4.3823630356553975
-0.5667388362826937
-9.304782754869057
-14.17040877420131
-14.013027162601821
-17.002388889057286
-8.960893085733915
-6.706952309838928
-7.618575740703322
-18.07422565423439
-10.652799323893927
-8.674009461838299
-11.569325025492676
-12.019298135082432
-2.634035499050128
-5.031428053345407
-4.593578155329362
-3.8611234759844058
-2.4714222296975543
3.2763790690509507
2.0518997078997656
1.2020358929551318
-0.11662714196189655
-3.4888652576880563
-7.796205972622863
-17.399135875332252
-15.541078378283999
-11.200325656877816
-12.293737759169135
-8.544509931040317
-4.7262342779217645
-2.6500538904688766
-1.7226321683658696
-1.9950778878536748
-2.696335651130209
-6.163325041361245
-6.163526416640242
-3.0535591458057167
2.6692651789095336
-4.143865930635312
-9.771149449930713
-13.128222106348176
-12.16878757359622
-9.835648036943043
-23.771510720054632
-13.563426437719288
-15.744239292834664
-17.575236936037815
-2.012201181299683
3.2201019634787262
-4.583793109338764
0.17384147479035197
-1.4726889521236093
-2.9926736565245764
-5.929076820278465
2.571849213363433
6.877429116239535
5.230994451955492
4.142846365079348
9.509871684437561
3.3612876000504506
-0.9861791085918908
0.7490438752474138
2.630352219342861
4.4375143115886395
4.4738222402749726
5.872932390543211
5.758939089698168
5.925478849314304
3.2163342091095237
8.206910608196695
5.5784096481030545
8.736768437438583
4.0707617658186335
0.5970406932662251
-0.18985732882477388
2.185379880314612
-1.2356446317294176
0.20778022516830247
-1.2132760945416166
-1.4919434161952516
-5.328091746009865
-7.125876411948526
-5.55912194707971
-6.637210328937877
-0.29998803225020565
-5.281732019273017
-3.253511547829925
-5.367748573944433
-6.100985603594822
-5.142920573661251
-8.587039496583621
0.8344891354796059
-1.8930988351922768
-1.1980992049935748
3.580190397676458
2.1170078668578918
-0.8594000454246687
0.9287196327732854
6.231147345276872
-2.0421552941006897
-4.956278528940223
-9.125727438663848
-7.643559101409182
-9.405801380869548
-12.921270267573158
-11.951027968166821
-16.680145661254368
-13.979109477029269
