-17.82770069823193
-19.864425452519672
-20.899239138942853
-12.064879518154518
-15.041340043034243
-17.489470113139934
-32.23194958293073
-33.548788545973004
-28.660260539940964
-25.87502275466628
-25.186790754376627
-28.564034687529503
-25.36649533925791
-26.181955930403017
-27.71283084401761
-19.8702203847668
-27.59945924756448
-29.369216358929393
-20.79439301366681
-10.340271957390174
-13.193161616338925
-6.005902984521841
-4.541747254954224
-12.31162850946735
-16.506124081440213
-24.154537053410753
-29.509745991355114
-26.887602720667502
-31.051990851758042
-38.445481939209735
-34.772243357380425
-28.57206302161775
-28.06461722069357
-27.924535032560797
-25.755959076033587
-25.544017951928538
-16.6755767812095
-19.76802331067849
-17.648661842952663
-16.604481463137578
-19.271711553302936
-22.121763824470033
-18.727662282097683
-24.37817893834071
-31.74701409992475
-22.55866955462069
-17.375638039376348
-20.37480159701897
-27.10750683684753
-23.632125826551512
-21.664440776320586
-17.239949045606362
-20.041407614559372
-18.29330609598861
-14.754396384424382
-7.756573061431492
-9.815988537516628
-15.587058260091943
-22.240998688659747
-26.448908948347523
-23.669766707569213
-15.796609017285027
-15.834543283714535
-17.740261681258023
-16.06594405502883
-16.549731922158617
-25.15696290203801
-28.30447067025024
-28.864556334797694
-26.992530840180002
-26.874617845781387
-23.153630538968358
-19.53899864793452
-20.922178710742998
-21.742957658557764
-17.754094166288763
-27.639154304819304
-26.11616312977341
-29.82128667125185
-23.724608897367787
-17.520453237603565
-14.38749160236316
-14.86802329132005
-8.383356369187684
4.128199992064717
-8.765273555437075
-2.7721500419897653
-0.6495813569199755
-2.207947285309559
-6.858816554053828
-15.8930574168168
-6.05568290077832
-7.240279987141597
-13.052476654409663
-19.735335751578894
-14.479296046360384
-24.711067656632075
-15.739888926460324
-8.280291066394422
-10.366698097455457
-8.749976104139973
-8.582604828211716
-14.143082427328991
-18.236245770029363
-18.309029368416837
-17.86689551459761
-14.719047963861946
-13.976712609481153
-17.433221172143863
-15.922901514340762
-19.25376605126092
-26.351914101368862
-27.65191474859999
-26.990293658470865
-29.89143306247312
-23.815350544188924
-28.072175310555938
-30.533649769577746
-34.34588495720325
-30.078228547213968
-34.55060032799027
-34.816701610100424
-31.63494831944952
-35.584171872812185
-30.69341364244497
-28.87563013816772
-29.450248580766164
-26.127812582972574
-29.73485527464865
-35.340382587517574
-35.958967337544195
-40.09758219856684
-41.37056739905049
-32.430061918268606
-29.846917685861087
-31.210655871735238
-30.661532155767514
-28.28106510283661
-30.134153919215866
-30.06973995723456
-24.04890311732078
-28.949940301526688
-28.142373885373782
-27.315341063589635
-34.532917014343504
-29.87234656743041
-27.26409349792079
-23.818046511949113
-23.981462505588198
-17.699029763682674
-20.759021648170567
