7.352438383896952
7.095540529193148
7.269795878181426
12.93792557620291
13.763770961724187
13.521606239034801
26.525999389484628
20.956463208287737
31.303319995575126
29.19713411923732
27.635840657121282
31.696271409800268
23.67762871133345
31.40148242886755
23.95012746403509
17.9226379430463
19.364408625737198
27.838298311511608
26.114842379018945
20.486224609593297
20.34626233820715
33.04416917336957
29.24643340653386
23.490367795626174
20.607673333599354
19.85202628892938
14.09573593796983
14.010052728107375
15.16602042403754
14.457395806796985
17.412642124735132
27.076584591424407
26.329950501223067
24.52491412021139
24.68466912938137
22.79004246999632
22.735508526319123
16.811653662505723
26.425352722131514
14.741497157168508
11.186775083681383
11.124628488198374
15.24475103089036
4.843815638866519
-0.5803727713619143
13.875907268211284
19.46602566643737
20.02994712497676
17.336956027616242
20.588123035663074
20.906141709690395
18.116888926390022
3.3102351319776253
-9.491890922782185
-1.2020635936065398
-11.508731674305125
-12.0121307670718
-4.332642640677348
-8.214147547636024
0.10371888853259424
-0.990425350816772
4.759228933831592
-0.4207686868715388
4.955965097082715
8.593044867784112
7.886115320520292
17.860683884211902
19.873293127562317
11.528158853651252
13.338096399648206
11.929551761557939
14.470228353650267
11.030070259911827
10.004612231657275
14.895303194983859
18.623128017641186
18.29146263576865
9.598823094103137
14.650015602252017
9.237008531597102
-3.1749462134429933
0.3914647862507096
-15.376979386126079
-11.086460015695154
-11.863299664049473
-22.042886300079605
-17.381648464243597
-5.6023167140333605
-12.74981177360267
1.3398369752429895
2.878495910908682
10.98853283149118
14.474099012521648
21.46788734656807
34.32519599403966
35.5038112534829
41.06826985016557
40.49671919054134
35.34274002029374
30.727811654996827
24.129846751489627
18.898725388102612
10.395542713072773
-3.392447754529732
-3.331930932914719
0.5158223935648547
-11.50571410193812
-11.871396660680134
-17.200800009865606
-5.8179920024025975
3.467161803421285
9.156565267445474
3.556307786458565
-3.466656014164008
-9.349099279715622
-4.660299708918206
-10.381198124747977
-12.075637108019547
1.9835046458860808
-3.4841097655556705
-5.622016583984548
-4.219343082700851
-9.760162934158716
-12.002167481791366
-15.844441673688753
-4.892062478778759
-8.32243020781014
-10.55744798179176
-3.970157405255101
-2.3900580567545657
-4.370971502570503
1.2349325289868551
-4.255310329006076
5.375242143074846
5.038999964080348
4.7988122767531785
2.7520064251143204
2.7999100370331624
4.4063867799632455
8.745443898724945
11.067440904015337
14.900686362052893
20.13632474153381
13.513670082259235
16.035905467633334
13.436951856633303
20.072625296907013
16.70913700621293
13.774308681007502
18.784277962400427
16.841249276558973
3.9930320405995694
10.724484820176302
8.049681280341924
13.774840213692842
20.087734991189002
11.930189285433526
8.15023178967383
15.98521377221073
20.87658807910827
13.985307276955394
