21.884683865042657
25.323013191700767
21.950112986840736
13.795712911171053
23.010760971526707
9.457591236960084
13.133919812405116
6.381886040689826
5.3205845965710115
0.2134281013493238
5.528187028881747
-7.844900259052151
6.285722703439252
0.738690435122433
-3.2580721262256085
-1.5249729832742918
-3.6179962590497214
-0.7874313760359944
-2.1472834421907843
-0.8760404586916446
-5.901426224879452
-4.2684391257305245
-10.876769043358932
-11.424420460403892
-15.401093754521876
-14.27276801543544
-15.119945455166205
-16.298473175416195
-11.874622824099752
-13.002317748788293
-10.832316021407378
-4.635486982197428
-6.602119821011739
-4.51831577829674
-9.02377756588908
1.463112068988646
7.816178634760936
11.319608411963868
24.036158455220047
30.533832266805053
32.18329046811984
28.28372521294073
32.51255941947823
37.52851208464562
50.435642780682066
39.517061640962076
43.41300965898572
44.013347841705716
54.20164686093279
33.22726844177387
29.31547022407381
25.97997018758143
28.19156411292532
28.957199152983467
26.931266477183446
27.385541030371428
33.692171122214965
26.14953349192817
25.365772499920997
29.248071740976144
36.75001559063475
21.75058627907385
25.639296320704442
26.851304596639824
22.132273123555336
26.289644957735163
25.051711929298914
20.387906230814593
8.017862903736937
4.124956168138246
0.4202869972078061
-7.7067402083372185
-8.663214432249111
4.035009744448725
-12.128493446531218
-18.0927430978987
-18.376929903492307
-19.30585898302854
-16.56554756110065
-18.384853321746792
-17.447453958876526
-17.035578114415483
-12.889582419525869
-11.860350022176895
-11.608073733652187
-5.5190598997592994
-9.940224205485547
-3.1627274669644123
-0.10499129333074482
-1.4576719677469934
3.2698942327385394
5.133760527980186
3.2564689238564486
9.207833831471401
17.153343761980672
20.868420486632946
20.054567209117998
17.680294401916015
9.201286410427462
18.98728599475105
7.4467939501094875
8.166910447846947
14.32634631510602
25.516961594590715
32.44132742884273
36.400477689992314
23.08702248824821
17.61603498889902
25.238465333094855
21.477784592776672
18.352926728993516
18.468406758615924
16.054672445419122
7.746206360282541
6.537655859356222
10.128286511263088
-2.3880459974096397
-7.33980623125036
5.918902151832443
5.2160656116058775
-6.492523956166606
-3.196144033615842
-1.9438899310933715
-11.545237445931061
-10.595153223236093
-10.11721132615724
-16.67015049779346
-15.65196280777749
-11.952869469691313
-4.977956142683992
-1.8477023970684896
-3.083327900710746
-2.6134347122888277
1.7231679654658143
4.595249770285152
4.504480765111663
-2.053532382199883
3.8236620664745273
-1.2852597159549521
2.8955644617966683
5.318557749390898
3.920813428145808
-2.612959566100752
-5.462157620891733
-1.3865130593646129
-1.4101827433289242
-8.479318016414211
-3.9391496132327664
-9.540860315025368
-5.3238641220227665
-1.2067561847393005
-11.122451306970177
-11.206805016246252
-8.807874082229326
-7.008108632436279
-11.498447078424213
-9.051245386255124
-7.4909373830324695
-11.752146907019007
-20.001798454587114
-20.4922548780964
-18.70999066563148
-15.771174244475839
-14.843830155275814
-10.323039811895928
-10.148988179084993
-8.41207174118361
-1.100584492502768
6.393817874156246
10.597533243073931
13.061280319360053
11.855391933407375
9.615662311335116
3.210066631368695
-0.22487037180588154
-2.1738821797097323
-0.4294083574893657
-2.4630685210112184
11.090073645529705
15.149539761115038
18.782250571734547
10.173045923480952
9.229170495776463
6.789761877454968
16.593626551670628
7.962689925112323
12.883652496636719
7.789027231944286
10.767916991302917
7.914257432567493
12.79327919143324
4.577490230887669
