6.091645859382132
-1.0782241087816404
-4.571178196958251
1.3454208878837597
-6.800308972721154
-2.583032272588962
4.236554993550442
3.1315270290161963
0.5209402092054739
-3.579017009649628
-7.569995554260267
-11.485919691108869
-15.847012047858488
-18.11209666296988
-13.593519902906936
-8.973751360589116
-18.465125669342466
-25.086513161465557
-24.85104132834528
-27.370485739059838
-17.192685611174618
-19.806271538975185
-33.815025590379854
-26.935084508726057
-26.821123743553194
-24.751175232750345
-27.81343426425697
-23.95646102391226
-24.059535111179663
-26.844926146311213
-18.92698517727553
-15.247943728040203
-12.472530867094063
-12.881925068465796
-5.579186776749546
-7.774671647367895
-4.932789916558245
-6.007224226441106
-12.285357584118294
-7.924757300305314
-5.637907213245032
-13.187288617965633
-16.842976035677648
-14.661306879226869
-18.695546694296574
-20.730968787340025
-20.39135206399646
-18.230023107261406
-19.885484217078048
-26.44630314570813
-24.081802585265518
-23.574966576436395
-16.838365109422917
-12.5591954527632
-2.14858437400213
6.0443654474983965
11.461451897363164
10.265654619864833
6.077643754647339
2.2245622303321757
-7.433572090502193
-10.605584547176909
-8.917241843677676
-16.253610303742313
-20.402827474500466
-18.958017109823466
-6.561975163925091
-16.09541228951253
-19.25563522376415
-11.396060082811374
-9.870995356851868
-1.0128776141478877
8.10401464002284
17.23341492810072
9.312729325151132
11.442753628619922
8.290582167500428
9.1627070013038
13.299304739582155
6.913185578095412
11.22358118377006
22.100846117248174
16.19768270325994
18.465220329754167
11.80925863667308
-0.0036949314360016266
-10.351762682542168
-8.592744974123203
-9.482777506182037
0.9625477284448924
-15.19310255377854
-17.315835372541002
-19.98220616625941
-26.71045200917069
-27.919854553978976
-25.737554573456386
-20.28812381076328
-15.110669249576905
-12.134507943289712
-21.781136521993083
-29.148003397079183
-23.41411557816649
-13.447557546962175
-18.542512391840887
-14.171146751400528
-16.988716257623974
-4.157060198967171
-4.277269618702257
-15.282099410447584
-13.206468768181775
-2.5759156291127057
-6.666729548149751
-14.722229758883133
-5.345740179001318
4.50450230468447
-0.4305212484043345
5.127647678983887
-1.2918749693148983
-7.975306807394746
-4.204896676804877
-0.5513828840631371
-7.213052196848033
-18.94803392809951
-25.71251446963857
-23.4552408902641
-19.061519852027324
-23.71454413553699
-38.03554540214586
-35.4913397512639
-26.040621091173197
-31.80704827414354
-33.600346814676236
-29.33112950976607
-30.961997841004187
-21.599671323072144
-18.383586588301625
-15.336635534902365
-10.845089739076457
-11.375339036553939
-12.044905693420587
-5.872393224635855
-0.8143862567349531
-8.462106877608205
-12.065473968517695
-11.241060334838233
-16.739428518829282
-12.35630155114783
-11.168824769233188
-11.852691648007774
-1.609779691383127
-1.6869383496137205
1.9570850108637023
4.9053990799432805
2.8248901937847752
10.787558231861489
23.86891612844148
25.163293715617122
35.500322902064475
36.88313001896457
39.97101591659312
35.86328844538756
27.69093463660868
27.698184464016386
19.696157626599856
13.472615157467615
14.591980037505687
18.059063359043233
16.452634482903953
10.376903485443394
7.978203145765639
18.906552965450725
-0.02070597743971314
0.18699104827283985
1.331005842372527
-0.6695837080019421
7.43447708100793
10.13674065357118
14.357231087241304
12.067501714054613
11.327931347168192
19.166975427484807
23.350847032621132
19.831012333840825
19.775176731441857
33.09649277978671
28.069079611786453
19.726125660118715
21.432445811715212
22.385029183241087
17.943638207719985
13.609630148550544
19.00937336536723
8.992038189968664
13.200927603816973
10.3227802752905
9.365267024111027
2.6685349876175675
-5.40113208408567
-9.267149295099744
-6.8845862732316405
-4.2147099891916335
-1.8852187105853992
0.2750119883277636
-4.780819625331934
-2.291148876154703
-6.479508111566702
-9.31938124314934
-9.806441272402763
-0.9231817976041432
-7.867509430105766
-4.8555338417375085
3.640302221594056
-0.2608016535202266
0.3533443375031845
