9.617031061639915
7.46361272329891
6.858805252606918
9.696846580779047
12.079462977269412
15.096419265085352
7.3169270635010815
7.937801976690537
16.001678645431312
8.376948909138278
13.859184280436773
17.367113729970832
16.503345682861177
26.836904246868524
37.4861314227387
42.554476825893175
42.19665191815219
45.803925171322355
58.65236780797886
50.374066913713314
47.56511479639164
53.83665454185376
44.574210126034174
51.62903985096006
48.20063898555252
46.31848041525526
47.125705298790386
48.13103636500179
46.508094328701794
26.653806216386126
31.101903401404943
42.59845972807597
30.846330531872397
20.228002593752862
26.222491466263172
36.60501277280794
32.440625585312496
40.063405225037435
20.517919560144826
21.17123000334016
26.52238131542427
19.711332980663077
21.486999766144052
19.887223882690737
20.186786337946145
11.586224717738707
13.718401518479073
16.519844809620462
9.53345117652875
7.154853790627503
5.749577486419084
0.8505803994403054
-1.7562622415681362
0.9719349422815226
0.5774828297553521
-0.18558206478100106
9.59475324674536
9.543843914932923
12.679424268603105
12.952114267761125
11.869888810724234
8.90149902881679
15.533312647085591
17.415820102548082
14.302856604782429
18.159392097582806
24.090934773697825
30.539678506559106
25.958488103968826
24.4659500853068
27.70900214530281
40.86738310150325
43.70356649997897
60.68172406659257
53.1913369907924
42.465941732244026
35.149495753576474
37.52396326809423
40.66689387320471
37.334811756385776
32.870765438922504
31.633063562661466
27.32535643001519
25.14463530662664
22.227182069898586
16.932245244473688
15.985262913815308
24.000955100548
19.406439520033103
14.892197281089654
16.565935668657186
15.719403348531834
16.428071920389506
22.80444858318273
16.290870573965798
14.046381891453333
10.15622086684883
-2.8026376823609835
3.2178002519700866
2.9112946447615062
-9.066834169317481
-13.299980344601135
-16.197441072921947
-18.305077500241662
-21.0940926057182
-16.533472589664953
-24.24666729997268
-30.42569598407832
-30.316630299227853
-31.192819553905696
-23.21367500930183
-24.215783617865807
-40.578640532430455
-33.835960231069734
-38.94753033123318
-35.27105704436557
-30.55080416932231
-34.11757946215549
-28.524951501898823
-27.44785593016625
-25.31787604407923
-27.62957816456104
-18.379461107338056
-12.807270033942196
-8.418107310895925
3.889550045994335
4.56684859524617
-13.229064118458322
-12.56042364187486
-14.499580480630929
-20.524683580826704
-22.849564052127484
-26.848876297263747
-20.1439616963579
-17.08567720024312
-17.480098620858563
-21.261827407409637
-25.26548152875361
-31.02757607853
-23.47526145143879
-20.32751342800061
-28.653479285811052
-16.081862949764098
-21.349072892931567
-5.545812938479672
-1.1274204813975872
1.2062351930286637
5.97822364322858
13.194680723577932
5.1255226587009055
-1.5444666317959723
-4.463045299262975
-12.006280042619665
-21.40856826166721
-30.09860127002204
-31.099002234338247
-19.454514971135996
-16.38860012318142
-14.820315206158535
-22.077956387679347
-14.080358986457489
-11.523648114378718
-9.643780868531266
-14.714726821638186
-17.998509380075177
-12.841896109866227
-6.857966171603696
-13.159755466698751
-12.050361448057119
-6.568896414706185
4.630763156985261
-2.2838993607172093
5.842766655737277
14.704242945075164
8.652942206985102
-3.695552798659599
-8.6443851092233
-18.863905868486828
-26.43341612499607
-28.00722786048643
-28.588123099400782
-27.96382710522829
-21.396723338923312
-28.165225094259
-31.740549715935845
-25.220848032794212
-21.2727444848722
-23.50268680507486
-25.516937252627397
-22.3462551541485
-19.393358693749164
-22.854574631101904
-20.550351146501168
-22.908807826893273
-17.71179526346256
-16.622673611150805
-9.502101580662575
-15.660226388159002
-11.472215452143805
-12.680606333945393
-10.10829847055648
-10.172068134463897
-11.246875457084775
-19.333982404450982
-24.60313406730083
-7.344459236627334
-8.807875744067887
-11.142376974842238
-20.638740533605663
-8.501299923505469
0.421885855310396
1.4355558481577495
4.206909246395392
0.9618544547257776
0.4210592906868879
8.758395086001446
6.0030943193951165
4.557518146438693
2.8407867104666016
4.316694418510737
6.452621667508949
4.9953062953717575
5.808224843721594
7.188511201919444
6.852199462768088
7.3612158767091165
11.61008757997596
14.739467246710994
9.535426469015716
