-1.5965414553460135
11.440719954093929
14.540664249815721
12.568376090178845
-0.5003246819484939
-3.0058976860025286
1.7790985518592315
-24.09194901534032
-17.185107883460578
-15.6396912928315
-4.721411256953094
3.4853830168647284
-0.4506789005792357
3.159511903231276
5.993616673385303
13.070088235627875
16.14396985797413
20.130142538879827
13.536795884744873
13.96164980268754
4.741490831694602
-0.32719429284081186
7.646367475459976
28.693840864154897
31.61536243703389
33.361446492047556
27.448587106349454
38.812977952875364
25.73561953906345
19.514113766702327
25.123793421267386
21.22952078715068
9.65028130007195
0.6904157772068165
8.22883952792545
0.586202282292354
-0.576248418262344
11.543976633921087
-4.371810698000873
-8.098682650604982
-11.11287068673477
-8.012535755035143
-6.035244186052233
3.816373901416373
-2.039084103475477
-9.744839289067787
-3.196903938846104
-6.17753519967299
-13.175167344338362
-1.23238676191792
6.4992565676544665
10.039829289120512
12.233505644200434
12.803083879845119
16.569061806440004
14.907346562169941
11.405119613562293
12.307372359916869
-2.1600655993014075
-1.6415770233148446
-10.860849100008949
-3.5685111524998554
-7.399947206699136
-13.535453406548047
-10.18740032570126
-4.14798660842144
-0.4206281574048788
-2.9770167806992225
-5.042116406073154
-9.720919390129117
-7.347186303885389
1.9152929530916196
1.109098855237145
-8.905790793464606
-10.322320070860275
1.7215514416510111
10.858297233108749
2.102392977078814
-12.456032906328554
-16.544128872550765
-17.386168008396524
-22.403056972091356
-34.579234744835446
-23.831101090670682
-17.62602685535591
-16.156517675622712
-21.53493535300065
-20.937666164328515
-21.800434360415892
-22.46992560330473
-19.45642711298968
-15.466894916001447
-15.523806684580627
-17.313735757917467
-16.04278105053092
-16.21509982304867
-22.59456896203054
-19.49775451041537
-15.941307100077571
-9.785824805706817
-12.856407629538666
-8.906315193149274
-8.015029342255223
-1.2229142273681095
1.5086508650041082
4.824377537769268
2.431167434066277
-2.5699666436062865
5.5404899903404425
5.084247193507737
12.60356231166852
8.457436547563146
14.784838540496564
13.803046040255511
7.5709158200216065
13.33229188121885
13.618514248033545
20.19738290965628
17.101602336629607
21.483329440550612
17.76804493423095
13.823728711364447
11.455013912332625
7.7126999937518015
6.635541317375915
9.969809476510203
20.18143866002445
15.611911064553974
14.249161097708633
7.183003113627755
12.249518810315301
11.387400109497161
10.920623038186074
14.66403981419122
11.147374257295494
6.924195341508121
8.626410685901583
12.999043522718614
18.95740098126566
17.196005649565365
9.49499787358317
4.75040849721672
9.707982481193897
9.967410069484524
17.78178007432685
10.517596705328852
8.064318411172742
-13.80883466574014
0.4665327350714506
-23.051748917714033
-21.931302912158326
-21.765228405408397
-15.327626622717268
-14.79543364559227
-11.819292540066233
-9.658717278453354
-1.030010432363944
3.270497615965611
1.862125800482816
0.14290357570746248
3.306755930271359
10.028626967121967
28.589676683171195
18.361896578560994
13.921043123382006
22.629675282486108
18.441027053911558
18.675619562426906
14.54089955027297
20.73388835714112
18.210261095298517
19.4300274182863
24.864489890976728
28.99752631313803
32.46806785676698
14.8485401063004
6.562260346209892
0.2311057222476229
-4.150433075609138
-10.169484468331085
-12.979007475641108
-8.731183648366713
-8.686335592149497
-14.450955651772835
-13.351076251333852
-11.426344911178914
-12.179973283877786
-14.803917335320607
-14.954398117246113
-13.301132573260885
-8.609567902255053
-1.4600120764911584
-5.735781385146952
-3.483851479431793
1.6649935357413959
-0.02747218979896876
0.5233861920591424
2.3520539160649743
5.35141462734331
1.2334668758742524
3.2098016084631547
7.4246288687247315
5.363136325526602
9.49767348059389
14.621183365871827
11.527920732209573
22.713246894469414
2.8956975058374503
3.8071677741506385
6.66157932743517
12.136858205373548
16.044598068260957
23.112891474165252
28.540317122272498
25.579238169095568
28.98616344463665
29.87750444638545
33.95199688491772
24.63415628547755
13.447399688312284
12.849411188578305
15.956674083778465
17.17076495364349
18.621282672778502
10.3100194075815
6.3978082876869
10.76400439290028
16.367324080427068
12.968205184324852
9.183301349511217
12.904163461411716
26.780734730611048
24.345781527660357
14.342132652584688
0.6390994816328357
-6.517053875885577
-7.886272707165551
-9.683552535529644
-10.866846336525128
-16.981709166739563
-13.26541387826612
-18.8281337333828
-27.72676464634473
-30.243924349633627
-26.671675728727656
-25.34639719974691
-31.59873064948507
-33.410052246319985
-36.791221473132794
-43.17369072713544
-30.122866734246163
-19.606166451829548
-30.10172255992229
-28.252256196520356
-27.50347541498473
-12.494926786103964
-10.900931391760222
-2.9798939596213327
-7.938321727084729
-11.787604871471114
-8.932878751164383
-6.967256968399825
-6.165562808412495
1.6975300566161822
-4.171860704515687
-5.251545335210934
-3.401751700553723
-7.408650862558013
-5.300961272025248
-12.98532348948808
-24.63288019290335
-24.514535610895315
-24.362700955168414
-28.28909329607853
-23.210302319203333
-25.185749011476364
-28.17260316261653
-29.195133921471573
-29.07139177111783
-20.312486645886448
-20.37739679474571
-20.334078805307836
-19.704558136227345
-13.451153447716772
-16.96654962034187
-15.456686291199322
-9.054074990404892
-14.196574767628928
-14.40765943235925
-8.036088279771331
-3.6707677295079977
0.869882882456107
-4.934009605458567
-4.782907481576912
-3.3763483870087927
-5.871251125504353
-13.063745797561143
-6.6664710597971935
-9.112270920264422
-18.978860029193054
-32.73222039769444
-44.1497657426738
-35.636640377516564
-29.667876743326353
-37.74527455883662
-28.70001198422477
-34.126671335583865
-30.423104233293763
-30.341222402448
-28.03464368590198
-17.992677639768665
-25.832317222195172
-22.65021132235604
-10.249798014122504
-1.9774263516437849
-2.9116351642865994
-7.299666733884491
-1.9343458115928087
-0.6257588456132147
5.089744826166221
-0.5689961035776788
7.9584805632072975
2.45556440438134
-4.050013521163988
-9.236283669857643
-3.2883650409821885
2.6945516645222205
21.008744137225
18.088851046765832
16.110769566644233
13.307200509583376
18.284815154458272
17.126545448511095
19.605371435532092
12.625109079082408
24.12099947750502
19.5050925175549
19.161923799045624
13.27927231784844
9.13745909214212
7.7761037015145344
18.49278462583861
20.00859327102939
15.701092293597391
15.240233236314713
