11.873710197543053
12.93512388663108
19.651827236968824
20.284415480784105
18.88475263219795
19.841351200168567
20.969969573618787
35.887179232376035
39.57437110613977
33.85656995883497
22.380893036320156
21.105875240864385
23.377698145115556
34.37701361942091
30.47827127695701
40.362270211986925
41.96533883710397
37.33726558044661
26.79070656179923
12.649036990898432
21.021199289600208
37.78910821789028
17.322282321485233
17.354236874472125
21.804689913677702
18.05669424527214
8.555442521154772
5.434664430302045
9.981911527635543
13.828109567138837
2.8896151519868085
5.9814173142673015
2.2204874069459373
-1.9870977113298125
-4.826307578171218
-3.3990671248749984
-9.889743933196387
-8.055508660841324
6.293916750893593
-4.269886840055465
-3.855917511069298
-0.33440382491310155
-2.8219329602247236
-8.703313313253888
-2.8360452535289946
-5.090582851641481
-10.364991816801819
-15.980752376223656
-11.960494015196192
-13.644564935978865
-6.115996898248451
0.4785545758548866
-9.386043511529458
0.5496975900337865
-3.611567493922231
2.3134980535151546
1.1854821806989493
6.0443814949771735
7.68350645618096
3.8720478202700472
2.6744829769909506
5.9464109260743605
-0.09667986796565786
-0.7088290040275494
3.940864063708303
2.52970148119234
-5.460137860131957
-7.973812133956678
5.036968724237579
9.613745268482873
8.964717390514046
18.042704158330913
18.841701786270406
24.06262162974947
24.87509861468114
37.53560174264728
47.13634524106747
45.373986476203264
32.88731017828049
39.60505287571044
38.915573314754376
37.130801116390494
46.89279893588039
33.52656372801939
27.140623588799766
32.3172131778939
33.056018902285665
31.36459626241221
23.913549625261997
17.674531845214354
1.4760629502579008
-9.546883760368633
-7.612973441895642
-17.186676310827274
-19.096251839648236
-18.11894988567705
-28.907535778288256
-19.725019412838925
-25.998356168294755
-31.380484846875746
-37.84687492864389
-30.660281193218022
-31.72554158025721
-35.03146242953113
-30.662783904375658
-25.76057512274128
-28.02847268839578
-31.51103074442376
-26.499161114399943
-23.418188752923857
-22.89624990095139
-20.539996737643786
-24.74249632350828
-20.394936900553503
-16.76720162267156
-13.419016888572882
-10.94628141124712
-1.2089592324888818
1.2236815923116506
7.9177521453815345
7.319721398668578
7.287927569096078
7.442240330225345
8.608307815623334
17.573124200457904
22.355465771713792
22.99670826653709
10.272009244722906
2.388889532940785
-0.5622474024395232
-10.220911064938226
-5.719903788585232
-5.717142994347963
-7.812593508097339
-17.826435563286235
-21.442729371769733
-17.711792085354467
-8.283733762035206
-4.680103232928036
-5.206353847180064
-10.135912946512834
-6.093012431823111
-3.1399454723813847
4.952161459883137
2.22015426023296
6.7535746756916675
7.513611678439293
3.797522603781781
3.04707858435467
11.046746201906657
19.509196629046592
24.199132539056173
46.43333176005382
49.50683419854126
54.885400812464354
42.93303506535686
38.489732188884176
46.11094605126253
54.7950353873471
51.91431884612852
49.96985521781417
50.810008047407244
49.57868461574253
46.147467122039615
44.539587182782384
45.77347935365928
45.18560728365871
51.619721187540605
49.89835372798915
43.81886314951368
31.39894971674427
16.497501614944795
-1.9032065574539367
-3.837659923628853
-11.197601265471256
-10.725639259154221
-23.119920636991328
-22.464409949305896
-21.75828087078281
-18.030318165412602
-21.581258077893384
-24.540510227488348
-19.66749453924782
-24.656126219994388
-19.23000078276154
-26.064471454319328
-21.19593536225597
-14.782881606642801
-11.687423480879236
-16.378332329372427
-11.373964937653255
-10.800135149032512
-3.446397928393299
0.06348176109432525
-0.4097784363759024
-3.7123234998276122
-34.50261698839173
-35.51287421059797
-30.19780896743791
-33.255135763307315
-42.24204638364286
-37.4875094217641
-18.39850968845393
-22.606598807014368
-30.719355363045572
-33.49693670683049
-33.21020494305104
-15.352070232484
-21.980925691396656
-20.99729455724479
-18.924659663484235
-15.02653117659889
-19.732235999025463
-19.002140751505344
-12.854227037658553
-16.378849328436214
-18.580263561172107
-14.56585465259448
-14.64047545403849
-1.4850188479328603
3.984995816953546
-1.8478843216203509
-3.219885431306213
2.2117214857067578
-0.2633419916403556
5.274295524566422
6.529865240339618
8.826356345383644
1.6509520496372858
3.5956751726314216
4.682398293313829
-0.7935327157185293
-0.946813833449536
12.449341566018873
16.82991109012009
13.581794573301494
14.429151740590465
20.42921272605898
25.295463108024297
29.002952142073003
29.292248336981157
22.69315341073041
16.87095411900553
15.038949580728117
21.08043060181181
16.827023183492585
24.040243198482727
23.483824100363954
18.93299636453035
16.750410702614253
19.77104097245124
18.354133138045302
21.243509233780337
27.598546466683317
34.77748351614568
29.52537957633459
24.65814643175697
33.62802150297206
32.62354245104487
30.35435804776055
21.888734702307477
8.912411516505665
8.692032446117414
-1.2853469545251082
-6.241645530872858
-14.438857232580409
-19.392146473059853
-22.597748136322142
-17.275765292108723
-15.276980445670825
-12.84747604475548
-10.041565336620607
-10.418991539383882
-17.71823107073368
2.4373074810368407
2.6724879687213665
12.194135231058615
5.547601553184633
7.003061152790555
9.136612619888076
6.347210778423247
19.246527449871568
9.516810653588733
-2.8076305913383464
-12.299815058036046
-9.696164410082892
-16.380798017191935
-21.057952172540237
-13.022221490975099
-10.291562078540675
-21.477527517849442
-23.186591382030922
-24.84386618765905
-36.3336442632796
-30.439849186167603
-25.01038152412333
-29.69056071999569
-31.74118067337436
-25.547287391981676
-27.060743634719987
-25.39357526687648
-31.066871327518463
-22.820610029151734
-11.6854518161644
-17.39522825110232
-14.065998137198406
-13.110766061387155
-18.59396543700156
-21.35067477616433
-28.035616058459553
-28.926189906710444
-34.44299226277016
-37.41329284397036
-37.74911786304678
-36.41974565777821
-41.71173423531828
-35.34021288283743
-37.22849580335031
-33.29703286806604
-31.317608283808237
-37.031132103569405
-31.79970152361401
-31.89814484455049
-27.102943204690572
-23.28555593296283
-20.627881957521232
-28.954494721861693
-40.217671299323904
-34.08251750594925
