-6.130652049758995
-2.5227643192158906
-9.348157277288454
-12.702583975275195
-0.8324532986646048
-8.432360338982182
0.4018389210969413
2.546712273431688
-8.071498122966121
3.32637156149289
-2.3744663899014045
-3.5249952739579395
6.563040238803313
8.444430424467152
8.21007175224978
9.396390924727497
7.721852904461013
13.054264170507082
12.151894430461128
15.68629158034456
13.736410601925705
-1.9064605808068456
-2.215397132531462
-6.058597477213846
-2.532802527627271
-0.9642829180101538
4.81320327651204
13.315130949430408
15.572382255973775
14.439042233081135
8.353078759018151
-2.124386258718637
2.4411345281759838
-1.4506920332404625
-9.878727452101844
-8.709932851948803
-6.887013501211338
-3.750451515897373
-12.614401560968783
-9.325200407805287
-5.633812082532223
-10.83971670248194
-8.032832163555701
-10.261725853079222
-5.500036341715922
-8.963305235083887
-15.888940491727872
-8.76873294177621
4.377332179712084
-2.108932043841241
10.074757705148524
16.452930327203315
11.295807095665408
10.301821249205727
16.420805312723438
24.161282031858853
24.01240671971519
22.75172180792295
19.747237397456477
21.71009939556369
25.423214631856943
15.516278136660386
12.368540087823911
0.3267946168357007
-4.9719499270590175
-10.583252842204027
-17.059564971331266
-18.26928884024905
-13.474732281571407
-16.490438898890964
-13.095764255136325
-19.062427307953527
-18.81364843408244
-12.250679543602494
-9.65796669928678
-9.191610774679411
-4.1445387033929375
-6.2130544248657005
10.674277421519276
11.210669294017183
5.700248687508412
13.949912700795565
24.031297939894856
23.84816655118905
15.727640793874926
11.611294906828126
19.39031759811529
23.139532806114715
29.98863832633698
25.345627080653202
27.4014084809519
25.79670214025102
26.67375274026903
37.56093763006629
24.767178884508386
3.4450869341017643
6.454465988179344
0.5354426957713935
-10.85670308472538
-13.291222981366026
-9.548778054118438
-19.40745366160341
-22.58329571467186
-22.548897339697433
-16.58356029260511
-16.710485889892414
-6.950187103691188
4.535230427895487
10.214819065266472
8.879577301907046
13.211401874278474
2.033029702123553
6.869898210270198
18.24824790343165
21.48879850196679
23.89634539775404
21.61071729909912
23.55704040004029
31.703483418571558
23.567542057177004
16.184347986189955
15.746432222541527
21.226660824822225
27.28177316225164
34.90684723758575
33.7224409613065
30.782255302753878
36.2177201602827
41.93221685149944
32.175624844638165
20.744074521571065
13.829802833592426
1.5913196862099737
-3.9153700074146385
-8.306645103803486
-22.225554070773637
-16.413944344042317
-19.265033126429422
-20.455205004260193
-25.862992909771318
-22.290474067018973
-17.64166821823402
-17.12997548384312
-4.496557641843285
-4.061991322946142
-2.502439805242442
-8.304177587881915
-7.839991126424747
1.7811770210939353
11.901686968303823
8.85604722050167
16.218807204064596
17.801659265697264
14.830884351576762
10.003283888921196
23.67105321556823
29.696796727980093
19.16478724484124
23.40741541035195
13.929253881847684
23.505094865145626
31.567958287288388
34.71296253624957
24.625716632153853
27.145483264590787
22.83337055263457
40.91320730830587
32.35869804814445
36.87830400679075
9.388987844760605
16.145424429271785
23.92341193012621
26.811349688514387
36.89660266664296
22.578386509943968
17.764382675167997
19.18882809152709
24.476712331267123
21.487808867952122
13.880492451438355
9.336797566499074
6.198682439618884
3.73551669117948
2.9800139549672418
-6.2348473356345275
-1.5626045063355274
4.393881925896853
0.3599037591326077
-0.8620733185764673
-1.8959191240694413
-6.184784686207188
-5.066106339358076
1.6036694434578576
6.375352139251523
10.3607578435553
8.188305513138914
6.254236525887487
17.437341560647575
10.846502438153793
8.994818179705257
8.104231912706098
12.749228148092664
12.829248532292516
15.886718402503345
27.978114396077977
16.380332494362865
30.175113876074292
20.713156451628016
25.56397440143289
23.01916461187849
28.09478435930318
23.165874775024427
11.90640104984201
8.78412106567227
13.912052511290971
22.924482914001562
22.307386679092442
26.5182069631256
28.182433239173637
29.98795235969273
26.10431876567593
17.757286421517087
8.36883588103562
-1.7588521048844123
4.386623871417829
2.0311429448305214
4.671831104413278
11.85247304737164
13.346559501203
12.502883203899893
13.062740780772556
19.815710691211926
14.911406368538794
18.23689167339282
15.155850614588564
15.34918406358284
14.54733239942368
22.23189751035238
8.274949841110438
1.6857629867074246
11.008255196263725
-2.0819698311641126
-13.418522541721876
-18.213093844810444
-17.77095506958755
-27.381781799800738
-28.86781998327271
-38.418232271166396
-47.30349136001088
-51.466892620388116
-40.88319043437265
-39.50573347757751
-39.88958810484161
-36.58506972991209
-33.787321766244666
-31.689630130787894
-35.05645617846712
-27.882201734147788
-30.19468792571137
-19.801292089044274
-19.850977624048525
-17.26173789907759
-28.730797555548254
-26.026629923706608
-13.4709085887939
3.5932281243368207
17.072678850315175
16.162447169270305
18.827947227816885
11.184766337030348
18.66965106825864
15.761727664345884
12.379225669328306
18.99163316245703
18.591594720340396
2.72684048883066
-1.3387524597017528
3.996727678854972
0.8083349784582744
-9.371291932924064
-15.161636827618034
-20.196398815526425
-16.22826908398736
-14.60726326525687
-15.382407638720265
-18.272895347049214
-7.8002497581414865
-18.008245999483954
-8.468599102989948
-6.872888550860589
-2.9344419344785666
-6.688727377094143
1.9121095187143704
8.827563598592851
12.010024553208526
13.818794294267475
11.902863832254415
7.861160106027232
9.735425539750246
4.856414811641469
15.068677367855143
14.930877901834247
