11.392527821003778
15.552562160761605
18.008680360119364
9.273404085679314
2.554037017764195
9.872376369222382
21.00512168220185
22.37562293157277
7.424199692828082
-1.181186417446861
-1.673039831031168
-8.64721813238751
-14.034308555449984
-15.709641511833654
-19.05968265965221
-30.536771868085328
-30.967182957343613
-23.84239466113488
-18.166056765800672
-15.181295836285596
-1.7407600116723434
-4.767175815133085
-4.0164783017724375
3.575621932265886
8.113664472863768
5.316074277350109
-6.1316572036221695
-7.079068261116498
7.255774810099821
1.5754446206702162
1.2354347074937893
-2.5116124444004218
-0.3675198015287505
-5.524237474250682
-7.706791768216845
-12.547049674934714
-10.394748262643649
-12.997986930152134
-10.37351415052884
-18.83758437809596
-13.75195726381815
-14.975662844017945
-13.549827629709938
-19.51400768825193
-23.87007841705471
-18.079071719300803
-16.279428784420872
-4.13840814339809
-12.553669808328555
-6.113926317646853
2.3450902175423
5.644088588649366
-1.2737133866783084
-4.920941453681569
-3.2881333770735224
-4.296790859683163
-1.4487185322341942
-3.376027665518924
-10.141991912410244
-16.820135826838147
-15.5143025306972
-18.37524756895796
-24.12018241825067
-26.36833274126893
-27.29211586779038
-27.011916317621093
-22.327851435096893
-16.07704810831964
-9.740752391684628
-6.55824105596029
-8.885009887733279
-2.8131352404088283
2.4142339740636327
2.4483199739474784
-4.605953466055729
-2.1182038305031545
-1.2105449805079556
-6.5613956395973645
-2.7538587621717263
-10.219822975015012
-10.22087255214044
-4.8647236903870406
-6.884733917636771
-11.799973770386446
-2.781016493673785
12.248527014386553
14.758973985859358
8.31205791350959
2.9117539848958507
6.6876861581444915
3.6632397693164154
9.596570575898577
12.827645530564206
21.84467260447381
21.44026731212896
24.392581343932147
17.074945296378907
17.995260713703942
19.916525019115863
16.563973134366876
8.751636102112696
18.30160306838781
19.085113524962505
14.122024311672435
8.640000943600038
12.786600912568376
8.446964336505422
7.404550806943074
-0.364652001506712
0.52396348787331
2.6108849089378823
-3.0552427227086096
5.695803739852985
3.2291633912484916
0.2777514517151241
7.675064323642674
-2.8891729473099472
-8.591639735633548
-2.9494929995103223
-4.351488104744713
-10.843999416631023
-11.306457319909173
-9.290404993053476
-1.9517422740297317
0.17301687101428492
1.189049188012106
5.478539546144706
7.57574392206699
0.1543492406608748
-17.352045585623213
-25.27736512351591
-26.753214786019253
-20.83559271247199
-13.716249137791175
-22.12901866585981
-23.83617357477915
-18.56995723109488
-24.633918314816732
-24.46580580263119
-25.565054882364997
-25.52868078917157
-22.900088986189914
-11.41323144262522
-8.118930605353693
-6.458018324916898
-4.613196409359994
2.607397841546707
-9.777711210143648
-13.974890374307053
-18.587258680797195
-19.767398284438226
-26.657883612007357
-19.633655251544088
-17.490876189344252
-21.275538508787264
-27.717882418365136
-34.53060080296314
-41.0167799854335
-35.30080488007565
-40.394149836947115
-43.358019531137295
-37.900584860157664
-29.99184542473088
-29.249311581240395
-30.40829691389305
-38.600283315859926
-30.363935463010737
-36.63132697130435
-39.868454796999934
-38.1117818809928
-32.22975753621615
-28.05901647673976
-32.63633020559029
-40.05011429627318
-29.06922186748316
-28.395855078790984
-30.255027538316728
-26.35109936676098
-16.798294047526035
-17.717934358854386
-17.954644382952395
-12.232685669931392
-13.320305966193533
-6.606725893584995
-13.999220514883973
-9.206892152885748
-4.425711947266461
7.290916786912696
8.150869418659543
2.7472204044403417
7.223829971094464
11.568915190092875
13.781043399002506
12.810410466307037
19.681312086845725
25.551856888721485
18.70245750048331
16.568906914416846
18.842077248815123
25.24540690503973
19.948732205648184
