15.249464416206438
20.378649453407245
27.40394301073556
26.03625621946439
19.142637263504337
16.99134294744622
15.920050674208632
14.806591181119542
11.00273607934
12.69771622800973
3.4402416942404304
-8.443620136368605
-15.582527946446836
-7.098032561450412
-14.739192774218926
-9.633336423679866
-12.211524702080402
-16.345274546657585
-20.9531973192205
-18.644343232078008
-21.383018042497245
-9.196729343989732
1.0446438702878056
-4.135002532443941
-15.830969965168887
-3.593881286667275
2.3275541719038846
4.934472537634463
11.206065444232442
3.8736635466264304
3.489460150478914
5.2545593284334435
0.4669530610442776
-1.640369876180614
4.560095403246653
-0.2831730355928853
3.4939957936078976
10.920151993773684
16.046710064512453
13.008123316182447
15.129845610361714
-3.058374463017495
-0.04984133332866608
-6.458655405065827
-8.58588461317365
-9.722851655911345
-11.552396103004375
-10.500960051218051
-12.851440448337685
-16.252032549330444
-11.516031993141162
-12.784431219349015
-18.122322192088863
-21.50653814411695
-12.656172118406026
-25.03548084748717
-27.253495567041178
-27.29849360396904
-13.871314173316753
-21.6485707367594
-15.258470505323215
-11.435822265904035
-10.73619104738049
-10.764007998992904
4.954670188426378
8.057425465572765
10.034456796410042
18.857123911575275
30.466810083361533
28.03362135058657
31.08329770706167
34.31178595664113
38.43973616845992
32.288380859146045
29.555700761897683
32.63124749180253
30.9822838070936
28.786549910304227
15.756617122731535
9.62055874821809
9.736344835935727
7.0619043425388845
-2.7466737386513502
-9.53102571111639
-7.534506242938262
2.5091728676945064
-3.037956371505562
-1.2971831142079426
8.499404083691394
0.9590027290944172
-5.335452486346747
-11.425558691342351
-9.384052461116244
-5.397391848473333
-11.802191712281813
-9.198528029146429
-22.839675658105172
-14.486836689007411
-1.3773320977634729
-4.237562909600691
-11.113348418973816
1.694992236462032
4.759423261740374
-9.273228306890523
-3.1895121260583537
-13.740207891164406
-18.23786157297558
-26.437678822749792
-22.66140291159141
-23.453825084154342
-19.400922190124138
-22.409355899869666
-6.3378019137940775
-11.261149354322274
-19.812924607987448
-20.71829329352572
-21.961474181270667
-16.490758067836218
-14.517878232352246
-14.018226547743193
-6.567747869566685
-5.031128362049498
-15.799310669974794
-16.250430998865507
