9.718223392398446
9.276080931616029
7.964058653078209
9.178535804117411
-6.88987102242777
-4.4381233729919725
-12.371332055825755
-29.122738078625908
-34.77180911933377
-31.676323039384915
-24.182169621938595
-27.67770891442623
-23.151212525888035
-17.752373054679133
-19.67888672372693
-8.399047063205442
-5.734841386986592
-7.235213796370702
-0.4213742363652007
-7.196531843071841
-15.962232355415273
-15.85032748405673
-16.87562484707293
-14.127425906979425
-1.867426781643335
-6.9289865132818225
-0.6121646830318277
-7.543695771848147
-8.747877704353758
-4.19450346155706
-5.548420725622154
-13.526837219278462
-8.79121181575705
-7.086232978311941
0.9526791379967372
-5.652340388792345
-5.646334535581123
9.59240438303509
19.75566761252593
12.143687772541961
11.793123590400945
24.263200925463103
18.695961232795025
16.086254190391656
25.952981708443705
32.535566725656885
32.71243375583943
29.255259682726322
35.28834219149505
33.00778207450533
35.71906861230372
42.33451588810636
38.715575117759535
28.82980520801021
24.21485298542269
12.913960281207638
21.34613547948123
26.51587179640153
17.699437026905194
-2.148224731740924
-8.061063935019915
-1.3374266446267882
6.679838907746269
11.932471227331927
6.004777100373454
-3.938845222217452
1.894470518520456
23.022917424312357
29.184737571178125
20.152716978405053
24.80320951453609
25.224295754508585
27.43867169359267
22.85212038034781
33.62760299574182
26.817482280486683
20.458831853348702
8.302559035536968
7.703846582516436
18.846299732061574
14.821569809651365
5.385819303902999
8.372220280508317
0.2590066731881475
-1.6684862107967868
2.3189198039362795
1.3956644809524628
-0.9001802044747256
-3.857732256191209
-1.7924004253490282
