-1.8929912786316327
-1.5878023913899495
-11.542549201510653
-1.91599988507856
-3.4138532609993493
-5.414554373629201
-10.834085399953704
-12.240899237535427
-10.436835350547687
-11.141687945925009
-7.289314268460312
-13.619223710754554
-16.892489857152295
-7.848078094152781
-1.3541225499553844
-2.033182648067729
-6.408770310371898
-3.97685230059591
-2.44991930023916
1.8888556394313196
4.237997872956619
-6.1892892306661595
0.02856530657152645
7.0522452905445885
9.377866632899822
4.75190567263862
6.055999267179918
-2.005886598226029
-3.2878662846522797
-12.340619064725294
-12.307995177178825
-15.12764268445374
-20.897614386482104
-24.913749005214648
-21.171619659206677
-21.937309726121203
-20.317409925248025
-4.703872773214757
-12.097329748319574
-22.430247969027015
-16.8068505821144
-11.70211296899625
-15.969632714919882
-7.2110532706595984
-11.160540832948305
-8.389632316606406
-4.3068570525807806
-4.919763677866225
-7.137976681554501
-5.612035220448103
-13.631557663909097
-18.052377464320266
-23.07947290768229
-23.198654518328013
-16.15021295282052
-14.141725439777431
-8.69353338260339
-4.5561091926797594
-3.687612456938577
-3.9700772803610835
-3.751857435289892
1.1491689113832455
-7.520515612371397
-3.6649469766340284
-11.464516104700284
-8.904514476279429
-4.718451041474305
-9.031741304577034
-7.772715635043419
-15.985472027704313
-6.853933762950175
-5.542003164532842
-6.083867854154253
7.691240094842191
-7.57368002233922
-10.1743081236902
-8.296336398981191
-1.269514155395209
-3.5987898606361632
-6.072596631653887
-23.170502207564983
-12.188566248028712
-13.557282828687766
-16.643604851065092
-18.16045997385602
-21.465512709663727
-17.993865247775567
-19.791259396423406
-25.242209631697502
-26.224773131665806
-23.96115612345658
-7.403238872622002
-15.752077404706114
-10.385740805739793
-11.898665773211976
-9.844010979230148
-8.147243392178012
-10.626486593973246
-2.1635332101343807
-4.073705548780402
-4.098075122511947
-8.124307033673311
-6.9064796621138544
-6.999379804106458
-8.076304427822523
-4.717456112439667
-7.097687734365929
-5.288586243575652
-6.19534739757169
-4.237790098514384
7.7470735680559955
0.2005380418327718
-0.27858670209724096
9.171233930545737
7.220542091082217
6.894034323479183
-2.9293058405166934
-6.007660252209786
0.09599140001901038
0.3598656921100099
-2.7170511880120416
-6.738887147314854
-5.4534289686981126
10.100697337609821
12.829406376351526
29.76698391562913
35.617794627539745
39.38493560789525
38.26963440406413
28.809211778175058
29.09032721298016
36.25286295881165
40.44690556347845
27.79845140200972
24.43416361357212
27.44572409432127
32.77618062016637
25.54335399365869
24.08151850423919
24.76202460750337
19.126325916336214
9.75617902796948
6.607763510829298
5.317738015271374
0.8128378829017643
-9.005962618958343
-6.379785756051091
-0.5266126335825234
-5.810600943004272
-1.3036350858655992
-5.2424611794054625
-4.223618414813696
-14.049549014015307
0.3089762347691825
10.23854018302999
12.479185529329904
-3.408324284258589
6.243541904169066
-1.1959869844780353
-11.672191397967033
-8.072291055871471
-4.111488733228099
-11.65715320638331
-5.0604738070908395
-11.816683640410366
-14.482032225034311
-12.238332200306964
-20.039814654046022
-15.653459242953687
-23.57919514002303
-19.801960721257636
-20.87555883582993
-28.368832636474306
-27.92667637184882
-28.76436082961685
-29.464098606255288
-36.15558635104965
-32.214469822188306
-32.92288997359669
-23.196127901216393
-23.876553354978558
-23.006870907980215
-20.52164081032483
-24.292789778484913
-27.301047946011085
-27.40912134437097
-28.334923354920548
-21.405178713637387
-11.791488310050594
-12.333218296442954
-20.367650907718136
-16.465844133284637
-14.779161284006248
-16.232430572779666
-14.15073283981356
-9.600097280554689
-2.555214542117695
1.1228529607661366
-3.275076422920372
-8.558202149997143
2.1697537583669453
9.210663266850073
1.1235178225111109
-1.2036294290053733
6.6213872730285805
9.744921387581543
15.288388886187368
18.494064827881527
12.974077992955372
16.32795448817575
15.617124783456418
18.527542401074587
16.53475448274446
22.014614324567198
17.029629401589574
17.835583692260087
22.93402175232711
24.398146354445014
18.82383098129241
18.788614976747013
16.434528669002216
18.004801924484692
22.012175495220085
27.23354012398438
29.117132202333774
26.190583038800828
14.555393448629776
22.451035622750922
16.19146625075189
15.17728414341352
12.294521828353295
15.058919711183613
22.25992318705468
15.623421051617113
19.381036910691925
13.235617631971525
7.57939220373726
16.61334971809958
9.83029651321158
16.41326467237769
10.462869508119695
10.598888186056808
14.077203308505846
12.868065225070362
9.42287390141556
5.154303476766525
10.134368766759886
10.781075766644108
10.75161885069191
9.847657245550717
4.91785663971482
-4.875197984787097
-10.010225216799656
-30.59108479088081
-21.465457245516863
-27.235114676791987
-24.114669250041075
-23.331844360521178
-28.0126300877615
-17.95845384715432
-9.919886919919293
-8.777056688435268
-12.74949381930548
-4.263702153026403
-2.9010371543701137
-2.036124382861044
4.9084670990137464
-4.370842076662163
5.926278960343039
9.066388916916672
1.0776856552398917
-0.8366437052116276
2.58972205370503
21.365614395404013
13.982948393291476
16.010523644410807
18.755397665391367
20.53326031910612
10.35380802389012
4.28382754560324
-4.800423226059253
-10.291803016463213
-16.254542359008127
-17.883348224940914
-17.707918691510354
-23.58833072114303
-22.886205465234603
-18.4120890570628
-17.365170763179382
-18.049770632890247
-16.578532482571507
-16.242678333374332
-16.28272716297081
-23.669835068335715
-25.95252212090024
-24.71659256429417
-16.444071647843607
-9.259183428296136
-10.747369961918848
-19.338392723504136
-16.939450814176606
-16.37391670897464
-21.60503808738239
-18.62737664801404
-21.880099876868922
-30.602844927524615
-19.38261726237348
-22.483038762100342
-23.79750529283029
-16.439546957636587
-10.399271385221006
-8.64738984534277
-6.165849462822564
-8.717989055537338
-5.485507343299379
-2.8288117962740427
-9.078362123518293
-10.551182803760714
-9.126932971132076
-10.475784370244636
-26.51555207461429
-29.600787557477503
-30.003968529912015
-25.19380805886453
-22.22523540304825
-17.930856751506653
-18.56037319936492
-20.339343296722465
-23.82422909898364
-19.78939072310105
-20.416297389674927
-14.063588004250095
-6.346796419595855
-0.5502254341802371
4.3468235574855445
1.6391926365067269
6.326666446027723
15.608348422496695
