6.936600577711156
9.843434591917253
10.317053012956018
20.321210829477558
16.879326953991914
23.842373226045947
20.94260558860911
25.99885124152359
23.18913262512311
19.6897720147872
26.27519103437563
24.38062935921112
22.732100692228666
19.566642829088696
16.01354892773334
8.911873836701949
5.5843565164728535
2.381735059039631
-2.541930866870206
-7.095053489995232
-15.726207630981627
-11.751891850552767
-4.569599087732864
1.3434977438251925
1.9682453316778528
-4.3456318123157525
-3.55756512810503
2.197967053507592
1.1824938393983513
7.493458830394577
9.431095387563557
16.627180779769116
10.376900581346435
19.83289367040531
13.599125950446348
-3.2817289814104638
-11.70608036243609
-8.724471163662884
-20.484204794523503
-12.379312712446499
-10.9435628104385
-10.988306093030806
-2.2857435693665704
6.490121798218203
6.226781767364208
2.3701582089363367
0.3070978056901935
-1.7271022286231863
5.16139307252104
0.9181328206472664
-1.1051965725356796
4.8357244175919405
6.768131914844992
7.996954520021938
-7.783061746825242
-13.69780116074623
-32.879347675713575
-14.684395055387215
-10.604427097229395
-9.391103280056523
-12.833711264344153
-7.692319909695299
-8.636223182413659
-9.7530473427413
-11.967821838432505
-12.340851958058051
-0.8906808041086796
-3.2362086943514483
-6.9991958323771115
1.5814511206882638
8.532520571867611
6.762795834094298
5.25073033361011
5.248802452285552
11.062935455016174
8.507211383512232
7.794340179503133
13.011710911621275
21.871351137812415
32.60940937725852
29.27358776959948
22.40593040201229
25.49962210325129
22.700984378474
17.4153389822674
18.1202824234517
20.38538562091892
15.418581315953507
6.775294737496371
7.134341159408777
7.923800385349506
4.371239507664568
6.988747171514888
-0.1295831926751962
5.417649326432693
2.9441889095525737
0.9944700261769892
4.278281208996981
4.7924527469596985
6.666254874253718
17.74640180401774
18.07614619005426
20.080421216060287
14.047206003761131
31.18856852869165
29.805540579580768
14.13422969425918
8.237242845724289
