15.038705637362172
23.181673601275612
28.845421580683226
34.283129501239316
33.565547504842186
28.605514926699772
26.408667932354714
27.21422649250053
34.25718670050342
36.289843113526175
28.543827431937466
18.609521755047016
13.155198609378244
3.8066137620949374
4.620365422799103
0.7810017210271475
-8.753081548935338
-5.001088595674422
-6.326246472516821
-8.300268255653503
-4.104873726884456
-20.881375207784245
-18.831164627795182
-15.249646181085982
-8.707537244076734
-9.985293929937352
-13.250888210659118
-7.656968280543759
-17.253205224569953
-34.87287261203387
-40.83773123552334
-24.227382983014078
-25.801961131016753
-26.137230269092946
-12.913078697284671
-12.825443679042005
-14.85851430011759
-13.065315699691324
-9.1585764703322
-11.351373912467814
-13.429657525257547
-8.378270777759838
-0.3442449464450481
6.713038660308398
5.691383866879398
10.074790430794856
13.354524864850283
16.49803792631738
12.12018588600925
13.12121874933385
22.395143417204967
23.87333384696271
25.768709076918736
30.13242477247909
30.15953212097012
24.123837094339514
23.387548473509984
6.437358082987496
-3.6509048823318
-2.9788146672679483
-12.003125033279533
3.7345589283644265
2.2179232699700733
-4.208702901440212
-4.867011810357386
-0.8347424540901661
4.041842614548248
11.931803156723525
23.86979408508851
22.656927055612453
25.611120875048513
34.17463961209109
38.057991706928036
35.128378010820725
30.39635407248496
18.57255942009122
26.0759293720884
27.29843552036056
22.780085627494522
19.78490180906865
16.16314985158034
22.37796837813297
21.5269784042632
17.517862595350543
10.162515705048936
1.3899991416085793
-4.70127700354738
-12.667215731624768
-16.24787708464306
-18.595343770520422
-11.829546671063099
-11.574723414001665
-11.772733956903483
-17.350455863873286
-26.546901242773078
-13.335603457309734
-15.47317368699358
-17.886010373922623
-17.657223870188133
-13.591238077255838
-1.6219484984614534
-4.9485262719464655
-1.8957338486124236
3.2428304988504104
11.020138899744113
16.102557936640867
16.761704910855045
24.343226717340425
27.02767565747048
29.771423773048927
30.666033318760405
24.96574861049458
17.537774032984053
14.693879828698785
10.907197018251324
-3.5930619698797264
-18.40622470690068
-10.559582725824669
-15.212171235491994
-21.327042383545145
-23.11970058436784
-24.527863886199388
-24.50773104254487
-20.92458070891082
-24.980826362256163
-23.227513557147326
-18.978558099791428
-20.669368801647128
-11.236082092236225
-15.067103121825705
-11.791964991197519
-6.183803222532274
0.0683377136852109
-3.629767450112419
-5.258924767722571
-1.446227932960951
-1.6824019800457195
8.245004854214617
5.053666445634387
-5.639628526927758
-7.454259650968589
-2.4720578855858713
8.042080653118694
-2.5044227166393607
2.804730693723473
-1.8218682175147305
-8.101307760731178
-7.413079932384138
-7.124976993517972
-4.73580407959988
-1.6294609497558503
-12.9097183699352
-10.02818135952634
-13.766822794845805
-16.757649248271232
-24.929851608376488
-31.776279117082467
-29.438302207143693
-26.573603018844985
-28.350385406832977
-28.197579720535817
-29.542997680915807
-34.985992937090394
-22.62966209053437
-22.36878312703925
-18.10647248765948
-18.228154768965357
-31.24643966141437
-25.62693694229728
-31.292833672014336
-37.0960431967317
-32.99046217690932
-31.924315221902198
-30.438476224297247
-34.34016211291038
-31.085293899288317
-23.73500300884163
-20.543608538505236
-30.258815529950517
-32.09301954697136
-36.25504338106067
-26.468933224952305
-31.862358857921144
-31.626804021166052
-29.686819960227982
-36.072965973474155
-34.5364535284506
-24.862596355695988
-24.318123920760204
-18.952807660298546
-15.745799490751866
-25.927465401021372
