6.3827073375527785
4.158773135132948
12.175893972664982
13.2912550692991
12.173862950295858
35.70531490745487
8.236500158965265
11.194639821988076
19.80341709955116
13.03612519595765
16.34109371478448
25.1803649650506
27.80616746477659
20.905790927829358
22.802155046601186
1.0161241025861452
-15.285708226393368
-14.012914066038325
-13.21372823826864
-10.360519581871614
-2.055343046427805
-7.633514752367628
-17.73218665076405
-14.6099886758833
-10.634438545369813
-14.707534209742914
-23.798899191613565
-16.190941164846492
-11.057976833278394
-19.81481123585516
-16.358734012489094
-4.577031759621294
2.765142651638544
14.477377911121998
11.555406978580484
15.069457760875752
6.205962563606953
2.014850098333582
-6.608892035720468
-8.065308230665412
2.206990566426997
-7.3010260954789725
-10.301115304463536
-16.136050030879687
-15.446763555184784
-13.65943643286097
-12.551418589397645
-0.17896311357051642
10.199175941189898
7.59658867974409
1.2831733780027752
3.967065383585728
1.985138025620244
-8.745092962188423
-13.491423917296428
-16.013631407607047
12.407202242421766
3.4491461158724612
-0.8256338250295885
-0.67677673376155
-2.283596739322061
2.155964033877141
-2.133935199335963
7.7921704906591
3.636939203444447
7.463331403786922
12.489622602664449
12.029562776474345
6.403607303604237
-9.690637485394722
-14.837230659505876
-22.64567563180145
-16.671888348737
-19.014442629645906
-15.216237478075694
-15.404619513724407
-19.654078254180256
-31.712293385426232
-16.353561096669697
-18.629083418479315
-6.985759947273404
6.396876895393431
19.108121163064308
18.01912463995
20.88820886330105
22.28197962329776
22.13285486332227
20.91424721349314
10.880642370090737
4.346860538811649
4.812460097971664
2.500956295248779
-8.499359454187836
-10.264354629984263
-9.435840553838833
-21.13005662666434
-9.777607487279512
-13.079270084891036
-20.661914196188466
-15.031197691980752
-6.1519987067273405
-3.814159228075117
-14.622899615250018
-5.876896202570367
-11.541221338504839
-21.54866361395192
-17.272140668255037
-16.051148511851775
-21.963848877179927
-10.36238268147456
-1.6660515693225229
1.3830781709416735
5.059216781621354
16.415715360594398
23.096068223689965
-4.030558628950521
1.6333883888317446
9.74777581966056
-7.885536804577132
-13.42520691774535
-19.192712434439887
-14.685017067254643
-17.688104491753364
-18.575894229440014
-16.200403426256834
-17.48211823063907
-16.790644533570603
-24.728144795420228
-18.194700973271093
-14.907874111112521
-11.880185143449788
-4.89711592556722
0.032264892239622284
-0.12610774966716976
4.363832678963848
12.23101879160785
24.89452514366941
29.675978360176806
25.57788189850588
32.54295659686268
25.1822902119546
12.145126076771465
18.487501706561783
23.774653436614038
22.525123361592
27.23163913548125
2.5698092716397243
0.9670011482067644
6.805765451210354
8.245912770284175
-14.426912411171966
-21.28651162861281
-15.1436491103643
-13.016839657446914
-10.82543027701822
-14.160013441035314
-5.2719312400617095
-5.187539201458732
-0.4362054372758449
3.2284107959041863
8.351284715164837
5.666742762523573
7.453494274412493
11.60669468589968
9.694252458721046
3.3699373278092812
5.6956475456537055
9.329909081354849
12.029915382820072
6.9126709080849045
3.5239263022400564
-9.719122811241776
-22.472181285046002
-19.39248862178184
-8.985482388222778
-7.733002053912773
-2.433905274765713
-1.4503442514091889
6.914570985480419
-6.130364579901345
-6.343359776120731
-3.5717911028570883
-3.0916551817360567
0.11406750991863912
0.5233844367324858
-0.9013059902666788
-10.099015034339311
-15.543899298299527
-20.947440006179047
-18.382626561876897
-17.215962743629426
-17.913971939625522
-14.782866714347312
-14.43652167829817
-8.634447299450306
-10.160385179910108
-7.78149678215404
-1.5141295790821423
-5.44633812432804
0.001934675399469261
-15.001039894455063
-17.042539632573984
-17.425443576887776
-18.344131041338514
-17.64309841195295
-15.475207330567613
-15.921409102151744
-7.428123050128449
-24.88829673625526
-7.696145807539533
-1.3977882074165364
9.12569165447705
17.820953608040732
10.202331749788891
20.44080641605845
1.9676028344699552
10.527032318531557
4.6170782720506285
9.459175747264457
5.807070079753673
-2.8503786180368813
4.75198422436269
4.604663252192656
3.591805240300548
4.445139685691278
2.924056490995929
9.110987841020998
16.61963334397091
15.35733265849409
19.352154007282298
8.566375913035483
1.648056284801548
-11.885839614561887
-17.608039830415677
-13.3709199827688
-15.672995304468465
-17.489179476325546
-8.684449642836976
-12.4367101422058
-11.185052048335473
-9.41142097525049
-10.778157586408645
-6.119113107984197
-16.12752827068187
-10.092729081500336
-4.867394781429155
-0.7281403993374133
2.8748581660615877
3.632782563545781
10.544388561869022
19.215282093781017
20.510983196397127
27.32779303934276
35.66900174248226
23.99995750499141
13.179085448773913
19.51015684179348
20.6286839664804
15.375192325014227
14.182107155605614
7.494972581348614
9.287588513594448
-0.5282674964551609
5.793225505951022
5.082512623841941
5.574783364620386
5.5900386827658535
5.823214088716285
13.107595138232513
-0.5070583342019379
-11.084272043550591
-17.621291137709328
-16.996254880899457
-18.11484480027517
-12.169894070603526
-19.54779981377872
-16.382707720488586
-10.902167885050972
-16.498307212399563
-4.868535032793712
0.7942567524545759
0.3394157522464569
-2.871397016230072
-1.7817492397636907
-20.97288518803664
-50.666981508607094
-43.43191201172145
-51.17467073840851
-45.75946684693493
-38.4336124602784
-26.9023407122203
-23.929347165126167
-24.63680513882403
-16.440528576716893
-5.877783073965299
2.442748573088436
1.1349586854560143
-3.1639463196348347
2.0104147450682803
-6.4467516793849
-9.006244064785244
-2.1299869259885917
-4.78402158537516
-1.7381242730134239
-12.000637105939086
-19.484136635454515
-11.226587693991094
-22.613451090484425
