1.8344920592289025
14.939723309296284
12.798913851683233
4.948202998094411
9.832833991643954
2.906160781145552
8.392693620483746
12.075507716404937
11.478574023068678
2.0548377579033392
10.78449153893234
13.732906583132847
12.860867101235144
-1.1428315969444478
19.495759449392587
19.25951697517961
19.13764961331829
13.243297048191565
17.863159795028373
11.71616195754158
12.496402134310602
6.7852638035034385
0.8852599269378048
6.711622442618673
5.48636305897425
1.5596105340637485
8.271380212409504
12.92790477716623
11.033512333141628
6.27851967294166
5.99976273848881
0.22595117720935876
-1.6041121174663522
0.7404989409224032
0.3765882960163328
23.69938129011447
18.410903396577933
14.095402249845385
31.86820452815714
31.024223466839963
26.113824095352697
-2.388203753276704
2.8645832008408654
-6.017595227485938
-15.874887206711815
-15.571692589957735
-13.576362509325136
-10.47452409299028
-11.003898622365108
-6.3295616445244995
-6.000220404882038
-10.952446916150642
-7.6252677042573405
-2.70257163287377
-12.792134802071295
-3.5943801428530597
-11.824390883640428
-20.642593084866725
-13.845224400400415
-16.752915102703806
-17.49406488323287
-15.38985281997216
-22.01730920841849
-29.97461858536675
-15.152119898459802
-20.313299073356603
-12.917371257026474
-17.70424860065039
-20.429717807413148
-23.88481737952218
-12.169296495854006
-0.3521064147617072
-2.783579358078736
-21.59880482480625
-17.919476855796685
-19.794583439509346
-21.92382180014934
-22.759184835187426
-26.536265674450803
-12.925496619407973
-14.944062601346495
-9.813687582715033
-6.226791586492918
-1.3469754039334911
-1.7118155967655213
0.7730108193937187
2.9287568819430865
1.8678088423231716
-15.922062895141938
-14.724771648895896
-10.624417261889636
-10.139930438878975
-11.50566886431492
-20.054316494591575
-26.05801506995757
-26.817382302027703
-22.47851060908717
-19.34788175082894
-11.233052309898238
-9.463586369428334
-8.216598437404036
-17.10903542982481
-13.901678399057053
-20.53773548906713
-27.223567822950066
-19.09314971048673
-15.770275034067025
-17.591176708209026
-9.914350676585842
-13.584333773245751
-5.132929107457633
-5.128698729557893
-20.266947798113208
-21.75144740843137
-8.067261943789179
-5.680596246394953
-5.125177613527931
-1.816214004953512
-9.042810498124744
-3.077945257154588
1.2422098263221022
3.720954577907881
-1.3230188231189568
6.138031320857447
-2.5313968107193108
-2.737007649732172
1.3388982745064324
-9.555105570398693
-9.949421013553708
-2.5207900893411326
10.784381488666652
13.52913206800192
22.359710914398946
17.870060167363008
14.888084603343787
11.27786697904799
-7.830140095291584
-6.613732974790727
-13.123764798667507
-17.450237080350206
-22.292169794425483
-17.197468795666506
-4.713219851616726
-4.93677082064606
-6.936254293822564
-4.153347228078317
-1.1893886102510791
2.4161791979217058
7.555772716157525
10.887786435575883
4.330774573327654
3.931824896808164
7.161065895280981
13.825706006239605
19.334900943647078
13.531437293208803
1.8250746272319216
-3.317194327814446
-7.659347280601082
0.4894839648733034
-12.333035650307579
-5.921059519035992
3.6843405278354386
-13.172749964075114
-2.7983615932868005
-8.391252373652724
9.384174120993762
13.028178731351087
24.862639366912287
17.670680528269123
20.68203853412137
19.567783132794204
22.754150925859822
8.594593651271666
10.49477726669788
6.503181653429391
0.156970345129801
4.904209222476811
9.058113995482817
11.676066968394814
9.607077357899547
-6.654528612903928
-8.835171121247448
-0.6368371847295582
7.309063133874365
-0.30986941594767936
-7.8157117718909905
-6.904721560634395
6.412637086027786
6.830583366908883
4.077238389614685
1.3795858826962388
-3.4439109610383096
-5.612675698059096
-5.619876585298908
0.6415466208875886
8.801985742241039
1.9576080981082948
-5.546967081561991
-10.138908365477368
-14.726997707854824
-14.961076153850662
-6.992097502529637
-12.32436892121703
6.925374283492144
12.927422714110506
7.982108629697293
7.911116628518826
-2.16108618030933
-4.9628251138723565
-16.351636696719748
-19.74270852104737
-6.371504814236275
-7.388994571065887
-21.422916020079953
-20.967118833702678
-2.516117866846129
2.847441180971896
-5.615517150134335
-8.432536087823774
-14.18774355450634
-10.818172651737877
-18.199286101279363
-13.164147472043087
-12.89069854325744
1.2164223790117503
10.97615076808997
-0.21048401891152008
-10.020662536346338
5.872436247545023
6.215744494427133
-5.307141362519181
-8.663913610330045
-0.04136336717248757
3.193079941760624
-0.4317824539838305
-4.192459983536648
-3.841392245201848
-3.4772694332378915
-0.24814927310597615
-3.13203828666633
-5.449443084747925
-7.003980506861759
-5.921330818430255
-2.1261644168363194
-14.383965112091742
-3.3666340774773618
-0.8913627552748513
-13.844318686286735
-12.247537110971038
-6.2283989822238
-7.342518372185568
-5.724185448819732
-5.812925630943169
-3.782848409343305
-4.696844196835579
3.433272771082403
-0.9850758816610488
1.8904243483653993
-4.42884977202244
