12.20342152701936
3.8925190738117945
-2.6326024970012774
-0.2423631822626007
4.979168921742327
0.3167670430236582
-1.1297331906768318
3.9484979695658415
-4.1944468167495526
-1.654015638967172
15.247405126412582
16.81018777870277
13.006930537675764
18.7750835438702
15.02392728132364
2.8870105996097304
0.41767332222731773
1.3190664780697765
-6.526359996239008
-3.774720037491556
0.3915702322969372
-6.1575806906693265
-17.379834068741324
-13.646038310379815
-17.733511422825558
-11.039762890617835
-1.323944841261785
-4.3280677121501325
3.2776047957895846
-5.324136232063392
-22.42316890795648
-9.247077719563288
-8.983135418551491
-17.085863545148385
-11.368408332445915
-11.63990970126277
-12.657899234301937
-18.523069474582343
-15.644880886386476
-16.60595244866058
-19.10672544308202
-10.368243066633513
-12.821651597419693
-11.432082186489195
-2.260374396298254
-8.467372322493102
-7.087159334850923
-5.311297618845145
5.521429042353108
6.490128569123397
0.5794630217621917
-4.18542589025102
-5.900781713992188
1.890334580459712
11.492999093795055
16.29548243674759
19.05775641075988
17.447400254565935
13.29584926455718
14.662985911594026
14.921658328373685
8.524454947805689
4.558912066806579
0.7302039053715617
2.6192378253079567
-2.4021512056166694
0.08269479625890623
1.5902764682913288
-5.626502362321958
-3.286645641982674
-0.5115689591848268
-6.7099034214688205
-5.856224310797177
-4.664498727160969
2.986933137265169
7.4050385327161505
1.8554439518494608
11.835921997962096
10.863156218886898
1.915055771005796
7.868555156834713
5.655013977793201
5.249596789959954
6.466427028341264
9.33195354988347
5.4547915939079
7.369552765843519
13.829476028535945
16.269766380503462
11.445528290865235
-12.513391340521133
-17.594242321406142
-19.275497357060736
-19.76830832201248
-22.434769852738558
-21.496830244016646
-20.945832696286164
-19.553117679260694
-18.625276409345336
-12.679086539815025
-14.560345421237312
-16.311461952577933
-20.868616896989256
-17.806445889538654
-15.271198562601766
-18.39109932916285
-20.693679972320922
-17.592215112066892
-20.717912575482934
-2.5840042327286805
-0.2630216453345762
-7.601031202249008
-12.002985643988627
-15.287096833415903
-7.9860773977194155
-12.356874250359759
-19.61305138099066
-18.613622764702708
-15.817719108163507
-21.471517071865925
-20.689181466527145
-29.67704348938767
-23.99164217805711
-21.414471827257444
-24.69454635289332
-29.809558467385784
-25.66061798845769
-21.948870374211214
-16.00621319986659
-3.658785444994554
0.3144762474530505
8.425708721397799
10.034321403104759
4.270017205173383
4.827405297434656
7.8080896810028975
0.3441529627313449
0.1883781034857012
-2.2796525284938367
0.15497503208682006
14.820219862593547
24.348049925451445
26.999293809882197
17.810254815479286
17.048752322699453
26.132985621556326
20.028429032128404
20.908867072756944
19.54300361358388
18.704814905434876
26.169996091877906
24.244905570487465
20.577624130273566
9.595486376997306
1.1718448182691503
-1.1519460674154631
14.691739831271185
26.827898156047677
32.81919193994453
24.47183385032324
27.82033711577056
21.15379626147764
19.660895176771398
13.066443720983946
0.5084793554744477
3.1438319741251037
-2.6399704711830303
-3.202765941567121
2.4419946495421065
-4.356948239971736
-5.311262711159741
-8.472720425716188
-6.391965470789707
0.4619513972326552
2.518032050234451
4.0182954313047965
2.3164624578419115
-7.695959536111862
-5.301851748244023
-5.839592419256671
-8.047286376797366
-11.4148488485442
-9.69771053961442
-7.744170568079842
-8.847041880205794
9.667842711868275
11.843790233867589
17.181567562482527
5.054675971982607
11.98147435186342
9.150791336276088
8.871705344864099
-8.14231087219137
-2.1184717869368286
17.924997354640826
0.9705444797154952
-7.967048850990013
-10.671144919932905
-15.277816119638178
-13.176929419954488
-33.87991197976971
-39.305193241991645
-25.32883770308977
-9.109947361319117
-3.91200661242324
-9.660058921828362
-10.536795687809116
-12.333558532429784
-10.321161983944624
-8.509437623835401
-13.680010051634913
-3.2220032730550403
1.6851040639359398
5.630848342221968
4.494454442667371
-0.08650280270640316
16.173978333957027
17.299382825725786
-10.667077765588253
-19.719898476341733
-16.390860901642302
-20.811351029049433
-24.639595367673067
-21.120956875607355
-24.116584971189535
-20.46334996934784
-21.103482186112302
-19.751260600778718
-20.306422501366328
-23.27028554419963
-22.374886128243766
-22.28654537493102
-17.438527450018068
-12.568507795235893
-11.983028772454903
16.08304348678813
13.427474959572727
13.834643787445895
10.87091620438669
8.059267293622888
12.274368528568045
10.67773000935876
11.533605026278885
5.826829122190353
-0.3740091192245345
-14.199582038692427
-5.743181564234222
0.4002531302616737
3.4288557284979566
3.878767446361596
2.833139787347235
5.307347252707596
-1.5087872954485646
0.3885961771799188
2.4570975345398263
11.211368726975854
9.350679517323961
12.827169854162285
10.962396150164402
-0.05393112025591077
-5.850597973326964
0.1923062540929621
-1.5660518154753231
