-3.2408738782524686
7.642295883703605
-4.134658480036927
-1.6538236110672095
-10.182084872802964
-7.212597376363416
-8.057177782923803
-7.539797037303977
-13.657244113638775
-12.144987512898286
-15.440511318216831
-6.557486786111647
-8.011659214900513
-2.6601762407485765
-3.727316350751618
-7.1601107583039205
-0.38183388887608
6.795966320900562
-1.3403836933731206
-10.185721764628273
-15.818415460741123
-11.026469866202829
-5.373998872455604
-2.729170011577811
-4.133530830482785
-5.450808841041229
-4.406810854455916
-2.354201850145809
-10.678886927223484
-6.7503328983501145
2.094448074453157
1.8704666004008017
1.668789265188384
4.462091050478618
-2.3453694071517344
2.639687950333458
8.156400714218881
-6.731470856624732
-7.075003492104707
-14.467613661996527
4.670976795592996
8.113148314351875
4.6718033432930905
5.282878281309342
-0.12358485441269045
2.964835320002392
9.809604682673903
-2.799078102687094
-2.933285373926002
-5.061005099165373
2.881020550986417
1.6495631469425531
1.9599013334190216
0.6298196069665676
-13.066272822083492
-8.154546419092371
-7.274059189725269
-2.095065541246631
-1.7180090550804783
-4.22122270804296
-2.4799126853754463
-11.963098716515772
-15.516224219179644
-11.351785855749391
-5.308604859954102
-9.821047524123369
-10.606338770825797
-19.04021884827381
-19.314228439039272
-15.931401505201435
-17.050723894706206
-27.314558201447905
-22.859555699084698
-22.085638606176136
-22.612574454352156
-27.947629870370847
-25.746231319272795
-16.837484458361267
-18.592643970174066
-15.610780858711612
-18.5591232538258
-14.6419536106929
-14.040661694951506
-13.113103544459035
-9.558309611764061
-13.247379941271474
-7.192782865780788
-7.3895449658321395
-6.160056480713128
-9.401089775255457
-7.521660007933472
-12.521676376068045
-11.958847119395982
-9.232436955513304
-6.483716764794053
-1.5065779564191717
-6.8857666186139275
-10.261860699982856
-13.376673010910526
-1.095669626209435
-2.38652120701841
14.694058822589449
16.091434379389966
19.677858770472195
24.314650924210504
3.854328654277267
3.5812957426900085
-3.2780241173903324
-8.548243154585982
-3.068308807463077
0.5098212684843091
1.3532500004158512
-0.9194318468107616
-0.033676180007764164
-4.385147343291478
-14.372553935288956
-16.360271825780888
-13.796378426370778
-20.846278707071892
-27.22551551067853
-22.162319958364268
-21.77475349988399
-12.147690886356811
-13.437203337677474
-10.36740794242561
-10.518496199295413
-13.5391339308181
-14.771835595254474
-1.2801639263275275
0.6431102577522029
-5.444726476909737
-9.256031031704893
-12.44540758524139
-15.979785216167798
-5.883682194335383
-15.408531418264591
-8.858028094621423
4.055763570064788
-7.364654507755318
-5.8693956531366815
-9.050389246768287
-4.376561237079886
-3.0721022180370627
0.06644723842302741
-3.6651366984913447
-1.6629643149604227
3.1288587635050216
8.02422210593569
7.01365714366559
9.517453612006127
1.7969995300923909
-8.662983090117264
-11.894211492041151
-3.152894459614432
-0.42883378451311466
11.932406404142707
7.774264567320649
17.908685020853135
14.179162287838695
13.245502204891913
14.119303865854606
