-12.230543200446462
1.8562715478682723
-0.021261720139240648
-6.195011145654397
1.2904390075604677
3.3712796985433924
-3.6023902075968035
-0.3469049229553034
4.2538946698659315
9.88954297921104
-0.8977945867484595
-5.160002488602634
-7.89643056037352
-2.163648738824516
2.881563350732257
-3.516927651821698
-3.087196826548496
1.6248582584540383
1.91268620446174
2.1005823297296247
-1.058133325987607
-4.6967808144172745
-0.623230526306547
3.3129748074506664
5.391378350933191
-9.992594446110477
-18.93147740380857
-0.30858464689800796
-8.684318503531879
-13.705627525275338
-4.832620128485706
4.2513741514971075
10.324810201138506
-5.765986865248602
4.121353465117932
7.546967115286843
17.419792955699016
23.38687389658857
16.459475252381576
0.0020702497655530143
-1.1932954026694738
-7.523121080027582
-8.567637370611697
-8.436122715836744
-10.371725084037905
-7.0204570047292005
-8.046517851312016
-11.891171705382474
-19.859704813862628
-21.831173276351205
-24.506072378216764
-24.261164050136628
-19.959731091821503
-8.901875346855125
-13.186520334014256
-7.077492892736307
-1.841911058767084
-1.391336349334226
9.5099441812904
10.950813665867571
-2.5396411268731267
3.425470219300521
4.255725543032592
4.3342857940503645
0.6592955333894005
-3.7074717322027593
-6.773100327004014
-7.760611449791084
-4.088764172972772
-8.863270513085316
-10.532409887495843
-14.21252381486464
-22.795424203890523
-18.04434304851744
-13.522007401794207
-12.591130717943336
-13.839745794258413
-7.853022302289026
-10.849080550790923
3.680549328382833
16.07883401808099
15.988492963548767
20.232919648793427
19.480647302529942
9.332256397357384
18.458697926800717
2.7695186063766437
-13.423100077474013
-14.978149558168713
-10.29912423356305
-10.088334936936553
1.0132561697754199
-7.373095265993421
-18.95692183323941
-14.401189915069054
-14.089092723746756
-21.767611137035864
-14.6090100725665
-10.25813225339253
-25.37372591500239
-27.051228547494603
-19.79611758673237
-16.863283613209678
-12.466898217628179
-15.458605357956165
-16.082675666682512
-16.49641699177208
-25.71781932580264
-22.375849057674127
-23.33921830413115
-23.41206120829145
-21.412262088972625
-20.084406706228144
-19.238609675574168
-14.406198864060194
-2.9849206145340537
8.016125132074547
12.757079110715225
15.677425077979839
16.351751072164486
17.649685771688787
12.859444546125033
6.436788663344803
-20.647384891141037
-17.332495226944392
-18.238327978340365
-7.621483407568379
-10.389143023090586
-5.797074302140665
-22.068189500049726
-16.213488050629444
-16.990495558417148
-26.968037406578297
-19.070862670415522
-16.132353019040167
-12.704890289178215
-9.898836850263576
-11.013526498243547
-17.54362728787444
-16.257428483298433
-19.388814505419873
-18.171947845936913
-15.464628170073672
-18.370995597084125
-21.495868823791533
-17.453831223902466
-19.723194978552307
-15.081992290972018
-9.222169016924532
-5.870518171708041
-4.399291561827983
-3.756967612575648
-2.8543051485498423
-2.1507183999455406
-2.0889616453447637
-7.104421607191188
-10.474935744757166
-11.179612037041231
-10.533452667179187
-9.812420915229394
-9.858467064045376
-14.002264400764071
-14.575583435651893
-12.516589665318785
-12.789134581079473
-0.2071052742743612
20.03080813561945
27.449008354145413
29.42782161781377
25.355111635475854
22.255858563998927
18.495755388583213
-6.6394155784076645
-17.06059133451376
-28.199990024770226
-15.72579460513561
-18.26149053824218
-17.961248102492412
-13.87103943325825
-16.478625107997953
-4.048696858240761
14.394752440877586
8.886429430875035
15.833121478962306
9.35838856256766
9.405215288615503
7.772467016275481
4.4846386915911625
-1.1128844415493786
0.4500018489645817
4.1105255490085115
2.137218425083257
-2.982001664031271
0.20946113416850595
9.810120034101383
10.141786092290808
11.385677816260376
16.95993250599782
10.01289154503033
10.597594765847226
21.543783986426067
12.910868278707154
12.459821922767867
-15.107908631509824
-6.910017831726616
-3.2884190190617653
-5.896872871393763
-4.832702002266059
-8.802300787205443
-11.05272792347346
-23.450788682247566
-6.423431722820722
-7.155951155469903
-6.235149303021394
-10.006262403364447
-15.712503275906911
6.405328676255219
0.39649827043108143
-4.2045649205695925
19.9707940960762
16.70197605024958
12.116999029567777
-0.6622562588344952
10.954680695228053
16.304103319751743
7.279082999452134
6.298664355615188
10.472168793610313
11.88129582333668
10.321842980962929
12.843417644089007
16.07183493386227
13.43076341363252
11.973049261749079
17.007959924659804
17.274199819676586
23.12220805601263
11.665438160488089
10.055517015072137
12.434026715059543
16.708586287738413
20.091555844835387
21.476323184310747
16.11498118960357
11.94388438930886
13.971764092075247
11.084854273893841
2.5259323286914857
-0.3233821481301695
-6.615070466999088
-3.1412073984904265
0.8941666368899491
-4.461706586449224
-5.170290132217554
-3.21786329630139
-4.928120911043774
-10.076406591884725
-14.484334531062482
-18.03256297393811
-19.429739966950297
-31.10421856627988
-31.918872834747898
-29.17259333778131
-29.168300394673828
-25.810688679841466
-28.337416925629906
-21.245415515329835
-27.10394204858029
-18.967619890514058
-19.01961759494309
-21.051008953946212
-28.152554389381894
-30.113524583628443
-18.505517674359726
-17.094769971597874
-15.742453621818367
-19.945001895635773
-20.07916481981459
-13.154470115766888
-16.141115544592267
-22.65175747806323
-15.378605063403947
-17.492951551680072
-13.324025024255555
-12.087221797253287
