-10.303458162536694
-3.3988118345988
-1.6803690761856511
-12.970503509784734
-8.5564396890718
-10.875960664855203
-3.1932406087825953
-11.328110724508484
-14.697932395012586
-2.635297393179353
-3.8921076543435764
7.412078981218415
18.24909758016289
15.207156072067606
4.472036085654769
7.220026513854745
17.990500301163237
17.556984675885786
24.369275107263608
29.298167065496283
37.52101097725057
32.32497857320844
35.79336462289269
30.19350551930109
34.50429504759596
26.30245525587932
19.676708735850188
35.444186365702095
30.549515365023822
19.17511437804278
37.46350369263781
22.13693593899686
27.570273624679583
19.35400465378664
8.914186071895159
-9.937617868903144
-6.948917414616911
8.50204826622649
4.501148875389421
-2.5641394023990034
-19.64412565332216
-17.229345937304043
-14.841270978567286
-5.1432118526873065
-5.3322642278902475
-13.525430291146929
-15.615201738667832
-15.361165474872275
-13.019226313091314
-15.507269065777287
-14.271856442042928
-9.446922471099
-2.0313813152914992
8.788336963594205
3.9316039138631784
-6.978366143095906
-4.164965635468434
7.072445685689077
1.0138113755826472
2.0937096760622667
3.2981556117478656
-13.130551137972047
-14.961350475984212
-11.251355451839752
-4.782301879255922
-10.706635772417778
-13.16481248000145
-7.447870439651932
-8.517652898487299
1.5424359438373612
13.019154187926018
20.21873490410664
10.231062418709302
17.943266901368784
21.16659977385105
19.789401944412997
18.72643335027127
15.89413290836914
21.91759187404705
28.54021263469437
25.88654756238691
6.0038397304182824
8.298041994111427
9.872687682316286
9.647284836854539
4.704892019624649
-2.1034375388335715
-13.870263954350625
-18.64096433356809
-15.312580664195378
-11.440704884275362
-18.508194342550325
-16.975823703077022
-10.435395916455867
-11.648475753651836
-13.091339512027032
-10.164764168675852
-17.003984624530425
-10.356553482712764
-11.631031531866943
-14.217282311866464
0.4375119979570269
-0.26979020553919303
