2.5821748663893453
6.852175020160892
10.686180889636034
5.444971370057816
8.760954111064407
6.421859460378134
13.991713124433515
-2.2221668664754963
0.11261274113862728
11.911283893444507
-1.2491559192627162
-1.5152916866014052
-2.4392003974655068
-9.784182521999515
-5.8284820360510645
-15.604728823683233
-10.313544444425089
-14.654602562132508
-23.250883363800376
-18.126219638359803
-13.484836543641615
-13.415435991848769
-13.268306030500042
-13.887664130667545
-12.398035009485154
-14.807608674036
-15.511066337649915
-19.30770163768967
-15.743690467266841
-5.993451192236755
-6.794017424346782
-1.2734970017419918
7.997571202623901
11.761033472968082
15.269153512381367
18.544434279057548
13.578789115363655
2.7955290038044898
3.671447320732857
-1.5920372607862041
-18.02113208639079
-19.00710595529211
-18.960172082852143
-21.145411742874163
-17.379418177192676
-18.334977277682732
-13.920804309360983
-17.153738746827088
-18.3782435783297
-10.26446290204658
-14.59733332734441
3.705536357390068
-1.0329570433278152
-9.858712037342386
-6.804564413882594
7.8050359798270526
9.958511377596606
5.206559160968912
4.939610461769357
2.878399017060814
-4.05769370865976
2.51242650987525
0.9478078027879254
1.7408474966300251
-2.3390573838252124
-1.4695251172465615
-5.598441187246356
-4.988905565364747
1.908965174950066
12.035525245028706
16.089042681276585
8.160749964419695
0.6580872939726718
-6.069777770598698
-8.487074549531469
-9.529314966399305
-13.391789764967134
-16.176271714740984
-13.083281490344335
-2.3662140480468183
-6.4503393264730455
-9.682581722887079
-13.100340608129766
-17.32381809294075
-18.979009103124646
-28.763037288821486
-26.064904339572767
-25.550436311544093
-19.955142519206387
-16.136669410793974
-29.347104426761252
-34.734955756352136
-32.30331761750453
1.137543062632633
4.012458829318279
-4.930600935666946
4.424147414107502
5.275707195486528
0.7111766847197876
7.970783520750697
6.877011746536497
7.272134658333043
6.5035566827712
1.2092132327843628
2.93855547553976
4.561858746756139
2.716864382175644
-2.8775157209247944
-5.576851557436114
2.221592802267859
9.141529188162172
17.31458417620577
13.147695957896982
4.872488214339689
3.3797239798110263
2.625683310852437
6.485433563350193
3.1130968943108934
0.4494474747579799
2.026460384886298
-0.1525927845489862
-6.207957529065238
-2.396433179925513
0.7553497506438653
-5.218879879370374
1.6723131849240322
14.28795639550589
6.026908066337657
-7.316939602903023
5.367841773037801
2.1619871743882726
2.135448011723352
6.261248017850553
0.9885546904689364
-0.23728431585587803
-1.6101756940306122
0.25618415057958943
-2.3617933028141955
0.921249900471808
-4.246469891814524
-9.825332811823637
-7.180813540333206
-1.2046604083110908
4.571984548998471
7.782601798478732
4.682600792082068
7.683090231462165
3.531856423616665
-4.149084402126887
-3.488957306706196
6.559465203377178
4.681856218638914
11.56643272273559
5.087985841552426
4.45635917993988
12.258055040100196
10.68621329185603
8.316013535128455
9.24676836882735
10.029244117888322
9.03963052958699
10.905684916143313
12.18839699989527
14.140997949872064
15.44534982142962
15.933036034707587
9.158614606298642
6.258143233118267
-0.05916339729361846
-4.707380295254402
-13.026896854452493
18.3215308057774
34.46796827406707
31.544581036573657
30.00443252047244
30.23018499895927
24.787458916962393
14.001239849733269
1.4873296967176477
7.329068687100407
11.74069564921271
11.775212762041642
0.8443985045900071
1.1923692268657282
0.10060048039654554
0.3560983402346229
-6.254568500543231
-8.317665060859143
-9.846391017008264
-17.072525320993538
-9.430405486740687
-8.51506247161116
-6.4708859383674495
-7.877441314173279
1.584488542586144
9.728279358148471
13.060347139884126
13.948236078273744
11.388620420210446
17.293728413978098
16.206703560356196
10.841724076808767
9.864266747340972
-5.300048422909544
6.739893201414581
5.8727504778706985
10.398310465286572
9.977674480793553
12.09748055341653
10.52471834496893
3.3774169516261585
7.07679522142535
2.8844781043611336
-17.236297188457545
-4.879328397243002
-12.20016874460136
-17.62089370794743
-5.3960828756705235
-3.94102390111004
-4.920976573933701
-34.8326792827175
-38.68553747116119
-30.30335862659466
-28.65374193310127
-38.38093242144666
-32.25479458634078
-22.47706915921631
-26.625985185767373
-35.88238247452929
-31.70228296163691
-28.003206942366344
-22.787778942706648
-23.907440609710843
-12.92597062260866
-11.797735476228912
-21.90895937969655
-22.819781937961928
-21.187530299538157
-46.58100826030907
-41.13360920456225
-24.573538790962356
-26.454622064805225
-17.195232573073152
-24.045721266903826
-18.36323945338468
-5.384541748032502
-18.048771507383425
-16.706130190930526
-15.365579115263696
-14.959052785333595
-12.191428851826394
-14.877524991891324
-17.485477395917858
-15.800822092693654
-9.539719046117273
-14.722857775131743
-14.110658233083253
-21.251668182197907
-23.16448597221284
-23.382293312082005
-29.32221597187564
-26.07883770461943
-17.80538911720195
-10.452625257368569
-24.611617459354488
-18.156720656327398
-14.230063665826226
-22.686993908073312
-21.10275440096636
-25.277040380599626
-29.189404810906463
-19.81556430355549
-18.315481949905216
-21.055494317748828
-25.6876367893848
-28.92242627805756
-24.64741933529711
-15.733141138006088
-2.1507049149126267
9.370905246458122
7.828511666509311
14.0002163395312
10.850241620029738
8.54252299942741
11.00782512947232
6.99765272175668
2.923907848257927
0.9260213743504788
2.0549759066806867
2.9969228654809794
6.923381632278991
-4.387794366720897
-4.560815318125504
-3.730963873969536
10.54642896107246
-6.011536139423875
1.5969701560004206
-20.769668994996128
-12.624707848682945
-3.7136541524521087
-3.8156699741401576
11.066081645162079
10.182839931926859
14.370958962679547
18.58998106410255
12.208289548087265
10.841137826913538
7.016663888369616
-8.88798338075772
17.522177404058212
14.726911051593527
20.38110518130414
8.846480130208421
-3.941007816243717
-17.387990403708827
-18.927543905396085
-24.63750875249295
-27.731777807393776
-12.869853757630413
-6.1471165926820115
-19.873222234787267
-7.876162434210683
-1.0578236887210781
-13.036326149236116
-1.2766309360272328
4.5077109246331295
-1.8163663118062983
4.5130009784410525
3.371756264798667
4.528344227479188
-6.4676582146272406
-12.497164617038354
-3.960161633868288
-2.1416475316815844
-4.622725596011378
-5.559485947180015
-7.537188747821712
-4.177096742125356
-9.616794475336679
-12.359650624357707
-6.9605652365512585
-6.775951382274923
3.1691198889058483
7.0189802201604605
2.075869940750337
-4.102654726386665
-3.8016309739615424
-7.823102823915237
-9.96171701039907
-2.3047105687616827
-2.315344427877664
1.5741498591052834
9.295921133414529
25.5608173836621
30.066095431625033
30.984951043987106
25.83884953089418
27.53528893403907
25.882372070455638
27.5416480525137
25.685863675590475
25.831904697674762
22.98214768438039
25.71570059938423
20.639989617014333
18.902525355063528
19.88774991562465
21.764828115637656
26.790818309867028
21.44552737716538
12.573209582861164
11.581965953331116
14.189733162939227
3.687978963296045
-7.981088281627409
-13.778595128540573
1.5083021782849908
-1.0005114287668535
-0.14248045827798642
6.112670347279849
-0.97058631311357
4.513765137691644
