-10.769735426641216
-16.188756699706776
-17.468797271214985
-18.186611680369477
-18.305942134336178
-15.832441953667848
-5.643913881564666
-8.830889233565879
-21.508247136432587
-19.651898608055923
-19.98319726273429
-13.036736944276294
-8.194508575483857
-10.134804649170674
-7.012838745604728
-6.628957819239411
-2.5876356825190148
-0.1304753093542973
-15.195697990106758
-6.633248736310773
2.0011678094253167
-10.206010114399307
-9.363774794418644
-2.9438696181350417
-10.73689286100567
-2.1925970926241485
18.790750420244503
22.17079115969164
21.28244890537028
26.930886331287127
31.62921648441869
26.911461840629226
35.12931647659272
32.991908490073186
30.12147776986228
41.68750997057642
32.450140245068035
26.06551278583176
31.29311706712151
31.067383847585006
22.65485607723917
21.12484621025819
12.53279340135974
16.5410863703402
10.1513005360707
4.7374275103964365
-15.001813064906614
-13.834148878166024
-17.02261524539514
-16.33932135140258
-20.546254747232858
-18.196743259905503
-19.070240410822876
-15.428454730723992
-13.923372349663818
-18.57600092441449
-13.294367857746847
-12.434573508758076
-4.786265100405137
0.6350235673022424
2.31324034452155
-13.39671606709671
-3.301031969053726
-6.491249527651418
-9.636759801831458
-9.420227114215065
2.8140181482831164
6.950479286688608
-3.293997243636772
2.42907301023306
-2.8738377299662323
-1.2623374136971532
-2.586618377577255
-0.22129562406533368
-1.4914436844822323
7.774406109898673
12.941304570009132
2.0564121851262693
-2.5001553850992706
0.4146915555315675
-9.989003289710872
-16.575335892798247
-19.219298830114354
7.723412884873888
7.592024382445673
-14.266313603477515
2.47767184741265
1.9026669505981515
0.8456807472056639
-0.5339157152895466
-10.331749332817095
-7.605825912879839
-5.243313099750452
-1.8111856082410265
-11.355620718269643
-8.64880554753623
-2.56074804374429
6.145809808199765
0.9475757168419088
-8.999726704831842
-8.909234279189034
0.3775091809482153
0.8359711727967065
11.378164956805293
19.657548255622345
27.830787794559907
31.61544157427949
39.547658422817136
34.24252225036705
29.94731075016692
28.63198055115952
27.47144533416081
20.249178486534255
27.379186089973675
22.614965053580733
28.031208130875438
29.475614968359146
25.805082882382358
25.829307794969267
6.628074855567005
4.491078615749315
7.268861670827002
-0.015837086747066752
-1.329685951950436
-6.960588447173666
-1.4208909262284206
0.24289292535367116
-1.3558573361032118
-2.9553556120922506
1.7950102090017626
5.144166100055132
2.1711492658903957
-1.500749174506712
-1.5196890147553863
0.2842099731029161
3.8956717380239136
2.8070482087282373
0.880239269140747
6.375391071014218
12.034663663806498
12.752190082388204
15.198766469880786
0.507469316266296
-4.0265275576232575
-5.993214252395967
-2.6716356949691806
-1.4603509325696855
-1.5331021816109862
-3.4987835333034862
-7.317150912325398
-14.806464162837846
-17.769831889638102
-18.761648421978254
-27.788890196652073
-29.06004621524796
-31.265247447113765
-30.799786101434503
-21.370274497222226
-21.53072686964953
-22.18776713662169
-33.18913465177759
-38.13736837889866
-38.68585353918757
-54.57708337791393
-52.575022669838496
-49.68340908062143
-34.18439493872827
-21.005956123987342
-11.689108198457525
-6.958072802260537
-8.114563891540897
-10.11414915735706
-1.4351989366727211
-1.5682856598780943
3.612127966960737
11.095496104736013
11.252550439661267
-0.14158426688357986
-9.875274009210116
-12.02524609279308
-10.471976755562839
-9.168288110299224
-14.9235995154756
-20.956935607269603
-23.40736728070688
-24.24765148283999
-20.63751414061233
-16.344632165574986
-4.953913838194349
-3.809282940641492
0.6453380816470584
5.778586633822561
2.5506642714488343
3.058637109127246
-5.9748794968197565
-9.038996442556078
-8.545150630474865
-16.758142609399517
-16.238256040220822
-17.78920530779023
-13.860220548749096
-17.30912020069383
-19.593935424179094
-19.208152320170008
-22.654178999949327
-25.644539020816143
-28.583246683474318
-23.98217431942545
-10.177250705556524
0.8131234278940745
11.109390943729172
15.000603113124134
12.245397436415212
16.994228327834612
13.981655696539462
8.363932154877395
-0.6325194047939738
-1.6586753256190816
2.3248857182757448
-0.6000086878801842
-1.349917351863811
0.41898005317845577
-2.02860111587327
1.7470923698931529
-0.6319686426135653
0.6128053048275097
4.440628620825755
5.5806997806296765
18.726717624236734
17.798529045752367
8.535286644179076
6.313587338807093
-6.5761990173887215
1.861617686957238
-1.2079763570451247
-10.686483113864483
-13.932679550872171
-22.33549259475318
-21.63262702516225
-18.739204711038735
-42.63739003648055
-42.71349410076518
-40.56144574238925
-34.314940260732136
-40.62975336192954
-41.87552416027833
-37.64521145452545
-42.042264807338015
-28.911854455042977
-20.306687262070913
-14.379700461477384
-6.939096530552304
1.7730131194777912
1.9567752899786817
1.9949423502589627
0.01159071718678543
7.273499359358437
11.422236626418234
15.22268272090553
13.720292201112214
5.682535440309245
6.6293049272513915
8.846444211153502
8.978871545064116
6.444199140467769
11.719565043618562
27.713926629277573
34.37334132924582
20.349882522744238
22.607908597194477
30.14546186224063
39.21358260654532
34.178364928850435
32.32550827340849
33.28847980056621
34.43584188749943
24.38572073034429
18.84852342863648
4.669839381102693
2.1327693481908017
5.155110837833302
9.440660853448373
3.3273032493454267
-0.6863061145351589
6.862444759207256
7.3884917044155936
16.00767940627568
20.721164050835906
20.886821896088623
21.295568590930003
30.504115292105173
29.342865976234947
30.053278231687607
17.244919293407758
-2.024957822823823
-8.587146713740339
-13.978656561235626
-20.056850264450482
-20.544905008934464
-22.75917174224741
-20.621862945001094
-23.08431095848284
-19.774755332366567
-19.031234268912357
-21.79444322245231
-17.41894995937605
-23.122288659067397
-22.54849767679089
-17.921892292897354
-13.94333373640146
-12.292806688363022
-14.777823391217137
-6.8556431585653375
