10.322405111878812
-0.0730052389122224
0.19357160414043592
-25.93891952011712
-22.878645522303408
-10.063517112037712
-9.15072886796484
-2.1604550354618643
9.99443857876423
8.564317549130086
4.069193674879463
2.5389224119177847
5.050794104156748
2.7357049817135293
-0.3192048978638348
0.26148663440444186
-1.2528837902879952
-7.201382516848812
-8.042636203485117
-4.869832610296816
4.518153151375012
-1.0529157593386722
-8.911543936458964
-12.531968329853107
-3.767945902199111
7.733028896722289
15.152473373375726
15.994212411529064
9.937298690827793
15.024810715332105
13.421297908736006
-4.713981945618794
4.894557948603245
8.004244490800616
5.1906187214917265
-3.1451422588860245
-7.22993849669495
-26.14599092125311
-22.6252064291606
-28.09231457514833
-27.482464769813852
-16.20413866311835
-6.958593780511952
2.9624099414800718
3.778084603438936
12.99012296715017
11.11482122913483
20.81460931105513
19.395018101558254
28.58767662757648
23.645701384301308
28.439854990127905
23.97966661928336
12.160257692153051
6.110066280535067
5.803568690218339
-11.443680121192212
-9.285406526150364
-1.103610340849864
4.294984700723177
15.701629042575052
20.760432600783812
25.946406872978773
32.33101843348583
-1.9417048525353775
-1.323169095915105
1.6963065413251168
-14.055302744120775
-10.31758611776
-22.164953507894364
-17.947555995326237
-24.66988645671637
-21.22693452060177
-13.667822271947365
-12.963490135802695
-11.257046640060992
3.820062678367617
9.666482245116077
14.565438092393071
17.809277152110496
5.568646367287874
-1.2353549468875071
-1.7571104462078802
-7.482187981698356
-1.6682669439758562
-0.06000766327958456
2.27030351595257
-10.813964439268169
-14.489889436331296
-15.05542949815867
-8.393875660613487
6.019314841825897
13.071572601259804
0.2677968136230285
-2.2818306682211458
-2.46486291587799
9.698611770436859
25.40578014758393
21.030455673526173
16.147786212571937
11.063156967485789
2.5146528871325002
4.659263403312834
7.692160610945629
14.550375358876975
17.138836597821108
15.108604256435852
6.4646147287098845
24.50560835347445
23.29253012032957
29.154871611416173
34.546280476778925
35.796361109921506
31.78682390359527
31.792092504882497
26.060040174934226
18.490773577028218
18.751490049508273
9.120808181761467
0.4444740040129649
6.017556506377609
2.266093145802241
7.627423117835938
8.48787181735505
-9.955635633232287
-13.379342472816324
-2.1963841363613383
-11.711481688933935
-15.943900531631801
-12.386628128373154
-16.27120577121879
-18.178822247880206
-18.50091998015771
-19.589189637081688
-22.98684161377469
-16.949367112255747
-26.092911074054758
-15.245784942682114
-3.2114795480880365
0.8678454072786967
-10.173556630242096
-24.2296237251578
-5.393348716529299
-19.024652094210925
-10.222684211186372
-13.753973329139075
-14.195468952118823
-12.292883056340056
-20.43991100252631
-19.88580090529755
-13.523440153880706
-15.64747077291208
-13.800019862453075
-16.791883642028875
-12.777209447322113
-13.616265889186796
-18.618068588561705
-6.631269760631956
-1.3024850539998456
-7.7945700212018885
-19.37438060859689
-13.008243148945661
-12.664820612004918
-8.288195739898521
2.7006676288445077
-3.04079865060342
2.196439509968156
-9.251255491986534
-31.980241643745757
0.38559103080894797
-23.68529838529961
-10.627081182503582
-1.132238059073009
