11.496094827355616
11.748743289684212
9.996419630059568
5.866000039497711
7.7725958668952275
-6.76801250965104
0.6702534926511377
1.5972064262288788
6.717712874627874
16.802222595534086
16.321222723959067
27.266223409273163
29.925310300379163
21.956037814146868
22.099984813980093
22.295263929450137
24.39334049161504
23.821954934660372
28.162762127944013
20.072638398580832
22.71546720745725
15.483703717503893
12.663947408449873
14.197470300161712
9.694864593124363
8.904319171339262
13.103942506578278
12.215153088985437
11.631755501955947
5.016233760772847
0.7473537001078482
8.074781272408151
13.11595446673723
20.49405710926211
19.201299144035552
10.442975478787217
3.5443329279270293
-0.6799200519992866
-4.641391253002631
2.3547363626254496
9.462017775083117
2.209511884573881
10.548162778899536
15.297535929771586
15.620332942855995
16.05958634988926
29.389596951487555
28.64757923420045
31.27476286156209
29.299895921883078
30.818890986994766
21.067717349459212
14.581031231974926
16.329200700801245
21.4461707754065
15.152044408821109
17.291318315268654
23.436291997983183
20.626205600350797
32.523893588071985
21.309717089668407
17.122757854266073
18.189796871762265
13.480314523900654
14.90059054841906
13.11066618932262
12.314072610536511
13.40039890605556
5.477829468150852
-2.6121432171036623
5.317676985748121
4.061224800438715
2.8188925412862145
7.473269138597278
-4.759233916771282
7.146106980011963
16.490235804962033
20.972675891350644
10.787327297461244
14.454456846590256
11.359163734834624
10.804440609103448
21.347148935290374
24.655154036219848
16.399064625806382
23.19722303953421
23.057684333704128
21.64102104105832
23.941155291630864
17.622392490171382
21.50983695730932
26.111683466933588
30.05539401825862
36.09592302757145
18.657677991537188
7.461571923910609
-0.6024569242668788
-5.7410885753641905
-6.37352038385602
-9.430866749861938
-10.716026757129411
-13.132823370464035
-14.27538003179789
-5.275239882391838
-11.28233086159475
-19.48042280893711
-26.913216975053157
-18.254281090879992
-16.01317282474247
-6.30547665349411
1.8612482208230536
-13.334935409648493
-7.0051888586964735
-5.393931756127879
-3.9926145342599297
