-21.049953333916143
-3.3418095940367483
-10.075096906814082
-8.888175444343391
5.527184388469749
0.4461239372352048
-1.209953600967088
-1.605457158211566
-1.5992694153099634
-25.479583827937606
-29.012351965130357
-33.3628831118656
-32.39611264754708
-21.915714765364047
-22.78622043890343
-21.61913623343208
-29.280748651291805
-29.574995498880693
-30.221086055957326
-32.8708533472816
-21.12325383793436
-6.862112424900718
-0.06120668152504871
3.9260578520965166
14.05432141349294
7.898680016123015
-4.044062601995766
6.649582372544696
2.229310754138995
4.774876502530328
1.1453231343335282
-0.5297873450236918
-0.4358925574937872
-8.1472502019922
-6.0369378488057235
-3.844159058113784
6.7689931191573205
-34.13276855339141
-4.359780910581092
-4.339278085566051
-5.5001820568145945
-15.97052846911332
-18.075562911079547
-13.062403348396044
-11.866835041147425
-7.314944840448463
-3.474534016576371
-6.316560118432034
-2.386675713792308
5.6059258877792
-2.0923857126829253
-2.4696612360943173
6.670110985635753
12.790618046029994
18.89903031068937
16.080006272000812
5.913919773978944
-10.60294752533217
-13.756851147399562
-16.480725473798113
-13.976755710939289
-15.98778379382253
-20.122789761768153
-20.45188158055084
-16.15085110079899
-13.916686984636113
-12.920022903933358
-21.63242807103241
-4.425414632568782
-10.461739928284882
-6.415303930996281
-3.5156739258898653
29.291881562940336
22.110420903174237
8.554161725596893
10.637002920418961
8.933307167055236
-1.488040086168844
-1.082452469957372
11.608451582271547
10.62552754835868
13.677820115162284
14.727011534157755
27.9961172323909
28.919631041131645
28.11764643593673
27.06311609396186
25.23155462696577
13.367303674744345
21.255993420972047
25.726308754516047
18.564685348476967
19.14283940097723
21.895954455764546
20.482626113894963
18.401310067095835
29.11005536845407
31.46285438296371
27.71235464248843
16.3344957280514
11.761240402668747
10.836512019069374
13.85754141890702
8.61859172987616
7.533443338204801
7.064283534434207
-0.5035194952241753
-2.398338355287592
-3.0844953868823515
-4.610522003471908
-8.011123445861028
-4.9186879928240534
-4.364176384056578
-4.16197040088861
0.4794263838061848
1.4510852163100827
-5.4537142935292096
2.4544953416351705
6.215394212111227
3.187434644294315
10.288772194359249
21.107822846194953
2.888609590106153
