-5.148782213741108
7.957594820824203
7.629788714833835
13.102374165150495
12.501084935082538
13.604809262236731
12.54374544444909
23.601048475224506
16.153716797513272
5.852804907577556
6.076396658525977
0.5226739768192832
8.455762785456303
4.737718897313915
0.9274685172991216
8.195127565794536
8.858640192078132
13.431218126927293
11.6621212479548
24.832287707047783
20.17366756208615
8.166067771505206
4.575985626169617
-3.07160356849639
-9.608745916996096
-8.879525592940475
-9.365277888074749
-19.71621220651848
-20.46163329868219
-22.38303733779945
-13.559764009624141
-15.63010585440744
-14.375211383103654
-14.545151389037882
-14.372453608158029
-12.71444265082641
-17.19525537303484
-15.583734981507895
-17.07593763558447
-28.22628120937727
-30.459372457413753
-33.199730163510964
-34.145525769727094
-30.489792658406586
-26.07702482547513
-14.49685649882164
-8.654560813309468
-14.473863862271369
-6.368890026472945
-0.010429245214006663
-8.569532423605658
-14.057828726178347
-10.49099509548016
-12.495901173233662
-14.292943560253367
-6.255342795933692
-14.767286013297985
-18.585637597114317
-11.590530897473068
-8.189663012715961
-8.739214122466892
-11.419417692427515
-10.655366805878906
-13.210668920828075
-19.333322230887227
-22.839990990968307
-24.00733421933209
-24.47700297113721
-23.097429674654183
-22.358404066568603
-39.97110230807022
-39.662769591282355
-38.41534576696422
-36.93479821006951
-33.82007194342096
-35.71643212048165
-37.967111138901174
-31.221997103865146
-32.65112790815091
-30.029659270945942
-35.017496320145995
-38.74578018726989
-28.584376841433922
-27.117497431295828
-29.64681795937809
-30.16606138298242
-31.42100418744832
-28.19347959691441
-26.948066866155663
-25.175055611875592
-24.81970850891634
-28.07466150944564
-22.253503194763063
-16.38620606046842
-9.239744649833266
-7.880602562046566
-11.616104225371554
-16.81831373064917
-9.193392962963603
-9.865411925148978
-7.576729267317862
-8.353326071614914
7.955688969469312
1.8325656747490209
-6.845980472854199
-14.657873834359501
-23.068291341479306
-23.126890265387534
-23.494501981227497
-22.070656428157097
-18.41484122970472
-23.109275513627125
-23.999970039651927
-20.042073086192065
-24.454563670972533
-28.077029492886282
-25.71587510218197
-29.108785477569818
-27.543547057603842
-20.417084057535806
-14.858899835547334
-10.313505673800712
-6.261262329945838
-4.268861316275308
-2.6899173926755644
-8.203539863139174
-2.284524545718005
-4.518242538984895
-11.246401072472525
-13.908695840866615
-19.49402045457932
-17.090593198304912
-13.414068867392853
-9.729832271614177
-13.681739605482283
-25.16658392141777
-23.562917895860103
-20.074896011347967
-21.31129174186268
-18.628682281013997
-0.4664149383518675
3.852076397957
4.6971674833298405
-8.732817419006533
-19.565610255692075
-25.450588088160227
-25.57907287835236
-26.880360884365306
-25.28510808712625
-25.583457430571052
-23.59870253212252
-19.890261480265853
-17.174580644902825
-24.352083904499697
-17.815215708023405
-17.608361904486696
-15.942838756943582
-15.869282244554178
-14.194916442355465
-11.679784298225664
-6.415543342590822
-3.645375597819257
10.754105839327504
12.52358705650337
18.06125864041064
20.783986655160405
19.381255762783656
19.877072338992395
18.40839315616805
17.109067322269663
14.472657223221937
14.382729900416855
11.744765626133294
6.904541659625428
12.859554532867866
20.398981707079088
13.347149649060185
2.02747034839058
8.57661358617039
1.0432963910421174
-3.994878517029657
-6.136411281030656
-0.2995159487991821
1.8603250793928268
6.0903684070905735
8.135447719908704
21.76766416270206
29.800622383522967
27.592799428707533
20.997390799663663
14.755055890493507
12.329538713817243
5.583670940545722
4.872956281388811
1.6476556589180535
-11.305302953408999
-3.2541619598569778
-8.009893590681484
-6.271344376728116
-4.097657702772018
3.9652161928100895
5.654084916218984
5.523712249405373
1.560736861842572
3.01853381456119
0.1841305465396808
-1.706102085309979
-4.097577997602666
1.7856547726648748
-8.426750930744223
-1.3498742944494022
5.991721474562273
5.716156976206997
1.2308710172650486
-4.612215058212674
-6.107554397856138
15.331404279054045
10.814645814930113
4.553492496393223
-2.4173284746390378
7.473642445111952
2.5729888255227
0.10031516361556672
-1.3838432185859035
1.1882823159091969
9.551164328560127
10.356290155108569
10.73638497325284
10.095168333644606
22.119766503048197
14.721490294949234
19.034687682272576
23.12230586939189
25.47881788901498
21.923875690060438
17.829059091260444
16.653170545136906
15.229955338423196
23.230051201419357
31.80988678627946
29.616253958871326
25.40677615201391
25.915859889533845
21.756948539985093
24.415594461679028
19.224402644847046
20.579690186992014
16.220417018255045
17.43192083118689
-13.23560930415106
-1.59189101239996
20.637185813382608
20.52732903223897
21.038158855628893
24.85042272780097
22.879133765087236
24.48527068328662
20.33759816291122
19.452777468503694
17.276875457283655
20.418219342019263
21.818379030179926
17.334598786385122
10.857047149186624
8.717739167386629
8.36034258119981
3.90393071370052
10.962472088361185
9.053837597731995
10.260591402070784
3.4999266319715807
3.4372813043634443
4.654612979478181
2.9434424253220914
-2.1037933700486926
-1.567836776412696
-1.6243656058306153
-0.4020917282737556
-0.06561105127167208
-0.6349399299711987
-1.043049884374446
1.6283698671270086
-0.9465193361053869
-2.2198169006782367
-0.8264531796265361
-5.347449365964024
-5.029543577871966
-6.304465603215379
-5.828765384490112
-5.504360267560007
-6.807059576170978
-10.420608466890677
-0.031226559083196718
2.075037545731731
6.531322305715777
0.2928568771746623
-0.4544780627918008
0.43652733107188735
2.496957932924309
0.9832916328403256
2.29439265798971
1.1246560737013336
9.35925995615756
15.271966631156568
8.496787648452198
6.7366594267603315
5.917718933718025
6.1694470953948315
6.2185429315755725
9.677542361183422
10.376809767775352
4.195525362375022
8.736131177919122
7.4185471191368695
-1.8757524984059797
-17.761280572302326
-16.3104616068781
-18.194308513789558
-24.923769998654944
-23.329714646455194
-25.329321907087802
-25.63111662381587
-22.57169246195157
-24.175883968184557
-23.51991029376784
-26.71883161682295
-25.192443505020258
-26.62412237830139
-20.132614074850718
-19.296847310460112
-22.98045285946808
-23.342122925311905
-19.324505973370574
-15.265598832397025
-11.911800860884496
-13.80447921357848
-15.980769044851506
-11.037451857118935
