1.6708125335565112
12.853080721165911
26.360346740341438
15.75780433921448
15.103508998356984
20.241921701742086
18.49394059123207
7.339754052621991
4.078163159389181
2.1827030442676256
9.556622337338307
9.06567634634638
0.5049290936187759
-7.920940580402094
-40.24794424882733
-33.96673893607818
-24.93205485900293
-17.748280358649442
-16.107674330513717
-13.887384427704873
-16.653258916776945
-17.389773678355354
-16.784374404195677
-15.214284549077515
-14.158406533528733
-23.086763573472805
-22.36015683151029
-15.83984560874462
-17.368266692274574
-23.015136713703576
-19.79250976890816
-24.324145246504113
-26.17007997676424
-21.282578112315672
-26.402712045313212
-23.94903448595834
-19.851762193697127
-16.733110278021385
-14.55210091886875
-14.026754642213998
-12.662362410800851
-19.047745726263376
-15.86778381215125
-9.358809166047923
-7.011497241364736
-11.800184793877193
-12.457413471705998
-23.594325706152464
-19.70101513965965
-24.313146407160183
-32.87094630427707
-33.01302579549282
-25.19923970572407
-32.17000166721675
-28.39880280640048
-30.45026466827317
-33.12396520694843
-27.984970536110016
-23.983282931995877
-23.01487334351384
-21.515093006597915
-19.317717838983434
-22.089442061732218
-20.718422044803432
-14.806449986752007
-11.054229939080326
-9.265133623924374
0.023018063898691796
9.885335097206994
11.527534248523054
6.309232381354545
12.028511244009232
7.441777784680543
10.256241208777269
3.4671938964995803
7.060274478952175
4.449273127640722
8.454900046645452
5.631995012458415
9.781917080620696
-1.3953612910277078
6.198605815719218
7.469323032923152
-20.88789828769139
-2.0111197131028233
-1.3701838112513942
-2.0809461446187894
-8.513893983262768
-8.691628763109225
-10.349082135545675
-3.9248796512191784
-8.809738801759845
-23.26859157967896
-19.598702110679813
-10.782871172640235
-10.737984638120267
-10.75413477649926
-11.515147571718984
-13.197258762439336
-9.900046700420976
-7.578103293897585
-13.768900110019064
-15.410001973013715
-14.739101882122108
-12.440926348187089
-6.320329965101963
-6.821397749089618
-11.870588655581448
-14.374350592929911
-9.694318616871083
-9.283470766723367
-11.069940902548772
-14.40385927659266
-14.297432611374402
-14.504548853081884
-14.838517162079606
-10.779953102482157
-8.48125633184337
-8.97238221253501
-11.458377920032616
-12.58345729609165
-8.419036345246234
-12.014144941063284
-13.826537576048336
-15.744813717850196
-12.525392558947182
-14.31172722689274
-11.290430331276061
-11.335053350331256
-10.701411358718342
-8.074728327934183
-10.09824846626774
-10.8124088159205
-7.7992275487290845
-6.623590292393049
-10.904960795565524
-5.333145416489625
-3.340469410320872
1.8251284790423752
1.7575650023027818
-6.691137117614564
1.81247427631118
-6.242974215905532
7.0482906718979965
5.2712110883197285
15.580702537245465
