5.89287294963102
4.322319918423618
9.55889701467266
19.832391152957822
23.411489690235186
26.10534445790757
26.39061424365315
27.419224937663873
26.762555063058862
27.301494440256988
30.866417930702962
30.186395655004137
22.546626452777492
25.40456870801033
19.37429501931852
21.51743470906439
17.96444159725213
12.568579337779086
5.285255852492347
6.278526256524353
11.304885190615574
13.907019603473108
12.892528873863785
5.039343940467987
4.187637686100962
-4.638979750950732
-4.648804504893412
-5.875612143243372
2.279796116312648
6.403086863929751
-0.9447777439166656
1.7198792989396081
-7.6189294782988
-11.363657048789776
-17.564947160237036
-13.207488959525227
-12.892593160887591
-11.728270509144016
-11.87813971350265
-4.794877523420976
-7.198404214455992
-6.907690377800491
3.1502167567951607
4.451923339063929
10.123517011549367
4.14140623969297
3.5793462612763958
3.790125258790164
5.2065745308371065
11.840242231343565
11.878185526513604
-3.431200981361984
-3.10758092238518
2.3639439888499787
4.096306172040852
4.7418263028830765
9.280592594080623
19.00750676086769
18.25462372755945
23.60200341996841
27.446139892489782
21.92798549051421
24.523003478625146
28.322926668006854
23.191718188317648
18.105997461654727
19.229581930240954
21.556743781515266
23.803883569532463
20.540202355964773
18.359589931838087
22.940479723511466
31.367305379327235
12.623859948194179
13.05028781239932
15.151308318904517
13.425091487822915
0.07764829773866176
0.920704887083866
-0.5576417116071196
9.17170170929245
10.844307073658848
13.114950008120966
4.452174131140287
7.4442414303944675
12.256222930676836
19.391054993808343
19.18872054973145
12.43492799256735
9.557174836960943
11.96272142918076
8.457113271089963
-0.896160280348015
-1.6920603657296789
7.048738410891068
8.447592554019453
10.725891097705665
9.751692495542176
6.377082591985375
-7.204959267073897
-17.411458818706084
-23.396385362149644
-28.304281588717533
-32.29377351062982
-35.56985309372795
-35.262616037091824
-37.48280373506785
-29.396282915642228
-27.90442630866548
-24.07363201165866
-19.560797245262812
-19.396921093096708
-19.966487637329518
-17.5673579962258
-15.862979382341026
-17.759980549210795
-26.825878961696255
-32.071710497091196
-29.83354372500419
-28.809006566504888
-31.570828545772446
-33.01414334353902
-30.28896722434105
-22.661892462313947
-24.99262405840471
-21.80735141441974
-20.53239892182644
-14.861478001785102
-10.281842339260214
-9.4772559616658
-8.168401331127193
-18.60223966303147
-29.773328846158385
-27.08085885791511
-24.76847232193585
-17.654045042204746
-18.23896262129148
-22.780302293895545
-24.571999294064923
-19.82970247530099
-10.648813648612883
-1.986332350290665
-2.2667560887918845
3.251563917566365
8.81798519721277
17.07436527466984
19.80012986520108
20.825500957277647
18.113708023801035
9.530362497695187
6.923178535534466
8.06691248724384
3.5746725889301563
2.3147062321281187
-11.378479727630385
-7.846378914418534
