10.995699836669836
12.400544773411324
4.835349952422721
-2.467179702391622
-10.725644350492507
-7.393297539429263
-13.071934097007071
-10.920130508111914
-9.304195852410805
-12.336821770182473
-11.572620519496324
-5.427324443284698
-5.1668625838192135
-4.821971364946879
-18.84126825730976
-17.14935263021032
-25.170496854310056
-25.212181321648288
-30.75875274603147
-36.34405569693582
-36.33959555212858
-23.42166183234866
-21.099893097974693
-20.180744949048893
-31.455540042104715
-30.342265731349354
-33.878950425291336
-31.89976797933059
-33.14522409692699
-18.48379997377563
-20.731135633364502
-15.258528368912025
-6.9463617581906405
-1.649695485464814
0.6856158201011798
5.889433486082518
5.404800341807243
22.861966970737548
20.77129589559229
10.161397679553023
18.78931176352492
6.885905967446678
6.153125229005292
12.339171396753194
16.704292577715226
5.74198811718091
16.338438480813995
22.05796320725904
27.952757890019875
33.34985275967264
34.06940128404157
45.01880577391838
48.966388031155745
40.68153595957385
31.568663229636297
37.39979127990103
34.986950514302244
27.150298323912693
35.043509447613246
30.980907000366024
25.57316966162593
22.245614752533346
19.64971631637487
21.529042597552365
16.054976865792167
27.56170944943032
37.427157760152454
27.36845945889132
32.205443589984895
32.78418260967793
37.326878461666304
43.524463347052986
29.466591319801864
35.020607155933966
28.04483834030129
17.590826769716095
14.416997066441269
14.107497403333266
12.073379031299243
-1.1931452448469555
-16.798858723556517
-11.199157243629243
-0.2541201877803342
5.775264552426353
7.278207487934869
18.72921787905901
22.331197603029874
24.71837202742569
33.50094686528244
30.706146523583374
38.279449648092495
25.183567059171928
26.75621931478129
38.321667259186135
38.75976501394209
45.02143446018462
40.985547539914926
29.12753303598249
34.29690056102791
34.87834339709865
27.47114407425293
17.260554983205072
11.333037619247403
10.142754665686553
3.4114229584019684
-1.782556012342022
2.130331449101928
5.328865051003892
-0.22644803298137975
-0.2714095645000857
7.878005060310281
-7.700282465233818
4.524279526388507
-1.882867707229079
0.9075761657349242
5.681694031998378
-2.658379604962697
16.694189910966283
7.946413804231575
12.21390868958607
7.4636457164873535
11.09279153185552
19.774569700731515
16.557809033269393
9.745768742280012
8.998101928106928
11.133272419376825
5.211849727212272
7.308293225528562
2.2109377600196067
-1.6117789904421518
-6.536537940305326
-2.6438114966949597
-0.7685124039037743
-10.191623323630203
2.5667763842633797
-0.1295440960435842
-9.331308309068971
-16.170698772320392
-4.431992983516149
0.2686741147670529
1.7154368063377043
8.10281259436015
5.432387061758502
7.244166545943755
4.804192622338442
7.063205666967144
12.92194248701297
10.98748016205612
13.872968635233873
7.187318859307041
8.487374731980847
16.39687530062632
13.185747070475381
21.130609319748554
12.271180386539884
14.899531316546543
17.269044523377367
9.214469204570149
14.854704411508127
9.828920823862292
5.338058170177611
4.82815143576922
-1.921848900498073
5.4189927520945345
9.555521100250587
12.405785245000686
10.656360436823327
12.566687123980213
14.410637199640142
13.752859250555565
15.395013991753704
14.143875024756456
0.9308296083507396
-5.467494396558571
14.016112067869713
1.8549065386167871
14.725237050770025
0.7888677223821403
-4.513025571497557
-6.874479344142968
-11.434600556876555
-23.388553087230328
-16.868356329923795
-17.520471144202606
-9.88644563030304
-18.977121854516454
-12.618491596444215
-2.2736291165084217
-8.126940734984528
-18.21161171774984
-19.292885436991394
-18.379373663910602
-19.165272316752006
-21.891095748137253
-29.83135270819486
-34.26545723702608
-29.655020236071106
-21.71539822485955
-20.74677013972792
-11.610804044969061
-11.353622518581481
-7.843689844783776
-6.548586217337648
-1.6036535431568408
-2.847909518820478
-9.817514065900019
-8.188127045340211
-20.694097462747315
-11.561564549168821
-13.594246326288056
-18.861306313386333
-16.734306861028553
-3.7157760012700702
-3.671870904144416
0.4937781875903768
10.740523063986668
