-15.980508016892106
-12.750666183207743
-9.71331314999266
-10.250197296394829
-8.377450661507183
-16.3026585986055
-16.76039685136129
-22.947783805551715
-25.136358159281357
-25.7035674920997
-30.335491315807253
-35.444337214341495
-38.62156872093156
-28.19567342610677
-28.480341550420547
-26.224688348482104
-11.097159162014325
-13.723098663557332
-14.922332903479061
-8.91611809824464
-7.187454378975108
-9.109608707306457
-10.45741807139445
-0.6503748715411464
7.053991350540199
2.3838513991344894
-3.9350679843708742
4.8142711785359324
1.2337628175073654
-4.1006598741109315
-11.710527728267756
-15.352273431937355
-15.680794935231006
-19.495610823724284
-24.00735024986012
-13.340319090431676
-13.747256516762931
-17.00733869111669
-20.993797209192714
-8.337854980047798
-12.161649611530681
-13.792635594975028
-14.219713663267589
-12.103871368722162
-11.480511830651038
-18.391482659993013
-23.774374988014735
-24.754929654259016
-21.206027536371483
-14.566971340832474
-20.95936203838118
-12.31416821843209
-11.143712004179816
-12.90850523008191
-9.120152333678748
-7.3150987567127155
-4.270300426770487
-0.4708832766182645
-0.21412715886563816
4.548894982556772
6.353388008935966
15.825382912110625
6.594886764118716
11.272679036938305
17.126484438941937
14.63324171210533
9.706018279764127
10.834195993893928
10.27029280096501
11.55410449454762
11.938566316563055
14.779810309097547
12.887780193870688
11.953335457158664
16.580639141560376
11.76384340567696
16.491946292664096
12.311028098472955
17.120293734729035
15.662017272608571
12.043238605422056
4.3214100562230335
14.919727352254545
-2.3065968846449287
-20.534850919848555
-15.287434402404294
-4.470110177032872
-1.9543935735637776
2.1323365145781152
-12.877990137363255
-11.418590116742307
-7.446427585617897
6.117360630123504
-8.643073948277163
-8.487964088354378
-9.28451755447185
-14.087652731488411
-1.7346243790384517
-10.968116654525206
-7.865369224956057
-18.739667712782666
-24.05551158996253
-31.37228859164227
-37.601626257581465
-39.439924064137394
-23.464064249887926
-23.937639539505238
-28.11863056232437
-14.94448994213066
-11.707412053806536
-16.961293037141967
-22.00703448557743
-19.422437820870442
-18.708992196508323
-20.102195608797256
-4.135982065268221
-0.5017258587144157
5.5128418624493944
10.88457070636355
10.352345548804005
13.867265452690368
12.353635311795495
1.8972082686866645
-15.497329382755732
-15.366581897420795
-6.452703817202312
-8.91178291928286
-18.368916639724528
-16.693388367253114
-17.390824877660506
-10.646215732695168
-4.62677468710997
-2.363624275186166
-6.139173338256613
-5.287819767440343
-8.907231371874174
3.657001679412484
-0.019401724433259236
5.846916179920897
5.485025153222717
10.902957106937555
-2.376313046905524
1.545159579069403
2.3732470754297204
-6.2852317648719636
8.532710786844463
8.80159204254424
11.850160803354056
1.6617131911504694
-3.0272212477558065
-3.1622942157821665
4.383067090285564
8.272245334498939
14.496670510447721
12.350277118766382
12.666166839038095
17.362712839218382
13.098957404603109
17.59463874782718
8.40465556925703
5.0541679219440985
11.035703017991592
9.337000787986367
29.15668880927141
26.988745164387737
26.124540137665672
36.42125862387263
37.37485932943094
37.12027755139202
30.673205963120772
32.521914237350984
33.12219241011776
42.036096311114115
36.51798795465061
27.186192727488145
18.951926003346923
20.44714197567611
23.76282265220211
22.06713454786572
23.556038307155852
18.76982938583271
16.71864604297488
17.811804320525148
9.099152937349356
-2.2955395672067795
5.460559490263561
7.267792085192106
9.969593730741485
9.268437132319834
16.152267042405764
17.122174591160054
9.923286650419016
4.071232383251597
-8.13901381692064
-14.550588648944288
-37.04137559450517
-37.72361120558049
-28.251624244963878
-18.63598630726328
-10.219695961698914
-7.673761527931242
-9.315547480197903
3.897200447071772
15.62209992644986
18.743253752829247
15.1635960984378
2.108389675888683
17.606481673574905
9.312926159820801
11.59755755086418
12.376882857273953
24.39475472842917
21.365543117007643
