10.572353692921963
23.396206632980107
19.141178645294552
20.312453900080442
7.750135735728429
1.3271341669331993
5.5259423853460365
-5.692710850245158
-9.686567349955421
-7.126923633691401
6.350137055818945
9.913554693899464
8.935602155606016
4.214044189757738
11.19721654904046
5.941414753450059
3.5232009209858592
10.359430472252717
12.53902603929019
6.481673315111122
4.726562425043909
5.877943143198737
4.814782587089828
6.276592387387497
-0.4185814770098416
7.542663156142957
-4.3636720894230105
-5.2880583378001935
-20.76482446562304
-22.250331314575423
-11.21374302648201
-17.768384218543602
-20.99786322694035
-0.4255394743236441
19.64091987758939
9.290989392666289
7.50722607892964
6.906566995836575
1.2927424407808696
6.345301746249324
12.468668909191516
2.584592578764792
5.280881220285101
9.429288855748686
-4.88575380681802
-9.618669244863199
-8.810568308954764
-6.194976664915375
-8.080401635596843
-3.3368753409616554
6.295505796473877
5.323405542985204
-4.229282741606919
-2.7521423596807133
-4.0082744981556315
-11.894350360122314
-9.238419838190186
-13.579272713323805
-0.7598492632515457
10.760046524824809
25.279403881130985
26.57043179284278
15.816951410687615
19.19459985470721
28.388754657772655
24.87380967426275
17.419441509673554
15.499459660311713
11.540943182176775
15.015380266309359
1.3847022316065292
-6.342616421525762
-0.7976403236899989
8.098055854724935
8.848745713548814
8.264055802495394
9.51458894934143
7.350422582695688
8.206156750182691
4.252239163121819
14.410842648978011
9.989255277214836
12.951673830155238
12.56143503450696
10.077521772503168
9.263176025958003
10.650342129471461
11.601770652843802
3.912020519495854
-2.3617568187925952
0.5392484660526689
1.1731076281897697
1.995987518913924
3.8583757432139496
-8.998097696629259
-22.459479923250207
-19.489028449663703
-19.06609755986023
-22.059832029237462
-14.484978513308578
-25.492370160042054
-27.508773822757178
-21.247238163924862
-25.094431266469606
-15.318270688985574
-2.558855385300225
4.672684295749782
12.194833146338064
19.59259007019631
30.902700343188553
17.659571780564576
24.593229049442805
36.001419744245894
44.131415864038736
42.07406071442263
34.43443632598969
25.179569298417054
13.936668503587224
14.903369422658065
5.939576896888269
4.8740948052461865
6.6685041180662
20.18246343218845
22.27214315982252
19.599207310715688
11.108082835203923
9.059287858207096
8.997388540768497
9.02044081791778
0.4041745367637877
-7.810699859900737
-9.94238456580447
-0.6853804559502985
-0.5370407003874625
-15.193529340484767
-17.38756318143351
-17.700892113800386
-23.38209659528102
-14.006964526876015
-16.110189443700452
-11.971108762611479
-12.642976646231824
-10.64620331470465
-5.236772848608772
-18.15701070779106
-6.407472076376767
-6.5726227767361785
-12.654873576955195
-9.48205366895149
-9.047464919898914
4.0992130771209085
-10.048384278986571
-8.53878210848951
-2.834828809949035
-6.587376834622249
1.1643179099048866
-0.1095331525510712
