31.698873525098357
27.11744498179603
17.212633688227953
12.446072182870466
-6.070591446223544
-14.812946410782935
-25.604854189692073
-26.21537910928069
-40.880363693795466
-32.80120792118724
-29.368831799596247
-22.439224249390712
-15.814204946266985
-16.263239377062966
-5.484524647596241
0.753696709751562
5.8063344637979695
13.215744690424044
11.694658165228205
7.31457151912949
-1.5073293015133378
-0.9119201143994204
7.981403582189307
-12.69426704113692
11.153009449155572
8.683851487372882
4.909132268438423
-2.8070998514581462
-1.0843938719917507
-0.09089748640371806
0.06518606132519376
12.563414360618264
8.328201667896373
7.83057726828162
2.7588387653740645
13.314409056135194
10.730270853810453
-7.018603615887533
-16.205125652501184
-8.120833218414601
6.576321019429978
0.2780097373521619
0.7659861226445774
-9.175379768556748
-3.6912277960863102
-4.768368676188385
-14.478116169782947
-15.215764062412443
-14.21168336143386
-9.902531720707746
-13.600445282283289
-7.7185557483547775
-2.470583476481727
7.359771195669078
10.49295113941184
7.406268015951087
5.925960376327042
9.21134123586172
10.661389630719126
20.002559132373765
20.323120188997766
7.8371752734052595
11.331821842174135
26.05539399651477
25.101571436767568
23.931591936631648
20.195153128359355
20.693193092310867
24.74551545640052
17.258181365359
14.271387390872347
5.831991657208801
12.876274856141267
11.691338150789633
36.07256183284011
40.869962732274935
54.73246566763872
29.412336185033002
38.507575310235296
42.646772356529596
43.46083268998836
49.76522913383858
48.24273866300414
47.54976650865918
38.1531418142976
22.24627932086754
22.538967648761002
22.0819460373
20.772566796471754
22.84303361608778
19.931435364403974
7.979061408895599
1.9442539891367632
5.939530184050412
7.51713716488681
10.287192335989687
7.24591155804684
6.667375641579016
0.11272374048132495
-2.1402945074188024
-3.1230193542831257
-4.261393431265547
-0.7051269530634393
-6.495546337453363
-13.667984706708332
-4.9818123559277465
5.3901561040560235
6.480996356938546
4.888809540921928
14.099215756565602
13.349340737299075
11.455125290438275
8.89394455255546
4.600147993372529
8.697447023508266
10.156714864452193
12.269780749497876
10.294634762740534
8.804134338457148
8.681188339951388
15.912217673872323
16.60707244137971
25.75947164861914
21.75402391140338
16.543022711222235
15.183699113260252
20.79876840656919
24.304422964614968
22.363074706531116
23.54713189623596
27.216710065943605
20.8221920641857
