7.096724660760878
13.017465001501165
16.837272120876094
11.547884929316053
9.501012598101587
4.711748968609939
10.935137000861502
15.298953603398214
19.98731533235789
11.525385720797319
2.9611754307569664
10.295237684647851
9.18487702852694
-0.3825143894011368
15.266894721291733
15.395541095588815
8.212822715402723
6.321610131081058
-9.239341555798623
-2.227506195038225
-7.698865385891848
1.1463506101363214
7.229624666919823
11.174388557590246
12.014593752458124
9.797363849171305
14.03663825973294
8.586685787099153
18.27960470089667
20.044224037456573
15.139238085485983
12.520454990210972
7.047764276807379
9.998545982787737
6.2066484460290505
2.1580905218119235
4.211625521328218
0.6083575892766087
0.9844628541183558
0.5480022884813014
2.01510986807896
-5.172354520594559
-0.1140775486161008
-0.8253205337838451
-3.5684306526014598
2.3600626508397684
-2.005720796727895
-12.858322138883235
-24.557386808800906
-12.529435249488516
-9.518171133198802
-11.36302453374263
-4.565853474301106
-11.676396043928133
-16.256708048356685
-19.902277112423672
-11.816675683960414
-6.75465844322168
-6.3369021370938405
-16.416798139381136
-21.11069512991365
-19.256453516653206
-8.157961644766857
-15.366045296058875
-22.786787563743328
-16.115582642639534
-6.382103588380122
2.260918951838897
9.569861955954424
11.16542265503602
15.196547628357791
16.715332562683678
11.225002181807357
4.4094743638337
1.1687816397050004
-0.8561130674588981
-11.650583543233292
2.6373521481212805
-8.140960992731157
-11.620149976389751
-22.40827713029697
-15.646928732248506
-4.212526424920449
-7.270014597923727
-11.086031906393883
-19.499179472166862
-7.605970505068917
-5.269540543176695
2.085765396753684
6.75789748333854
15.249297001156215
9.645261620423543
10.063579775906335
-1.8545374652197817
4.969791177973028
7.828922015147325
6.459361725525652
11.05679010757081
6.095251370573831
10.523523968102246
6.362011044440558
10.240878693185298
5.862238159692551
14.45137774428128
16.069093723341062
13.554512574110936
12.366503725050114
15.409559753707173
7.313092802659319
11.62037035770114
2.7064043359030303
-13.874520562246886
-15.145485897254956
-18.725830979692038
-18.743512692851496
-15.271871543568631
-34.635711796954915
-21.55740371710513
-16.413986270960397
-15.659829583396304
-4.173913248650308
-13.665793585334187
-8.946074193852215
-12.767528718507624
-10.505185736821057
2.637195423921788
9.787795805238346
5.812465019108535
18.666090141684656
24.05124961127585
22.19731486996177
23.77610939218469
36.77362948471704
29.83952632713623
23.11464493035246
27.310713785143513
13.34088132892704
2.6689554695305984
3.639629718320523
0.24564468549645085
3.6737660457378247
-5.281780522653613
-12.980940605883793
-16.42835421088247
-15.879332451994749
-9.513961748144297
-11.1798169436007
-18.037037393503415
-22.300774368442088
-26.383141395024985
-20.201306783397005
-20.27364654099872
-26.211035984062857
-30.694991948674822
-32.58527792655444
-19.13732934883557
-14.813634381383295
-22.663956062129603
-26.738722025573892
-9.603561701297043
-11.033460910689204
-6.380247634015372
-3.479697789000804
5.512360175153639
15.038505002673404
17.77263352412595
16.410936661279624
23.492673035249467
37.308371837801005
30.48962277233496
30.131372321428824
26.60448354277182
28.390998973917128
31.63133124148633
24.390406641809307
34.3974446501806
25.109446820769115
27.253376598195494
29.0090954156978
29.40842804945404
28.70071321272441
29.293184280249392
35.24689599878947
40.35681072293014
37.278831002874455
28.71743339162032
25.122906124877524
24.322006940637284
11.71862029069884
