10.336619171589199
14.42597662028546
17.18272608028294
19.231481673321703
15.624925896397016
7.876060344480506
19.27407221905566
20.21955592085051
14.780981341305845
16.620148700458085
15.237440690821593
4.672346622232278
11.897707753969605
17.411554330434992
18.28586590446585
24.68239275887057
20.75847376903647
11.434094991733993
14.917026251807467
9.041771258129627
0.7580813764386716
-3.4027215596393683
-6.877467088775727
-8.807709363451767
-9.717812624856128
-2.8106292201538827
-10.356088214113687
-24.6828839940329
-20.523748777971228
-9.689536379913172
-12.878259501841175
-17.757247746617214
-22.812904608732968
-17.852269917061715
-18.867098231614207
-27.771843069718877
-9.42776072209272
-1.8240157147410785
15.270820964383335
32.962307458935186
51.0341482271737
51.366184169906255
59.784589287952045
45.340718976854134
29.52818090669156
27.207032993845388
36.331744507190436
40.10730873541919
29.65406318967849
26.49299738405819
29.352157651019546
36.155937329673975
28.301315852709347
28.79917409718989
21.85197762941978
19.622620615122454
24.739459571728744
24.724445287455982
38.34701905004467
35.62891428247574
31.8883083416003
36.63200895763618
33.071319566247844
33.18195717448768
33.87077054254498
23.92900650777803
3.832969706315617
8.45451680739563
13.930689161913175
3.1587856265016283
6.135259315785668
9.463784466606453
21.99704972658256
33.05884620539235
18.83398838815304
14.651590213925493
26.24571661495425
26.088990439922892
20.55384012997785
35.72027052589184
32.04013386346313
24.93075521541804
43.770606827298295
26.916267629490786
27.90213048852099
19.330836400924646
7.041467927345195
8.442227823573273
18.029723091102095
18.406375369339372
23.42038935154588
35.42007706659642
35.336948773434365
27.888399145504355
30.762298600373782
32.23402031444452
26.524527125291023
17.271537912934896
9.084121856060372
-2.6815584688160703
-9.79432591399376
-8.112807496535218
-8.900964958662664
-18.176551218025637
-3.7265082977121935
23.398839494775032
27.510886534206254
37.75295146863833
45.91575349496787
38.355205197233076
32.76138125511015
37.11396320618058
43.558053587125826
33.331047489174665
32.23740986817492
29.61020173953675
35.65557078029077
42.14819328511738
32.257365429279716
37.97178924074731
36.69082652947544
24.38025069278647
32.612518155786034
37.259436672904506
45.88257426869776
49.869071643638584
52.51635765976695
33.945608142485554
42.733278931592324
46.19094479742359
44.86456878310246
39.80948961533915
36.592472288766906
41.72322242638594
39.901520213494635
32.216398826875505
27.005440414321765
12.86279949956215
28.44695539468623
22.263126966539907
14.648611232640866
21.772367240029713
17.869594133874756
37.329245989500315
26.683989514113044
12.122693462323385
8.030038117596456
3.1311961420558543
-0.9667032528827508
-13.935452538892786
-23.11724397329852
-26.753082464987273
-36.01209217275841
-44.76663985990319
-14.420900512015564
-19.435139863588947
-26.42535188306463
-11.170793634330009
-14.019140435640356
-16.86928649282611
-17.001911178064265
-27.460987775576772
-25.481074011050488
-16.372702012264153
-6.384296961710034
-12.546756837447624
-0.1088321199594533
2.1040204924822707
-5.202362038384557
-9.706166010337773
-7.52695848755838
-5.391943979911155
-2.5525291328875177
-2.5934521361223557
-7.90928908903143
-8.915205420799316
-10.906601209139398
-5.348334440581377
3.3430212014310685
-1.4378307320878814
-7.066973490831502
0.6925752546080529
3.8367230983161336
9.712934042961127
13.374594359238179
16.205502692485663
15.788572587993913
5.551340468154393
8.561399975752945
10.482177189293113
12.188158792945758
11.980447076108716
3.3880444100674816
-0.9174872555145236
8.53258054435014
9.759431438850667
16.862952971542573
8.829503984897912
9.854674723599713
7.128434142185778
12.076977721445953
7.067083130101106
12.184162114762408
10.855474522827137
8.26151440482553
18.92128136110245
25.816578062623233
21.51058872666011
17.113460971194648
16.7206611765872
18.632221049222817
7.795015570593407
22.135925648835478
35.356664753661654
49.86146072556935
61.6645726306565
44.44390337950809
42.37153576665403
53.458049054474564
48.79332988960704
41.56929359366266
44.15519405813424
31.12238852670284
26.695424327600836
36.68447961394829
24.002450167507803
26.83192244673174
12.445323332542555
17.456143181562293
23.80135983597444
20.984171423603378
26.138571966860052
25.726721582913534
21.42808320991732
24.75887209616522
20.612259485203868
9.046090953071618
8.368381418205038
3.959165493706324
3.005404701841072
4.926154760896902
-1.5234266411574118
-10.357891507666906
-9.436322292389118
-10.635543405093108
-24.7469967649424
-23.578006495795965
-22.009892696359767
-10.360832809098204
-2.69270426910132
1.8942681250714812
-4.240567954771363
4.138284598049949
9.059162010479607
7.789134411664152
11.96756921999117
13.975241482544373
10.484944033971793
20.77494226559374
9.988790574734507
6.862991374632207
10.900636374210963
10.77658324664156
10.067110668410242
-1.8120804855718688
-14.680562829372828
-9.125469328994214
-5.653894748429067
-16.744847766793608
-21.3741996714432
-20.954743003344856
-15.835391181564967
-15.344823956412272
-21.937426580595737
-25.061246546147817
-20.61030888088048
-21.908587104814085
-20.9796199940432
-15.071186432044158
-16.78203165564998
-20.200253562817426
-12.368770767198601
-12.699776275529082
-10.73708395621106
0.05796628424855586
11.478044271512125
51.28883705709631
38.11397973386293
44.84148070301017
41.663436333675776
38.67432744115993
31.81523215536129
28.02382988405097
24.117368474286927
27.67163701170492
29.55643657099869
22.438295615422224
18.369059736670362
8.178687393024694
-3.83612264581327
-19.378646870256727
-21.107286954055645
-22.061139739493715
-26.2605044925869
-18.86616621745833
-8.794101805646738
-2.6817038614739372
9.545330796837868
17.245119499153162
10.962008752731075
13.484469584584167
14.994663358004102
30.401585100287004
34.25998075171399
23.767259140113214
14.477373230624766
19.14903962950623
17.056330357552824
17.80288809957345
21.95442986409265
21.540456119908992
26.20187453002337
16.733802232574483
31.723873450071174
36.723247226226775
25.349071735592585
19.52576767734447
20.174366990598227
19.418825298010923
21.614839662059172
22.254168777611426
21.561412419600497
20.35309939038641
1.0951073570397525
-1.409596055824218
16.034506469704944
23.151128790541797
20.37303694966664
24.664244492972713
22.65495078406456
28.109535912221013
23.497218380856854
27.39700547175888
33.255037744129
25.187519835884558
18.930899920258426
18.267832298554712
8.720029340267715
22.2425753714502
11.04418278546308
1.2727018801064816
30.451614663377967
36.78854449081449
34.17297605948301
21.409592174360835
19.787686022309593
3.6911307279281003
9.870503660097462
26.061843876759962
22.844794951872416
