16.817675287552778
19.029293487803127
23.90505076439333
30.25632631534477
26.801239803889533
32.305980745481186
24.47373262808989
30.23147909073659
13.261498809015414
5.081633493326387
4.6608193976726655
-9.439471239655514
-13.803368154066709
-12.442790953349295
-18.85225052803348
-18.467398776788038
-17.478401698206376
-14.480696324886203
-16.661966574359507
-13.318412578949028
-10.473341887754671
-11.879051046429167
-17.887172041409947
-11.850550638422215
-15.565272268429794
-26.380837272401887
-30.48505982978884
-34.251897110161735
-26.649532045222998
-22.482703577126493
-33.76348232700133
-25.682826098921062
-19.41741153863742
-17.160535052009813
-13.449554543784075
-12.383654033540582
-7.0363446641688165
-4.967448571585582
-2.4622348927096533
5.088180755707469
10.79524125176714
11.412826298650675
9.583066161208414
21.214132912230397
7.55450029464267
21.9730167416812
24.124947564127694
21.626548868663427
23.75593483235115
28.317164593103342
38.36277828366128
34.155972165096735
23.501071887829585
21.20232879658481
19.496831742196147
1.2330112284361756
4.409003031485042
6.313670376081094
2.9061944319553024
2.0826885176930814
-0.2774849519528791
-8.58368340973781
-23.115454890801338
-16.560115491986867
-14.740586641117025
-22.06475527269364
-22.527534377924184
-25.63009853768064
-16.530932028346008
-12.343931461162873
-10.23679998727502
-10.22206459289633
-14.461632034885184
-16.977544974521262
-17.181485680055946
-16.078819901936832
-14.65065244501602
-12.624969026753956
-8.289379881564713
-9.294461047808687
-2.7331946658545423
-5.469854522123669
-1.4473226251014433
11.720083991982856
19.678304787027642
22.457336535159698
25.999682038992386
24.40255294271341
25.786075600796323
40.46437257849328
55.45144386083001
59.586854961239936
45.53375722293986
48.38169559906382
32.95658270589421
29.120750953130216
39.11633758038808
37.41105206860175
24.61561296561471
15.43585338800731
4.899145772306984
-3.4055952801940688
2.472785290154621
1.7963474336999319
4.858861048407811
-7.610528268899182
-5.58764561063076
-8.236150119254713
-17.386620003925284
-13.328045088585773
-4.933746021032109
-5.784692656000321
3.4059161326261744
14.198706626068134
14.855236517814387
9.382597799960992
5.209407749696108
3.073228918634561
5.857696879989189
19.361244083874357
6.471296491619547
14.651822157881416
18.09748934105393
13.549556116581151
13.21668243273198
5.843968715264591
3.4510204665222983
1.9854676875327528
-2.7678243110128973
11.58203760963593
8.337274037039457
6.529070531863432
8.030067557563234
2.3034232967710007
2.3731746504546143
-0.5514595859181206
1.1698317723799945
0.3922686266170412
10.528565076193512
9.996223451813195
11.470066219589
14.283557144172866
11.033120707226932
15.440108947007124
18.631904717355315
19.873260013280724
16.254540982474314
18.966408228980967
17.45423440996049
18.193963907776038
14.900922438533163
20.781717752264267
14.440723164686244
20.088519854872647
17.457169765358525
13.254070380872793
18.430765136544935
17.36909796262995
20.260973220598625
11.464219855289636
19.135507747578863
14.180881995732056
-10.357189070933233
9.456688590225085
5.025782205145663
5.803273904590082
5.2838327615673
4.926957032871697
7.468634069167398
5.550996782199336
-2.9792261956736406
-1.5426400666436657
-6.080539078294104
-5.835652028216091
-4.130379463895697
-8.794292343328209
-10.096426282882536
-1.3873927593347737
-13.588276652483268
7.138062926344457
-1.2200266318065864
3.7410060068835858
12.698226072664866
7.622185157383312
-1.7536322360811676
-0.29101064616143274
-6.545146795527625
-0.7635714768691185
8.67628944139593
13.364499355535738
13.078484603947166
1.5165835722221055
2.592487931667113
16.58141807280116
9.875154008964797
3.385754695430065
-1.0631438485444031
1.3534198528077352
-3.1430478402883986
-2.5934560311627517
-5.023650941989349
-3.1451286620033847
-6.288814699421276
6.169910991108829
16.30827416932704
5.567876031280582
14.487595130064745
14.151568375807756
15.525081081193974
4.085391915980436
21.738081523973413
24.000568088616323
-3.0834503099776787
0.7337564195444325
5.351948906224676
19.666803813611445
11.091194881299664
7.520871969005656
5.916265709613746
9.505241321615054
