-14.997402087492098
-10.677551166267179
-4.560510423248946
-4.355013871192385
-11.930639892113652
-15.766581804024653
-8.466448605337618
-2.399693217507985
-7.428571189932898
-8.059205493891632
-2.4784462495704456
2.0778250956368303
-1.285468874124556
4.065564699694932
-6.827908539129147
7.676404329310525
15.34288776782464
36.15211498645111
26.68488387867553
22.69342623723827
33.151374987401994
32.96590229920802
37.785430211306725
23.351676385323344
20.594581553803412
19.061713416207336
22.88058640500861
19.921848312155745
29.63872937656887
9.769958805136499
15.616886984956993
13.624493804878965
2.1335039495910237
-1.5289455728452697
2.4254800270569743
-7.983839651757113
-9.583697624790414
-2.208643754169718
2.3107053937788056
-7.6952424261453185
-4.647394542240666
-9.315487593996194
-20.70927116396769
-4.632996048277624
-0.2386801314285313
-2.2829649260446154
4.269827526938446
-5.900909514526299
-12.078662931285686
-17.707813360812032
-10.239666919658395
-3.1172623489150517
9.141849194058214
9.119994564552265
-0.4301668812659729
-3.1520626615479106
-0.8358343885353476
11.190933074654227
27.584649728758613
27.35446545176537
22.966413588261034
22.76902906860439
30.386521531196745
30.49158599897943
26.663674791236648
33.21794674061249
42.07246490591229
37.87188169154371
31.666901444493146
35.41569275524386
31.056086082398572
24.27350424713721
22.37588848195588
32.53538751940928
8.023232799041157
7.403489512120775
5.647934083770287
10.329054615896537
12.397077688303034
11.340053585834207
3.847490401330095
12.916151779691255
9.062623901582365
15.264347867064188
12.245997387046476
11.61279873467054
13.818848449774785
8.626343259280528
8.613821415209053
8.726391622291388
6.5213724439612095
0.471939263886301
13.458891964207444
11.807299066354707
10.405941524907927
15.790617871645116
21.61588826888341
12.549224069698054
9.121767488096383
10.108821305143193
10.386802293663663
24.28043851021842
25.972394108485
29.556019690152674
31.872879169493373
35.57379687305512
34.89549987624535
31.68472871644657
30.27789805553668
40.14976984596882
30.481885189185327
34.8210932498202
41.67169845175818
37.49709570580743
40.18418547820167
31.564242814967145
24.622895142029034
14.65002923805228
20.567250878185774
21.88915760658726
19.124658486003497
10.803077651983822
9.92660299652646
18.743813777704624
18.9445015798142
12.386698033445205
19.770498737214165
21.729781195507574
17.02835864326455
14.175243837786311
24.87263287625961
20.790865168215166
6.407432907305084
-6.1724114175307845
-6.512093031391159
-9.158245260357237
-14.948203290312124
-10.345103920263735
-3.761903643293352
-4.299174041157688
-12.762646637237577
-17.20987141005233
-19.81666510629919
-8.058552659041103
-0.4606565053988347
0.1531145075938359
-4.5209092731753335
-12.550189883178135
-8.964149266350132
-5.243049573860559
-6.3722423470012455
-3.871313082262377
-4.143581864088899
-5.13521611204755
1.6685290359401297
-4.603950762537533
2.0568542977050908
-7.578079169567528
-3.5660942578075674
-2.3837805965266097
2.733306397298356
2.2257950559376134
-3.755061277892844
0.8013291120841112
5.35067697627163
-10.054935143236378
-2.3149376865472013
-7.140586758463607
-10.120307858585242
-5.9460289230015135
0.7218929999359268
-1.285041386910549
4.132399607714849
7.419341421042142
12.369025832901704
14.77879656076821
17.686136979994828
20.07912642273357
14.74655014490546
12.311796616420274
11.208716977127422
0.316744198793694
11.788667431750364
2.9817050366132314
3.225390357689662
8.815723520278489
8.010961569972784
2.981528940323848
0.7617132300168824
0.6974592066541992
-1.8204896591814728
-3.3303713479442085
-7.5995084592525695
8.173028382397804
15.423615631392565
12.947423955099866
13.29876617290774
20.543677396439396
26.807267060489288
10.04748692616132
7.042490255075724
-4.750025541922835
-1.0166130470708443
-3.009425418718718
-2.536713637212565
-4.159392372071173
-9.657381795726401
-8.384625661779808
-9.580636320619439
