-4.332827204941061
9.589722182490734
22.132707521691017
22.792985755802757
28.723151097473306
32.59411768652827
35.47101527851103
21.669505141226423
20.086220664288817
8.521828391740192
0.6921754817779256
-6.397715678685121
1.0661962313560862
8.011700295347262
-6.986098988717616
-7.797272694936748
-6.0042130983082425
-8.216658347299145
-11.733810435298277
-8.324989037561043
-9.183644239042623
1.0494310668402482
-1.4567831679288403
-2.0671621825898656
-6.606870072949767
-5.654042179194894
5.7765335085890905
-14.713440758488824
-3.381092518229547
13.807974866438535
7.4722846667684815
0.4135663357537783
-7.934336189555143
-29.215231798890336
-26.951964209563478
-23.475157982218555
-32.17666588831866
-30.22739363376883
-29.43608375614264
-19.052687520126245
-16.238143284774214
-5.507362224127921
-9.115181338632249
1.3348451255954077
-13.449604816118367
-13.67481648441234
-12.165073740755204
-8.755498871901583
1.5982754127012295
1.751746151212385
-4.1144588117359016
-8.698250366748066
-10.66967914894831
-16.752322000771905
-14.706897273452572
-3.313028333837256
-5.5104391474971965
0.6025738881142567
-4.5355870776337115
-0.6804414743829751
-2.031476037937347
8.464660165345325
34.38513101870785
31.479353274010567
32.655101385029695
39.6066213580344
31.79803410439929
40.99565915003651
36.15442710911581
34.83004387581607
28.34367484424601
18.773785405635213
16.065455000970807
4.115808002644963
0.09152564687394404
5.100606343540818
19.51867014149815
-8.555557389950975
-15.166884574132455
-18.727243378403358
-18.387384585362447
-17.0661234286413
-23.37829034537957
-26.7430952696514
-26.606619346522198
-17.7465898019878
-16.31462472796475
-3.937515883455055
-13.976650323881982
-16.04783741349731
-20.0731000259952
-4.64457261005388
-15.275204844436555
-19.218880365789925
-25.74970626200941
-33.8042312135359
-32.072483014695976
-33.515770275371445
-34.16890147901592
-23.216331869591546
-19.6147735762037
-25.139213957648177
-21.40545590658443
-19.669186202956194
-16.20431354476508
-25.397070495414987
-16.97887348593531
3.0878319959912344
16.13516261762662
22.163219140957953
21.53504234910293
30.94492965468452
32.2122637645988
41.05410355766651
31.003568894656507
37.36936557493543
31.484962766018647
24.153643821037374
32.28499007607504
33.693871525897165
31.75175155902789
36.341119846829535
29.32492124118189
30.900208691503092
25.673868514686475
24.863173438246136
17.725769404711414
13.618021737481612
13.83943790512153
1.225473045703683
-9.778187594327106
-17.498402896727907
-9.749700418267997
-1.8578006697596157
-11.890223094247274
-16.147328557893882
-16.624593209878288
-18.80620024934131
-15.375917382722127
-4.01559624898697
-22.244690308774338
-30.44481544779739
-3.5006506213927406
19.84184980598017
28.049447766931767
28.273502078077605
25.391708808704447
26.8465712164908
23.428022296581357
5.910035560329544
7.6623529804137895
17.027436026433065
13.897995129043498
10.656732897302891
11.749936307356355
1.4475287864059767
-0.8014538238829918
-19.60432364069158
-18.37232266164465
-17.049429314435717
-13.261150776529595
-15.442132047965483
-25.1723751006582
-33.83973643787739
-26.17612491452317
-22.667469097742618
-30.308979424384532
-41.620199811402564
-19.00809769175745
-13.387106588979945
-16.19504050758335
-13.423107783443706
-6.442874806858814
8.185848160205902
1.1716055450335918
16.68409714017574
21.91496545153597
22.219982088710353
15.706109245591753
21.29774817651148
20.24792835621022
20.692750054908988
17.928875379793258
15.727183546166232
8.093866960067112
18.011381271457992
12.8827540383558
9.694280488838778
19.138811212702752
15.190987396870868
9.39038740980509
24.95578382356693
19.464291219290796
19.908089971999637
21.233920763836423
11.949106242490233
37.017071076228106
16.0950365541519
13.07167966987441
11.21202199694999
22.99771916348211
17.574601677636668
21.3181346908651
34.8138291202642
30.681123959200875
34.1451914721584
37.824197834592034
30.04381447564581
21.59114561439144
18.84443317390633
33.77199575126337
30.127092859326254
27.34456508278498
