-1.001189510827077
5.399967275287109
10.204950388767848
13.359376116246915
12.703521775892687
13.302839000029216
18.53365117656353
14.344887688551047
11.82549578370476
10.342126828544023
19.83311005276653
21.252649480579556
29.318102332229795
30.54421430477609
30.254353160300088
27.909186134718887
32.432539819246095
37.29412489994513
37.58852139776284
32.64181256528856
31.672647526146644
23.450888880476104
38.24434404079445
23.484624086969923
20.217014062742173
14.401074495779865
30.153303580016928
25.899306378312588
21.7184395572524
19.863351536478856
27.527377815464373
17.713048830806226
16.633618717773842
19.50020502130039
26.65289348015014
22.779184157668592
30.461895904172827
44.035210681274776
41.077339308040116
48.08126015277392
52.66115030996251
45.09706049837969
32.91026469381997
24.446359782555646
21.26167346633576
28.461848966304522
30.099378127158452
18.162264603520466
15.910511757590413
-6.316934449495333
-18.665062345283282
-22.52065218226812
-28.02027677305729
-25.333432533251933
-16.585881449042947
4.3856092354403575
5.4219871527623305
6.267289768985963
2.7745047944504146
11.310699620913725
18.304249704787807
9.351472323149011
3.3759554610798594
14.195398070282161
15.199699538995695
12.043776133246894
9.999299784306276
9.895640070601283
5.7581118107098925
12.958561821491447
17.496892997861153
10.929701934081876
-3.6109357303561747
-8.447415987586831
-19.059882683174592
-19.87559953736965
-28.879601480981034
-32.64017899701447
-28.84289988575413
-26.90127207194728
6.931879359042621
14.176626668562188
6.869195038333343
11.627158525824484
5.36208059800564
3.677500475673472
-7.063491228976504
-16.820262320652766
0.5538810503014929
-3.361119399239388
-2.605700766926031
-3.6606427723964647
-6.04524109812234
-6.3966162818302
-11.295217821608567
-14.200681251585655
1.209293309938266
3.047469508085209
10.911240902908382
7.638031107907753
8.161296893953446
6.849279623826085
7.073281635133172
1.993831806751808
-1.4842655181913065
4.117740993928622
8.952641013941971
-4.477616744274509
-9.964861352280007
0.7276780316142675
-8.35376792358189
-7.392370164055697
-8.261724119598929
-17.189204476449802
-17.787262853452926
-13.096582456711793
-10.486022863699526
2.3845541748672647
9.324592685413917
10.726423139703464
