-23.44720586514112
-18.744076738069932
-5.283806847579905
3.3237149540903475
11.019987212027367
27.55649460051249
33.530946399246226
34.900418838429474
27.307849804422265
35.26568038145198
38.18757025382892
34.0466284863597
33.212183106752676
25.43477023344049
32.68244925338257
22.421376640214124
20.663941355984367
20.546000850680443
0.7258509245818041
1.1187497464223606
2.4655303019521115
4.522105699497606
17.325546018904504
0.2528265708787553
-17.46485429795192
-1.313719412839206
-1.5442266179846924
6.478110328797553
-6.364264898804266
-7.2524043797559505
-11.275672776796949
-8.645104692223644
-2.868878224877277
-3.382791446466745
-3.0201858499474987
-8.10526973184674
-7.808967120558277
-13.827714700059452
0.8316823173457819
1.6766846814759244
3.3893092918114114
-5.158447032484211
-23.596585106181408
-18.437965740620058
-20.315313640480717
-24.252296408143355
-20.57756216859881
-12.022966545339575
-12.326108601989985
-11.641419289934351
-12.393228225875257
-19.91533438559345
-7.716487579793093
9.716859033891788
9.059767159642083
11.541462268334653
12.46544659368587
-2.54144417808867
-10.53785490621715
-3.871573544323346
-13.994863975524455
-5.404459860050443
-6.653640888127336
5.597980653267848
-2.5709323564415985
-4.536592999357536
-18.952279509168704
-8.925132727223536
-16.69883893574296
-10.909666055119441
-16.82603394752496
-4.832665538413741
-28.516668787129284
-15.109171122695415
2.4903337784117183
1.2724492063658521
-2.2789311239893726
-4.14006235778145
-2.972761756973913
-10.322129608132373
0.6944727329042145
3.361080490183034
9.620075521354044
17.029049397428757
2.213625429688889
-5.889642064614269
-2.2238488038095747
1.865329021913112
4.329792380446301
-7.315206643581924
8.887913906397237
14.637963982864564
15.282101577503875
6.779391425258818
3.5706095933159827
6.5824162334520695
11.601028273705895
16.727628709609444
20.211819878096463
10.286543209914711
21.552881317883806
23.091682518437963
22.58079545858706
21.441547877178674
22.139795297330483
10.754956203979402
6.142666039345963
10.658161722935258
1.9440451911978835
10.575907475869199
22.656135145642637
22.342893207562
25.45779815932929
7.515157558458978
13.622811244690206
19.971060877586524
14.114576271901978
7.0588727361832095
11.249131933734265
2.9247497724226634
-3.7837681976844126
-14.116923822193744
-15.851758983765738
-7.433419817501261
-8.324112012691423
-14.347509362511987
-19.427377574514026
-13.397948170439765
-8.12899632735069
-9.78822350266262
-0.11296715291352602
8.447677266318648
16.726401779433445
8.500157352555856
7.706411444453447
6.958298535560775
12.111861412646876
15.756447391034095
14.063065111175597
-2.4975595140152658
2.5375636569170177
-0.4419583237320824
-4.481280503161231
-6.278930884240942
-0.0923586843937948
-1.3547644769467473
-11.676921131746663
-5.896425083325684
-20.016058182782878
-25.135890793999682
-19.5970912610593
-16.804769661140018
-6.680126054013
-18.910679229899102
-29.75364418824708
-9.434970917757576
-20.984706918066045
-17.172219202270984
-16.255274292590762
-17.49742285587566
-18.3348411720096
-11.418454113943493
1.320809119269878
1.9030362185348584
5.593916626480249
19.858496635840595
20.51898568609178
