10.456851647518253
22.71401847029643
18.30270367798393
20.001973478960274
19.05504971152616
9.883853725354664
6.721704362510611
6.618377483254397
11.605707833960846
8.505878741227074
0.3801507414063605
-11.029522260583622
-7.447645644814623
-4.768784755342144
0.5986359904771541
2.6889664598011245
-6.323482829548311
-9.150207341601094
-5.528548741843432
-10.29022528926983
-6.134217514308058
7.188316482911742
4.9868167331187525
-6.238267031517853
-2.3356942716458127
8.167137602688992
8.984574685722931
-11.627387561045241
3.406736076129889
5.014613296711303
3.5874599700606757
0.3698583343762045
-4.621752542748677
4.967005230888933
3.8916323728408164
-2.5529255138840385
10.396950975721793
3.865458204927287
-16.32600984952745
-17.396631831138624
-25.206442908920245
-24.69959580273382
-6.402269451522765
-7.990505874410144
-3.7917878326661953
-4.0516154769902615
-13.8505550884686
-9.950545942915733
-4.348794529547481
1.7869828972880308
-3.163542710610435
-0.18293800589184245
8.724870068861069
10.626490221801863
6.172260488298223
5.154037482690447
9.649515979123311
14.806356634571245
7.1538302772987485
2.5915638479531946
5.980620603925443
-2.6449431801871595
-1.5806041311092986
-11.11887819446474
-4.347992197500664
-9.749717222467924
-5.427432982208748
-2.5789810701679783
-2.6925617789676743
-4.261293498102008
-10.753263404367967
-12.197802875003235
-20.483556441234434
-21.2550554698099
-18.821581593828636
-12.039071036309053
-20.10780359428516
-20.23094233070045
-9.210185244263387
-9.749246746116071
-16.777673378397168
-19.40599833228491
-20.411793179046192
-25.54539140384366
-22.540367831082744
-24.716525206746788
-22.61768650119761
-28.783132318578662
-23.541100676532203
-27.28542528474792
-22.47553521957718
-20.877526006014318
-28.682138862967573
-23.31831399128313
-29.9578755490307
-32.685473415445585
-36.59878564740421
-30.06532458627776
-26.06850588993707
-21.640785629389537
-21.57534701822502
-31.1495774343997
-32.264261319573805
-23.097975032399606
-18.332155156171293
-25.24077875526248
-26.762267997840773
-13.12953807249415
