9.855053020710537
6.294610617554794
14.769867685725755
12.475510751586445
18.800167833964736
16.230835595465358
18.786233197685387
19.65892853260821
10.571061487024929
17.481434570730375
9.19008475209807
3.8572981936565935
9.893602727650023
11.773699509671367
12.016190236185373
14.738299271129785
15.411931190579672
14.81877649622475
14.239200487517186
16.661615494074294
15.567248342511935
12.117528915814278
19.105575250425492
24.38637584263111
18.06902837666229
10.447057189953613
22.054504747460623
23.08924238935197
36.02682619417705
33.01822327445471
36.661334103357376
43.444975311769845
25.581945530516702
16.823454261002
29.142063594979096
26.93699862687341
29.41905609445561
25.60833966708426
19.012982873162347
17.80692368871721
12.412858671569815
13.103450252455671
42.37741467807659
48.795773310310466
58.312379137283195
51.14591985257653
35.12341572728834
30.35279205386575
13.600638531920971
11.068994045794225
-3.4527456335509235
-11.960020536971026
-18.800308583629057
-14.003372752192307
-14.212132598982224
-10.29547573702118
-1.8677833158191117
2.9416355009162487
-4.955213446634559
-1.5729653264610954
3.190117932725134
8.278042231758768
1.3057785129068804
2.279798455130434
4.426422085964946
3.7016456713253816
1.047835700790979
8.71265168187398
16.079816774730205
11.517557775227024
14.48115098286493
19.14359587735453
16.783102435492403
15.04734477999028
3.1714023348996365
2.7109501464740786
-6.324306612636101
-9.346335192141904
-5.214462252377734
10.607391200114199
16.307388851864545
20.788324130228904
47.66615064594482
51.54186614237629
55.97119212807922
47.58970144495573
53.953778012772105
41.670626835157925
38.05082328904785
44.154174609050244
39.50995186234578
38.87637192665368
33.207901959044854
30.039003783631333
40.82833844709896
29.980208996685434
29.70178869389989
27.12264102913866
21.74663446874197
14.919455165039222
21.278831431106404
24.74372251582307
10.168473291483826
6.462777132015739
8.462276107253352
4.895274577099795
-4.04519833930918
-4.152307909170486
-2.209101681514517
-6.312191205028356
-5.996032212764175
-4.811154003443709
-1.9535410288462758
-11.138632868721128
-7.001309331566187
-16.285351834323134
-12.737327175175604
-6.60185213211357
-17.754933405677797
-25.748444288299478
-20.958797106476762
0.6149217625538306
-7.193455483627711
-19.604756617373518
-30.466808197427827
-15.860771223150152
-2.6640359635099844
-14.98485439578732
-17.89550291542757
-14.031491197122733
-15.706893653772893
0.17889813509964836
-6.2886519701928405
-17.747921911989106
-11.172696406427749
-5.024815221689044
-14.257541286720974
-17.62936795420362
-5.16691268336071
2.617897284956271
-2.057448563120668
-7.0025015103738655
-11.747116118249572
-10.984271394159773
-6.336610609668621
-0.5106644386912428
-6.3308195812853
-10.980985866413283
-12.982912468023958
0.6608058946548409
-8.246624492338272
-7.924649410578168
-2.3748567554520763
2.729264858986727
4.2028759367576916
-3.041899488661941
-3.2164580255993034
-7.16169708026813
-5.943777072933552
-13.380424139855787
-18.505474921779054
-17.06626603687887
-10.630449269615164
-4.971521061621275
-7.331009242052763
7.066857204620128
9.43297870930305
3.6124146073282417
3.4369814734939648
6.9869875306859255
6.029513384545457
9.136871118072822
10.422127904075426
18.374287791290733
16.693208825003648
10.012287832014497
7.089795948911578
10.798477540556506
12.359421079210026
10.148624478989543
11.678603106963402
15.84837014444994
15.431894695342304
15.320121724558575
17.01415564313647
11.47089740314399
22.03957190240084
10.043341177316648
8.801839446876212
14.346763484243187
16.669133314996518
7.924205510265013
25.384379473359186
25.673928389041578
16.412650352245038
18.095504027570094
25.097741352602227
24.240861070604684
32.2686555668606
32.32058104967037
43.177919082034435
59.21717108841065
42.48380764042333
31.632179775140234
32.214169231150805
38.00432537595176
30.46134489239699
35.26046623058996
29.577092685700126
33.246364294910435
47.556660188740004
50.888394731371676
53.791561794956166
30.378561535771198
33.756338691927844
24.43100874603812
30.484538718626894
22.092366105748802
16.275915584703306
11.551388392610386
15.831642127824557
20.01728156626457
10.413076346511174
3.4682885968454635
-1.818748705190168
-2.3350063536965737
-1.9713389286871237
0.7924831863787453
8.765342037003201
-3.9927490864062634
-6.302161796008062
5.082123398822769
-9.147835530796037
-18.6670727121693
-18.199588514425173
