21.574938231682925
24.37598166862153
25.03961173003251
14.65243251279465
22.609761776921808
22.412536339504513
14.277437675729574
12.267609123315482
15.571144350526993
20.64383682885792
12.540792204831932
2.4400920963351598
-2.2251325024433104
-11.73739647420063
-13.383756859868429
-10.043211479753987
-11.675227643114033
-12.816365937204358
-12.03931205499324
-19.00090242503466
-23.821744986169485
-0.6545327173133613
12.803009023551144
16.38296775023428
18.53168143267673
4.514132822250803
-1.5387896282174856
-4.326734808100449
-14.893148924631445
-17.810308215589696
-18.983365419071887
-13.8372289235588
-8.896355003298739
-3.3772954563373774
1.9254698144980116
5.961169713788087
4.236227252229759
-8.96014456102849
-5.5621142318956736
-4.860151555276218
-11.684704336633166
-8.871197079826148
0.8261329859327293
9.55477709717115
12.89058344251563
18.322015608194693
19.66494578532608
37.84099028006492
41.01046426572033
35.74291755202382
42.158314556041454
34.57496436347386
37.08244919032639
33.73798397426473
29.849881754507326
19.76298448206085
16.724440900445774
12.455464585370455
14.017632106669192
17.510402956600768
0.3894073571240797
-5.0234469324879365
-0.0874137833596474
3.436888294074408
5.5508377092436145
6.3443405276547
12.593671511253493
12.104563986548824
23.72470618765677
21.502562098292767
5.830098850787248
-6.144946884623081
-5.065038832802898
-0.7969778962054214
10.912767888856957
2.2562788507428637
-4.6873163615740285
-13.464251050574884
-12.452947826732249
-12.753639862187615
-19.839231897954193
-23.307968035151077
-16.875619726206114
-16.454686158184202
-12.821999950283995
-8.269091616877526
-10.847206475956328
-3.558288857414088
-2.5768075845605227
2.4794538991793282
8.99696825251982
8.237427116302062
13.891528623915276
9.17736544898736
3.0124773774067903
9.140403505284873
6.75526213424636
6.140779367457682
3.3002246154674664
4.3682046552109135
-5.990666661112187
5.627173968236902
8.612130616254914
8.795446894045602
6.134180932126245
-1.5224212503898666
2.6593426540429874
10.717002380202052
21.11187510392203
25.130512275031872
28.071572389738012
22.851321396772644
25.67418930791903
38.16525199060061
45.98661317195457
49.132927850254966
38.8107491779954
38.87562651724811
37.647563043950846
29.14384463005279
21.57454624541741
18.827992756064642
31.176464049217987
38.07450586603925
45.4171236968484
18.813233544052032
2.9258284743559044
-1.0577004154438805
-8.764226632796142
3.576121800005089
-1.3437057127261394
-4.961239624802485
-9.775124626098501
-18.69336825731072
-18.597343791912547
-14.881464356927884
-1.2599106878058126
-9.982178630488868
-24.329920163233968
-21.159759754422986
-15.94817545199835
-14.803606031053699
-11.918418216568075
-2.111567374378451
0.32529337357757165
4.62673014679771
-6.459683754496043
-5.036264193468386
-6.079818917979642
-8.987037160206649
-16.265395237117218
-29.46816744455971
-30.49413529294916
-31.38637725406907
-32.623629991862465
-20.658198378304146
-17.209099509058035
-18.852835121731754
-26.456618836062088
-35.01671691233087
-16.88548957953157
-33.349043139945934
-13.724622160188256
-5.679213219120704
-2.8532895214656984
-6.61405107403101
-10.007819903432816
-11.192236375078132
-15.395802492976415
-15.557753360225293
-3.9236096161112233
-8.43929065670383
-13.093765853923811
-5.463598932158551
-9.050597648159183
-10.127959851544453
-12.590448980577323
-6.762634704031612
-3.2547478306552176
-8.778533650149404
-11.09271461095794
-16.4485841376918
-12.697050619119198
-12.916808398985006
-11.820708673942056
-18.755937590529488
-19.531787259697253
-17.984506029998332
-11.875024137777586
-17.420989064908625
2.1145636322381964
1.4817557738407818
0.9258012541369164
0.8392744244538233
1.8048469617721117
10.292730698580684
13.42433698961051
13.266912238897595
14.232524335313014
21.31905684192059
22.453934295386404
39.58947107678548
33.86734157700439
13.066715613079507
2.5046834843622663
1.6529176297688042
4.07707468129974
0.8853520148623728
9.866681216701403
6.878669986830942
12.109390561676225
8.617187822171152
22.363321922507343
31.98877120324309
20.24412390319325
47.03158003372739
30.874740597675967
25.05809939092571
21.184458459154587
24.70604946220136
20.178640520681128
24.78102381136782
18.446765185304
3.960873920612858
36.68869973961205
34.419743886483985
18.698967168494445
18.38255594140739
30.868196964714908
48.505999474493926
61.80335007226637
49.022054058627965
39.05810443123707
37.24610061732768
35.48553729851531
31.41478636492404
22.512761607638765
14.511571252433775
15.294133704335515
17.17961259213565
25.47130010490577
33.33560122370172
8.876389831023406
20.458060985704726
14.768644467565233
23.931402992374874
13.418420760333564
13.921297937589102
18.35102583621469
22.959246836509685
31.252818023180343
30.35331987500752
33.451250785936914
29.5598481404933
27.609325884130865
37.415238749035794
20.782994094500992
24.216810260529822
27.95908414768516
30.255350000339888
40.48266862073356
26.715602411569918
20.00162521286047
21.18836142090055
19.902702586453145
-5.090269296037264
-6.807130171538933
12.841805704973805
18.972268162242084
14.733899314857284
8.025983355241282
6.664602634674643
5.0109882208284136
7.217996774628365
10.441584914092513
-0.4238500749744933
7.614110554935018
19.12253466273096
22.446420930132113
18.39368767393506
19.130771091623487
14.801370765420922
14.974372571850893
20.54077072038868
23.870409181307696
15.717327273464624
16.955571201808983
16.027957414522973
17.64472349552399
15.143414444438351
17.50787951715474
25.9562382162438
29.375850217795428
19.626123198375453
15.01152361690157
14.125857847472448
12.410748479057407
19.311094866634964
23.015901146533476
