-0.09281908461372126
4.516862541324237
14.018120375452568
10.646601584128904
9.285020313825802
8.48556541523283
19.213036860041303
24.04787826779992
16.065726614981255
14.389016866793682
17.519448424249124
29.536215746420197
24.300461818077558
11.809612791422095
12.932778279748476
10.038352069441839
12.285620569354611
2.8363848469337034
3.3092261376125167
4.422853755162283
2.3805988279824666
7.468759438828895
-12.560305068438671
-15.30232499932469
-19.449140126101657
-18.412717285249645
-17.046796105387507
-13.267514285343829
-10.749858624037822
-9.735068513509678
-10.442890499200326
-8.438920514237068
7.662132900263784
15.629614416758535
4.621110306922988
0.5860536480154758
2.4349082463170157
-0.4939291082003877
-5.4625825905813725
-25.1942663277978
-34.921988602431085
-27.238316783816533
-18.21123439072112
-5.9726830485865845
-10.566854170334203
-8.746988718843228
-9.5304804210135
-13.160985749420687
-17.687864643079447
-15.694358232738631
-21.989827084340238
-27.12942153025521
-18.696118584179075
-15.870001705537753
-21.162974716627318
-19.029263229551656
-8.333708163839281
-2.547212659848832
-0.38101386853507097
0.465823823474868
-13.651364131417903
-15.988649793362224
-1.6022144560294045
11.93218130053827
15.502390134607973
10.213661209755292
10.193893516915614
14.391194659318641
15.930702919015035
24.913706143830506
21.91661169988236
15.617233818910787
23.93424618850934
30.13301390331915
27.655346018943753
24.638503527404247
12.40249755393837
17.715548178815656
16.54947759110929
17.82306277397648
10.397452083638537
5.135750982229361
13.256041842429012
8.791973678237536
3.657684921446061
8.540485734241146
-4.1887250881420925
-4.5298438353454245
-13.943535862436882
-17.73076352545428
-18.627578103046964
-17.899478851444552
-8.725893817267098
3.4436471886523505
-2.5316339040676765
1.3659791572749034
-2.4271546658471945
3.3767921757128363
-7.838170735982432
-6.724389615580123
5.123346749303186
12.688321344060135
2.556070214836779
18.750510435023347
32.68581958704015
42.5415949971567
25.12082693230491
21.64248639674427
24.657953292667994
39.703223229876905
35.03283650143929
36.23651825931772
37.7476232754117
40.037158728419755
46.27505073005068
52.53901085142967
50.29382378027168
27.976318586001806
25.32215320716401
12.447507812893988
9.537306495035352
8.676025605653475
-9.705669408684074
-1.9127161169181155
-2.6412097064865496
-2.587671336989829
-13.683494641256015
-25.505091743492827
-23.54819065258178
-5.1781659471604105
3.604853087212125
3.453990535359152
6.668278636422538
-12.925482493373694
-11.853103044744609
-7.970677498937205
-6.839257933750024
-5.212341390437498
-6.1657646279061815
-7.327399330522058
-8.375384242509089
-11.50043294345665
-18.53048335550139
-15.119584359671755
-2.5477525977056894
-7.680176930482914
1.8553966317141544
3.691524949920301
-3.7730544214262296
-4.780087186055167
0.3508607746590849
1.9177608923924232
-0.2592774957211466
0.12633460005518926
5.477631565798347
-3.4710008468700955
-3.7052896504731456
4.607419737043759
1.4430253678508345
-7.021342210013894
-3.0953046112664317
3.7220194735098246
-1.1616577240318269
-8.774048756946343
-12.316461951698045
-9.758160951633783
-18.552273961612862
-11.58998292200248
-0.9965541015109376
-11.142822433326018
-13.826931655127185
-14.171505662764128
-8.11571022031967
-8.028175542863995
-1.2065157805665283
-3.3310832563250954
3.710628401133856
3.6663264092009644
-5.331930544869559
-23.851217871721158
-33.26995475776112
-29.852856122342214
-28.408509075633233
-35.72946720839453
-20.24596048689376
-19.77214146330638
-20.92541405198651
-22.9331038836166
-15.812292375344374
-7.614681758060535
-7.0214939777690875
-11.395254200283539
-6.285669250242206
-11.283316549030696
-12.936760519814207
