22.10629903143013
27.16849965453023
30.243322498580746
23.485898286356395
23.20337145299633
14.096479206756456
20.47577397853437
21.839386705759512
13.930486359032686
14.955410530261286
16.348115579229795
19.39323692206398
21.57801656241045
18.933785614938923
11.867453748159447
18.911279505027476
13.690693018952244
17.42693119711443
20.23555360265805
13.688678819072495
25.081059656664817
13.67212290662642
19.71678958599887
17.523078482203697
21.14405531559065
23.1446824832648
20.6751156531828
20.925610143969454
18.692416640202307
17.14792354287898
-14.882687019610845
-20.38112439170193
-5.137483956122299
-5.26765514899283
-3.1969558506164613
-17.020630513189772
-27.093062413695737
-15.024642371323216
-23.386108389008584
-30.45546317770609
-22.165201813800763
-18.29432477760093
-30.931364437340807
-25.021348811390506
-24.365013548706607
-35.897216039145974
-29.3707100584742
-17.884397481435034
-12.583143759235215
-13.15038306467638
-10.456471395486467
1.4808095660789322
2.2393485487152582
-12.635339683918483
3.827431702888583
-2.2472262984112854
-1.3250400939678642
-4.83418825782474
-0.9988698376250532
-7.172980754180893
-1.1428858665556296
-3.043649031534884
-6.060198571493367
-2.8210238082695507
0.5399037483925101
-0.6310854394243011
-14.263498000815742
-23.156210002053623
-35.34239786914245
-35.367003561149275
-34.32389952646274
-36.6593173737313
-33.08158461434937
-32.43567619779951
-29.269407180334092
-28.65794265981987
-23.65207860857205
-15.887244008761506
-14.048592967363307
-9.432430848332064
-13.662511800844216
-8.764647265672053
-8.555291427577362
-22.221699578377816
-19.741148333353767
-17.66440890497139
-13.096835374351091
-15.199733093411545
-17.506311030737262
-12.134404511778113
-22.66578205973005
-16.016310793257478
-14.159647390087807
