8.864519405948768
16.19177564642667
-3.668708278403247
-3.8129970068063344
-17.765150384074172
-20.66278109601461
-20.609115354724565
-22.657189860535013
-20.103104630200264
-17.700745093748317
-11.169087226311374
-13.536402587524885
-9.022445731250947
-10.762208686938289
-15.802008765964404
-14.990417455493029
-15.92188388838825
-12.462020005354569
-19.029942978598076
-25.401969554655032
-14.369738543095194
-8.275034105296909
-19.608541059556746
-24.178554293031567
-11.791251201369276
-12.777747407179275
-14.951074849923105
-14.239582139229569
-14.662549032334722
-10.167488300493607
-11.922649986007547
-15.39135923278683
-22.414550041318826
-11.912363728883946
-2.686094845841525
-8.846032658957311
1.6648267617523256
2.1697152017457366
-3.932882956241865
-4.692011821020537
-2.014258465529652
-7.718827314139747
-11.631595274763534
-12.965398583609607
-9.77019713210907
-8.200755408741419
-13.456024647994877
-8.982028449986153
-8.572000999028058
-11.169950546102244
-5.152963981012666
-11.989111171760516
-4.162364113322586
0.4929201536995451
-1.8153483730581024
-5.756926241339375
-15.526780595497177
3.040016183566096
-4.313264250112252
-9.377276488320714
4.6816985519842484
7.1269585033243965
24.00521479495904
14.096172391216161
15.976591261089823
14.452096148896892
23.28651748246901
13.223824230308805
10.101828444693137
-3.852595443378344
-6.236370540207597
-7.14531863644864
-18.65733077396648
-8.328440383844164
-6.979770887987818
-9.71943115618091
-16.443344619338784
-17.603757793251727
-10.032358007355242
-4.113798826951934
-10.929174465709963
-9.161744250416307
-5.590346477627564
-8.914125207187883
-12.083249104080842
-15.648701012381306
-16.6859508644075
-10.473118011856126
-14.4576362353565
-8.76098080665234
-5.900714042421516
-10.891264316620463
-9.571789811799778
-12.343761249593156
-11.6328434043004
-2.296082661925125
1.1110277796204693
-4.670325443005273
-9.674982940652304
3.4841222749527696
9.288103490829855
4.185593485841316
0.9270302662331944
5.955691307863956
8.806790993033205
6.77302941519032
4.282936757805011
4.304234641511448
7.823242228761399
6.59387573577563
3.870788355579335
5.492807157525949
13.594961808346048
12.806941038308285
12.404837234156293
6.306579521261878
6.276506513654799
9.01094778321244
17.05801983403558
9.937204737075165
4.783399207373408
7.1761413523069635
14.186847631350465
11.800180064413993
12.003934448778017
13.799373313790527
16.787945707151987
15.66482182494765
8.327853606186636
14.2097732994948
20.91963212371272
11.383657496471276
10.408934398953264
21.959722244825354
7.670024547969452
-0.6927280830284342
-6.759321798772211
-2.794927025521336
