-1.3969382766914873
6.76208181387287
6.268969315430904
11.849116147433385
14.047600612763832
6.611883844461515
-2.8933094708641134
-3.3049705934874507
-12.398446729488294
-9.667210426988543
-5.673277656257781
0.2068792692791428
-2.5949215189181043
1.0472253710475403
2.490785318027924
1.8948690718461636
4.450724797989388
20.727179255411038
17.34337794110036
24.985970056961627
25.69950928120936
29.99235620400681
27.455123001688627
27.51840329540018
26.37167314355502
25.423956643357812
23.124317884157936
30.022115333531985
31.92066550944995
27.30373710371886
28.02401777228415
15.117335934396674
7.62306123311069
-0.8695931617188494
1.2692177845450974
-4.405484372559616
-7.424780184180894
0.8709571361558149
8.729887080737495
-4.735748200086023
3.923553880346255
8.155683381983241
17.435245199413938
24.627135715964585
18.63656412946787
4.4564003914333465
18.611239459079453
24.18555719853629
41.033632670383255
30.13488460274576
53.66906560750282
30.77098436729091
33.79868312467563
45.99086984664242
45.21937629040479
41.18879011712002
34.043634230109845
32.69206021190447
31.799873777218213
30.361968598305854
30.95882968803464
29.635303775832625
31.363768760307387
35.0251993201682
33.12753301917323
27.09637097976484
24.179192733635716
15.852958362169096
15.324175021870134
13.666934809058466
8.667787663605408
11.6042358820016
27.527116002855315
25.91066359635229
27.00126721873569
29.677977600001554
24.64271288826169
17.626112956184066
0.04210825497949487
5.691329635636435
3.7392984810010668
15.74021762849408
23.14339136138225
26.347395620867907
22.409292560087298
29.056093144817325
29.54229244502775
30.343373769122707
22.045479237745365
10.513134898145516
4.2476658054008745
-5.244851475005596
-6.019651007565267
1.1582283052833926
-1.9080564987733104
-14.639595937683367
-16.29055814318583
-12.567335280459476
-16.72242789927457
-7.707423563049956
-3.8405079657932406
0.8424036339078298
-22.578755279216274
-23.73348603755107
-21.336684924621267
-16.082927569277135
-14.451317133020066
-8.939348654226821
-17.192166743495047
-7.9057311611665035
3.7551467997970116
15.398853441991475
13.523927010906789
20.6262911298668
13.008681769759109
10.878774967307217
9.158886952567793
7.3626498020999565
6.9610371711304655
13.968161795140144
17.790065756262557
17.596101568198918
-11.717814466428873
-33.8572814198028
-32.66204389533153
-30.878571656925107
-26.358463446352964
-21.894506980609485
-18.368844993147675
-27.93808488914526
-16.922266951886563
-7.02462033673508
-12.860808837220265
-22.12093572077789
-10.927428752331998
-15.875241837680283
13.359135298266013
1.6320474693626028
10.386591510780004
14.534732354400306
9.2374693386203
-1.1162048229503607
0.5320612121635946
-3.833394967655772
-27.573086527620212
-9.256163646281776
3.395734016339628
1.5591122181636996
20.06208617182838
19.182458198190037
16.74420925232313
16.942876669168587
23.378056904619818
12.839928946850929
29.76674271700329
31.277594966647182
36.86974367861002
31.813063126487776
33.921752233998696
26.75077014590041
24.9209575427397
25.727039264774103
26.92228519259521
31.051859554262066
31.572463814176416
31.074955996302126
34.451447237128036
22.90507544824143
9.725441763666769
17.998620312445432
25.66030153134509
23.31804830324441
24.798898408166643
24.25893517001855
25.321164219501505
25.435675868428678
22.00094660569564
32.644606921745485
33.3975986792026
37.135072486314634
43.63294492195649
35.435922534966345
25.762573703899
25.021225166799177
43.93473677408249
29.952855017265247
41.27532262836175
31.528650172864122
32.31311135964783
42.164657025823495
20.67317500581171
16.23152582799319
18.94090204034327
21.556081736641012
19.490565257765297
14.357215163744991
22.027656765345245
29.35253913953991
9.068526620266189
13.516856857793258
14.961512859486046
16.24628693136508
7.5106744159510495
6.092000926816742
3.301998138644216
-3.2101720950752406
-12.800069673960706
-29.903918954343013
-34.531572991516406
-24.86681184000241
-40.04918201084791
-44.25034871114333
-55.54550957945332
-42.411391628189286
-41.3199130429302
-51.175349692084616
-42.281282487121
-31.18547892240141
-21.740844249537407
