28.96423074106699
29.802467167894967
21.418499061638368
2.659333757196781
-6.637782965621978
-17.198367894892016
-15.946886992972159
-8.149191294317282
-7.693445820588517
-9.94332750161781
-10.350982167793104
14.354810974066876
11.618399671638036
7.386624608067139
4.153388901256233
-7.95821952748799
-12.818946756540111
-16.4123574568438
-16.08426725891886
-9.79666301733025
-16.808778932762316
-10.277535580265305
-9.46775667585935
-10.266567905690406
-12.27904284090648
-20.010125268181497
-19.126176663450874
-23.128755400694732
-23.30160486240791
-18.24728828861665
-21.990484771671294
-22.176969595766657
-5.888396486216163
4.809829519230979
2.2314236036958417
8.673085600900116
3.7875398464244436
5.265213178433413
4.870637263404253
2.005358978512266
7.522693073578837
11.568995919900837
5.7716223517505485
7.2493205136939745
5.498607871555935
6.246227723438369
9.402036181169553
10.045139200501467
16.72808011615624
14.561093542980599
15.258993566501172
6.257439843435368
14.290736968523
9.134765394081358
10.874590059123623
9.472409653274447
9.387313529863436
10.446076951053776
10.534692603819675
3.325867492843513
10.220349429017377
7.283005525042659
8.299673157866666
11.141201822404316
11.223129553191475
9.116728827671304
13.789305077697707
4.70940353843005
0.3209869823654836
8.354829200995692
8.400948356872016
10.59337336405472
10.685274146557026
9.288303148502065
10.347300958198314
9.520229577036153
6.900682032224008
10.211915928872306
1.6896494324875746
3.1326531443056136
1.6651209499635322
9.117665507780492
5.38119914046522
10.836981114752533
9.271959506814053
-4.99289144240045
2.182624632729832
9.411245156161318
9.406391095248454
16.017099320993132
-0.3692226283302534
7.947749987373176
12.772155014270833
8.177768686354797
26.97902345022886
34.236711490207966
27.627364560949825
16.84333733332066
24.372216415414105
18.942677593878447
10.379588885722788
2.2135144214800384
-2.1813883797591767
4.903611021958583
4.357075187664569
-14.261320806018206
-16.943167601649456
-18.255810372295088
-3.2549503279648846
-9.324509758862671
-9.257936215912963
-6.192510535129187
3.5605820872843235
5.3239142202513285
6.759350893996523
5.587167570913079
4.357808537413661
3.0963465096529474
13.297041272398872
7.3361362879691505
10.214669602822392
7.229161863606532
12.547785116831525
-14.19226883840452
-8.176196560406588
-19.786364824278415
-20.737145951778675
-11.03732409897939
-20.670327295460282
-17.370074686202724
-15.303532364484287
-18.513563345799287
11.370174803847586
11.304971368682905
20.55352694110428
28.929275331267934
23.191215857427643
14.785667194576009
24.409069435579234
20.419609539452487
11.890527850653779
8.550439690194011
10.2931829383971
8.2098435658373
15.18735775381932
5.301211871284666
8.779701129492999
16.424520233987874
22.834328223659192
17.03166216577375
15.00683530248148
19.180222579880247
17.31976352585636
5.88076799650556
19.43369601204129
21.01813033017936
13.923302096949856
11.461083666488395
22.42336068142962
34.102713949348356
30.652098574178353
33.84125907001762
32.571284842355126
31.42197182696102
28.637747353599
36.03186407811664
34.413730474706554
29.631258649593324
28.630514853868608
28.12089259346456
27.17209767647045
33.85118943860011
32.02858316327789
40.68091556790051
41.45783873686688
38.586026642679684
37.29698640919387
31.02843918993768
39.03422655859341
37.3889286325971
36.87186093731961
38.27004756107564
36.56379509995389
40.418568770440615
40.696922444916375
30.3953369237989
20.335776231819924
25.380579434442502
