21.025367580534095
12.67551189844043
2.6312221987280977
12.281537239894329
10.613760790612906
9.997941691187007
10.554353157856363
6.706459010880962
14.818979620543963
3.7478768922161287
7.0665340792572
6.158208424102809
8.996771368452293
-7.1932882233201525
-7.946971260516642
-4.188451679988021
-2.2950249775747253
-5.6706768591490615
-6.588811532048823
-11.718311031640635
-7.072640393898303
-2.7952849339785595
2.9347638752198995
2.4013046189104634
-5.776943388031156
6.000451488121043
15.759359845223113
6.261519402767675
12.19186621829584
22.905737213858394
20.915948321015374
27.208996308682156
30.44225776245437
35.42441686496103
32.49113681180815
27.68542264442657
37.24509314825926
34.44099766937972
29.64064569860301
30.72984180608207
23.44279984760592
11.807423292214468
14.996366058436005
15.078566925830936
5.079088616254814
-2.0370065394656875
-1.719930335856567
-7.090276463664393
-13.309212641241734
-12.762538081726072
-9.27599109352604
-0.2694025561079419
-8.44510168997169
-3.744072542704587
14.051237574278225
36.52806701793189
35.57774367301405
36.859206516848815
39.182418613780534
33.40452840033332
28.18112621485889
33.98024869360095
29.385325736855307
25.669047667974876
18.272400498762792
7.141734393066598
8.766164048147907
8.618673068147729
10.420864752671859
-3.8754106445406458
1.718850959290695
9.952871059724648
-9.063008633649073
2.0915444395970635
14.393300846924104
21.886910569960328
16.161396291090796
24.62774367242709
32.53392255191241
32.45271340747836
34.76149585921803
29.88758902661995
46.947499036530466
49.68230409624916
48.60598922786996
37.58996961707956
31.995696910059557
42.86063841129547
28.172616879253827
15.709188381637185
6.326800815402467
-12.608272050143777
-20.06006058605364
-25.081155891039252
-26.62794084302635
-28.112570339887213
-20.803605059204344
-18.527942542052163
-12.170512668720882
-17.761398437749378
-23.98131428030355
-21.228543798012854
-19.924316534661873
-23.21337406555728
-24.223424497343878
-24.328673954686032
-16.250088162608517
-13.780741785005965
-13.98200260518412
-14.397066393460813
-12.925577596067615
-8.308809369420679
-1.022452128251394
-5.198048399133318
-13.17380676657052
-8.948320237706026
-6.819192040875639
-11.284189715242965
-9.499937752847467
-5.368108153330929
-5.4869722815149915
-4.110510665926194
-7.056123698371253
-7.564041811157709
-4.367349485267527
3.07213287534473
4.288119949195728
6.135966215258137
-31.28040919752194
-9.395667968312504
-5.003663871007952
6.7820733325899125
12.943321069523106
16.894866483227638
21.21924377563385
23.3412433040917
19.964211755500266
31.29987900950905
30.495790218457056
28.786446368666514
23.902400433380905
26.06334967449973
29.857799949122395
34.44248592965697
34.456824713978804
40.1327505597252
43.30570292164899
47.21328153319395
45.36450756175351
44.555301378038436
37.424628159198754
39.96977857253837
52.910514420904605
43.960024356015424
37.88879084409115
27.809295851731452
37.04654669372294
27.209553452798875
28.686682997993845
42.12616764922025
29.40945902237825
26.5715066719204
