-14.14975325795684
-8.342992980258085
-2.559505512208287
3.1198212486812915
2.9864410173762423
15.475381426992564
12.904284828134472
7.660953404070106
9.354468527126592
6.713950327129852
1.4312267568907435
-3.1362943905516563
1.8723000507884064
10.084886254745983
11.690668844361939
15.293504731452055
5.656815606675455
-6.658249377036861
-5.655765844659442
-4.926090663180792
-5.015021620407513
-4.829850542047757
-3.5317210372158283
-9.603078098163351
-21.990686757236166
-19.93883714334489
-17.874569335064027
-12.397694206771819
-10.65668593236436
-16.04401980521256
-15.440224983956535
-17.315045973098766
-12.136993798695006
-13.199131105538946
-14.81773493237901
-8.993767597625569
-12.495997323355992
-20.213964129309453
-15.867770540238455
-14.208767687139346
-9.9568936881145
-20.93430797128192
-13.065258531522472
-4.9722201506261685
-0.4319495401540001
-5.324174037363827
-5.6948110549112885
-7.040670179498607
-0.5653099525112572
3.865570714708468
4.379232809314222
5.7259261193610635
4.263857107452756
3.0475410875561053
3.345886474560518
8.096445782848154
19.781562966509775
13.829432186881926
15.98214795117
23.13712319822177
20.118019092923387
20.66395395718384
29.717756928988127
31.37098891896989
28.97627684086741
24.756938779195078
26.577529220985408
26.033023051486808
24.713016910612225
20.27561917174085
6.13131671113014
16.396421418604287
11.432315205497751
-5.411728185954894
-1.8189781696478216
-10.447873124263632
-7.502718825330353
-7.625775672672589
-0.26407489992777666
-4.279235589828357
-9.197040864694742
-5.978732873160353
-15.133506284000205
-28.436648933062497
-18.542862652034746
2.5461445541690946
8.056532007426853
18.052787182297894
21.322257195669934
33.871053636322024
41.75442590625262
31.99849119975759
32.152290307998044
30.46260051551581
28.80932552190177
26.300375276529106
34.774198375518125
41.52272847471981
48.69058248491393
43.63242441510841
14.668983942890382
14.557488195674535
36.578079332237614
34.594586995934094
35.4927568902489
35.26100051586872
25.553511500547252
26.27255732330634
33.989569736125745
27.787341529471675
27.05731403466311
28.30979234073122
25.561470903544983
20.65144144316884
18.426249321374648
30.411581042875
28.58568957030575
24.54124811391115
17.36971374148787
13.067191233921385
18.738262297006823
12.22133983748815
8.88415260424743
12.656627241693624
7.493135357317977
1.2212757081327748
2.044066719316706
0.2139161925524348
-11.619345067871796
-13.891525516964276
-21.79582743497985
-20.72400118000705
-9.403873975395467
-10.736768816704775
-20.73105639689996
-17.82221781999198
-16.5894286428491
-16.38116719987838
-11.151076428591098
-16.579282856471952
-15.02932981146135
-2.7838959403594767
8.52472352105446
11.852699147982822
8.390157254020997
17.290021741052893
8.703501113529791
1.3657607560229754
3.736685939935097
-1.9970402385521175
5.791672375532472
17.593678683991797
23.138940724679042
35.05218920223365
41.64016500257817
23.731030304513194
21.71893179584579
23.015540912537414
13.965787588996804
6.2887239975860805
0.6747072692942208
10.47089715586745
19.68079659935432
6.222029309694197
13.160868204965189
12.531709093628919
13.857621959269524
16.602929535568258
-1.1918361078832949
-6.23758375495576
-1.239141100694759
0.13398159381327018
5.103330606783948
10.320565957016221
6.476855359192452
-3.89229225273816
-11.228453944486295
-14.68608903228846
-8.949622422103912
0.24730622086759174
-10.475162024363328
-13.875756442116158
-9.924766243495917
-18.79367538010432
-13.163557271750147
-13.29732727420827
-14.908774344241348
-11.952652970127847
-7.579536170930719
-4.324746925305196
-3.1618717941532357
-2.0295783966449985
1.4533497537254498
2.5771393067507784
-10.847539130813113
-0.7438945459900588
-0.39842869388660995
3.0693729368535223
2.2686850292360754
23.142911149999986
-2.9099277338357155
12.023168942298687
22.1568029455266
21.370995425078885
13.70581284983159
14.624714229216966
15.645067209568749
20.08076693726628
23.019128740091034
28.695975873240304
23.73999688982169
25.22612604941709
24.495543055605715
19.51010627758363
31.934692304228626
26.81266753900909
