3.8458125005425225
1.2220179485270728
14.611265908001716
17.731253792035307
19.40865032029681
16.688028176419877
24.209637180038534
32.409759882678216
39.153734703475436
34.358580424485226
26.646656670976192
27.19016244697964
18.765345589690305
5.166622848845421
3.6803390155946167
-7.635653647321775
-6.393342719638745
-13.190150781918412
-22.29195000973193
-32.45228336791663
-20.502263944952663
-14.644953758662126
-11.9707964281328
-17.5005789280988
-12.825029831750145
-18.55075797454311
-13.814235699346328
-15.29745530882719
-15.05834423259699
-15.615170001763813
-13.661332384782726
-9.96272321628808
-23.337903137273575
-27.385326858527193
-26.755159149149318
-27.448023854749717
-25.417807020811733
-23.486301220873752
-27.771041721829548
-21.349661299331494
-33.079845958847926
-30.487836954462427
-22.731578432584094
-19.68978979210826
-19.547764959257268
-11.988273796866775
-12.268276074444726
-8.24346821536321
0.3424364751964653
10.78161722547736
14.961133638479508
12.556379852230153
19.10627953215835
27.523759088289765
35.120404181140216
44.474501075522426
42.788895188516996
37.78614099624193
33.95729690114384
40.400691443687755
47.840313146671846
48.18684705942084
46.267845898644715
36.27773409604977
38.045685832530076
27.86418909629821
24.770925029849227
25.10840258802146
13.251487801674381
11.157938958176084
9.10447304944814
-0.42131477681331947
-0.9260972148253532
-9.50809509111507
-4.230056496835879
-10.173666569488336
-5.157175952357887
0.8099900783661591
-5.587587121183863
-3.671021104631825
12.75969248393354
-7.523206212587576
-2.40370703890738
-8.709607655057548
-13.815627459663837
-17.376578792271747
-9.263344327262867
-5.0892925351131675
-4.342035902593119
-1.8875794833995363
10.436245752210825
12.119874902000682
12.11978914952515
4.5114395261691715
-10.51256546623692
-10.565346222408524
-12.45008943787506
-15.79720437069457
-26.74742475891481
-29.15069650677513
-24.18872603204381
-21.818553224657286
-16.863786769295526
-12.008793192919116
-6.684358499732653
-0.7779031865554058
-11.797282745505914
-9.919423090746543
-8.665523509616117
-7.6318847604227535
-12.557253828395135
-12.495637775353412
-6.02310659255621
1.965612837762728
5.309078912970332
10.074637393120149
14.80404932254933
24.456807987373608
26.18603269144536
39.56508689296668
34.4246626137208
24.960942538102984
27.332853487110878
20.207963552022218
17.569786838886813
6.101951497850277
5.127314838905157
6.74138670627645
5.831447447266571
12.823366293015855
17.18419767256531
16.890137500376515
20.9640707632034
19.888675465964006
18.42364881993143
19.248743974221476
19.23752747679023
14.85078325510452
11.741422484843225
14.149301321992894
8.067808924153503
1.2837634158796691
-1.453957958423348
0.7502449809979291
4.7918860022564544
8.848734188580277
6.461267791447638
6.0676175711681575
-0.7003810921990973
2.757115837188486
-0.6214481460694861
-1.4081357347243215
-5.315312194902153
-5.123460092820994
-0.858171575340325
-11.434185513448114
-14.715288748218892
-7.135622028137917
-5.287044162704978
26.77271415628753
27.96204702828367
27.780753171818613
25.20790043220089
29.501282680294302
24.266813721399842
7.606727564374207
12.977141331485019
11.895668301241846
10.037883142987301
10.30589762001128
14.523381059036565
12.896238529588974
14.465008859922126
21.874023978350486
24.464082967880234
16.885204980594338
8.51107509486436
9.25406528637814
27.019079798045816
13.4525337515491
-1.0171445560202603
-8.966005659923225
-1.1843223772747336
-3.0264359985121696
-6.4093314230990055
-0.2952474330390492
-5.14719227010754
1.2268870222845614
1.919020532838252
-4.8829901698095295
-1.154297218665837
-4.1830767556688215
-13.406134543329207
-14.156362639243305
-15.217686516471062
-2.8448523738735436
-4.707807633931981
-7.554217092155794
-13.622383495692914
-19.996047461804487
-15.306102394817627
-14.003194105921976
-8.668378599309488
-10.610602192656161
-12.677082253165365
-11.264115659274404
-9.071945006929283
-12.735335761692767
-7.457338683489296
-3.772303851433378
2.5478301453287937
-8.760922223333047
-11.606408038967144
-11.345847113158484
-11.618143528003475
-5.491743360690336
-4.760284732615794
-0.3487982031777405
-0.22367762938379165
20.16980143609762
