3.6039635603094147
7.217332206879558
-13.416875067558786
-5.3786537758992345
1.7996935998604555
1.9326024381706632
-4.06961647601162
15.219074634886189
17.703916101137715
25.44252041296375
23.74516516482119
18.792833891992615
12.372194777098501
10.328831324532748
9.498770486249322
4.046078799284791
23.01543708833746
22.50266918611354
15.639068622488285
26.94450344825666
31.006694393307036
1.8867404373483136
0.232034043725676
1.2510568170444318
5.703450857638121
5.761999020954707
-0.07148965752997037
-4.989747575343991
-20.1643718864242
-18.596553338705558
-15.966277234695747
-17.882496253339628
-23.98733759324957
-19.258190353766253
-18.262182519509444
-14.265393042214345
-3.0581533534001366
-6.9830496377578095
6.127502436781957
1.7518000217649845
-3.884688433440071
3.3088589618396633
3.79060234522468
-4.901383234910496
-13.421521016793914
-7.6551377685230255
-5.473507577999129
-7.256842079183115
-4.013176924529496
-3.4800094446119907
-2.0689359921413515
7.548209941707164
9.228676131457153
-4.732730217994372
3.7444722883526422
3.8326901509887215
0.4408392366789874
4.722598651853311
7.873930296142605
16.28246754062075
18.40220635164465
23.788656128648448
29.24470556221199
29.396507093695607
19.10849721750913
17.393180968765108
3.796897149104159
10.118358849571665
12.866833439065733
7.694887418466491
-0.9286365820027824
-2.0381864638063787
-12.620306547038902
-14.325541659657171
-9.902918759758881
-9.40447873158759
-1.4720044119331752
9.538644159663338
13.782806060867493
1.2750256686367665
-8.402517635489467
1.7001518982977164
-5.146529173612612
-5.2152572368298475
11.427199100084755
-3.1141147055720766
5.205433170057772
11.248271499840945
13.426672315691581
4.438487072798601
1.415813689705897
5.498616094624833
3.6628757734985316
-3.403012122300062
8.619398659663467
1.5243374858366303
-0.23030895692806005
-0.5876656511378084
0.5731836490753898
2.902692926105165
7.513654980722647
13.200192412071445
19.834900500478295
18.89698108600989
2.510400714580023
5.184675199386441
16.049973799856833
11.41600376609495
8.79709170324936
16.78774235527579
5.1014962481829675
6.586362241811763
8.216667886244535
-4.281024718611632
-1.5002716343165163
3.052843638049508
5.099370393967132
1.387855907284331
4.593410240135743
4.012845034708132
5.225594922530546
-2.8759597959679994
-7.0890593237987405
-7.40578884577295
-15.409222325614975
-17.954638712943137
-23.528515483797502
-18.98051098598882
-13.933101258042953
-22.113233306741208
-14.358473668235787
-11.716698757045087
-6.446125143818373
-10.85117574927383
-0.6308819307681787
6.131625090964966
9.260190327169264
16.811760527742983
21.330180194733785
27.542027311026626
26.14636079678523
30.0454494566444
30.330043616023172
32.68276508759584
35.368600495667565
24.159366971885433
20.133218019835237
16.020526147880194
4.19017412719975
-7.309386414226509
-4.735833903465059
-12.825067730175187
-13.096510177180289
-12.628901311385224
-13.326850388188296
-15.535878464651782
-2.1241621260371333
13.950516864540347
11.310271040938794
18.412904420159585
11.993963971494534
-5.903254923725262
2.8338369477915704
1.9975358570445607
-2.501092068534448
4.58036281447029
5.162332587037931
-24.80091306695086
-30.76560977783717
-26.637632266988057
-35.716464571317786
-29.092536664650684
-19.804774641435046
-10.250111503023026
-12.623066139336
-8.399358621468615
-2.0233495595551463
-4.776260331540688
-2.0643987672149504
3.5907402233063874
-4.377787611495542
-7.779826255487068
0.08222911984090434
4.801109646198445
8.443649644945625
5.386206231204028
6.602951348679607
-3.4962978942819545
9.403130452331302
14.092406218508033
22.178753925696977
19.320457122362953
5.5346001931641675
7.842290066869662
14.36633165573799
7.171009193981267
6.171075838074852
4.0082199348483085
7.429786479683255
