-8.476940547570539
-4.8275657578424385
-0.5370576633627975
6.7162485111254595
-13.755104614203743
-6.496660982667727
-0.8638168589371997
12.983156759683784
52.29464918965061
51.11563891884632
47.53215338334565
45.28822376256763
39.956541128324815
44.34629556538302
40.334560690665825
34.007373402676656
38.672977530268774
30.28843508282227
19.53484906742375
18.26476304406719
10.628234984937487
-1.7354538877054606
-2.839810710393058
2.3038110664204403
4.8618899115921375
-1.5366778863458108
-4.333822778824771
-8.894053186502141
-9.220560410983088
-10.05422300507067
-6.446291394955932
-6.047288568056308
-17.52059154440837
-32.32198195966201
-30.352850890354095
-1.6714462757722073
10.139696104221157
1.0406838378722023
-18.446440791835638
-26.60751355511497
-16.75899343456412
-12.37916743019
-11.344272507501724
-9.508840263096447
-8.568542594727866
-2.9698957094921954
4.483341734568934
13.539120650110876
16.44963316667019
20.005234248592906
13.348637293617095
24.27718041651263
15.755681856151304
17.03255207891719
24.73911455818984
22.69648949452064
23.019290922252544
33.14075325446794
33.50718247487341
26.844423968094393
24.753408307754288
52.7806690295017
26.41401488434681
19.41283569950332
24.0356124193294
24.00623216259786
25.240473368910965
17.060803289412426
11.913220614684596
0.5915750697726407
9.171588028998071
-5.527242505622864
-7.883261840993084
-11.841186114226305
-20.149762330558296
-16.79965308373151
-19.1492221197773
-19.035502387896933
-13.284057632402876
-9.83289138163588
-0.6172633248749104
-1.1345986300500157
-9.482952687112157
-18.064029255134443
-18.221236287350152
-14.025587941160591
-11.112270986662116
-17.918808810285462
-15.548835888601902
-18.566693987761905
-19.00908683019
-22.0146331713968
-15.482247349057284
-11.140876417150995
-11.757854844729419
2.78076213636339
7.324804376938339
4.0119187135772965
2.348200026816825
6.289729148376418
11.61335597509968
3.133440499279778
2.526277507177382
12.134640583054436
7.539537696650857
6.7655293683756765
5.989256553524668
12.050098716039672
4.483553060358432
13.240286856026726
7.760815016296152
3.5087299841930366
-3.091771011548689
0.7191031079442661
1.4156774631677085
4.975547703131415
11.488962028493063
4.9176673309650765
3.2985366330256367
4.4911131037878675
5.6910073863433155
6.779446226605498
7.126912773507631
9.746290747411162
16.162251149005087
16.78236555164558
32.22817552158132
31.986310968869404
29.958483045845046
21.549298160450135
23.904231300301905
23.14520049542799
30.9426997822337
25.162013459769767
14.743948279273706
21.67698099401041
4.122296414416708
2.0355151567333856
7.428761773316856
-1.6543646510907868
-4.019783750681044
-8.949703694151266
-10.805071660177408
-4.34257508021132
-3.379324988565839
-3.8573815663472697
-6.378178493384486
-2.150160037914913
-3.040490570759288
-11.322932664819234
-7.377120385859928
5.133212389403038
0.8465835591676995
3.0944897763007844
4.3018150495819185
8.286291695046563
11.342282640724633
2.557589189747855
9.419608170596957
5.73560108167819
-1.1787472344963723
