-39.89043063347714
-39.17847333887874
-37.95486224962429
-46.440528921210024
-41.28634742277978
-49.41893525951529
-28.40445077448543
-37.07982798626925
-34.056756457730145
-24.87057446620944
-22.757637637413648
-28.4892864519556
-32.521473729275684
-32.700030536950685
-34.4055355108952
-28.497236733073745
-22.96764633477767
-26.322791337896923
-30.62124324330827
-36.30774675808567
-29.74339805652471
-23.228802491977568
-20.454145361842283
-23.13577905135089
-31.763122405111776
-29.40824803934948
-31.42547264448713
-24.136048005526003
-20.183386452542077
-15.943955822242387
-16.188587237797467
-19.321247744828177
-13.226014672382801
-20.523621656615678
-13.119578359049955
-11.542511909599018
-18.127499872280232
-12.597986591978573
-15.010047087368257
-12.040017002420823
-0.8837547438592768
-1.682688957379558
3.1389564428905383
6.8784953072071815
-17.9668301073444
-16.02359997806421
-15.455344680756518
-23.77362509767178
-27.750607827258968
-23.56157302359702
-22.81038597110195
-30.685889480149267
-20.72064698039928
-22.880597250412773
-23.642869420999045
-19.816787060361143
-8.412210806540607
-12.851012774794441
-7.307225844671165
-13.740501278967669
-21.424898516382356
-21.13397519157449
-18.327518757836398
-19.291653157893787
-9.537056530329831
-6.327250518829111
-8.089265386006456
-1.7145952994854476
-2.12164583640976
-4.691694336443867
-8.364124471160954
-6.9814494200116695
-9.999669966831519
-16.435045783144552
-14.170341152498963
-14.002461033255985
-16.575872274912246
-10.967478712763644
-7.513017873588282
-13.426193791758676
-27.010301114977807
-20.428164613470344
-11.81846605268773
-6.5352640657555945
-9.519194300071991
-8.871467049687716
-20.63746382069523
-25.22058691244709
-1.2823248401157763
-16.709629062126798
-12.940572312304626
-11.98284290259143
-16.038608489879124
-17.68059242654126
-26.57368887173909
-37.02356525161451
-19.138459136456767
-17.331610351698153
-21.812783556080863
-13.382771226098034
-10.448576730398429
-2.2702204605697096
18.593621505700764
13.209031597909167
2.0838763817736403
23.463986262091197
11.932523983047405
3.5004404395197843
7.2345067886994014
9.08745023914392
8.144859048643832
7.840266484174057
4.093199387586064
-6.566078915095452
-1.2592002186066624
-2.1159525716148577
0.9087725827195742
-8.678161605575362
-11.981357350556225
-10.586273159164405
-9.235691986264518
1.9660044250009547
6.837044740065818
13.559291510310528
8.870465615991911
16.905089211160455
11.239484849970813
8.468558325018947
18.562059166905275
25.92642098892864
25.809704338620865
25.43111668134771
25.99273496288416
30.264379301951195
29.831644574520784
27.15978519742053
32.530714496581005
25.762818716762872
17.25118666370835
15.850369310218674
16.341425827839167
13.956099597816431
11.181725759874613
8.255176989168714
-1.2471336569065523
-8.512495997894751
-16.190328626007553
-18.171336766369762
-12.494542192220893
-18.33405670226614
-14.342733007409294
-16.607193146442484
-7.398787272854139
-11.845443134831363
-14.743732623740087
-14.45178150386928
-24.080691989842872
-13.984422583989199
-30.022456567698093
-31.17401452542273
-24.54515280385587
-32.04221063569037
-25.76608922995534
-19.73177976215181
-20.673206902248946
-18.26622780378272
-20.435620698263023
-17.542326672398623
-13.976853161838624
-15.206136319059153
-15.065740722534194
-16.453538397117278
-27.46146302303634
-19.250417277801517
-16.260248869611786
-15.02529445263627
-14.2408124460376
-21.262193150020078
-13.02516770688661
-16.575163361995465
-17.8295939052352
-8.353519306020956
-4.73035069481883
-1.9543521133619963
5.42118030877772
7.884463459250048
12.837989190144524
10.205651174104826
-2.9758287326825785
8.340771192382388
15.740700842831053
2.35641619525862
1.0432767288231164
-10.270413217789132
-16.31371702122122
-32.73323679780386
-26.870052891122278
-26.66711232860453
-25.4186015685986
-20.112717710060956
-15.097797324218615
-19.446015772520376
-16.837205957432467
-5.035439668372222
-7.2358452359014915
2.043915538600083
3.3505488504714327
2.4818710591557074
1.6821672534740784
7.307651626133693
9.641643188512916
15.21933623454574
11.280247178731143
11.780562252549718
-1.0819623670510812
15.872951543042506
-1.386398597022268
17.327821305480022
5.777191646392878
-7.1497186974446025
1.0887407440481949
4.720555641695873
4.318349549285643
7.61704920878121
14.308204511613418
7.42269997929249
11.194702202184708
10.487125240105703
12.129492744202581
13.776947579981394
22.47316767453357
14.919792164627369
-0.7920808410906295
7.840982460373692
6.067582987210147
12.45942845927963
17.160867728531016
5.575693148698634
5.322692386491092
8.191353948050374
3.2130564673385087
16.302151534558355
-16.79079836796667
2.807820703505435
4.1996735809468975
-7.6017895988895985
-8.554609559674956
-10.427732764264588
-9.515061826648276
-9.79939645995373
-6.587481031430412
-4.00414971009264
-2.0646984325000863
-7.01067839182506
-2.88441219051534
0.5469156211503865
-0.18956252702402232
0.8205676177944128
4.2569913778618
4.451554764129972
6.8530934196369975
12.511689005582236
15.993036720053311
12.660205589941404
18.899898891996823
12.340110920956466
10.082656935990434
11.090491956071709
15.342698642200567
8.018761008262224
-1.4983439825565763
-32.38513748037207
-37.96330930399564
-18.391682752033237
-14.71881575078292
-17.96439560073802
-10.503903143119564
-7.444405528394509
-17.678629742285445
-14.011822644310094
-13.543839088629204
-17.93609136274683
-9.892882663358435
-3.2795820904026174
9.592673465348641
13.547831240812064
7.3245244125939175
16.21866564117604
19.155322305623656
17.64833524004708
13.148267106027035
13.6145797336912
14.947107727690087
24.965689254506213
19.687599779476198
25.305822562040444
28.193888051872243
21.785564992546615
20.86145711135979
29.51485981969088
11.869458088347569
11.168549285135038
17.124168261639227
18.821758734661636
-4.689239146779144
-9.440582452753114
-12.770093245669567
-7.96515028390045
-1.767566959971013
-4.98373294762164
-3.545718424410873
-7.981988908220281
8.847367084235447
12.189198449325794
11.523496828916324
3.318571917108248
-3.897442029192648
-1.6634370019628146
7.078635733573666
11.10048850287174
4.022923737506562
2.8383081239986776
-0.5349768648562596
-4.360135978734289
2.6996948994560417
2.9556970150363684
-1.7288416890798763
-2.2036587374944827
0.05893837755372549
4.711205673777116
5.271625222377802
9.704251545297668
9.995048044747762
7.5132270061146595
8.108414491835445
10.744874033851692
9.498421391907929
7.546798472241157
9.919478680791835
20.26423578045439
20.40205685380618
21.261565078928143
22.80556663382444
23.806658786130594
11.498950562967009
3.6531469859701935
-7.500228595174774
-7.4114806880391955
-10.408942704955138
-12.236254646509678
-4.345931610301717
-1.5381186944296974
-5.098306417766543
-18.017002369255533
-11.28744715069557
-5.271876904716984
-10.635079217383305
-7.601125016688764
1.3011840469738143
-1.0805102279465522
-0.6885103765225108
-7.601381545712737
-4.2922247029637015
-6.499817802386593
-11.474832226169019
-11.570676104763004
-22.22796736325886
-19.90041967067616
-16.551523488166016
-27.993709528199233
-32.24555156929393
-30.459297660178297
-28.6610601777685
-23.83871820675055
