-14.408234955066286
-9.102356787372267
-14.369664288620713
-14.493955964516113
-14.323531750903385
-7.825999639001642
-6.428333318937856
-4.295650310977274
6.140057605044327
-2.3177881974839045
0.3838478656554192
12.000966617251596
29.882438746082038
26.355639689635147
21.282705218176673
16.703925433971566
7.0776389445113885
12.68304369948799
10.597585770466095
5.458588538159021
1.066158770337207
-4.115087462449458
-1.273475320231144
-6.364822562062192
-3.425536497720685
8.918431246805838
0.2548081808308257
-1.8563195679129632
-4.1483106508163115
-6.051056466257043
-5.29650274453324
7.349402918006616
3.5149393265009503
-2.6483737573187707
-8.976230631160757
-22.55269491059495
-23.086922056363807
-6.622218335752107
1.9414518746796594
3.5255785516210514
2.022447900336408
2.3983077037217746
0.6087635298269604
10.045075120414896
3.465484005755272
4.813107787618528
6.258948350543839
8.631568611141706
-0.670133906340589
-0.3766991461305413
17.15230119510642
7.416013799242593
6.999970991905662
13.618878639075055
12.184717262117314
17.695153181941322
11.38288231879972
3.8855261034566255
0.8501860505414929
-3.898283163505256
1.4435128559902428
4.456858562702707
8.472983184885344
5.944083938683359
9.187937803463507
2.8304777454882823
3.2956069010279787
17.123548456876982
15.683931304035001
22.557348031186823
16.591195686195984
18.81920242615255
18.21189886668482
16.089456187906887
26.13675042966135
23.766665854785003
10.054671574405429
7.536340287228322
8.550173079803567
28.414818124406267
20.178008557015133
15.125173934282062
15.66200197284534
12.631652201437936
12.395816386236751
23.315203059678932
32.60448497672925
26.698881034876713
21.875397628716502
29.05477858197944
24.66771514218594
29.61655606064177
39.9945727482796
35.23473755253238
39.35444169924369
23.17748063726359
16.663266366699634
32.4397898772755
28.07394193894727
17.243278058235212
20.211708565225802
35.932256663320686
22.16839802026837
13.03312940977324
24.77799337041139
12.48990992698471
6.866722732054298
2.555653917513144
