0.03015034509863508
5.828107385185796
3.8401222026335033
3.921539445681928
-3.5177206006456943
-7.3207695607816685
-23.548038819569033
-23.153270490762576
-15.926121907015274
-13.056740361689913
-9.620247493153824
-12.988589540239804
-9.473904763462413
-11.320251106059356
-7.206128871208301
4.211772641159174
5.2277537111773205
3.7528424308174406
-5.419132337941402
2.4264925801994925
3.0421728104693195
-5.434879037288747
-11.326382913405574
-5.94576165745437
-1.9676550065989449
-3.0518734067587747
4.028959181867633
-1.06645307602435
-6.186596786004148
-12.568067767166418
-2.6673966041781743
0.1581429959072186
-1.4918114518204753
-2.3001868228181888
-0.04030385292463177
9.27057155413635
-2.4920670802916343
4.256798693339993
3.174380768284605
8.938757746435591
8.178532896732918
10.465798597033961
8.577088932277155
12.52217356414878
7.746415180343387
7.57671283579673
-13.165299564620435
-17.288850078599594
-16.368199911806027
-10.097768312718657
-7.395246164926985
12.737332956695779
16.77530199592347
19.748237476803386
19.744751625666954
18.992830159214733
28.22084257268444
28.68357388382305
23.322165587026788
25.666476227900144
18.668031104642765
13.814423326067596
4.538890643824873
9.490868067681145
6.5573100623316805
3.1546516264662463
-1.304179225348291
2.0407457462354706
9.933595011006236
0.6502457439551781
0.89276659047572
-8.995539688997908
-12.319345363650374
-12.31931678945912
-11.770694140782402
-5.938579848597492
-5.984982746961977
-10.504792872037546
-13.772766574191088
-15.264391442931947
-16.724429028493628
-9.246728507230912
-6.056148852555316
-7.252452608325018
-2.842986689394078
2.8107065797973885
1.7762168137926693
-0.5936408540090151
-2.445555104789761
-4.629461433171977
-28.62244917209138
-26.646761628409553
-22.4599397066455
-15.289045105142907
-2.9581377855217723
-11.502438290639185
-12.229563515414641
-7.501447060914588
-11.720096675440592
-15.870313445859807
-16.770179540862152
-16.353221673654097
-25.159887617537088
-40.387825881343716
-34.23242522501379
-33.85017784637018
-38.88887288628476
-40.79914665479127
-30.420663809300386
-20.300785965666172
-19.6174878245418
-21.39619330231271
-18.693400956742035
-18.737258180781808
-19.7840190566893
-15.523206026957876
-8.897227034179812
-17.494110611912653
4.366724542065777
13.36064829754192
11.324491887731481
2.780799117009386
0.9277779379714692
13.89586125825206
6.318545353252202
11.654139462203286
3.2284880310170303
-0.9159323520964784
0.5803668582039494
4.214565788596197
8.377762966521276
15.35296294211632
11.749055286210975
6.397645480514028
5.437245700311972
-6.680833494744563
-28.16182280225439
-18.28517943222863
-16.191892651252402
-24.42012477733807
-28.858949267856413
-23.56182895040483
-31.905814326774717
-31.74213657572425
-16.707837244444868
-1.1080306892293978
-6.5096742505950775
-8.576741139857122
-5.8022493904949455
-0.8032883570743163
-1.5718038999590975
-5.266136402591092
8.354660620770428
9.355536332178927
-3.642622802125928
3.8961412731906897
14.838302633513123
14.34546708027434
15.287128529997425
6.919699469631803
1.1079019820856568
0.8789050367065052
-2.1274502823536547
1.2694833302984718
-7.2263847620316115
3.0733512360902635
13.747089957233591
16.096047301104324
7.319907662756173
0.06761442538674398
5.56722802170296
-4.236623792774297
1.0399306924305198
8.765858547736052
2.454403931786834
11.856075223928563
-6.182760791929264
-14.810202296994534
-15.050928004212976
-7.352587384112883
0.6288926552754435
-8.93803166592856
-8.441860872643657
-9.55469228097856
0.23314527782176356
-13.437172582474982
-10.333775754241204
-7.8875892396284115
-2.2196941085984623
-9.606925888457015
-15.77133707407681
-14.436836303605011
-14.208658051510794
-19.622994885760985
-21.113012959360358
-23.090174876568497
-21.293874996765663
-24.522395585661148
-25.00289539473028
-16.81029810336081
-8.306523858945633
-2.743046636136161
2.1818062247166305
3.3729507849072005
8.296012981069238
-0.29101894053201943
-1.698695233816064
3.14819540492453
4.482425128312028
4.858653820629781
1.464209678870794
-2.184894485122692
-9.974272433403355
-15.872670015534613
-21.773411906434387
-16.796390951784947
-21.9970354052873
-27.70017311186248
-24.923931365651512
-22.56796157504644
-18.67857985041889
-30.92423424566419
-43.716700583206546
-44.52933317612113
-32.400674451401485
-25.653936997445516
-22.823078615340144
-27.868297955909018
-25.29244334322249
-20.715240984031905
-28.792648496112147
-15.99556903696887
-14.908262565741428
-18.81201039817993
-15.88902803486276
-10.985478767088079
3.2591203927864085
-2.6251506735621155
-1.632322209906205
-11.442136958706836
-11.91957364268862
-24.86717495669476
-21.391489202300967
-22.710096231279092
-17.998792442516674
-19.174398827754352
-19.77860490067588
-19.605478424301445
-16.47836139164515
-19.82359572107357
-15.603438900012732
-6.466346606418053
-14.265007515636494
-5.413182317814976
4.3125977680178815
3.888649887664355
-17.81810862134
-15.102143343916387
-17.623857444009264
-21.36839953909061
-38.57329051976583
-50.3790935741877
-32.32652987104947
-15.306871600106472
-7.39501741385464
-7.129619848870204
-3.047012683642888
-4.073244182646656
-1.4649970954842868
4.382373802196184
5.46772020781071
-1.5054875954873574
2.4051537417243645
-1.1288070843454765
1.3391729740637308
10.29847763967201
2.8078548201259035
5.5811828839329785
11.222276131552302
5.195304428036846
5.7332712400664345
-7.716394851704577
-9.192306315405554
-1.5967220311309531
-7.624606463581145
-2.4049537718403577
-3.3060616868381136
-2.4828544844724267
5.221130158916826
4.196084205784732
13.271414911059857
9.036422177842619
14.578938771362616
10.083062006414748
15.798470920019374
12.20965662731801
0.5787280426721833
11.753905178370829
16.378684545675902
16.26895970872789
25.426925644797066
0.10902858688696401
-15.54847463268584
-28.156158535575262
-24.949181550280677
