-10.771217548878004
-1.619223574651426
2.5036555336291504
4.473777801337356
18.618199867669198
10.620665349258754
11.495813437178125
11.260242908527164
10.809754216585423
20.510353385954186
3.6877354157276434
-0.6210166765644429
0.7253670684294308
3.6869432229026686
7.654535525470129
8.688717723954268
1.1870961807228764
8.804246279976905
27.353617506956606
31.84106299384851
25.03473971736905
24.309566293945355
27.407845937210478
17.265766407943858
5.3838099214984325
12.147292876522904
16.196536001104473
15.639942017799724
11.872145048915305
13.3515765942447
6.82139804278915
4.1807808546250165
8.221055421799086
8.141096029946555
15.51049431759142
17.86538150398167
6.3756680594400414
6.632906613256007
26.93461027471398
20.003166718686014
23.322015891275683
30.291461875033413
19.835809762949804
4.745620597426645
4.756075751132217
19.709169714854546
16.232587178657948
9.219067961929962
6.529552987009772
4.378165015274027
0.7121923303157908
7.473821895699691
35.369126981823
37.448253597666046
40.123534615890605
24.330425843627214
19.305768938275595
14.180521122571076
15.992397441854196
25.924330254569977
40.086593421995616
56.232260538999526
34.66595125394199
33.966782657535994
44.765801468781156
57.23728078659227
43.62993316871012
38.09906255733637
54.897233121768025
50.508548527681
48.90946330303257
45.53552933626524
34.74045463723843
26.93534797457424
28.3375213685498
46.77645654262077
26.09751169887184
29.8490705598063
38.76881251899087
40.01674570087265
27.410121553008114
14.78729637705781
19.533326141878625
28.30987769653161
19.432106700495687
18.60786754542694
18.43436974660323
14.326812928295011
12.133278302983339
4.741878163497699
3.3630766610633747
1.641217521764868
9.227605756818207
9.721170216578804
22.832439700966173
23.35624985593165
6.186401600392005
-3.8484371556193815
-16.24297156831711
-9.405684539744891
5.5843631231984725
21.49048477653514
27.8410668896527
21.56815967110998
37.367745507316144
36.963341507977674
34.36126335852509
27.20108997554532
18.330241405489346
20.527956719479423
19.81732284174922
15.03162208720005
21.42666866616502
24.523183204071888
34.65101511727979
33.50305348493566
36.37503993344773
40.543134451825686
27.351982470495354
15.994506932583876
17.419407433071626
14.444667032005928
17.94375486801445
15.737673472383774
22.523152178695913
24.48180682356612
24.285112044054607
20.4350653397382
23.847233368661428
40.26774077461457
39.54664043396135
43.49984269721488
50.160840986133536
60.185272521937044
49.77859608628889
47.06877468710534
44.066005908929995
40.88087358441671
57.36827420575924
46.40129261850685
46.067867918441145
48.649868413357716
53.25287895229578
53.45794281869281
46.51610376359018
51.951814452382266
33.7229667050887
48.09315825528589
42.60165622872977
45.438578835963405
28.32751900053545
28.115565411704196
27.24060971154495
