13.067784055278457
13.598364422689992
9.9782410198583
10.712058917136952
12.212778982435115
15.629061007334444
16.022022750502156
-6.7657658736240816
-9.876123812871516
-9.934096176503482
-9.33903641443118
-6.936470439505829
-11.774792871346538
-19.349650611836
-26.98197920100607
-31.18566476471669
-44.727304005737295
-37.0225581974177
-25.62558594578267
-19.438627715163587
-20.289486851506414
-9.743999368877024
-1.130369067600627
-4.155886716762462
-6.2417685803683876
-16.578359649044966
-23.960531333318528
-12.371660008044493
-11.028817081331352
-10.031719536401756
-7.308334385132816
-9.395443506953207
-11.170438444536837
-6.500735059326668
2.2995695772122713
-2.754545081210517
-10.153397122523065
-13.093391103785978
-19.276341057276422
-28.305765280616594
-11.861201563417602
-15.459672312438764
-10.29909406173364
-8.728635813351696
-4.34913895255678
2.2468736312747137
3.5917997650403737
6.063709708152982
13.307672306981551
17.193532150692214
24.18278773146029
10.39510817198792
27.968266306759297
30.282789799268322
31.29894030244801
36.409912682013996
34.03621028258261
30.811861654414958
21.686289144620773
25.500224109702287
34.21942773409651
34.05503931506931
22.88888848166325
20.94240940761834
12.827660408749395
16.110021011640207
9.17264380455676
-4.193469520329615
8.532119065882496
15.937696503844604
11.580676832053461
27.72481233231227
29.47821579695363
14.485938753265293
10.933834595233842
23.95750027014185
11.312314538240381
7.462811202741983
24.97693855777144
24.30919542174047
24.748725856444803
17.672377604166318
15.416926191036739
7.581127756564963
-3.816589908696532
5.572578220130178
5.076189455821829
7.139443465673209
5.95415880244035
8.38806204505793
18.93709088916888
13.666290028450954
19.489370777175953
13.410001279164252
15.304122301607638
16.337658187594126
24.914464334145798
22.724217615708145
22.133286037325526
21.65852244595609
29.770857322814578
16.979603042554732
13.305894948465323
10.502766181044821
11.224410740098984
13.725838554030778
20.892675199942868
15.444224499312696
24.790749774543986
28.27547292126931
35.225471653097024
42.15359255159439
27.23402831062903
33.43077673502094
50.1607948000314
38.978646708830894
34.67480583237989
33.39351027168561
44.796151529741174
45.82368280888888
43.599557598356284
46.49356133814946
47.71915551164803
40.73755858931101
35.151438335040005
46.0824486673945
39.00962393431762
26.28020743329133
17.785753079211354
5.040284614376711
-6.325271414391682
-14.935892462663787
-24.33647374045051
-17.818771427852504
-12.463421602713915
-23.835409230397016
-10.043545510799312
3.219488060509078
9.24646430661282
15.037489166530428
27.02021447167499
19.14288245843616
23.534975850983788
40.79658506340778
48.62321557929869
38.853988642441564
42.588856221158046
49.671779061772725
41.31000134674615
51.94355773201394
38.415081756566416
22.37982215233373
14.470529638054858
12.542578720496467
13.855920901033194
8.606883475271951
4.557983220238327
0.13145335548352718
-1.2201771593763748
-20.474207907756206
-20.100336464764048
-18.26018560088547
-18.51804690385273
-14.743120688494013
-8.571216177655876
-2.6115192175832536
-16.631407952221757
-5.993114995056821
2.6850612577024755
3.826760989996679
-2.015226074965196
21.047491851132847
35.444666705186336
13.511656335744544
10.572316368194366
12.114226123954465
17.98143901096153
18.9612510444781
22.48602667206404
25.97682386798625
42.11834947606726
25.859500822860614
35.653418648257905
29.641849151702274
19.35295159363901
31.025290210993962
32.342459986405025
25.780142874083772
11.661193973258955
12.956307063642653
5.487017778252057
-0.4394991637070152
0.9305948629518614
6.05676829385639
10.087541564539345
6.120754155799839
0.0005022975059125951
14.961005918366642
32.251126001024865
39.08747494535386
22.900737996199762
23.44240086953829
23.963816405915107
17.895606795413965
20.95721364618669
16.115048161428838
26.184828391678053
18.08912603092159
12.107751239874394
25.714528191699195
37.58860452375808
40.03389736726035
33.29106942621079
16.61383379321157
13.756931728702853
7.357660106066527
11.289509070458193
1.6850277558695264
-3.155818489413392
2.5353119854621373
16.749594404217653
6.9894933823378596
-4.507894546625316
-6.34734749461311
3.773159791305727
1.5149816036774453
1.0214998007398268
-0.4352895950203836
-2.33196752762894
-9.005624903215613
-9.923518526801198
-26.393835918027825
-13.772005991894904
-1.152817199975949
16.941405603916195
23.196218989047484
27.77540277919109
31.51322863889568
29.3159730425367
33.55997106689136
31.721301021641537
14.796879833470598
-1.2889347214625109
-3.445229496158148
13.903275772575755
17.925510105677983
4.401917472022236
-5.816750782386213
-15.713424011883511
-6.9149811796246174
-17.898065372755514
-22.716242899193023
-35.69639928517847
-31.708777190600014
-26.72230152976916
-11.81231102852778
-2.2528496329302934
0.20439331621533088
-1.1082030161922474
4.357910449554309
-3.4860827060786432
-4.380218803446911
3.2478920662292365
0.5950518727194538
-8.961249946621164
-3.2310043402064466
-1.327947101533529
-12.497938372344189
-10.15567419634976
4.073880452385228
8.71452198797823
6.749610150533079
10.080007059601863
9.504838129566853
6.957570244756441
15.171380131725135
3.7819137426358265
24.21135907594525
23.447140484860878
4.329335889165818
9.504716437349881
4.6469664430823805
12.710472480594056
8.849251962401915
3.868364481931488
4.921897588532946
9.676442937191158
15.8152871467876
-5.380871952502444
-15.743630046860044
-0.12926287655000893
11.71241049283397
4.440109037496674
-6.560656052378252
-9.760084007808526
-7.195981586789137
-1.8262537833479384
14.047367415767289
24.163044379918073
20.28407013892979
24.77265838939497
20.902030236880844
16.074886596735876
6.372196890704283
7.582656881443612
-0.6143425728631602
-5.526603073024597
-5.389049197344863
-7.207645692403292
-5.054274055897647
11.14888230044373
10.419829215150493
32.12443739187705
37.91230083306221
26.983068966351556
23.09855516763595
32.88036340565816
22.311423491125275
23.434806412506372
21.450463886691708
16.11580268215286
16.452883159372515
16.490996647364746
13.297525120832784
20.44949476903548
13.766222262909965
-2.767015433779258
-1.628616516796956
6.618398147637455
6.780897679242004
5.905892355446856
-2.8065665362778045
1.3876791173750096
9.709382819692435
10.776138797389477
0.19461449166688066
-12.219624028634632
8.620608661070763
16.081112479640908
12.727620956264412
5.936050778334416
22.855001482937823
5.0492402179943525
10.83710291102244
5.710388570334628
-6.617784367806749
-2.5955617792430625
-0.5336896337494011
0.8253233444418999
-0.3429348431673697
-5.191457664596486
6.459326873763664
1.6090405749258991
5.332396367163703
5.7482394050628125
1.4122730798816117
-0.7959995276759666
-1.4917546703066675
-5.704039937336522
5.186706210333246
7.1881462789316455
-5.8813694475214335
-3.466547827007804
