1.2529124890876346
-5.651394690061902
-2.5914464223086675
3.259002388834185
6.137604298202075
6.421465019000572
16.474931436958393
20.867395210965476
16.864777430953605
23.23363945160345
31.88875478383203
31.411892334248382
31.453239755211822
28.535026223582808
23.90165999442745
32.191564184232114
31.39246572967112
26.55938573829414
19.243603217886488
-4.052564951213404
-8.884572050734738
-2.0906319483994347
9.75248787714086
7.9648248771344425
0.5576166864726798
11.982348113587628
0.21381393895495127
-6.339462181596455
-13.700425349991312
-28.805224619403127
-19.82938094655692
-19.951125739934863
-19.164846946608318
-26.2664890912597
-16.228781190841698
-5.5699953087884415
-3.462566052926352
-12.725260465289795
-13.223796123634102
-11.390111752468682
-8.946001086131847
5.477749675090847
3.6114983492348514
3.3848270782411825
-0.4085495271406048
1.2104417692132237
-5.3911060977474685
-3.680092813784092
4.122934010184531
7.115745445072857
4.197676290404919
0.7658384080382286
4.649475530318437
-6.311171751903392
-4.114741447376291
-9.230991228863703
-8.602010251461023
1.3428076276072902
-1.1089899530892626
0.18681335820867853
15.590123102088011
5.001656914177482
2.6654836174486336
10.914287403419829
17.546716868185953
5.477712111082094
4.378122064535043
2.2759851949174266
1.1896887191389505
5.086640319827281
0.4837214540325895
3.878097713298776
10.6034722657576
13.208648714479706
21.032176757670197
18.221377686719265
5.2188964087464464
-2.6786587537814617
-5.136232011422153
-5.749602615562239
-4.442179413533105
-2.0097750119454187
-3.3468237210358
-8.606214296440411
-3.247891514420268
10.47680300831442
25.76055651625941
25.48012603205399
22.708831579429866
25.43586952035985
18.215572885308976
28.837719022465443
31.32860774746026
27.27830944545925
26.48983248413293
24.805778171061107
11.135985561136495
-1.803343694776019
