7.174561565835031
-3.7438025116522993
0.004228565004382336
-9.395378654348887
-8.706682208599348
8.181843411846799
11.940874436347814
11.418586078579562
27.24843810760089
22.505113125889352
20.055193330700146
20.498749169572946
13.041585343358646
25.543206073316306
20.19888664360304
12.921659920632287
8.36282051399752
14.691334355552616
13.164887887128673
11.538959967284107
4.079306151801523
-4.723562548932737
-5.805996986289808
-6.922551114430845
-11.616074223464393
-12.431138765991287
-17.43722319505735
-17.855045498925605
-14.84313888775225
-17.92253220854633
-10.504004073238605
-19.168508748560523
-18.765710627573238
-17.729334526159782
-24.785328953796576
-22.330293256159376
-16.932474016312607
-21.084924835846998
-14.942627526615698
-9.353482526177963
-14.896873088515171
-17.32039087190473
-30.22903169730724
-28.192256774972066
-30.53365397190541
-28.984861240233798
-29.838651675551482
-28.515095583418606
-23.093847054406535
-20.53134528194501
-19.837886416487734
-20.839836091429355
-18.52055183413569
-15.387206652617222
-11.127756831812755
-15.553294945281724
-15.040410994673724
-9.088628975733217
-7.622426653493357
-19.827656718108614
-19.42330184370012
-12.660244031309075
-14.112784079105367
-7.6373539043129455
-11.478465860881753
-6.561191800499571
-3.034397815475579
2.293408221949333
7.0464849742604745
-1.6277693675667602
-1.898155703391364
-14.285552723852165
-17.827212170228925
-24.258933768934437
-11.768171306552308
-13.767901029789714
-13.205856513618192
-17.200482880438145
-14.642711987775993
-22.13470415570497
-4.736015037768522
-11.014341020277056
-14.862251579688305
-17.29390596795535
-11.097623100330381
-11.176386013092468
-10.730925615247962
-5.239420630109077
-20.421708824624556
-21.92392568143469
-18.827709479781095
-19.945660662359906
-26.073930401762627
-25.16500566366604
-22.27407995333494
-18.383189657706467
-18.992458332038428
-24.93455069468771
-16.336084498414937
-9.55062205691659
-17.198011243630713
-21.239461261452853
-23.293001916164545
-19.261467015261353
-22.622598414373602
-19.84731137789295
-21.280050385095283
-20.44668376323803
-11.599914775187573
-2.380083431096536
1.816186065778268
17.41238416205104
27.925658388314496
27.61622091817997
25.275373202776976
19.30410546750763
27.35058685400525
28.906206701762056
31.766859690970954
33.415649486397804
40.596891407656656
41.12743173407858
33.56682272314975
31.652085460574774
23.973013527817873
25.889841232694245
35.971227854039945
45.21021058127665
38.799380387627366
23.096558988310413
20.31940559723073
37.180539051408175
36.2998196363175
23.876497213499718
5.930996011224361
2.819217295313645
2.292592788529259
14.7656429687737
7.716785010947281
-2.5001408278961224
-2.1616557537325662
-0.05938749592417952
-5.747350882735423
-3.4067246397540227
-4.685816826555667
-1.3600262301500052
0.2808240402004661
21.795936946093693
13.09480140475264
0.9694580167972456
-9.706781114176714
-12.948705187023704
-24.274188630228206
-25.19763240746288
-34.230501658420835
-21.95807982492303
-25.036718257577103
-14.544373538874838
-9.038967259413196
-7.970527470520506
-3.5030946945600974
22.525528133965487
20.771928866547324
16.19125341510732
22.74505028967628
13.377215208241507
20.443557897520314
19.904337962592834
