16.332847671280494
24.92685181033928
41.18764143457839
57.59693361800831
57.698148558914674
61.0068688930138
56.37204860835832
70.25555218537978
50.259525893098576
41.143568562662416
57.06735552366236
56.41841480562114
38.75520984353575
41.20591396383105
41.27010215918681
39.528151025591214
39.039737175850185
30.011982220603628
31.006383132787644
21.088798332611887
25.940966983585955
21.684646735867442
17.648033044365878
4.175696710007191
-1.023953513593923
-3.3615170314546887
10.092641863814144
8.084032204954196
7.991035250430387
7.797979217181845
5.699959502912443
6.583681022843834
5.3986240243942945
7.8517918597600005
6.736903088288979
5.8700352475098585
4.157396199512616
-1.5810578340309476
-13.760278698649907
-8.334640740527258
-7.798749127909533
-9.287888779550807
4.895733930292828
6.728481077440424
15.190838777864599
36.600585614624684
30.79500712440373
36.33287040193756
35.699143966308824
43.66094672888232
56.83477500605422
42.54636243478314
50.2163904288976
50.00418374890274
45.77293818982753
56.070700563834855
45.47925576075429
50.46510382640804
45.61957117761156
33.90452501386748
35.22798609683975
45.682171521962296
45.56870593827274
35.03178839763389
38.26966199211346
23.93460077009851
22.457361826670688
20.895943565559683
13.456865197285463
18.924393329645213
19.462151026912398
29.417054150369715
28.39295367131177
7.0691641147318265
12.13477719101042
10.597851881222207
5.308597119289779
11.20030254690185
13.677050428467302
22.081446926720208
31.75636119198398
21.04393993976543
27.74713517060265
32.45678076633393
32.41520327742631
33.84674231928762
29.28307034183562
30.545025865401858
41.45688288303924
32.92310294607957
26.565789352397612
33.258666254611995
36.27770544058565
34.85175408161496
45.574246457144156
24.404864040252534
26.86780915947859
42.081265181271135
37.683313839297405
30.74159210573624
29.932724014417037
31.47574052359653
32.80306881903094
40.424083183354156
34.66189628018228
37.10045077532059
45.864967350004555
28.044320154746785
27.328685254577017
16.799621133640596
19.78684258648011
21.019266891978358
9.032397270838263
3.6615959510754372
-3.611916767557808
-6.418598009369212
-4.711136533298443
-5.144154207252866
-3.0090325314918034
-6.186982125468746
-11.569694496098414
-9.186982745344382
-0.3647408600437747
-12.672754878434693
-11.371916686913966
-5.146951632901949
-4.765517136707265
2.452553093967834
-1.311569312568811
-2.6578418145565026
-3.0175454525031022
0.6551901334748029
2.3980722072369653
1.546206794108815
6.32029441102049
1.461828435346347
-13.003964942661312
-13.913695842538953
-8.458774969779084
-4.480755397471234
-7.870392629983247
0.9334668030242352
22.735438702866663
31.13275177278437
31.195886255471233
34.36784707296904
44.01879474303857
53.12841743119941
31.465258377276488
27.553859093865864
37.641180043866505
29.967088434991574
39.43289130514989
39.0739297554456
32.56693375798826
22.028370263168735
16.549721864315252
15.721193313814604
21.589493570755657
22.692760101319298
22.576193856897465
21.7214350782726
23.242968170550075
12.266556794500424
4.14552229193213
1.6962581240348995
1.4377087049090505
3.4721163920305567
24.068130441189872
24.954513118336354
23.78897609716167
30.09591275140449
25.500582717837
8.15938531228188
2.1015627737586717
6.745058054131937
7.288433426874273
1.9090625786051425
13.679218754188769
2.9754556590331074
2.959540202207448
4.483648672944859
12.263135384295635
19.532476542077546
17.99625309617929
21.208583047451967
19.679834707259364
22.1722733487432
17.057981361793768
17.689852282362317
19.038675902687626
25.9686349536173
21.53039259375649
23.94405275792716
24.58793813935086
28.524553932374268
17.455764752310465
18.53193917607559
13.214226661762662
13.223257770236676
18.66819616621661
8.740628604981081
10.036165177121974
22.121569560202044
1.9598134525812467
-2.458697959940107
2.974208805128995
-9.232726530953157
-3.6295697704059715
-0.7167690772929455
17.524444573671968
25.91920197798048
17.835114486696305
15.190928926404151
16.313354314321582
14.829015323207651
18.13103472957074
9.937301476925192
15.698018828953636
21.966949481958366
22.717940783454555
22.50121787122768
18.28267056367912
21.098114955331468
9.960242356514609
2.1165979556404833
4.129966283155373
2.8886963281400218
1.5433245299446243
1.8311167237893815
3.5304694125275757
-1.9840391774328991
0.3864520797715695
11.529362576717364
0.6018501825454373
-2.775265181791052
1.6412271640424032
16.96937405185711
17.412670797281788
13.059441806473204
13.05483288119338
13.980823888555568
9.250860037625925
1.7770445627479508
-0.6194740465112629
1.416891102855185
1.9094926136995864
0.6503688267125051
2.752971934196885
0.08794196074945736
5.0688483180787935
3.6067653313182273
8.766097322946424
14.616476571333363
14.343004564078973
15.933547579635286
14.60145914264854
12.773574547239413
16.21657329659179
17.277661424332027
20.42176259683844
21.024244577489203
22.27426504868516
23.958991423334307
20.74769159981469
16.076787652489422
