8.025788073308414
8.683693767592839
14.36659915675651
12.132327376080134
1.4214531802579815
7.016827417498607
7.770998225459873
0.34666092480871297
3.3472525109152955
-6.759620195885009
4.805592364582712
-3.501465254058178
2.8653122070826536
5.058984323966412
5.831200854160889
10.30169671019252
4.530013391519266
8.051534202147625
11.791644540368495
13.281781225028565
6.927133471929184
19.57682951342516
16.431807561934715
-1.4762914846624582
-3.97122452995704
1.0572713941410508
-9.014316262559015
-16.5216707896191
-18.428756864712533
-12.906389193620234
-2.790021193377474
-4.007873857579053
-8.027106143176226
-5.87225866966261
-1.3656115489821792
0.025941309187843452
-2.2825294503732274
11.355526312861352
11.285354520051449
8.380878072759877
9.5198514711493
20.994544533154137
3.7332118695588257
9.121051073505127
3.645868488455229
10.938331609322027
15.0819380550494
-0.4105085868598976
3.2832657464673667
3.172368983641581
8.42516798918974
0.835484442591352
10.915912782345169
7.204593354989033
3.2057694062596034
6.3563623033789325
7.991719454335562
5.305564306392141
8.90603553010621
13.058962665219916
21.865193561070978
29.353108590078946
24.462224786777984
23.86276341270564
32.49939226168842
37.75134910855357
34.04347868862138
38.40863479265524
51.42962081990017
62.23269552319072
56.39164493491155
56.94874878810709
52.206095920647535
57.203304479188326
50.27995020689778
50.347854800434554
47.9537484263565
37.1742967428789
38.210682762466185
44.73702447025985
65.22616386071047
57.523919174865064
42.803099195172294
37.861581783858576
60.291882946829716
52.26598971876465
33.121255890133085
34.5009385054789
40.501179794254995
38.10703732002376
28.401679219560684
23.823903558719802
11.354359931027632
2.0134744268069382
-3.324307065685601
-6.38192147138435
3.4719069084782146
-10.923749845041675
-2.9255063793766434
-18.120516366780734
-16.453713189554726
-19.597193672089983
-20.03685087300181
-21.405744157734304
-20.883573435915054
-21.012122146019667
-21.85902609337989
-16.192574409863074
-22.056594585833725
-21.954316858502192
-20.635653473236772
-26.073638394069675
-35.53158111524646
-30.34545229384209
-21.786832903764786
-17.323547057970764
-10.964342332415207
-8.836156594627182
-1.1503344259497892
-3.8389037062298192
-6.590654238238044
-8.296863954099974
-1.032507680389232
5.595624408473958
15.561117732702293
30.99484386194077
30.240220661416874
23.949806133884863
21.998909448569687
19.524775321981963
16.452889637866672
21.47336484562114
12.37293280913707
9.08995271773638
15.70189487450758
17.647657222259145
15.063996362945357
11.044011539318594
9.91835767450863
17.386392903854812
11.771452987774241
5.298159405168817
10.302014130081114
3.9864960231223665
1.0368238272914505
13.915134421643426
