-22.237317962905127
-9.907771170250877
-4.310702080322055
12.782869045140224
13.646800103807536
16.125646863506866
20.806252308643753
17.12144947069416
7.169846546252867
30.027744617380986
17.97309495638191
13.267185668432768
28.862290942441412
35.73469867822537
51.29752050962984
41.925381189877896
52.830048319043044
63.51445337053865
54.8655411979539
37.516080739262854
38.29301949836695
60.881902972109
23.60604067665202
24.294051603897906
25.940559711251222
18.63858527584143
22.978657089905013
11.923108274113329
10.00262541715991
11.057470075407377
23.77447464286555
17.476097327704725
16.20597979251541
12.430842590293958
17.533036532965433
25.53979263308273
25.024035182618192
28.899577302439102
17.25511917961153
4.4619870313393815
7.583198067948472
4.537700126502432
5.945772453612009
10.929558891911055
10.687378627137292
9.7636858527281
8.613218290025365
13.60779195075074
8.555079251433265
5.371590701851743
3.6922405750789933
20.6589310773902
16.377689315710914
17.534678758187734
20.169508998948817
31.343270813149218
26.259826250977103
28.26359095881667
31.90713085102146
21.109406322262238
23.451600909260936
33.33765087516613
31.401080332804494
30.392717657759103
15.937196990313106
8.289381802487572
12.725460360733438
17.697398530767753
15.391346969595286
17.210307269246403
28.475217636201574
30.064184678563272
28.629471307625195
23.478732236072844
25.22907229848845
19.618007846637894
12.856917011606527
11.565408223916945
5.817834778404701
12.944580468540961
24.91364502233606
28.495613302848614
16.744299256172994
22.164693655016674
23.681055941876274
12.03697852203706
4.098496808056093
5.65053199223294
3.6215835799784863
15.49155485420706
18.478596468363854
30.95539484229141
19.350574278876667
17.877618862580196
22.446558016416436
16.790363613248616
17.035832399023032
9.595636927501667
5.643174794099933
8.749242741997024
5.29735668265543
8.808636056343223
7.461505037498688
11.950351561666439
7.881687574653723
-2.3137636168037328
4.094793511598741
4.32797690491718
16.682726347152258
25.280034787281604
21.990533387363964
14.590007123089052
21.56235195903421
19.853086273583372
24.140523600594282
25.201633967061767
15.440855947361756
7.418842316098513
7.6815253333226385
3.4774166061794065
7.874040127768493
2.1998080704213017
7.365260017388646
8.361681545866373
2.3481910719463834
3.645751888354792
2.5053608802523364
13.871631014218506
11.697919119952907
6.852717957887296
4.988132515084889
5.328299983813388
5.286526385008878
-17.242826893834778
-14.994330551736784
-25.401665678131
-19.46054597940356
-13.154473626733026
-9.609255962362024
-7.61807245524641
-9.326679359218367
-8.402716099385799
-9.995565298610408
-10.540841444716342
-10.467457111631632
-8.16910425511839
-8.730590889163873
-1.2641928435644798
4.013692802173447
9.502582297668607
5.956999293552832
2.3247969545747
8.556335641814227
7.534247141589499
4.441766207283068
