13.268620751171696
11.952583125066687
14.118306891303645
23.89479632077495
16.148624284401464
21.929624955186938
19.330784119942717
16.930585791547394
13.841760163873014
12.343234541260689
19.725309572310845
10.945223597892102
11.72346374764968
16.115492343457078
16.182584336519007
23.70467333915
25.73526072763326
25.83408399647757
22.783878420436764
30.197190896932334
18.920987009112235
11.371052479382765
11.599683477885067
14.862288255825446
8.770836629395175
8.871624114322886
8.674500014317166
11.764788144551202
7.559771973179236
8.56422441805625
24.22887298325829
21.954977379381944
23.26325142228756
7.962917431670584
14.80376804451688
17.371434683554245
16.351282573475366
8.10956928383131
19.881424431953658
11.458482319213244
16.408507777925912
5.854468906190858
15.32691261186474
30.22197598029064
24.930554375094818
26.25574118390404
13.2786288244019
9.948198060772906
13.312585310798426
11.275705287768206
2.855583806209215
-0.005619721910213668
-0.1941313482735132
-10.82871471202836
-9.381994429451124
-12.834287248164378
-13.358720365669562
-18.63995749536527
-12.420272070589993
-9.726175938225683
-7.974378281450972
2.918249296710288
3.358073162386836
1.1727504250654566
-2.8450322005525317
2.7799234873914216
4.734320588532163
8.138018799748156
3.340373292045436
5.989826661722519
12.101685644286823
11.747697984020665
18.933326067521087
14.003065962584673
27.592831936572075
24.70318158376911
17.526022148547316
21.74305500950784
9.786296961356804
-7.253055269768032
-12.552672528439018
-13.626692035919126
-21.623170345029248
-24.79250043069826
-30.631203867761002
-27.94216140722711
-31.87659025979352
-29.674695927851573
-28.463428750675877
-20.59978442274833
-32.16816150391793
-32.251763500559484
-25.34553188029336
-22.243741164148016
-26.52749534373357
-24.830862842749877
-19.304410721937934
-11.173093808930908
-7.24073817951829
2.887583061367535
9.41449758284031
7.158694545434392
7.962956083062543
9.585744523917068
1.440027179513081
9.76775466801488
10.063005189583043
28.85711518501798
15.86106912758519
27.088560211455132
27.68627347911722
19.80031174437148
19.620956965889228
19.615516295663408
27.146012064181253
13.953234842952586
10.87097253004058
-5.43497719978979
6.766788136267527
4.203768801972608
8.033377328651612
13.660336233033734
3.543299885180189
-2.5960328822486507
5.178293309520415
8.564474861820468
2.851277913717958
