-10.074927941429523
-6.273313285064143
-0.1972328474584944
9.876959522310852
11.638226417629228
6.335803642149628
15.687855903987836
19.273327005662797
15.837388360456627
9.170855079216366
5.110703155485124
2.517747807905085
10.82177698557456
-1.5419772263760716
-14.297674084115867
-7.731612693393496
-7.330258773264724
-9.105945963017485
-10.125313820357533
-15.342450904612642
-19.30124725576789
-16.628275481985302
-8.34789477690783
-11.22458646362576
-18.656915544106788
-16.18848608519528
-12.840968642613552
-0.931705320416074
1.4047915595755764
-0.7479117014206043
-9.468959454054607
-4.565748239223408
-13.36432946704741
-15.781626344015784
-11.568360622156872
-3.392481523132314
3.182001801925308
13.827624920871198
9.273738867176917
10.740214787481156
13.511605830546616
18.6837807292609
23.18542083089265
24.27289859778029
39.439316708170644
46.94171541610034
59.72654880985582
58.27118131136509
50.291785988363856
31.170203200700122
33.18212234836102
31.880289958228555
35.93272332586579
39.71305070626672
29.08889186842225
26.426403223646144
21.164493623122944
26.389525677900906
19.744854013178013
10.639968874719473
11.842716341307213
17.977106758871418
13.36367851605181
5.7392376451524925
1.774039136619986
5.087320690809776
-7.07979000196019
4.036189422295738
3.674380096036796
-8.009159120960579
1.9752711295145808
4.036328586232349
3.0392857709077106
4.107287528251306
4.2714655631432485
9.369946640983734
13.479915993712027
11.986546767010449
11.954136933906016
9.025500908951916
3.6494767724001016
12.380979727274337
9.100424812351534
5.974505448057679
10.669273355742144
21.166468092674048
23.783195091032557
24.1762748232508
26.416703022776762
28.15370965131185
31.598887946974035
42.7029938622549
48.411284616026705
31.22397729444947
16.24359140104557
16.985920314296894
12.545255946750341
11.013972879040473
9.014699941739938
16.94131618918716
22.88174932680192
15.613055458998351
14.975708925188925
14.091709941070516
12.020888637511618
6.977932676964277
-0.17006853776346004
-9.072195698072736
-13.266261460022486
-23.347890696736073
-24.664920769351177
-26.55215185807361
-28.157105209058837
-28.818483550092395
-26.71406892971859
-23.645738520190736
-14.862383256667108
-10.448769885194608
-9.058118520846193
-3.4432025557184813
-0.2761865781702369
7.075822826121067
10.373856680046805
15.410603715707534
19.66094960446774
10.574165099944432
5.509891729089496
15.032887071734136
13.548483813929662
15.582121574162366
11.49028145859254
22.33172427672945
25.53374724802784
19.564061230183547
14.714773593355837
15.948104390101486
10.162501547926665
11.808513131087803
11.428424525386074
8.329726761870289
12.829190272328587
9.926496885065731
12.619298055387006
10.122269353991284
6.749338984158901
14.397305365598841
11.239482156320179
14.24122260337263
9.453849482644461
8.823238984192905
12.849625551425616
23.801596832741193
23.664829462062446
25.325856376966595
19.468862772889
19.67217196502862
17.342628807425967
1.9298267418403003
-7.654113712553473
-16.16663451780992
-5.597211488136859
-0.7307324651864966
-12.838581478115122
-16.860573965950458
-12.997952076208689
-18.204837669508468
-6.153472578847229
-6.0867272270847925
-18.18151997141968
-12.211976117024172
-14.954222330573758
-12.22186950431337
