0.052672577021318
2.3030322325683867
2.900356998071291
-1.4560112130298264
-1.90260376325502
1.2302511081611722
-5.54321519902031
-5.777488468808187
-1.2552010350136642
1.5877221276653948
0.862335636779598
1.4947306412545065
0.40426038646535706
-4.463370787153194
3.313227772186392
-2.966375429697931
-1.3316236589430992
-6.106323643522876
-1.224814729210906
2.3520446687397003
-2.3414520271842183
7.026737801141679
2.9664169862194436
4.41501153731091
2.721497821700146
3.3447985726013263
1.6676132257381089
6.077860826140358
7.2250863251156785
-0.6114913473639486
0.2203401864472944
-5.24464037509987
-0.5412492698779304
-15.03973255951669
-7.7302353425944474
-10.249956235741717
-11.411992393896885
-19.4408567548195
-19.634019378780824
-10.329753121835578
-15.19787901812614
-9.641769115403637
-23.293180827872966
-24.568479690264173
-19.500355758832573
-17.358049448978193
-28.962442360656592
-16.71735295360475
-6.030995418173344
-0.094140754966483
4.653804855728169
10.425353441727312
17.304802745351587
5.95073464163705
16.723662623355406
15.024389091232555
11.604322454650262
21.217683045068195
17.950585712781137
21.57577798041482
24.752366285341967
20.4087142022088
22.96810755105484
21.45365816627289
22.330606767335944
37.55968573773489
30.802587664704493
22.81756589814385
33.811233809399944
31.72145480455605
27.918001266498923
25.79865767472064
31.64370800917825
26.982184188202194
29.713200032951747
22.81265089127719
26.38923383672494
20.311164137561672
14.705947980181286
22.43520653095223
8.876912180679525
-0.18986661428308024
-4.011899632123323
2.1027215637503813
-7.0245782951027085
-2.9051839250310896
2.351182645237061
-6.914562162599799
-13.698593502616554
-13.306670465712948
-11.073848305887084
-18.052441311985692
-17.254284150501515
-13.110583709292595
-16.804612150445553
-13.806923173587325
-36.968446451248795
-31.494660355864116
-22.55900915633619
-16.516415756583815
-16.200088740369313
-19.107308413718133
-12.091490227559614
-18.614673552468094
-17.373223246926017
-12.27837918324687
-0.6764310503628858
1.8978804126751625
5.179109574838866
3.8311618424461336
4.511193795023376
4.641471003690169
0.9827516039710432
-7.185783263139879
2.154544443380335
3.6749367650101017
2.5871314578920037
4.468996383483371
7.807915128428237
0.8408162080854445
1.6818787295851594
0.8354737330916306
3.6296475345533614
4.608094153878885
3.906559874108345
0.9103473052889788
4.038452402001727
-0.5431529633115209
12.206753456544122
9.380031674143183
12.062347573727296
13.622476000466087
6.313205917648218
5.260022606394626
11.07226341802852
16.756061276357105
6.827118670895468
3.860797963186952
7.610380737969232
8.520170963777021
15.699710241808708
5.553877532521719
8.374523190511935
5.444016888568687
10.72122448939398
17.1312648516167
11.529575737441547
15.874075217472965
11.306338743961172
4.2732651931674726
2.9534166516070437
11.67812230182536
9.151076170251443
6.637959222382697
6.255879255518515
4.513094420233928
-0.9841992341488788
2.9146252088818603
10.170660934281416
12.970100502184513
18.771438182199677
25.643449984258968
13.434582130902548
18.81415533242369
18.71775027716872
18.187472471109622
9.157826075157942
15.487588437242716
7.902371628978077
6.281102539139278
4.2411250221828665
2.5496032798615422
7.680872668063159
9.258452329875595
11.140472443262913
10.694578506285117
8.357884409989742
3.01477419854583
8.026067151796019
6.531205134275664
11.260272749518776
6.975064501965113
5.934458463836052
3.349015596603226
5.894270920020364
12.670452289834346
14.643371892709398
16.79678204673349
14.288847580815933
14.328025765459858
9.858466650421533
13.1067081395215
14.534219378782947
13.64609500786566
10.678800898199496
16.519337252120167
9.148278763735446
10.147561034124829
10.901745340209338
11.547371106239627
15.720672739156935
14.002282840232295
15.381601473308885
8.343334098046505
1.2767531258368294
3.506480710236603
7.932989138323437
2.2036713117282463
4.691625150449387
4.1245271323100665
2.81329479215769
3.132048968175549
4.475128980439368
18.94796538842091
20.545404146973635
17.648348988617517
17.855024886887318
15.393023736386588
5.571875208641133
6.134068065926218
4.42349778663655
6.898572201411816
-0.7034572099358749
-1.3699840193476551
7.604486717107718
-3.4192360205706818
-8.920407532380521
-10.40413618865591
-16.470886113873036
-14.239313995984926
-13.257622594353563
-9.827933704780236
-13.234921974397006
-4.766216734276535
2.776446313645963
8.223307037333356
4.110443029191196
10.997421832130136
11.503443590327759
14.661530291923793
18.164120472209362
17.029226655851268
18.233880355620197
18.461347861873037
3.9307064519492503
-6.231689485577988
-5.390776885759157
-7.019372221297827
-15.632272211729386
-12.887043360407462
-12.44474377474165
-13.917851168385267
-11.513415342463881
-10.847739834356599
-11.674945390624552
-4.6604838400907616
-7.013360547466401
-4.900788510532264
-1.2702489223166489
-2.8789118354587537
1.4415970934322495
1.0343996847475108
1.2356644885731052
13.283261450227888
19.26566251455868
18.909190679396783
20.326826180040182
20.518157256442727
20.959468891016108
11.684540748782533
15.378645049812366
15.979106499343224
15.2377206608462
14.11764181686589
25.836668395094353
25.65456452639499
23.832331980978193
15.682913604804606
15.433093110677495
23.5506819409325
19.099925132478575
22.873943568476292
19.82402351150784
16.923105787872505
8.104810614496031
-0.1798613535345891
11.12568063177994
