-7.615317795758278
-0.4871918368967951
6.128165062480957
8.527041567168324
19.361012733559228
22.051302239603885
22.280908964956325
29.30287443551115
30.052562921347267
25.72146499254348
30.41210149678783
29.56342918633507
33.867971175736464
37.94492592559245
32.39801377802985
29.85005416038466
27.646374585966672
29.888194476817016
22.289481530654935
20.391378300782076
15.530537397555467
20.282085716400143
26.080355124264962
19.47758215670018
23.21610578977344
29.485605440074096
25.77508668895081
27.0794988085782
24.129556325112624
20.776057887648005
27.540113867682628
34.29782553340714
28.481823308125247
28.50413686724634
32.269035266968906
34.88459853224537
48.802429510482
46.34180973967114
42.53611943912738
48.235658024129755
46.67857329100342
38.71277084435845
38.782262392984535
38.65493632390132
47.27249707910733
38.96781415432992
46.345007927810286
63.340067079778784
55.63199793415863
49.007971266033934
52.297250621054665
47.29717069039986
43.90594405209829
50.325570557540686
53.436208815158615
37.67316088230272
31.245768044723395
26.897808777018227
23.341770561648374
10.321833761162619
12.241563985693688
12.741239439820587
12.193020737120671
16.41725822711946
17.169363384970648
22.474883740374814
16.031184595929414
18.863099280033573
16.393301536565517
16.939384963888912
25.232569449431814
21.34300276884256
26.122636970757213
35.3150562683721
26.620012297771783
19.182002837542434
33.014636434207695
32.44493836415484
25.901711110907165
30.997897682512736
24.609437410135037
29.02773802881053
25.272143862501565
29.309911977087555
37.78309426057947
36.38251856746198
31.82779761460162
35.934804706919984
31.487233010050755
27.747910191766323
21.410213384012856
28.573892346997177
31.49201438742005
27.310807643628248
21.198095991052718
29.831353847785216
23.091663612474353
23.92422829169949
