9.369289642535016
17.701846324038936
19.469501443372746
9.805096189205928
-3.4790945291203266
18.597099554599254
15.255887832229195
28.383887605654877
20.289181970250247
12.844128343142208
29.618153404795066
27.86332355423903
28.622825689507426
28.03058649934007
31.0036726657766
30.646333270647343
21.083038806068746
25.533946483039962
13.61227868023644
1.674678861459119
-8.064231052214014
-9.84651492721628
-12.082129167742181
-9.32543306600467
-3.0371075055882835
9.472995981482873
17.17566275480956
16.023178415835414
22.92833528217407
27.153752738699175
22.07073801670791
20.73277516337552
21.35675833301698
28.98331674290936
32.18903918052539
24.10565073326139
20.88678430806908
20.7656650437638
0.6009692599341896
-7.249738412585224
0.9335196454125292
5.04834333005077
-2.5649919348984778
-7.901153788485685
3.0446386951682185
9.346155787374308
15.32049403665832
5.236577145381628
-2.678540852424029
2.094322699748313
2.3813761079064353
1.3152501047836598
-0.18454236123923176
-2.534577304801407
0.7071035854672024
12.167014650531774
20.489533363735053
13.91990930776578
14.396386432347422
11.456253612718553
18.76603132356584
29.623504958378838
27.64688624206383
35.60446886505499
39.72357362613897
41.13155916479382
50.47467410540942
54.37896033558636
51.167587395355454
44.052747336074454
46.67965474045801
44.618978210220696
40.22577836949364
42.52332229394201
48.67756229661256
27.377760497000533
35.896287125305754
30.554413854647198
35.89778560713202
26.418108278842727
27.374165510030714
20.73271688061678
26.674708564448306
27.845101689167205
24.756555257467195
21.58448239752641
27.524611807056786
23.02986555972249
19.529668661574622
22.727170686324467
20.90420958267953
17.947740820607137
21.636785314879884
12.059591330418804
0.6303640316059687
-1.3926075249155483
-10.387875364380916
-14.063438601037063
-12.996378083723824
-3.6345326142068384
-9.751534494959577
-6.366305289804145
-1.5365026524638037
14.385721598579616
12.296519630621484
20.0145020693448
20.177957955701
25.399140400112966
34.074832682558196
37.220984211724854
34.3616418761152
25.48357397107528
24.23672008121911
29.453449642503706
31.693329920759865
28.572132510185146
23.202142785782808
23.789163861925612
18.52522038510172
15.035481350850015
14.489907869838376
11.363223408952699
13.007266748622046
-8.039153518954674
-5.928751399986421
-10.043209692568723
2.7782102031965765
-7.54257695950554
0.49314212525332
3.139724227846872
8.425740041455866
14.015334747179734
13.330735885532588
9.86202251049184
11.201458468569362
14.029848100259366
25.915455587127504
32.246225569878696
27.907602834175467
20.97560215542096
22.93154793723386
20.75546030926886
28.78870930640503
18.376283115057138
18.074990867752767
16.411641827071563
11.003936286004189
9.183403301262231
20.39675599519684
15.120098893903327
14.777243173313858
23.301756520096284
24.12525624898021
27.26704658770609
27.579129186699518
24.18610335967802
27.131547094505734
21.462447534650934
15.824639163813783
21.498739294822087
24.168507821492486
31.907563197799746
34.926548949555304
37.14862785362994
28.59748636502293
27.69430057698158
22.55286752752101
20.371829177389102
20.29661571602552
16.038445262764043
31.96289565551843
34.691966346273276
30.862885944806262
27.767809773198
39.58341820904285
32.61369763363344
26.606273789679452
38.848672922572995
23.21431516320737
24.28767423029897
25.121673767279717
22.434792701477775
25.231530742386287
27.034431441953355
23.9621381895446
18.36474537947449
18.171247883366814
19.05092603964715
15.435248494547045
24.654829762186235
