9.079688337614147
10.316171445241773
13.090370491161211
-2.434289950178428
2.935825751973037
1.3430989402195896
-6.990949437913949
-5.827409914731076
-10.26667736258773
-12.277550386913411
-4.786085058992868
0.288776783837859
-0.9860962834688964
-2.180917512225915
0.5379552317179582
3.123402119067824
5.740254776914218
14.328671901832434
7.276007525240503
13.185712553578757
22.70499820360117
14.194022130441967
21.132358459408195
12.704301951426704
6.4862796722684415
-6.764788926567861
-4.068316464003045
-3.201474820841601
4.649419616164048
1.493234386592054
1.6977784173241108
9.821392390728386
-4.175286926242364
-1.6582274767631142
-3.646565689223423
-6.053323056183549
8.845578883604443
5.265996825525862
1.655594500898819
3.9437980126490384
-0.6587429607458819
-1.2758998817033025
4.629926050830135
9.901294156742797
2.940163336010273
7.506302236388265
15.96759246365246
19.21344595610616
18.438620441365607
19.138651369527608
21.928715100883974
23.172797002939195
16.9665427673511
24.208721616738806
24.808189437781053
23.901394395106355
11.553589440984403
-4.592058449541182
-10.346914637076956
-7.067528161266389
-4.028342611210944
2.7142480457841365
5.7581978271228005
6.0697795605799465
3.798819345115396
14.980397518277451
29.90377207002275
43.850213887704754
25.343207421522003
26.713523988767033
45.19571233207815
36.92392158517445
40.23612289731224
44.18752927266971
42.5965972709536
40.44694798840125
50.77086016197113
56.052404761747475
32.36045460159277
28.52169942951488
31.330500507552525
30.739417650780663
18.712324692384215
23.63024257780919
39.04227609115424
32.28696706125742
20.12573191145327
21.17738922952783
22.455495985120926
22.924973280146585
29.314253405704928
21.19617197285496
23.59439794454273
19.688315886257413
35.21209026725418
17.025522913998664
30.70772138103507
32.46781694753128
30.227590022844378
25.992629190196656
18.01739439445033
10.605591983477511
-11.42911953359567
-13.381069944834211
-12.583183639820385
-10.895475928706446
-5.5342657832296185
-14.744102565471207
-8.334424876987514
3.663061329415682
6.351915409200197
3.656634959963942
5.517813317817782
4.691794475793492
6.681191312182362
1.3132741354408122
0.2458329412804172
-4.398542920238317
-3.4497003712931424
1.8713191317505329
1.1401871330378115
-2.2597314617355844
8.120929373520783
8.984177906814589
8.586191607133749
16.194343681767766
15.31404853164115
14.044553104977991
14.679890140552196
20.73896093033197
18.395480837633663
22.470758105629944
23.73044765282039
13.89820203236005
2.888969921440034
-10.491427029309419
-2.5693701733826897
-3.069305009080435
10.454066950550333
17.092752513512767
9.97899413518572
4.3858858870331465
-7.048632034418532
-0.9974289102963728
-3.7620411249314594
-2.492943945576047
-2.966636196921605
2.1856690857820906
12.07825126949999
4.562286879876484
1.8293456767715597
-7.927008862292977
-5.2253320243018475
