4.7163492002018526
16.642625586343502
18.470764870951406
16.53985638485258
13.820288025644555
17.93349886147733
17.217638960720866
25.284665313714232
24.160904086508797
21.146480863903516
26.738956451950315
12.730026860696787
9.798162566976863
3.962280178668335
17.360403698493368
7.776726710376741
-0.7875316110419371
0.31002088969747543
10.843756709490053
17.19757935560241
10.600131545932543
0.9412481307144892
1.200593883752815
6.630665743559816
6.605383209024359
3.6555403692459083
11.482603070458907
9.710593681674588
11.257694786987825
2.6069831861066066
9.460910826782428
13.51367056810129
8.02282664668271
-0.08933165924272374
6.361084790036912
8.037390354129649
0.0494207091284436
8.145528925228149
8.41956974183933
11.518303615184898
12.771338817308653
25.273187814356326
17.756834799296296
17.752077092914792
19.90263191702554
32.67090057423273
34.05896157633311
38.87211737914302
24.560253703569263
20.15512878821337
26.447156352549076
34.34309832844707
38.424782252609795
33.786553797302645
30.12666748278353
23.67085579122273
20.49143579202209
18.530267323945427
26.27730943491149
26.1928305447924
39.50820611564677
37.45940792401402
42.31073412331139
37.34658684498714
30.176319515159214
37.924770154314
38.15035681290261
28.25249956320261
32.06856621233409
30.440524514197477
19.075598696504056
17.37777487536108
22.546246870556697
10.028279708068196
14.642250890316214
14.230407627227793
2.681477242207696
9.262357192612118
16.792295883885718
11.82477767447364
8.179094232456404
12.431233314843018
18.125524603560372
9.216037049083734
8.473324556324581
14.946807058679536
19.602199117097854
17.922115292593016
11.814019098988311
11.85757456427078
12.732999429354859
10.037780107817461
9.493136932581738
6.084873845870804
12.263971427888295
