10.466116546909566
6.519062147487286
25.24199386235609
14.797161570342023
6.888199890734893
6.685813927377984
-1.7317569575361162
-3.2108682895899334
-6.046159054402193
-8.634764124816549
-5.500534268138153
-4.070709230716247
-5.204955477453688
-6.799881532928951
-2.641832693294661
5.268192343810094
12.218785824040294
11.97429929859882
11.158528615180602
16.48645554808039
16.81976982632915
19.440624912853753
22.99471879860385
19.728151370216448
28.06060265844845
32.387028530811016
25.90963932839561
17.63336587653318
25.207585834034127
23.023269652633772
10.915138343644577
-6.972283687044874
-11.004330541437614
-17.794379595508264
-29.310582810548574
-32.985001744929704
-29.07109299110211
-24.169201109458452
-22.041932900313643
-30.212585163406768
-27.66370544418054
-14.337174160680592
-10.687664355658336
-6.749369923301778
0.004034031648766688
13.086664886080554
16.47735952146247
23.078212039254538
16.823824328914153
30.70272337597073
42.68494218651278
56.57592596997372
62.34063269631131
59.60311071335024
53.485576837873715
63.3813348763095
55.48278464038188
43.469826034461946
47.670075043956956
57.95649112262892
53.787283311740104
49.32772306823288
46.41218997488379
44.71015380132717
58.70769133269483
56.153109320491744
44.26194214975331
42.970544251704766
42.46417605234147
32.491695643984635
28.916365237455363
28.48117958086172
21.4386793790168
18.85229550781416
14.853784657717366
14.636585624152715
10.204950789697437
17.6295262243176
18.91622056910161
25.538043638173715
11.478958759191187
14.5214621229652
8.720479431157173
9.940093821900305
9.567440018290014
1.3598094632337352
10.375611378233037
7.8827326873199635
8.378493675694813
-7.199483436014828
-6.826581154661937
-5.282029083335959
-7.642285553743499
-5.603804275794457
-12.589013499903073
-0.815553773007972
0.7328055788712942
9.010044122236485
10.077600506166716
13.642488995223827
9.873709056946307
1.5184545908933174
11.397270812261894
9.376544059278196
4.012283124186932
7.054481217894293
9.692352204719084
11.920979658983619
12.140756325128233
7.190677630893315
0.40054915870922425
-26.080071811381746
-28.695285670033265
-28.269627156746637
-28.00775714499782
-21.685769713375908
-7.814107865880135
9.6752225734467
10.553603775099283
-5.089726331069309
-0.217527102635851
2.8836844594769784
1.9271340896714169
4.176258174968496
-11.85607053492724
-3.5186239311970384
-11.807867658483273
-18.25158306993721
-24.56424071527293
-9.618094532551526
-13.000685105212323
-3.9794183065363193
-0.06639053523849009
-5.299866435226121
1.7016584789577252
15.66644056151937
12.270202625268869
10.626144282766893
6.151030567837646
4.885259423076397
5.414304616976583
20.36528470778123
16.94526631818356
2.3745856439642314
-0.20956001273042227
-0.8601208140412331
-11.83698818533212
-13.689159994363015
-18.193733573106677
-15.298847264081939
-11.51635844622141
-10.615671609080342
-13.779219032655973
-11.385226524690278
1.5900183654010411
8.430777715818786
12.214491604031391
21.849861590468493
20.782627359273146
20.95995649195821
17.525070171287393
26.298408129600908
17.222784716881012
16.353071501656242
14.655175144209089
19.54937576078921
8.541181692954412
-0.40697141604717374
-0.9490204418559296
5.3491409204870335
-3.261153036350977
-5.764827630792007
12.848937019103479
13.958088333672526
8.829678843706873
2.011674934638786
7.54363579176933
8.50869122699986
1.6993631715416913
