-3.042948195367829
15.072662240209553
17.875152171441965
9.746447910958226
14.094647563961676
12.262683362165921
1.7699328601290016
-10.57239303408963
-13.15801964975519
-18.924330674779547
-24.71973375083765
-14.296140418406697
-16.738314840787908
-14.576655307809599
-5.6267485355660565
0.711330416046223
1.4319845521286518
10.24266258632244
16.053856369055723
10.248750912707731
21.066589422619483
17.804914390583033
35.20910578149659
38.57953774840732
15.747665532627444
22.511963293863765
36.75232544794521
31.46332044199905
24.7316998409003
26.831380905852807
30.996532816118346
23.391704690152466
20.342940366451806
39.574286956675
26.480140177274393
18.666613278584588
29.55515630231984
32.890270524931005
32.28973760888
28.660777487375373
25.94811012860281
30.372282431994968
24.307307391606344
21.463689941901286
31.201399688256732
37.76053663032558
40.5487914373804
40.23371552582858
34.17038621025438
36.16053653657247
41.26943090991725
41.49174643771801
37.97246294946025
34.67393491017546
34.07337841435965
28.903321962530175
22.424680251423315
27.956746569544748
21.370127560646644
19.76062725348161
21.339200209465822
27.82946310360776
25.097080395477
41.3491309750741
27.391885705028557
34.77569782711861
36.44121588412068
36.639487849226974
35.421609412132604
32.31247235352087
26.849709763195804
18.67319248176885
17.48806413968365
7.29621351738046
16.53967094714031
18.745577933845137
19.97735247346576
16.35053559948706
21.63254508366389
5.324817047605581
1.7610720898320502
-2.587810725806216
-6.485054078357963
-12.750095001521373
-10.558745276296461
-3.497349402670181
-0.5388845584447537
-1.0419396898331563
-3.3544856052420484
-0.8128099596219337
2.1522677727105206
0.8285018978766676
-1.5396833115433004
-9.170207635210142
-1.3301180475566372
2.9334249030076833
-1.4680870785755342
-1.4265075758974453
1.1487511741115188
6.00309832851966
2.787577756466216
5.060630888913366
-1.8727706149109868
7.328545347506517
7.649197283517108
18.085824710753442
34.86456405261509
56.70123404566408
49.53082350514307
45.716231019725704
46.2761961964329
44.894700591176594
36.36016765529472
32.68187950411232
36.28210745123407
34.13011760537662
21.15736227804448
26.0487612914017
24.25098121387765
21.28392972710964
21.591485425601697
4.150706503963759
12.766670559941664
6.926511992649392
13.465932470594215
7.093497806573571
4.7272007065795965
2.2515550802715896
12.787538152152965
3.9849707933363714
7.2400723087011745
5.759044365981145
18.250814880145658
17.32922710776139
35.10157458706614
36.49044014332071
33.72208682094921
35.39583469642678
40.2129858523919
32.06885183942276
35.60946100438785
25.01489503371912
25.391454314203475
22.45127589498715
22.058092343058792
11.58654252400147
22.554895553911482
23.539897251679303
30.2697177984473
26.53758036796445
23.675974410234573
16.39669325444555
7.289495080535357
3.122429721141747
11.96260730789526
11.040169920261988
17.411202526675567
18.67741843542953
14.72043766297383
13.814368578010653
14.14367060423966
2.2446614278892936
-3.2316996910711135
1.1190065332619548
4.184575887453933
4.346693488700882
8.859849154798809
1.8591300100307293
-8.486143138196269
-5.18741376906817
-1.1262082432083556
-9.255857209523592
-5.214896130004004
-7.703398187189284
2.9727009664217072
4.9062365930882645
-7.635947893059455
-5.291131862366937
-8.177025661934454
-12.422842451197267
-1.4926195469619
-13.147846587603507
-12.003140818512476
-14.73485709269265
-0.9636184645351208
-2.3069638105838655
-1.4924806481120496
-1.152532049726722
2.2420678276881496
6.479422871166334
3.6557073743202553
10.108604740964827
15.500493507625489
15.05907710737611
12.644133185889075
20.03100318614881
17.68133459925009
12.748798342987659
7.060991368779336
0.8200956273429852
3.042949420149172
-9.033906083873823
-6.643451130746229
-15.863437651741966
-5.864327941739379
-5.641141030250783
-8.419094479222965
-9.464886409091932
-2.3824793855331223
0.5654227774028913
0.6096584953230262
-6.6245545032598425
-3.8931478668434862
-8.73854232278887
-6.554490989542968
-13.991119941380546
-3.362811394264189
-5.464395967823833
-6.971159307210683
-10.01406506728006
-4.111117484471369
1.2008703486922387
-0.8628591419101673
6.630476565999738
6.76003814161015
4.944099910563124
8.914597234151659
6.853478069943442
11.116626793323126
17.207446009115525
20.118638172690314
22.044811235853857
14.220573849956624
16.076694669515714
17.299277173621196
17.677364426817697
13.06447823009104
9.119194706947322
12.074075389964518
12.900193024197536
13.826358366872507
