11.08731502641282
11.20421974869736
11.755424254217436
8.686996450573135
4.560917627183467
4.452787102569964
-2.135822506665225
6.464094484864829
25.880201088427306
46.71680334108629
33.85915871737831
36.97652240178817
45.02603707894794
48.544476271156746
49.01264114263315
45.11462905639616
40.055659660904716
38.53687890497993
37.501545684246565
47.46373743272393
46.265719134619076
45.62109771793894
45.4607782670445
44.8007741709471
35.137503314680984
41.10599556465299
46.18295118713585
24.787473691866705
26.297938842302123
27.105532945785257
15.998140060831195
13.51048829052241
14.241757665280268
18.92503554488843
21.987600079866237
19.312438937895447
21.69674805651915
12.961958485290351
4.23345942976008
-4.7221717796599965
-14.777946220135295
-15.406061209615329
-13.019212160132055
-15.61032864624076
-10.447658709364005
-3.8792736681870266
2.087952294730245
8.186044921000526
1.4473788756233867
6.721131801953491
2.543377550050821
-1.3766102389419017
4.444970172200369
6.652913473326019
3.7845798635619485
12.607869435943575
0.3259248445099985
-1.245363288943603
-0.5147182539549
2.4400991129269927
5.513577481120342
-2.708667979965134
-4.631943611276314
-15.198232213221033
-15.796779328428608
-16.068683973021244
-16.2777814851738
-10.354000130753436
-9.10296136939972
-10.87038612360837
-10.013268780652043
-10.843104387812264
-9.250942523890185
-8.025636740008911
6.785670825594624
-7.514335081925478
-9.777208807533883
-4.343680685144953
4.985177342269308
6.400296111968715
30.763555581632886
32.23908258838896
37.67199281490144
44.423674894250745
36.78712633792081
50.43674009212185
44.73226513129488
50.208290638633606
43.276269731611016
43.85994794420914
41.13429769062947
32.41175996419675
24.15430468691611
24.25146198344913
20.505171725332435
17.20895533543993
24.216380607769945
25.85983322271241
21.34480997744086
25.11328777424855
27.487619643784708
28.137974087316906
27.15226800471136
31.63850177043781
32.72957404131895
28.7549475392698
32.347222816266395
29.02464027291989
25.041537037653747
25.45208119174589
19.427897423545378
20.113875849459905
17.439657515334076
11.454883053656859
14.853452702082016
14.941982104866627
15.914401825708469
16.180794006347565
18.299415363040584
15.03150161586308
20.802265609968714
21.17428904086495
18.483451384928102
13.445553091028687
11.076812011907103
2.054861273383705
8.888217017617368
20.7391155897011
15.530370969522163
16.745819062750492
9.388395718610326
9.758144891016665
13.006605022239613
16.403238717259025
16.75836734059092
20.63133082382111
14.118744007116575
23.30364139123694
17.20907777023328
11.310229022952573
14.196274124775154
12.714941077677214
13.644682495048047
21.787703273061265
34.948278390497386
30.19702366564116
31.978714802610764
22.581147954505248
27.07733185720341
21.351398289828815
23.74939149558363
