1.418909748010556
-8.749557628355257
-5.64315007721348
-1.5947575098011508
-9.097404297969613
-6.951439519677115
-20.49773620302951
-27.62211549166008
-27.7257994835925
-8.007330820285697
-3.735338416916706
-6.996713126046476
-5.3203738779578735
-7.773208534038571
-11.190926016256867
-6.878793176497272
-15.622116053813393
-8.647052041654543
-13.964283307633355
-9.684489732663154
-6.041258160037142
-10.407598180689492
7.840302644857985
0.3970044786723703
-4.758255178862779
-4.188026613792242
7.265231479345676
-2.7896826661846177
2.6625851071155138
9.296591298249993
9.291579403802217
2.7157506785463776
4.908272945386302
1.9300225369165949
4.019524034395973
-1.272370711000203
2.3948381582611535
3.5258830623784303
-7.539196286072824
-0.8788212599168059
-7.879367365602014
-8.87188226428305
-8.91987470453761
-16.414919719923432
-7.662244125847586
-17.57726178443503
-19.75690389933064
-25.77929372234485
-8.862974392492951
-18.338830203855466
-25.923129724218818
-18.343742447424955
-27.287715008518727
-45.933592726399816
-35.19603409102532
-40.467005401592424
-43.5470982226239
-42.186147677485565
-42.82897526860608
-42.68499206932508
-38.853779975836225
-31.334211342420286
-21.271421142320218
-14.084599700577831
-15.235145628478685
-14.627719245035136
-17.12994147653724
3.005006726032017
10.90355793832864
6.710343266273763
26.123392845181947
22.13428407911125
20.477738837395663
20.7047954228314
21.716477858497463
27.769130289536914
28.31707127076394
18.781547247852195
16.49571904612785
19.623483165317204
7.671565502468543
9.17840387896183
-0.5999345180121957
-6.402418079002048
-8.421549888771562
5.625958279164832
-5.45875373369555
-10.866096830936632
4.060070996444155
5.227048156915214
14.434925613594675
6.954842212828092
6.769437873429877
0.7726714468798742
-1.2560139099454553
-8.00600787027412
-22.71360978469577
-11.828847880420351
3.7808266876057215
-1.0243124220870954
8.440068905335504
6.682110992175574
9.91846501122134
6.657467344402403
7.184529377838986
-2.50726648157594
19.335900861533272
22.255984717823683
22.057190052059298
3.0729393250442887
4.17459908211008
-1.7022807674479286
1.9077453983949009
-16.8761793572489
-22.87167729789873
-16.972757828418242
-19.401249108389887
-18.592468492101933
-2.8181462148463443
-14.6640637988878
-13.859915283187313
-25.382428570494127
-31.929854134847112
-34.20358292156082
-42.416873764359046
-47.03214747596815
-47.021027093823655
-50.92832119370003
-39.44444225213553
-35.345583024965244
-42.838014811068774
-37.34222529403238
-34.512928146643056
-26.401877113732358
-23.150647540954946
-18.371831770832216
-13.506874617873766
-14.477378237726086
-20.348105232292205
-26.376300503385945
-28.006395625761794
-15.831732467164347
-17.534388264683777
-26.4809915336796
-24.320922225356593
-33.159874506619765
-19.538204478888158
-8.680195708410201
-12.759908027597687
-5.278452763684217
-4.600420263257855
-0.8638614820354955
-19.54777554667841
-10.519906734208382
-6.939452734416113
-8.149007488620407
-13.58703765544394
-12.829201751603673
-13.40729985460078
-11.810126294992108
-13.303649430756922
-13.345874409253854
-4.930949265042717
-12.108364575272345
-20.017515031814085
-27.597878198753506
-16.525317861451615
-14.76256649362772
-38.41311948250093
-20.936682032409628
-6.178335037883624
1.4162566878583285
-7.306477332571674
4.620092169322176
-3.4585623599596773
3.731354047541867
4.030377316595627
5.9388497441609935
9.329769700480519
-4.724091176845429
5.983156074304786
8.466982938987416
11.71505841968773
9.565090034651519
-0.9895296972442206
-1.7580900951595562
2.9254420378203343
-1.8515579014172792
-3.9254596596689044
-11.871915808168865
-12.607940015318936
-6.7335649878615955
-14.426630582782009
-20.93696418570733
-26.291926816368523
-28.751151734455906
-31.632615073404914
-27.462490097236252
-30.36586445791548
-32.07738837196962
-28.261754800920173
-28.81391260194828
-3.2776125865176864
-9.714255620080266
4.496114626688503
-3.930726229864265
-4.397824975862355
-6.666907882926591
-0.8619850607165906
-4.835534540672785
-14.597336685763388
-6.190307301752715
-13.408746576408985
-1.2368246846890425
1.9052558814238238
-4.597392357486614
1.135288899412889
-4.958294740763637
-11.210856503334446
-10.955211072958793
-3.4409221093836564
-8.54208442602319
-19.99614054301711
-22.949203782112974
-20.593622666277412
-29.37914079288432
-19.527767733979715
-26.351201579350906
-30.64659864723796
-20.124105204549764
-26.729072589689018
-18.721178948082734
-16.282174446473903
-9.107413490376407
-1.921379590447411
1.3148531163521016
-0.6729682362821399
3.0223162938998867
-5.866316062499855
-9.863695422019646
-8.127280920270929
-11.627738049995415
-4.884546199345609
-5.953830453356551
-3.741337058988481
-7.372572780630829
-6.102376982835118
