11.830738277380021
6.090780237876888
-3.158286667186176
4.407721200034019
10.129867427704443
8.77692081722688
10.6558468845534
7.499686872504378
3.9651420399262434
10.507455087220633
21.200260788726755
18.468486761745748
17.92002777129364
19.18113361023909
16.808352303128142
12.388170897542032
-4.321653137359025
-6.02536514849159
-11.699607553508368
-3.9490832258808193
-6.9168753296088825
-4.375450687543763
-4.818348482599406
-10.054813794556472
3.777594412879663
7.229323093097865
10.141941959047974
25.130534915986363
10.691187411316463
2.63025833744421
11.395102753157806
21.792770684583783
15.452701903704426
20.079601963663077
16.275524527059414
21.634323292671922
22.396459287212828
23.89520001464085
12.325191103211608
7.019948375009741
-5.636746924635546
-16.28118731417919
-18.645311980715164
-30.09781332092677
-25.955931376935393
-32.81118910523917
-23.179985316025018
-29.934435839427977
-32.71043780923874
-27.602817551473514
-27.352273062265574
-35.876532236798354
-33.37027999306186
-41.450664355705335
-36.689443174188575
-33.16341541958991
-33.29783133031518
-32.59629897843896
-14.350748515525561
-23.125551586129298
-32.653257252509434
-22.14800787437514
-30.664380707109608
-19.790018779351627
-24.78485718118548
-27.420801763270006
-13.841315561982205
-25.482128673492355
-15.635978845827973
-8.888151321709811
-1.7003542692446838
0.10359250396671953
13.305681024468493
7.193332366675231
-1.909406235856679
3.8077835403159614
-4.524057562177106
1.5857214339373884
0.035435764539977814
14.813595644280575
1.8411024364537352
3.3193212489121025
8.5684737274173
6.139640321123138
5.351218964679797
11.717549210768519
17.415070709607278
14.715375942480659
12.258598741988967
12.64849006322979
12.733996055417427
10.623964962419107
15.080493225907778
14.053408712506027
26.334853467579443
30.04161325057545
12.551421598561364
13.699252123080393
13.08699376178348
16.93824561988277
20.00040793931272
13.135263957483671
9.266526227572852
17.151379341102928
2.311244205591924
-21.371916741772992
-14.97957222740448
-17.13950783939269
-14.013241856159905
-12.791726459159102
-11.282906016233811
-5.400435265043188
-11.956858845849952
-12.0186454052572
-17.426383676785186
-26.543154967276315
-20.567452569893657
-25.68963898338555
-35.284985889778284
-25.945884810016853
-19.003661057787877
-18.841753090259395
-21.54722525190568
-21.490066734857553
-1.2149421344816562
2.0315626856537508
-4.7771675439354375
1.6061254763620219
9.263971395400883
11.506503846914706
4.9191691556844255
-0.12653297836246447
-12.769232367369847
5.998259187859192
3.5496283109532443
8.998419967668402
7.002505994934845
-10.450616939461627
-6.943053819291409
-7.307474632091132
5.5611017498452915
10.770788870098157
9.129884999611717
11.880736055951667
15.328845592111955
20.159493170772105
13.741345982174762
6.509560611536857
7.7439140646695375
7.3119604822813855
8.699379960740787
13.575125512573438
2.6053089851127043
2.7895034753695755
0.12593536546988052
-7.409045720540237
3.4847582026131807
5.508557146399831
-1.6319483635615128
-6.215589643252504
-1.7111047643035693
-1.3697244951334755
-6.348586601555303
-5.7463130968091765
-8.609211721239694
-4.955305715788885
-6.0378043968706665
-5.014743162385514
-3.5637742986987186
8.447880331974346
16.18330813980206
0.7836088936972374
2.2686955040447474
9.412881886072919
17.655750598125355
22.79843888521922
17.04161832777543
2.567106137029461
7.851045693425706
11.584806555447614
2.6982025678978254
14.748037827542822
21.739288831372754
16.934628673687776
17.221679882981576
27.698747742867123
10.972919820773173
19.036475145989613
13.165272537396035
7.329684597473173
20.703183352093717
12.273789280842283
