12.251248985945448
11.912347007187705
-1.0909399772684387
-5.7374663272471045
-10.661696114765423
-4.0686886561081295
-10.525005651412265
-25.074373693883825
-40.163626935333575
-25.567960420261866
-18.765944369391388
-19.822083396713367
-22.525624466415593
-24.912983553138485
-15.357489580783115
-17.466263923774434
-14.7010915257112
-8.732340401657483
-3.3041215129300885
-1.1096367833457066
-2.634500816934084
1.912730614384724
-2.041062315791234
-7.80179890609392
-14.790969945949671
-16.406072305965324
-16.46028509847348
-13.331644910860028
0.4279554856792993
-0.4323473141427868
-1.4724076988485333
-12.21072542828599
0.20615097711645505
1.4800871611580786
-13.585807098203475
-3.0591893900609417
12.631705202832975
0.2948067586633017
-4.933608537203792
3.926853888206
7.102248014271215
10.931562063616903
11.421729424856453
10.656497988224006
4.225281105520644
-2.2235627697543388
-7.271924332791765
0.21876263851682295
3.6126122519693213
-5.887561057180602
-4.552278988591889
-0.604761558969045
0.016091860543158087
8.152439018218102
5.031394659461422
-9.312895900523722
-5.585891531354204
0.18320458098894876
-2.2406939483843358
5.541661064739662
0.8477404474960805
-4.9024240019659135
-4.47380628026564
-1.0800750125126446
-12.536930409724127
-17.303095336008607
-12.089186987578161
-19.076536166491532
-14.133445260765955
-24.65665220951235
-25.464766517014883
-14.225233645035177
3.834473711261861
0.5821121930140191
11.304098949653245
7.9241138486317215
-11.551240814846336
-28.044446540847417
-15.837713034517114
-7.928915380849562
-21.42419907546681
-18.740290834333965
-16.459023684670218
-10.798863824391232
-1.8985945022528148
1.5152603871417103
4.7006240028609145
-9.942921040197406
-8.353923410463832
-26.35887046075779
-27.367070492460016
-37.22855339999838
-41.17234217682881
-50.1677638159495
-32.25690239506696
-38.54424907503363
-42.663159853672155
-33.566735662669394
-41.39537819208327
-27.69065438273357
-43.73615725465347
-39.97942955570587
-42.24355487851906
-17.97064790043877
-10.831133449060925
-25.541985705196772
-32.81691337944349
-20.18606582588845
-32.4308113074863
-29.133769415288313
-32.87529299986936
-28.088424311452915
-30.11777180017464
-31.10450845442419
-25.421396232004586
-17.232081053201608
-27.314004925349003
-30.89194160593168
-23.545898522332344
-24.138869167368213
-22.069420631169823
-18.035204052499445
-16.470430310286073
-13.688923381415634
-16.446214569364148
-23.92761754955173
-23.592087070849303
-15.753267184035508
-8.996832188274501
-6.401137440037378
-0.62069129115126
8.715458304926859
3.0547319134426067
0.6745813187366642
13.443675791265287
12.694073519699028
8.899860266396168
13.65695099103722
2.484736229335353
4.238331942321014
13.102428490953855
15.816251564771699
13.424495562926914
14.110013489693225
9.139152234888227
9.97860204397222
17.402119687477473
11.553270074476774
18.960617311980574
20.498180793314045
24.043433209936534
26.66079122956518
45.85173608845231
39.100649054283
28.303478574605716
30.496001875059108
17.02781663542483
20.274047117087413
30.69718882162423
17.437001002068794
0.05326669285263823
3.4162524684914697
17.249548697491655
-1.5148242649142616
8.2270533343451
-3.0266012546597736
-6.560477339196066
2.4174100157708853
3.5088637683753086
-2.232238619952416
-3.127712174886442
-1.0149395741040492
-4.018635061946692
-8.565414598999075
0.7787060640205615
-7.135949910288416
-8.594985367206643
