-12.76575981399508
-21.223025634957246
-16.171528621088832
-9.555217461497657
-16.643670091877688
-5.112827913928556
13.989350409372618
-1.820279478634989
-6.392144197021427
-9.455757695290046
-3.633895737202584
-14.64572627276686
-29.833198244888425
-23.20731956429038
-37.786546076385456
-41.119884304609926
-43.150261571759
-31.69368235642905
-21.658281703155485
-28.066167537995447
-27.13745792745653
-17.795514503078124
-27.624997316574674
-28.923188866765557
-16.049505909281553
-5.604540481555199
-10.0300937074183
-36.646693107767845
-50.30985071007126
-37.39170780985277
-32.53461085043853
-29.84988864391404
-33.52649933404776
-26.98587666311592
-25.689668237762184
-21.69440472520837
-16.120772608818594
-10.373230082916402
-15.385784768674698
-19.846992650036498
-11.049563675824157
-13.9074743698508
-15.58091889905524
4.8662923615765585
-11.628915973575065
-13.432304989485528
-9.15001137634944
-11.986828356539082
-2.533611281047309
-10.1225518622337
-3.5502460683340913
-8.874571430075498
-0.9399019342072285
2.4725206773842947
13.742108044007962
8.148967135646332
8.824263182738425
3.150494348531492
-7.8520512076576034
-1.6829054136634136
28.91841938162222
-10.99008300593569
-15.923060200062425
-4.944015574239933
5.4658584721969365
-2.9327066453707338
2.1701973334474753
-5.880910194648008
-16.70003858642252
-23.028683525774692
-14.016032348739495
-15.267263987139136
-7.412006622303657
-9.12492249617367
-10.747184397330413
-15.7016356027617
6.00788886187605
-3.0780689785125186
-0.8476843572044976
-11.97330496287043
-6.271692288990778
-6.110198669306632
8.824349242725381
3.353012504703936
0.6523032896237264
1.9515231611532382
-6.885775260132941
-3.677385906294285
-4.650343709627301
-4.954167799013222
-1.262675194295408
6.677739489247802
-0.11848308990865054
2.062421687010293
6.409416420779457
0.5256202997690749
-4.721944888890041
-7.711735368832886
-11.015707104261367
0.2989796507266071
-3.2125342653301883
-13.049275239381265
-16.869530938220446
-18.27968250365837
-10.633659328884592
-3.772633843997608
-19.417616611359307
-22.62520057005559
-14.416555959134106
-13.333507690181332
-9.232936513265928
-2.756564373162817
-16.065979594100266
-20.67572876088552
-9.14750154539208
-14.430190581036555
-15.279448797100773
-10.647751379606916
-5.380026095215528
-11.587857413859401
-16.62053482715524
-20.310740253965378
-12.089321899138426
-7.754620167606141
-17.682369437996847
-11.648601495308688
-17.142773037414294
-10.385830821698779
-3.2873222209509465
-19.122590395057088
-15.298572977707126
-14.154587378719011
-11.163079129939902
6.621452411694964
2.0579669568509127
4.101898445420511
6.3385922365294025
-5.6250876921876936
3.340547098121028
4.887762933339169
13.175308112905329
21.166601934461784
11.306801119900351
15.475601847076822
17.199581497827356
4.12793651629884
13.932445969981694
20.11549979260635
43.53735725395653
22.72168857820621
22.94577381997014
26.875519221927853
3.7495161571715436
-2.110465994587144
6.199899389781726
0.16754485463661828
-1.2933269238041558
-7.788363097554361
-3.308098322172872
-2.7991550353547168
-15.985850002630634
-18.309621423231107
-27.12363872560857
-29.79379843224289
-35.01998204449891
-36.69449795566831
-39.06101381069053
-33.8167081274053
-35.18735969583683
-33.33902314365248
-35.67984528002088
-27.04142635435731
-11.777605425392599
-19.508371959965913
-8.252062226190553
-7.574148019752738
-16.346516986264188
-3.3435397009502212
4.139039307714294
-4.746268341377523
-4.23081445029352
-2.5263793350783805
-1.6224836070085595
5.340879008729424
13.681230861965757
23.926766702849026
13.665728896026547
5.88380322236794
9.714045891580778
-1.7029829369085527
2.915352063214957
11.634134001135823
14.770758330023618
9.87047664847063
-1.6537439626525334
0.3533062466559081
13.782619356068466
4.308194792034788
4.889447531032653
18.271830121285447
17.967825584713207
9.840865565804867
5.481544936616057
5.0751678495491905
2.397288199985065
-5.48572953614659
10.066792368260844
-0.1075832435149302
-6.0304442007054195
-20.181878482814128
-8.656084783667215
-24.56191505874537
-29.75594358051887
-34.191164637522284
-25.718781674208845
-32.86445328632323
-38.80510384276925
-43.49249822165188
-39.43780058456905
-24.593399932336887
-35.75030978846578
-41.95453078156757
-37.95906649527157
-39.301989876700894
-35.429158029330985
-34.657203524663174
-30.494632496737818
-24.52450514324769
-29.350907263083826
-22.52357461704013
-17.830052535924924
-0.7058148572736029
-21.800821713756463
-36.15288565031546
-20.456234428482386
-17.643865660981948
-25.64521311900645
-9.507719960434102
-21.17551018203248
-19.333409688618328
-16.673103560415345
-19.49725303641188
-34.49937726291492
-11.734844088392347
-6.910940449726222
0.2821499061038965
1.2608988598787572
4.1011611379039845
1.4082287590787586
11.278722700101893
13.098907725237469
0.5598312971009372
3.8892209850847377
18.14032656612835
9.678435311346211
3.903652816169669
9.745253621494456
10.114220273356283
19.11764943468564
16.235963683324286
13.449386583606275
0.2071716833587914
19.675870555570427
5.389958594823823
8.684314833015822
0.9160956778366584
-0.7002889061368475
4.004806957368733
11.864404924597526
3.3165217440282686
-0.2701600925063443
5.510254648619582
-1.6673983415453568
2.354457820597395
-0.3959052151642593
7.734968861211409
-3.00951680340295
-11.72543576709575
-15.072905060182045
-4.449466587561682
-5.003342256068668
-9.570746219668477
-3.8183806098261135
-11.163424299473672
-6.4224179987506105
1.5463289352973786
-11.457547630516824
4.095707771641626
13.71002245143074
-11.319992844901087
-11.010120004375901
-10.46955206483978
-5.585251624990885
3.993207356311714
-5.18219095091254
-17.01756510634074
-17.867317616058106
-12.580507172746575
-9.018004348376273
6.58792724118819
23.295612012098648
25.3824073889774
1.6214271309478936
13.022593144758668
17.999536958134815
9.053092608527432
4.1906054992655895
12.811728390957306
13.6154952150371
7.738115006435415
-6.094983244565133
2.686786639747869
-4.3651111776659235
-6.496808117228057
-7.106437531081794
-2.710101304030206
6.352504584577908
1.6801870956196303
-5.112885316566683
-16.556988240162667
-6.542121574910095
1.613335474002393
-1.4922336704592
5.2114969767546055
-5.993966201176168
-4.881245850554551
2.3607275966251144
-7.648331871361713
-33.75896678655867
-30.69530742142808
-36.838183742303684
-31.03209583213656
-30.19375973884277
-34.748706231170694
-27.35468127362625
-26.824636480504452
-24.557926170886454
-28.765105180379425
-31.72103084549831
-35.104587652137845
-27.20832965349958
-26.542022786999887
-37.32626871396759
-25.58523265291562
-11.689015227284445
