-1.5850510347277855
0.08428170966148524
2.3006379551310827
8.579208506058253
6.6661444568571255
-2.1121964524121286
-6.8073377748801756
-2.0921545083864945
-0.5290983488349481
-0.4216509584171384
-8.944781518483227
-1.6621317073521729
-0.029384955425013917
-16.546000824746177
-16.794639041029033
-12.283562811159618
-14.342628124576015
-32.53195718053606
-23.836055847542863
-19.243669268238282
-15.097455545817366
-3.3058856658167173
-11.150349615811876
-9.33259246370353
-11.285883211769695
3.013369790932363
14.803561632883543
-0.15541084120459195
2.3107355587877723
10.087339928933346
0.8597388049433671
-10.128753338801044
-4.124179957317627
-3.5603438016979982
-2.416709009611445
-7.94278424833874
11.078330315756736
16.026625408286108
10.758560611616984
8.292334277777663
-3.892675483963982
11.542573219218323
16.62788797308003
5.840700817199526
-2.4101161459059632
-2.272572667410255
-2.7847328442547425
1.0780702297210256
4.934868104836786
8.726125416357963
8.702433672594562
11.475482331367743
17.78271730849136
19.873538103182057
27.45972752801582
28.022068876361672
22.474211331590578
13.114269836436662
17.30436929692222
-4.5690931178941065
-4.330215590243341
-2.9263847153496205
-4.58766326015581
-10.109364458654623
-18.351351215139307
-14.483749455367596
-14.622464933080552
-13.4785126195453
-8.149522455174795
-0.5351076798741652
-9.07236126408835
-9.6180715587848
-2.9962213128792943
7.405010993036361
-1.0212657642810858
-1.246045575713788
-7.453976299533097
-5.296700914937012
14.71666160993774
9.846917871409882
3.1167418185673386
13.400358251633804
17.787760065621463
19.73880144831418
18.133455815247647
0.25641455033717103
8.802765128769561
5.975215206309294
6.3361952256084715
5.1833240070695545
1.5447971321530043
-11.964963620266635
-5.573660586334361
-11.538828557972565
2.3984293762144286
-18.66968179303086
-17.195926739135402
-17.616233059498494
-24.79936395152513
-22.69507274995258
-12.399658957090418
-11.887071072919806
-5.1285391608893205
-12.417214206563015
-25.98708280929554
-28.61803037860161
-23.26791959717352
-11.789393596512758
-13.211428243517075
-22.136460892646884
-25.79008342143344
-16.24450051983142
-21.93733079630561
-18.02140278899025
-13.86527467722373
-4.616662952887928
-5.436033308978495
-0.7419741330895775
-0.4145212143569019
11.754071686096143
7.07374307523772
14.099460159874154
1.5131839594814886
-0.32352468069168244
3.616187550417888
3.6383488588997
3.51433521580249
-0.7226689154375461
4.458043909533587
10.313292635436813
3.8029100193269496
1.771682871141093
4.8433376997803
0.4011564249924701
-5.4343922516892516
1.6442167874991414
-6.4513025775515525
1.9539304308635916
8.527498747271016
9.336899258084877
-0.8919868769379191
-6.4440623948870615
7.911312913390515
11.830316001770454
25.73927482476184
16.24978060120907
12.493837975643359
4.79824324147954
8.730499221874519
9.132008991623037
11.534082037744104
15.188828848160247
18.7089151047824
8.978566234743667
18.923902256186377
31.239061143075997
23.634340699929535
20.327215196351467
25.07467394149397
18.356148918943678
17.268671037696873
21.000283976677625
23.168733752815317
26.904212416257877
7.315375768063668
22.67013026030048
18.989566060276317
14.719030767981666
13.532594821187411
14.85674208987816
19.172449362675827
12.672137017704273
9.493898605922693
12.797090068049917
14.425099865629536
15.592821464970195
10.963528511368057
16.830388463411538
6.545012943827023
1.1688446863527424
20.529206510669013
15.786157984981886
23.693919725711666
15.344535673803724
13.457138852995751
9.709608464652424
6.23330038926744
-2.5860848239495677
-2.8616818444182908
-0.3776646004405469
-4.553737813003356
2.558338966682304
2.5871371953201314
-11.286419478227145
-17.266737912084736
-7.597574385177832
-3.869792102491649
-23.89756289174403
-19.43950595489649
-16.306951591388486
3.1794156721016034
5.388810593934378
6.523052037810737
-7.176926546724863
4.7092040869302885
5.410843530499829
4.833705451524807
14.5899503431233
16.85476668784564
24.0588517440293
23.549660109727984
9.945717298559693
10.547483247255943
19.71330995885451
15.62083510257957
21.512173185549507
9.836954337069598
13.98421158110048
4.515474233060706
11.441189819982812
7.151051075421827
22.41986702789389
5.009870512674667
3.0752211540625565
14.610036456860078
12.687409583669552
5.6145485923635805
-0.9390323442015488
18.22188698053713
11.150313656723744
6.362212807267524
12.943853555173087
23.72020707572081
25.777126220649915
19.30272889063415
7.444576030676989
4.1398136223867965
-2.8113956578138692
0.7214096773661751
3.4399792192183165
5.2378456382823035
3.833004862820908
5.724691623316803
-9.943550772503727
-2.9069016712064744
0.2963081199000239
12.317690249163823
10.532265945555363
9.865815002701373
10.009048789892269
1.4042029511672856
6.499516843239723
-3.4452580012835616
-4.202155684284967
-10.221269484890737
-14.870002244980375
-13.875181447839413
-16.745227830765092
-15.806717566346727
-9.135753169562324
-4.266024176209831
-16.571840248846062
-15.243331420833194
-10.545895829935514
-24.367053064700603
-17.97090375920362
-32.26024069728343
-16.69088261514644
-20.228530006660463
-16.69425718112352
-14.427951512225105
-15.969587656471806
-20.530983499105886
-11.240749448511098
-11.351134575150335
-6.7565126219287075
-15.088382602992766
-2.1211958952445613
-7.215212184101848
-3.682987575655825
1.5454645530204594
