-2.5238605971433747
-6.852871116616504
-11.004400480763698
9.091271405868119
2.6898354257323422
3.6228681189718346
-2.9029561714145813
-1.3840430405055428
-3.805527515608474
-3.821133973580404
0.04331962211241679
-36.5728447674947
-20.83639448188127
-22.01721964644533
-10.25834707053394
-17.33670539992908
-17.390070481988484
-2.6563752722544285
-3.1070474415996485
-6.033453269501004
-23.74940385334328
-14.283575977483661
-7.6914145707224115
1.0404277180354409
-18.98645201283572
-7.6262721566656175
-4.898918172674126
-6.4956798104986655
-19.809703768622654
-32.99625972205718
-8.641208317748411
-27.329375554952197
-42.65605835822028
-33.396402817157586
-27.718161012752642
-28.4738052239398
-34.157895711953074
-33.60709185352446
-34.286461010862546
-22.02851125070061
-30.722808152355785
-23.26087469296387
-19.926948644924906
-11.45869219166933
-8.715523601493874
-7.960263371186863
-16.63671097996739
-18.18455810199114
-13.268341170461351
-19.503471263564638
-19.79672464333813
-19.737672295574765
-14.161374017239012
-6.318041829891572
-9.981451959062033
-6.724504777722744
1.782342835749194
6.1024163894775905
8.849520600567914
15.469084902744438
9.22110469873618
3.283446920432945
2.0091831885532443
10.798040643446825
3.030156513498089
-8.45239428701397
-2.9009924912289344
0.6509078565645037
1.2781398926496612
1.5647093127365583
2.4109662768919526
1.1453473803322591
7.1179533890030715
3.598114652695098
2.8558793297377707
10.838366515943381
8.135246428813817
9.694271175149591
5.510593077665313
5.921805806962934
4.971181293916748
8.706935402881179
24.22101871248045
18.2628293507047
34.30196613346549
28.866063818775764
12.233878062924711
6.6341595425645075
17.352583573882786
-8.243430314417019
-7.804243171355182
-15.246896304730948
-14.380275735893544
-10.815409039008376
5.3128886281494125
-19.962115497929442
-17.463045771785946
-25.7069062247951
-26.22012294765739
-25.66802130763422
-19.925078003888867
-35.57664389900425
-41.548357406721436
-29.867879879427036
-33.51960323700318
-37.58831946174944
-39.53220265093597
-41.72742218629764
-46.19119748571042
-49.02860358543818
-43.555023707679574
-42.29240720698836
-38.76603294642889
-41.38981229899921
-30.545547965399557
-22.909024074995088
-24.501729186262693
-21.56353945400272
-8.317269542620808
-20.04392350188105
-11.268683693964364
-11.667595129968104
-15.663197769514852
-5.278642820144885
-6.651893739515409
0.8791449847118552
-6.372259413851102
-7.118640510713223
-12.435149227794225
8.384737496020419
7.421823746240017
-2.8977816896122746
3.8783599412294416
18.741214672048
0.36678382744844906
1.1195047697629088
-3.0337507864767264
4.4869576119178864
3.8717121680943114
10.877104293884553
10.960235422775092
10.477256332434315
4.777415325248731
4.397171175688892
4.12753592474437
7.328748897813086
11.370428464853502
14.685022477691277
2.339801339338456
-2.658120663004043
17.31607132914447
3.2085195035780005
13.945199934379266
20.217028704644655
28.754535922745553
26.62151467372096
10.32502039459624
21.566291944291887
20.538115395248578
14.028146774716545
10.142370167284085
31.158958400783
30.186092306328025
15.923394100924494
-3.3756289721406096
-2.309749452246397
-10.464796300559511
-6.273025160458031
-2.419642563758975
-10.642795192928592
5.37396373417195
-4.074689365786181
-7.719848520464346
-8.257769522999581
-13.357937878468206
-20.62949248310229
-29.50710916433672
-26.287444062671103
-9.878480904535289
-19.111750012080073
-9.431072299176016
-20.562266939749858
-14.013051025642529
-16.212756500537132
-23.466268257842373
-15.588597053999527
-19.4282870822472
-28.642381365482553
-25.818900008988443
-26.202641914779196
-28.516289405332646
-25.80772615806575
-10.790872570216472
-10.780860575850054
-8.958118352143668
-22.95216286788913
-16.139049554447627
-17.926557000859273
-17.340974792006126
-22.93420938239603
-20.001680060628157
-13.376745743429142
-6.399589286431151
-9.57233078724066
-12.862428832520022
-19.034560154071272
-15.893855827360856
-16.222463540333603
-21.537018191626416
-25.081999669963125
-45.95246653708072
-20.406171354043387
-14.048302305554055
-12.711069468037488
-16.691420156087965
-20.572370293395537
-18.180518824698343
-17.022136138169618
-18.71136780618525
-9.845292862733249
-3.1524221091338616
-13.800042602866752
-11.473365436423855
-15.7066510891928
-16.152038886226276
-12.982971792831176
-11.385036498255028
-3.5054994534464083
-12.258753446837456
3.953690765005044
5.023759029247166
1.3223861854226298
11.03617780981048
-1.5243512834802098
2.870946919169409
-3.306743774875576
7.430208724892139
1.5010350500916219
13.540310428330116
13.898665070721815
