9.27445446748092
20.316186252176774
9.208888263165568
5.287583559544992
19.9089778116102
17.411313990172296
11.230833693003866
6.580396270494107
13.373108925569086
14.108271988971431
0.6300054057159676
0.6632851106394786
8.036526320449036
8.961980850442561
-0.015145770888908394
1.0712418650211384
-6.7410793554252235
2.7718763380947005
-1.5776717789652617
8.160058126860232
-4.060385262755012
-4.595093526037085
-15.074712220128234
-19.31367425230473
-3.601732358486472
-1.6218532957603955
-6.967597045282693
-5.214910228870232
-14.184847811935864
-15.663000238369873
-18.886381537647072
-15.87573461399389
-9.803782163778813
-21.0778287345182
-18.709496315361946
-8.364923649514598
-10.87748024634508
0.13175962722848356
-24.0658815938823
-14.647032629878476
-18.11737138451922
-20.1129280952687
-23.39579527264207
-27.648321480130225
-28.95842900261615
-30.276518275553837
-37.157737482580885
-10.17429178322482
-2.0117780770600326
1.0363903916599628
4.845497202622763
14.349943144429195
13.87753504501774
17.356784422139768
13.870438687104974
7.393800728571103
2.3688798005171936
7.295619584276393
14.31739303852667
11.854338969530668
8.756795843037612
4.4389623050131055
6.51358327629394
-3.664576437596288
14.004348100213347
4.965042480039234
12.05553571471514
10.360104265124797
8.612224966103526
-3.568305083743412
-4.353864133192879
-7.861586084010816
-2.8425006416835785
0.4586798269873494
-6.994922187294232
-13.885532647160721
0.3031819706205956
-8.168576206876105
-16.209781784068447
-23.893235531043587
-20.52705789391868
-9.549243110651739
-16.298148869926504
-12.496657989585055
-2.1566072329241512
-2.1448209638180646
-2.1562509701361217
-6.342959487557508
0.2928403164413432
-4.671730168147171
-13.4213546167889
-7.685571692888748
-7.926200656261054
-9.629567222117652
-11.253438897328367
-3.614448543929878
-8.854045246691538
-12.517173815771208
-7.1712783364793165
-4.632696480762093
-2.2281498445771115
-0.8080642776055236
-1.97920258914395
-1.8150810706949096
1.9259427438816852
1.6215214096923034
11.744582523113108
7.517808914335227
0.9815293958386124
6.3642221314450715
6.1619819133172955
25.480429675868848
14.692535979782974
2.409186934323112
-16.793568577959242
-4.648686291234643
-8.310299184002524
-7.765815491484166
-15.639833627210402
-3.3687634524047203
-16.053693330738692
-17.91170503289991
-3.2379467933125623
-8.588503440994787
-3.0144434969143434
6.882277582792429
2.8946049121603434
-12.202607661705029
-6.003440292426966
-0.5209165777302429
2.5462496555513225
1.7933421126434197
3.025111410434968
-4.461572366786932
-5.401041191484529
-14.39766192973314
-20.085154594667035
-12.32315906143434
-14.793016570972922
-15.051088956004751
-5.162476540998421
-10.144480076017832
-14.857394114686835
-30.4588722479074
-28.414757280947637
-20.47693063108332
-12.755150369067865
-17.92248203669471
-6.499928301560664
-15.604233463578925
-13.061350655759751
