17.261113176941723
16.854566899492518
10.143142044046352
6.824299346818334
-4.050745890153737
-7.926456214676483
-3.9537339865304872
-13.66162732456527
-5.835562519757303
-12.736621080604355
-14.128982081301125
-18.5848657976982
-23.596169076507202
-22.142888178222766
-15.788791040203677
-24.07378959098381
-18.6112052740028
-19.119581158414945
-19.425778631727734
-13.598059307746393
-11.745022107270188
-16.130256117392847
-2.477647361801288
-8.976753167208118
-16.118181553882724
0.17166719987515008
-6.391081992033831
-15.038658853197234
-8.801717436156991
-18.83211024282315
-10.887541909620307
-17.082777927037625
-14.714778131441458
-22.288148708243565
-5.531092800667518
-10.51551659248738
-7.1305026555107975
3.203728174146424
-5.0451091696975645
-0.24973929610256435
7.629779772031608
-0.16320640005668305
11.45145161061558
23.472337208135023
25.90976738697681
18.84417799417768
9.991484556318012
9.929836059349912
5.505166674708498
9.504343809190377
17.236868571118837
14.44014525383993
15.783998495044449
11.845657714018765
18.524736444490863
8.958628152774851
21.742975478568116
9.032534297721938
6.330841523543921
10.205616346683108
4.885802085118213
11.554592492880731
1.2200387694223769
8.310807140875532
6.762705389790055
4.717886546289288
4.5401898665351155
4.989843653628013
3.3884038442702265
9.001716980633688
13.731855961167302
17.98760733018805
23.549678197384747
32.20915912870976
27.136672897243532
27.18855733576293
18.004512036494013
17.82537329769168
26.188451641007013
23.825492210832657
21.943496700519923
31.53551344615904
23.991367144980607
23.718513867644262
22.231524849096974
27.16986334881322
24.954231622011854
13.054183475741539
17.708928119992194
17.14680129555373
-3.6911465608104463
8.744639586644837
11.541276929603882
-0.478771556085261
0.4424795948369405
-11.976950986406006
-10.615368674461775
-4.589722533434019
-14.483088980261195
-2.4992675496811128
-13.103085504551606
-18.18806041628046
-11.940037165034303
-5.354663689903116
-8.62176619360724
-8.618944229513914
-14.276939725130825
-16.97791615262557
-19.26715232030937
-5.4762821416008425
-20.2751679546551
-23.487907624040727
-17.09044133438727
-17.991035573775175
-18.36065667887373
-13.570690348723463
-14.035076910923292
-12.744022143336275
-4.2425538462245935
-6.3546295114384845
2.519767684340989
9.014329002812246
9.634371497207974
7.7273228030586125
11.566123132208366
13.004681966196245
18.74961963525389
15.504545198040528
11.347526464972606
13.404808861699136
16.642468636714927
12.513234157505753
14.894698275917078
11.484867303899131
13.044719117070622
10.820302048462603
13.969350628382822
12.955186714373827
7.869872459629932
16.258966717975298
13.868619898539698
14.53013976518598
11.747364031821224
8.250686901165484
11.765453725060556
13.582242047629766
11.963714976411367
6.180443340760799
16.717495327755575
13.558720479593052
10.929411437606527
10.530431184537603
14.717464344578376
8.126383021368305
