9.295798161456522
11.658320908304074
13.750597104464696
16.846965489579993
18.944804853575373
9.083087779023217
4.776796773190014
-4.552037205684039
3.1072812230600118
-7.221845596850778
-10.553941374681393
-11.623176873555806
-6.706987044391591
-24.41477716035698
-23.21194920336942
-20.97376292523733
-23.8636743230522
-26.11527274062265
-10.436793221687603
-9.568903498776141
-7.03262038895925
-8.266079312783226
-0.29887449732479265
-5.2961920544691905
-15.568840716214506
-13.106659785519286
-23.11426362021416
-17.973119995683767
-17.610795450777506
-18.412118143977267
-20.68692493153847
-15.313825017215752
-23.104805854253936
-16.28695381432575
-18.525944009792205
-18.188645193662673
-19.533946141688517
-16.815804160619663
-21.27369393984099
-35.911934067916185
-39.354314159000346
-29.059716389463087
-21.557754643586527
-37.9302485788731
-26.193908175135345
-18.128274368947086
-19.254433845460035
-24.747038932202514
-23.69321017787827
-15.267985359974935
-16.806221918744935
-15.34953539500612
-18.057992588922218
-11.751080059826407
-4.523780359440637
-17.888561398455227
-12.17324061544635
-2.0325831792211373
4.036572002054976
0.936178934918974
-4.85549567942758
-20.368165388159248
-12.565980570189204
-21.129107804961947
-11.055373324520938
-29.27274763924309
-15.983512337005868
-21.85628352928268
-25.317863218026414
-4.491812783079227
-2.925241062989792
-16.989788111206867
-17.131603819675764
-7.097815303545665
-4.631970713702887
3.07358750110814
5.591556311157444
5.576899845183122
3.274642330261541
1.6439632602590668
12.27699615696038
8.943905970416955
6.196247907023023
7.285155390595494
11.589437703400163
11.66561015433469
14.545006569193252
12.665657306415856
13.691183270165494
11.716644937251115
10.391106048919232
17.656263947572075
13.116001462332356
13.350340734860033
