14.67440591048501
23.19238437706337
12.783687054453893
8.176358400298076
12.176634132007283
6.2457634958990855
6.122315101902321
-0.1481608642164837
8.108186301394017
-4.062527087695512
-8.517169151281973
4.3331286746818325
-6.231214843013402
-18.67746033450185
-24.257693790678626
-25.536562405579144
-19.313654929872932
-18.567817748777138
-27.197439311369443
-22.089115475488466
-23.85197645359643
-26.37817552809629
-27.45986350092956
-27.68188610959719
-30.72919992322151
-36.26327704204892
-36.50793016347289
-27.034887499931283
-29.804704079741942
-21.849416735263013
-6.323858854662085
-23.19857998836928
-12.465310756790652
-10.503236532941504
5.0164236398452875
1.902744839413284
9.983081099988237
22.44651200525388
13.022642803213852
13.430583205923893
5.926729166855504
12.920309473835069
22.60449553901019
17.509367254066287
8.633169373313184
15.51777974896708
6.012995539308172
9.115732247875307
2.0186701251832995
15.235979276505578
14.507057400067445
10.857280129589665
7.067143801683821
14.961886899095536
13.541605265774017
11.998801108819752
1.5902365940488554
3.8693504040087316
6.974419019112473
-3.6474421314177263
1.7218362023396294
-0.33679127597140635
-1.2797751695764588
1.3278797002586336
-8.279738221659324
-4.581940949535894
5.992070527520718
5.535185640149376
3.8763813850285183
7.300594034014647
3.0764863664504767
0.8726196108763794
-3.536016263138225
-4.31850769033113
22.472639025588503
18.350501412121275
22.633303137872694
16.914998307445266
16.022244896037755
9.116761958050207
12.961039495708311
7.257075980030649
7.723939461813946
16.26339079238062
-5.235947573662831
-5.4942280743096195
-7.786046483693387
-4.077098998384314
2.536347510693556
6.844588566008057
-8.765167929371696
-11.655460766396
-1.295398213322941
0.7778424682216623
-6.718942289233566
-10.366046295628928
2.0980175617082644
0.9958816679365764
-8.46059917553065
11.276802928221555
14.94180553264158
11.766366634743235
-2.0110217415343508
7.365138557598909
7.564967354431331
6.5937846063924095
2.3676539890258077
5.617376408121429
1.3119074331800986
-3.554316971520003
-6.187506315857305
-3.8764461382375117
5.066546767386844
-3.986903900406396
5.499240966022401
10.05184412332266
0.053353183523106584
-3.6683262292561194
-0.2867517174349022
2.1636661815357776
8.918407283254798
15.383129906051698
11.422474654843564
13.559240748331485
9.93238064625581
20.941245139205694
23.07741095814693
19.12443994033191
14.692327137868213
11.464904532075973
18.9025153153084
6.949831389048788
12.550810120771944
1.4905847534264087
11.49659852873252
4.998210362435753
1.9454050473225568
17.2604308412142
4.930698447848774
-10.776386716919232
-3.7459189626734113
-1.7885178202159302
-7.832333903163847
-15.184680638276618
-5.2333633105462045
-7.331135123915192
4.987628291380082
-4.67652276396029
