-6.876865432516763
-8.807454074364989
-5.852040613923508
-12.173062178154414
-17.07001051024405
-13.872740309246671
-22.181746676635193
0.419119683805216
-19.71398595591287
-19.620885843514408
-13.973558495212092
-15.875987525531128
-20.973797814502987
-19.498594162009187
-24.94433176769164
-28.73599826783384
-19.241818868246657
-28.11907382643568
-17.801897689663466
-21.632215633765195
-29.504986414577512
-33.0046204522289
-35.47750603639597
-40.31416475053236
-31.57265986521425
-34.2981254397757
-39.364760907898976
-31.80768178394923
-12.35320842881914
-9.060441562761481
-11.012869599387336
-15.744591093581285
-25.26121917261301
-33.07041764440084
-18.552957024150878
-27.349370674230038
-25.97350038713799
-19.103256931204427
-30.185868670296397
-12.90758131180578
-14.386530884685268
-16.649205438357512
-22.849288005602283
-18.923393907369046
-24.080271502243853
-21.87262001924945
-31.932528175351557
-36.38484737126025
-34.15302494503253
-44.06243714304714
-37.57418556398825
-35.46308592860921
-29.730804123350424
-25.18704251768848
-27.23066368646916
-27.719876080698285
-26.60449888697663
-27.52722892730016
-17.541194921054664
-26.823764847980062
-1.0588143995409365
-11.229550706361744
-17.20735687135986
-23.081910436655978
-34.48032826564601
-37.82607765818307
-47.099978005742855
-37.71812357590467
-41.920484423816646
-43.897396838430005
-47.37052363624482
-52.339324460259206
-45.63433768842206
-42.81932047689872
-30.42056124719007
-14.485250485496135
-21.179509343274887
-8.850572522787095
-6.091461247072233
5.797796208412883
9.875620381959846
2.7670507685755434
7.816072831391077
13.861515061041267
5.802894808298218
1.0115548264532896
9.556756397449046
3.2945259568267815
8.064435079179225
7.863614440528338
6.616484346575907
9.0515216856045
13.764536722380967
15.041912064134257
6.537799064376147
4.98739031735671
1.8587878139687832
2.8073584304007806
3.543505944694274
3.425101283479381
-9.783528906180218
-19.455636512101513
-16.836676144650454
-20.380670775141578
-15.95402126624925
9.288385305243484
-7.927847964203916
-10.227768880001518
-19.390120594892625
-28.93048759122398
-40.653301693579415
-38.41036513653325
-32.781630059078644
-39.7433909874137
-30.626634661403646
-30.814387023347944
-24.772153044893606
-24.29844257384638
-28.987532807358715
-26.38259343633954
-26.48653879352248
-12.875241167177634
-16.00989036929085
-14.057264637762998
-16.735143751398667
-17.72735437988688
-10.00517138516982
8.440707477871275
6.6632690914766535
1.103669067992281
-2.5267190646684683
0.42895266370372936
7.6924887303810845
-0.7006125504645145
-2.335856469828379
7.525007605943821
-6.694294552729494
-8.257241925447826
1.1453906936650513
2.5201021180546173
-4.489921484413946
-7.248843502949513
1.6284871074204714
-8.439829203051662
-15.544889607067466
-10.858020773339863
-14.152855857516682
-13.246009480191473
-13.312107427907565
-22.873582274077354
-20.963730431840137
-16.457083791023894
-14.154164205192686
-21.684451368656678
-28.46333451831865
-18.24429526032305
-13.114821532634387
-11.437610086268739
-6.713502272279245
31.244990432453843
21.225321456012168
13.730595867775984
4.589181388974172
-11.975750143767442
6.583149065508798
-1.9833935794227924
0.7116856655867679
2.9788152616481045
-0.8748183441642111
-6.715655565483535
9.003773169637038
3.005742867632552
-9.558370959588146
-2.197146295629669
-19.15334038024943
-13.135006059667154
-29.290212330755114
-7.468356959824423
-11.979280361657052
-8.735340698770202
-1.5786927273632538
-10.471970085238457
-9.205901671524863
-12.801147040307852
-0.2157785338621056
1.7665614247752313
17.006041013686847
18.448773118056806
22.038303771348858
27.40934320350693
23.066826433197136
13.495774984817102
19.537128319316228
17.203292037990284
10.696267068915793
13.295184057386491
16.86408134302945
25.811211240870986
17.945464853148827
12.4159439133265
24.18245437878475
21.112895054563587
19.945688236604926
19.779568157385114
17.571011112400598
5.248005338285103
0.9959089072088144
-4.624005135939542
2.090513600184021
10.153378468627938
14.585905433102665
30.279044517366252
29.627390919465903
33.68100935391293
26.89581773023303
33.6952385705876
30.186138863148532
31.73604105518044
30.289865994099326
16.387214973856786
18.023240925799332
33.803129123972376
13.768796439213952
10.252354307954972
0.14802162617031842
18.46730133307506
18.89577248854432
14.276596117703733
6.009221057798696
0.9672836397155491
7.431253388180991
-2.7415060287109667
-1.2977920219392898
10.696674103186515
11.433722787440587
-1.6049676243833992
-2.2367571007805225
-10.885183960996187
-5.66618973378013
-11.612423260254813
-11.754219467066651
-8.413815632400473
-13.846866146745866
-9.368723230563953
-10.61532064032202
-6.004280852082871
-9.086987216137542
-7.041804925849262
-5.666581224694296
-2.175079085531768
-14.132975558172461
-10.400612715204264
-13.337119772021946
-12.207982795297804
-11.457104808282844
-14.583587714106246
-15.221124721378
-16.438557395490008
-9.01072408173294
-5.7982178466950485
-1.1314332125138085
3.2637059531568333
6.578857971820173
10.736239003836623
4.834102470454981
7.367835335910633
9.736939306074767
16.540850622114306
18.99937779968569
16.56053246764523
7.675490928102892
14.656130295422207
21.72918252942361
12.665704670025724
9.308491930718947
7.807710219399649
11.347092169988226
8.464355153890551
8.728914919941422
7.510394704180797
25.6320871131938
-2.8311576329146613
13.844222698816145
8.2247220145363
7.4416132185267045
12.056333643448525
7.861119792866063
12.50004150185671
10.931508431641788
14.513159990671694
10.110259607023853
6.875965620560881
6.215020055882912
-7.007142846898443
10.727561842312461
7.359476912180014
2.4389186325607537
0.5941524178812523
-1.339234275833569
5.3722777180823265
-8.446838100829055
-17.844550443987526
-11.404539972817387
-6.413219239570466
-6.135171540954219
10.881413260825484
19.49297568039295
7.3594523867949695
16.853296995615562
19.13174155080626
7.021103429183543
33.809729430297395
11.52190460606882
14.103757445404918
11.956890398141446
14.358537591081614
10.633856573947083
2.096333695442244
15.124263115935955
-8.125794958510273
3.493000818629224
4.067419656728489
0.7696693214337785
-5.541929606367228
-8.472620133545007
-12.02233074686177
-13.607378883744529
-5.791944205936884
-1.3541010495898724
2.2724581205735483
11.191708054566808
0.16558662525277856
18.090676857395135
14.173594908172257
2.203894113631023
-0.4343088937236742
-1.5859705194538485
5.565532578445761
4.194072267017262
4.282536132618849
5.679832854848051
7.2181561224375095
6.692138989826377
-6.344025137828322
4.0242517128990025
