6.7440425276375855
8.565973320955536
7.643872121815785
14.974638675683146
24.2315831960653
0.4960840085222408
15.741897612837287
21.75704179548163
-0.9634019650437656
1.3164169866709967
9.714313226663798
-10.839531156620057
7.730005797115526
2.6279015965304424
-7.419677952368968
-11.106033740557844
-9.081119922732405
-13.345846957218376
-12.172429050244636
-13.981632914762786
-9.903627624341135
0.9912734532618318
13.348499997959893
3.757627814530182
-11.792624265721328
-6.099440236479437
-14.258452713150152
-4.629477525829853
-8.893755754463607
-6.22903963700071
-10.456980529796613
-7.770676953764892
-9.09617896674956
-5.359701000660004
4.2023437291056345
-6.380206394973488
2.2560335029550957
-0.2212915785512925
7.911441070351709
3.6562600389389335
20.48098972422067
13.315845563579993
18.003310211948648
16.989101978010346
18.195838234072784
21.77179363252955
21.415797151438753
22.172989686169444
23.45297124495957
23.611967411691232
19.99454406753139
23.650811034033907
24.73428167928473
16.11586520920941
8.973790942373979
8.287824423369704
-0.629164476889941
3.0098400352242094
19.527191715106852
27.826623624868354
22.09215477367284
25.079755624965692
23.10588256619119
26.97911190539393
9.452665540844047
-1.5195486069120903
-11.207971732194462
-1.663446945604686
15.51176121252614
4.303296360480574
15.859253673402968
18.786754337206023
17.836479394829837
9.378529814139448
-0.046240565647025215
-2.2561240627866037
-2.0885035937808487
-13.180032697401431
-5.778900783872152
-29.564918545284506
-33.91372170464423
-29.77908891264544
-29.31052164134393
-29.58316763705092
-25.68333609374627
-16.895358082779147
-28.50087142424909
-31.66930659772992
-25.95717864739425
-24.225780659753493
-27.27143341672904
-21.24738571068628
-16.06282462305721
-12.560605803698904
-17.528465389043554
-13.107346802284114
-19.416666086534253
-17.67786397663042
-12.476036747610154
-16.42301351765456
-15.86306707475551
-18.306726410598635
-13.223921563073795
-10.534429984414157
-11.345982719642887
-4.339985623114072
3.0281108425081897
-12.867166230368275
1.0932910167114611
7.9420308111820885
1.2764807829214564
12.720611403329716
-3.5607026134416833
-10.728443539275368
-8.965820209069701
-24.643731196546177
-23.835326592233248
-6.3797680743506335
-9.096468039321373
-15.454202028723605
-16.034475927366213
-28.02381602865982
-21.89261706240929
-17.576772366112433
-16.715103757968887
-13.016974440588493
-12.884341302739033
-6.915081901144168
-1.6072904700297228
-7.053834996668049
-4.413608457303933
-7.866695900068714
-9.144599634853497
-2.527149655242853
-1.3329802490093756
-12.102678700383182
6.938207921759106
0.8164893461107221
-4.068764398009079
0.1772037104853621
6.088343057339943
-5.495384178586738
-11.384585260252145
-14.368906474105884
-22.054163221417426
-24.030762082052092
-17.292511911565686
-25.737504989644197
-30.309904996350106
-14.751469601983596
-12.863715649548292
-17.194830492665748
-12.50254081661754
-10.264359839533682
-4.475275096568689
1.1318091283104448
0.8850048912910721
-4.230610054433698
-1.6680272685566635
-1.892188521995794
0.02447798492221289
4.709158100393298
-10.202887783709292
-2.265702664842797
-3.784603902553413
-6.873295257462858
-5.1769834230626
-1.834282407514387
-2.5659809856356532
-9.061558169920305
-11.187291929323704
-9.400607255175373
1.8179603449057484
1.7721165556965313
-0.17469606691111564
-5.7639617563781576
-6.7034647546210655
-4.818162157899376
-7.651654691703948
-12.27302367696548
-4.425519723317279
7.3983744512417
3.7579442830204615
-2.74076136200904
8.340366191459228
10.82068282835803
3.153910882076983
-9.174514221378887
3.6020067419333257
0.4058708366199182
-12.772518689115136
-9.000016081694238
3.32004999800034
-12.084447186525324
