-34.815657995380434
-29.104572567536678
-25.110664467057678
-18.04907330136999
-15.449304226298025
-19.86980680696409
-17.67671535832531
-17.931411374743192
-25.29998732392455
-31.06499266592355
-21.209624398294412
-19.724440529801672
-26.696391150574
-13.243527973326408
-6.920738787776805
-8.731660536397788
-12.344500244035125
-15.965131166004198
-10.200652494509956
-4.9191029781153865
-0.32319799144520817
15.23997114625488
19.593150871043512
17.119481589920124
7.201203597415133
1.5039662891152217
7.684177336890914
6.695120207067591
6.689046426957943
-5.099206018841363
-28.722561245134074
-14.251729205589545
-3.001057651009562
-5.00479952292295
-8.224371330751286
-2.0980885861872967
-13.358228635973186
-17.235870820124777
-15.196018239879715
-8.191363761861862
-4.555590332701131
-3.0280224900678667
-9.504459310379275
-3.0497460028136345
-2.4371394708135496
-5.794360075405972
-6.727066972816835
-3.6611953677552993
-8.494228641439726
2.040729179076374
-14.590271584957053
-14.126730072809716
-10.497098184805283
-4.399847649726137
3.616464693933602
-8.926755899084368
-10.796108500236702
-8.636733404006634
3.4241984785996142
4.599786237659457
2.168341082241953
-4.943100105655748
-5.963770599336613
-5.009980991895487
-8.9008112330504
1.6168742825505948
8.979295267900074
1.310326430651361
3.253579412918969
0.7231215028264423
-1.5025312861312774
6.632991496723901
11.853523900244904
2.5005352024405334
4.0700577781504785
8.262460589512246
0.7858174738475912
-12.435440066578845
-4.888683804699551
1.42623776830899
-9.340755634350243
-5.6240604189983125
3.85124303086054
-1.9305189298999117
-1.9521929969943617
3.936306607249744
1.1540081379535834
2.828340604265494
-8.177680193085108
-12.546290809260947
-11.09980953635576
-10.556223071504405
-15.009589811328206
-26.89478189076202
-36.671805179258186
-26.51551323732811
-21.468838923176573
-39.27715576823432
-35.192143834046455
-41.623996948198936
-34.932096978521606
-26.91461457879377
-23.257101725028445
-33.87919143554493
-26.6859326621068
-21.343636704476733
-24.898142105880922
-21.487747725316492
-16.445675714076376
-20.436200661140038
-13.098771104366564
-0.6659630615920735
-7.098656230870574
-7.506105491459966
-8.034331711605214
-8.381114797463269
-3.563460134348816
-4.630506701648983
1.9910201513459067
-5.434896993099836
-32.80347567020579
-33.86842748140584
-31.46081596000794
-23.35752947104202
-32.54632509746318
-38.21961745253649
-31.930907285804054
-29.410713677707463
-35.366169055774144
-35.6514302011545
-37.50186281993307
-41.552523365596926
-35.95135540954771
-38.36204021013694
-46.454982339327
-35.84108937558525
-18.792969312081908
-16.30998432043478
-18.27582248580149
-20.266024213866444
-35.14733251716338
-13.830156697701712
-14.162771435275726
-13.618169845615663
-9.25153883276682
0.3732864707942468
-6.662703617976793
-7.969097061894366
-2.171520491424278
-4.331301288305534
-4.845740510924536
-11.23273990242378
-1.1110934855196724
8.846126650124713
11.118768538199973
3.2290874060226313
0.5092493216493733
4.320472692781353
2.2881344619446717
4.751295793865932
-8.986157919759878
-20.62976004939753
-17.5304634971128
-3.6896230264615113
-14.39953259676964
-13.773810820999046
-24.728722838273026
-31.220477628964094
-38.35527557471116
-36.02200855805276
-37.10642837235795
-27.373164649353694
-27.879146677976305
-18.624860721324705
-21.230254135753285
-23.276817587843126
-22.3237629098455
-28.853337243934945
-20.31558639647737
-21.449577231071643
-11.29141663571239
-17.588894050944127
-9.207491866236769
-20.462776064649876
-10.907395906131065
-4.542572658590576
-9.560877104379012
-1.5769439427276792
-12.172469873449874
-7.357093352665937
-9.574952287090108
-9.393638241844464
-8.898774582593884
-10.386911813376226
-4.550776265661397
-8.638763986259763
-17.91694336674814
-6.907573509510358
-11.67551688647476
-11.203077927493696
-17.290215017270693
-18.57523742560152
-9.731890317987382
-20.63646705844845
-16.869804074670956
-18.150671502652443
-9.310601155328145
-10.568644569049807
-23.130353968614234
-21.223538267788484
-19.369738903553795
-15.036139605117164
-19.22346826798756
-11.049783644807535
-17.05150435427661
-22.449933558329338
-24.34311778625681
-14.759616616177285
-17.836188392718093
-19.232595528035677
-15.545084693042336
-16.11574013855447
-22.22171134426486
-29.92666989150449
-22.460889055465135
-13.328075515399279
-1.0661568553443628
-1.7715716695441124
-9.627781058505047
-5.254982764251501
7.148899106355751
-4.5554760749719865
7.494852372316093
7.014043528384027
10.278803974320251
7.488675231571201
-17.316686104077352
-8.052186339086036
-10.582605874528337
2.3538522098721844
2.7572745056612566
-4.5108782624239785
-23.984070487553325
-28.67802998591672
-9.484506724853524
-22.21286004279913
-21.910524383798453
-12.856098971999463
-7.242269082361706
-18.320877530231648
1.5600761699692618
-16.348438611642393
-14.722199170535715
-11.902224086487493
-15.724684824313467
-12.001895549392732
-11.375910471203024
-13.105327706799626
-5.99185464670765
-7.325451312993959
-3.6246111529720535
-17.803928572371387
-25.640780607071072
-15.045199764590574
-23.327273091132216
