-0.3175002102807417
-1.4979557097932026
13.708665893511519
4.913626482201469
-9.825134219725797
-1.207407870595195
-10.186188154820602
-24.03799773067271
-20.52001025808321
-19.21092793921418
-13.787225139727447
-3.5494902966734854
-13.581229805990855
-7.8224070183739665
-6.223625623460996
-4.038394715691266
6.202984453001857
-4.0979503682448986
-2.8134156130051453
5.392218082601971
-1.5600780473096825
-7.342814644411818
5.0362326918565214
4.953054573412247
1.7263619506939925
7.3506590221440575
12.739868024668779
14.936961420711244
17.922541866567247
4.78715402598688
-2.1418078837741783
-14.794804698243475
-17.399502700258232
-12.091474262348113
-19.298027324607112
-24.444357227473017
-26.728173874181575
-23.506879463063086
-25.45873036275221
-13.659470535243564
-22.260553551200708
-31.17250656373079
-22.623258005141878
-18.345013525746147
-12.317508771892044
-18.149510205005626
-22.74252322997169
-28.641918206072113
-22.93446332515717
-37.76146644255375
-35.74728663461805
-28.613980171431773
-31.147290044034037
-32.22985693296004
-39.631826581001896
-34.70092469644761
-34.1556113902779
-35.616180856481144
-45.626898229096
-41.548607568932965
-38.93301706744563
-29.537201561115065
-25.21373145147384
-21.986267702659337
-30.62442501124975
-29.89842668101665
-23.684166327432536
-15.534107730132867
-16.206048672065457
-17.007448516327766
-17.028776951601472
-15.866956438010035
-21.755297062211444
-21.683371869501833
-16.486739462323847
-25.301522469416607
-12.913515022893256
-7.281160054823909
-12.456805773410235
-18.41778857465836
-29.193596151785925
-14.15177585637366
-7.0130034662429654
-13.795230862471232
-17.12290041377205
-25.08159191861009
-21.827375445527764
-18.97168346768088
-19.22999424669181
-28.077633177240468
-20.31250569714476
-12.456152539600945
-18.592057123014538
-6.699964958284912
-12.352087265579641
-19.941219771397922
-23.380115030866094
-13.317287594952694
8.480590864872942
6.520539829670875
5.371333760291965
-3.4181980124007927
8.081659607696054
6.2898295003357285
4.696544323807145
-26.121742222711
-29.591714254467426
-28.90294100340619
-19.259254012525123
-27.534796988170925
-23.81101831990889
-20.66986904998003
-21.945934087736955
-30.189178495702325
-15.814282041471753
-3.9126151836958463
-18.475893754466234
-12.942719549359035
-1.2062321088822658
-7.278689496000571
-6.6740807366525665
-6.051231916970378
2.6536359452502354
-2.8221482053469784
4.073678297640938
8.291748286565213
-8.888454737201014
-6.046534199539956
1.762229392820743
0.10673959999225166
-10.710222764579552
3.8383643869669455
0.43490622126919704
-4.584122001243834
15.654335961718473
13.146886368212071
24.58156362025159
17.067162009150707
11.138779021237905
6.076979499614367
-3.235849467540641
-5.930557419763491
0.8916221456628411
-4.671315420404663
2.882796901412945
-6.579075036019948
-17.511306998637565
-4.440281222423863
-12.925396176945656
-9.179276232900794
-4.98165090685688
0.7762128773451397
-5.286701039189938
-7.049120314720964
-3.510156459668502
-19.293773864277878
-12.520543501340649
-10.094411124754156
-13.253644209795786
-16.745741816859148
-15.252690154880161
-11.599000640299918
-11.32280192446305
-16.477479783508148
-16.954382119349873
-10.517768936265837
-7.316316902958668
-8.419590419348399
-4.373405967500949
-6.842894807435597
-3.748092370737148
-15.14437934439404
-13.032222893616273
-11.433892557624874
-5.726810414597415
-14.865202477593243
-16.749842431023847
-24.206112421334048
-23.46727817097928
-20.09688716052552
-33.822307952090675
-26.937675554403626
-30.551334637622105
-14.111254109173636
-14.221790756050705
-24.44061772656764
-21.96222023559584
-24.450105366253773
-24.73703278188146
-21.563480034517717
-22.65342485959935
-22.98875383943141
-31.86824099465353
-33.72292879330232
-23.74193520387649
-28.095998412457114
-38.73064197348327
-33.097332411471335
-27.39528765397625
-33.99629810592529
-47.90604159449118
-25.309344846671447
-30.085759691007233
-39.2262927302214
-51.683997624990575
-51.39398882911161
-45.44262133634633
-37.479671419676926
-36.883960341162656
-44.43719515530272
-32.93708490541961
-17.21749196142647
-19.680752885264514
-21.14228050110384
-20.448359515029143
-14.098475803410194
-15.627124855300504
-24.203528556822988
-20.979552617025682
-10.904580609737916
-17.1001981410515
-24.057165355506786
-16.723021875332574
-27.522640000422417
-15.385050196700393
-17.16444672658899
-32.39374856634161
-48.35226019248336
-43.35061418716649
-42.307633389845535
-32.16039441517686
-26.76699358823409
-21.275239341965534
-34.77937264766314
-22.17297737391125
-27.790265225539088
-14.311189387235599
-20.76394818257646
-15.683877860015464
-10.759299733874741
-13.79925513852972
-14.50575967983498
-19.121576335552806
-11.130853540758359
-12.666394679814644
-11.718666962020741
-9.112553157469172
-4.6161813390364115
-2.7872268459918974
-10.128417499194631
2.9223279794227066
-16.676685837892858
-29.354737996510163
-6.505055085565478
-15.260550145996275
-11.491250044024769
-16.554000006642514
-7.554679451638348
-11.979400175511087
-24.65567402961952
-19.013583615456806
-34.83608240544822
-18.333159524739106
-20.619119038312107
-25.843082249350942
-18.656957343666736
-39.00943878386901
-25.289612067496176
-17.52875706856343
-23.83577569015253
-28.65010502483115
-33.01425310643701
-22.12459339123853
-22.734174622719426
-23.687945996183696
-25.602622232745546
-18.191182418156625
-11.119892034522273
-7.911908658385371
2.2576413578691157
-10.703234749330134
-15.855583940584838
-20.78736604943573
-21.74439234601667
-12.285550784938712
-12.946881200725107
-9.288211838217627
-17.57743666638248
-18.98014534556345
-16.735147243626013
-24.24189431720335
-15.543586955067012
-11.214229700854128
10.851439168223042
0.8727781391065166
-1.302784501527085
-9.780371591170713
-11.208409209827023
-10.618607426974334
0.6076473222223581
-6.109608227785671
-12.14107050161608
-11.914991776666307
-24.521380340520864
-13.106746075953284
-9.070620886861116
-6.803220675992496
-13.124761361812755
6.610343896532505
2.668518298813544
-8.583444381732804
-4.963817428268103
-7.919363063394072
-8.379443963195067
-1.6484231222312344
5.11479964860188
-1.356146944932172
8.737341742905901
1.3850967412630135
1.4390335491401791
-9.646423191209395
-15.282600014028688
-8.906164293872408
7.000203163632393
-12.043008458622054
-16.62198554296569
-6.347851656378957
-7.665913339654057
-14.577014004541136
-10.405244226797024
-13.670668798524732
-3.0538659778860797
4.592099839950009
-7.206245261537283
-4.875012907528731
-1.9718111143305752
7.960978977424669
19.968064677722445
21.707818950612868
11.487820655246534
8.067471727182554
17.012263811866728
17.469589301660886
