6.578124898716031
-7.954031258889572
5.959998507674228
-8.836002358158844
1.1395536410756184
0.4716414055466152
1.845009808981766
11.798762425622325
7.177771390046726
11.677546049408836
14.598036006314265
-1.3621145505485317
8.592260714794275
2.3371553323578893
0.2420933329279417
-10.291782341063248
-9.77993561887984
-16.339312407523323
-21.31465248677732
-14.195427001710387
-4.903778528491965
-14.79040350248304
-24.2061999964668
-14.669050184455758
-14.837675746295268
-26.58746782269587
-22.54175843899708
-23.558062701427907
-35.92565171376457
-44.22232185870203
-41.182491460587634
-37.69881155705221
-36.4961334700015
-45.57059239606954
-34.47754932291746
-19.454895085605248
-18.00599454227793
-20.714369350097773
-9.888430619696939
-9.54132794436847
-2.4902918722510687
0.08454767893294039
-4.39703013987556
-9.30211485130187
-5.060186490785914
-11.691290460321387
-12.258486607230495
-5.960522636570087
13.537610259850215
7.733779387697616
2.273685577902532
13.623637042601578
4.324384501577587
6.480292273770287
1.7801088749802143
4.137067203786091
8.506555374538346
1.2487645928399755
1.7838066585629608
2.5454009697030706
-1.3301625721898702
-9.50029852446781
-10.67407095209905
-16.283219972787194
-23.84090829984796
-20.985723629118713
-11.403206080971355
-11.959124769753384
-13.863070277455325
-20.391681418010307
-13.958196341588108
-25.083087216783362
-19.93841238177832
-11.194599841333874
-14.761225869045019
-17.379368741244328
-21.681731240106302
-19.410254400764615
-24.336572337864236
-16.864583699896187
-50.68353222716941
-46.46640559073239
-39.141847081775936
-38.572120610351455
-38.14250912809076
-36.481189517227996
-33.84031923764561
-24.77827212230975
-23.669312937656983
-19.4327137817205
-14.851654607195623
-29.95781212023321
-21.80493467738368
-27.703957693343927
-28.083098144145872
-24.9283870841222
-30.255492322908026
-9.650007696280383
-25.053880488141576
-28.75664968640564
-23.08775538996178
-34.898850258219674
-30.128481225448574
-29.88020678556778
-16.486362215570093
-24.97795447751462
-18.019985071173533
-18.958045046121867
