-9.341435210207438
-13.501357847623336
-6.765682376624518
-3.573701002778912
-14.779449173843572
-31.62973038179225
-16.200467341954464
-10.246266750489378
-13.122160200839572
-0.9501408026260854
0.5170910346934784
-4.653372092198307
-19.361268075016934
-16.834830433154508
-18.034550520735262
-14.332937038212322
-18.54357970565196
-6.634894236801137
-2.0694408391522803
-6.968530338474445
0.6201411316053961
10.18615352121252
-0.5940255938308368
-7.923499524478426
-16.96846661477597
-15.237374421505027
-16.74844835885054
-20.650648645249344
-8.588590824708804
-4.9803977321304576
-5.663329661256761
-16.01270780436212
-17.180875954623225
-16.602902687799887
3.9998374876797618
12.422781159692777
9.399931436209503
8.690558904311219
16.31999148921665
25.494735556861478
26.22995637634747
28.311529629143863
19.34270648147254
12.795583994143273
10.164501381614144
2.196690329209773
0.3597458371737495
-4.531480372987588
-15.027147677341585
-5.4661388241873405
4.363248332353509
9.812110498771661
9.752401015134332
1.7343069761688952
3.7426821811310975
-11.656873379479796
16.940372189853182
10.59964766971761
11.126127100146899
14.621562160906567
9.233362586065377
13.642822769461349
6.324512936191473
5.016011965225439
-3.219446901493757
-13.2532997905219
-11.132305557923887
-4.89790800900529
4.02606525001459
9.202955154664231
18.772226817545427
30.033835408558325
30.501293662760176
36.390402612378075
7.6889190785847745
28.999100601779734
33.48395849399611
24.89641217870668
7.803101859152439
12.370456285883089
13.134165927462186
8.366292123459157
0.1347668245570927
-9.40888953485982
-14.60980603940756
-15.818296434402475
-20.608080724479862
-17.74664239754501
-10.803174580296178
-6.0173267655911085
4.5275778843903876
20.50480173324719
25.547008457475318
23.52318070220532
24.437290619907788
17.339440168303668
34.459955929481026
42.20444835516862
41.37570142532032
40.27548366900457
35.66004842698742
29.529285831222683
21.92012456036092
16.182057810945665
2.1372170723488684
-5.570901521229842
2.607558673587899
7.852748925002039
24.149413418567036
38.562283237953174
37.29169385490276
27.28796666311057
5.780623385778732
5.291389931497156
3.649901171328985
-22.91791868520187
-13.942116699823806
4.355084182152995
14.505116376946717
2.2334025817906134
12.37336843226724
4.1024474441709975
3.2315507008219826
6.235911672258814
-2.516469909933196
-5.572583338922313
-10.880268658140118
-6.533562234473826
7.680737548785999
12.032647661877293
23.91353360988997
29.73480586820584
14.025334424425962
1.280419738445127
-7.858268545180222
-10.212721232035973
-11.415428315450487
-7.695503216357948
-9.468281022070931
2.261530417974868
3.0912732301064336
3.5486518693771325
14.155936955900321
20.226900326009282
-1.3589788521952015
2.058491735177687
-13.870128153883115
-4.804135321224287
4.231722139316555
6.748498420904956
6.646728334307517
-15.772493205937463
-7.90936073844511
-1.0119522365121905
-15.204989013099706
-12.518164124750975
-14.897268098539858
3.4063439327693636
13.964087266840876
17.77652521972935
21.71655323667059
25.938168127120782
16.629288207959767
17.08160946629537
3.476801654854601
-2.1129146185840684
2.880658746369244
2.8084218772953893
3.719106749494344
7.953654550224386
2.402698902487499
-6.50762006972541
-9.694298167391311
-3.4943973220205162
12.508354962748356
6.312776267262333
0.05461420923627559
-7.1647464220658525
-6.707413167186972
8.660840434879821
36.82426517228594
34.95379299001258
39.299354621787685
41.83198874514822
37.11373115451326
33.2016718491612
17.44549207444481
20.84886979732157
26.22353062431581
26.06100488453761
23.835717487285404
33.63096020665346
21.437167935492813
22.907818097240682
16.48554449083788
24.868460733942598
15.211192580403745
13.073128350221419
-1.1476694448675335
-17.347107956044624
-10.368190426465581
-11.639740763244786
-9.281108673980489
-13.815262988173082
-8.926481854164292
-10.009676878788664
-4.681224295893856
-8.91256874096084
-11.78226703242172
-13.364631946952635
-11.132766878402057
0.8986962505184893
9.506745818395867
18.3260805069828
0.9263965309642571
22.40720344587711
13.397159695805394
11.95217567632675
14.893430124567974
14.21598648027277
1.8498879495458
10.173824117042294
7.1418551305974445
5.275224656798755
6.287769997846108
8.866768930146671
8.756531705197627
0.9235378505244332
8.676257391000622
12.424824484165068
8.939848634919464
8.277712864314372
9.46348712558772
9.45976752850524
0.12808891443116685
1.2232676031814993
2.4454701905546834
-3.8706771763381584
6.014647580638625
7.782081347458935
7.171127144966509
12.866155138802466
3.825259214507944
11.990144592488985
23.93976793948759
26.142533990188106
14.51044357692702
8.533146994639282
-3.8145155221083433
-6.94189824877696
-11.251253787895507
-12.210842432458325
-6.659995270675693
-16.883494179875928
-17.389952564642908
0.4641254909463551
8.093639837630734
10.770412103948344
4.178724987496879
6.5782326344671525
11.585244528150596
-8.268348256888888
-24.19796267673296
-11.317676335864494
-4.4073282245209455
-10.660764645870406
-12.475624678268373
-19.38500771428501
-14.146936907923772
-15.352647972487636
-11.422792095412163
-10.24732908857242
-13.790477158951472
-9.713344755232304
-23.80268708366816
-7.188098671579103
-8.528616520267345
-13.021610981963516
-10.230244357141599
-23.967146159649324
-12.255591695536394
-7.955143102300732
-10.763405382491193
-14.005190849224519
-3.318308445685474
0.16558646273467711
-2.8694826156362887
-8.694465874871456
1.44682054518017
-3.892305851461376
-22.80684920104153
-24.967417862564997
-20.72052360845049
-1.6847268413051435
-5.273887225342293
-0.9250207377754388
4.989109519020793
-9.905952900013585
-7.7068684937225775
-4.82153363788556
-9.256745170792296
-4.599694732459564
-3.4923542104894936
20.894070351991555
23.770028311870128
20.72164117979456
16.133413192218313
16.431258735999915
