3.1351978206933047
-2.155427832022779
4.546281333822701
10.265265018270606
11.76666722817748
7.108675464591261
-1.9370043281269944
9.41498627073484
0.6888648027691382
10.525478616039443
-5.24342962429833
4.122935546079513
17.161512146115662
21.795450690442443
8.559219459578655
-18.960655564353367
-30.10633313793521
-24.00899691834405
-9.546864472118902
-4.452001974451196
5.142330297627408
3.3527082464757667
1.576210921085771
-2.2083697543745493
-4.83816798341397
-2.94295378842104
-0.4663987761768254
-3.4313753039046846
-1.2700734016556818
-9.865069503666557
-22.92093575450243
-19.939687187302773
-9.412879072650576
-6.696361392897368
-9.770675430920514
-14.449097219818995
-11.447040052667761
-10.859879914257819
-15.229147751973695
-24.75436176473844
-13.293973907457394
-21.905030512318827
-34.011169481873786
-36.53815016543675
-31.869796372064535
-12.857422964040186
-30.055486080907933
-13.067993935347593
-25.09164114365061
-15.056945433290204
-13.061079545299563
-18.585854145902527
-17.794310729847485
-12.491562074875633
-16.388876066298153
-13.035246734253773
-9.457905356069835
-6.7369952957021555
5.130934042191796
3.9588310795783306
-1.3667061024019271
-0.12948478028850174
0.18824420765600614
-3.64088990119732
-1.5118892473791734
-3.521473705298025
5.761666347210151
6.519677403033298
-2.2068916252398703
-0.20128909870760736
1.3159597427328564
4.6618694851786175
3.0247054224038883
9.117791209472577
13.239318106970224
13.129266268844876
13.363510759638809
11.124850221994489
10.813191179456682
4.32758586558924
6.073932111452121
-5.203221958136396
2.8511165773656546
10.732492927484088
6.180053216505282
5.852424053626453
13.713276854464615
12.682061420669713
19.76892412360032
15.85178185558372
-4.293453490091102
-13.835752967342243
-7.00946506689704
-5.993305957797022
-11.923813691401485
-7.187328245651475
-12.204024934409855
-9.878496051873476
-10.21011530960538
-8.87495305216182
-17.425476420131314
-11.674494325554633
-9.15167304314677
-8.699479350073691
-13.942127012616934
-7.074281815283581
-7.236293307080577
-4.559001064797877
-14.765985575497439
-9.087395719237216
5.8420930305179075
17.643009353091482
19.832077016775493
20.43762076923281
31.209617269570302
31.24449853211084
25.8359982620398
23.878912863790127
15.532593736558624
20.76335435484011
6.672841067490553
16.307650637980633
14.521539031418163
13.492589248899836
22.93194606693079
16.429964168425336
22.432109871168752
28.99266511867535
21.155162986704656
23.87011368123612
0.7583405881761585
-9.56795250612032
-9.782017044161263
8.479701274462974
-3.43982738079611
-12.826120428818314
-17.341806850018088
-6.773612711196639
-7.206774636284919
-5.945749602929343
0.7706083357788976
-0.3097918557261605
-1.5994626545382276
3.048468812536288
-3.2418607679549245
-8.137171677368597
-16.508147521181115
-23.45024197526344
-30.72672811846128
-0.2827213303032064
-21.37449998720238
-20.431792099769364
-19.812134093039717
-17.133531516644272
-3.04076510696548
-1.077046473590585
-2.468795580507081
-6.329292905194862
-13.69113243056514
-20.059559363414184
4.570009000420439
0.8440372588725309
10.934543406964838
-6.555408965305573
-4.517626277096697
-3.547616969666897
-1.7292857246525055
-1.6075251793544107
2.3714431793233097
4.338994967744107
12.294077279045814
12.382553282932172
13.553975503710479
19.305157182296075
18.04734658919093
11.747495635980279
13.877587870305195
15.233178739023463
14.129734386750552
17.007088631010493
13.393404701140685
13.468100777819286
10.801235454930994
-0.8014506590677649
-29.23590535104784
-27.026502957993145
-4.896269947709857
3.3946938353445284
12.566571075433414
-4.011497234695139
-9.153781953374706
6.856015016767378
2.2324081265822526
4.893458225179256
-4.2079652282456745
0.7028877998054502
2.5766265828707016
0.24520770118046525
13.501535899810893
5.494613302401147
12.331398251968196
19.63526839348155
3.6649018402770186
11.424443780161779
26.694952026292142
18.106177831832834
14.948681288637507
19.558200667312047
17.75689786102839
22.757801270499225
26.2155518213656
35.50860272450219
29.933231774935926
18.95679836239428
15.740800393242452
-0.2399581814662925
6.816913335585674
6.292923985432117
2.411115886040037
-11.796469365663262
-7.344701202429887
-9.27367598378743
-10.854783359992881
-12.741790080800758
-12.222209829278329
-13.722606745339663
-11.031677227010093
-7.376427262896475
-10.124505236876537
-4.582427591813246
-7.089477756240339
-3.5266249015075064
3.542457333434648
14.81962696078466
15.428059316951805
-2.6878188852166107
-0.17426233428420745
0.6755941836821601
-2.1910826891452198
-8.169024869976631
-6.579158532073293
-6.3582764266072775
-5.851509309030112
5.117001906732785
-3.118395087626903
-14.916441752351993
-13.462181900033984
-6.495787020541623
-4.3913783144177145
-10.875439511867798
-9.510379737540589
-7.726150918002938
-12.828625648428902
-20.114092744041386
-16.0335479687448
-24.556756932086262
-23.45984927828362
-17.573244446703622
-17.44580774860891
-15.752768380990913
-0.8271576990324648
-7.725873164506848
1.4066880163017972
