4.293840686724952
11.493638424617927
8.163067202343553
18.47043506557813
25.057676853810854
26.849073787657186
27.98726565774804
26.017224113643298
24.18688460727013
13.46229577162479
6.460056737479253
3.912885560244445
2.5311270426519155
2.9340837629773935
3.0393860297093283
15.722921521914051
28.5444674054704
25.186643226971878
-2.500481158701497
3.9670510068813885
4.676332562873768
-4.736818190296287
16.526724177166294
25.328213141888213
27.50266618578712
16.890028032472394
10.731603238233095
7.768446790313847
8.122042495035027
3.8082870534721054
12.631457572342025
17.741991134781674
-11.324257296035462
5.360219542144253
15.038305516743286
-5.968400246282111
11.748850005840735
12.909546862135489
13.196798000173695
25.41851627579725
26.30133477919701
27.759515720308066
29.418713696988913
27.82233550312309
19.58564260172346
19.264720290841172
9.523949482569671
3.178576004673149
13.228602932504234
2.051839799608938
-6.3477871743388254
-10.475737890676404
20.518212671799446
8.963491553421985
17.758538859053605
12.535700373872144
5.556095667747186
0.13871481227304835
4.678193789984076
3.581588718705081
-24.8347638742829
-28.784635107767137
-12.817106892765697
7.954081859280119
-7.987681190251272
0.778480323933828
2.4019957560103364
-8.195436452684032
-4.887866934917094
2.182660980897977
15.209344145776624
12.662261467289973
17.638560013112272
26.25045312067396
21.74403944475561
18.87453208190876
17.247903331657646
4.657793851782598
4.109711322138405
5.9202862299485695
16.15454088714238
8.76614532017039
2.503737717388298
-6.560874483504406
-2.9725452215745736
6.03756380436762
12.307311504420342
2.1066122102637643
-1.56001020128753
11.133408936534842
7.300287010966409
5.553089378293612
-6.477435511621384
-17.625938002104665
1.5128810359046367
-2.1029840355178893
-5.403033630804952
-13.473813524478528
-7.819092309651424
-7.467893826787789
9.25163484288196
22.200946516692614
2.35363086103774
0.2299477511886699
-0.8754619572922344
6.8251189303474185
-7.703938059703519
5.361821148337122
-14.124073365548046
-4.903855013317548
2.005506649463153
-23.33233210982257
-1.4288382036066367
-4.71881105644716
-13.51688897488859
-13.6324978871298
2.954743444110628
14.854306881322177
-16.89758216478304
-0.9004965990438849
24.54240927088436
21.418471776174922
6.063738105023731
4.5076017782916535
1.4748142458839952
11.853711706596961
-5.1473091283168015
-8.515649841254062
-2.7247426146208924
0.5481132282979075
-0.8491317292533616
11.13596371092932
2.385916265900788
9.704915940474418
6.763548270114157
12.387820432465789
15.814926495658886
4.589622472643215
13.706817561972208
-2.295101521645209
6.6502590550930085
4.231000308222187
15.36819423968801
9.100824394276254
19.47237556980128
20.898199127587137
31.58388859451309
32.81552604771367
29.31941568840968
28.742968551992305
37.60575317465476
34.15024264850149
40.39457582267438
40.82055382426392
34.35204419585174
31.10850848476603
29.650469420544354
27.37450778621349
26.062174308287148
32.563867606286585
23.86879370473366
21.16964226583479
22.46244017826523
2.0036738973430066
12.328419259277224
18.19890083104227
24.138894241706492
19.518863985550496
5.413246598179443
-8.060730188871352
12.32530336307962
8.116910958240263
14.48456339077008
