-1.7138599730164887
5.050096161417336
-1.0991197431218924
6.702514655213367
2.467130956877545
10.64906183992461
-4.755439543961985
2.665532009879851
16.758068925131276
18.343971107029112
18.3814414361998
-3.8513588984790137
1.0567002526404274
-12.176878773080631
-0.05128658731437853
8.426632586358503
3.9984712757942886
-4.639966150887941
-9.4401794880421
-25.351905697976843
-27.35899194515142
-15.395256938262149
-22.191670475285783
-21.371456422960332
-16.563192046619267
-13.101775201968751
-20.18565688756028
-24.92949862820194
-22.501808865853768
-24.18666216266469
-12.707889635227867
-22.277655733953466
-29.71753635985319
-22.362276953075824
-25.915724346951706
-10.596331068257227
-0.8614708512862895
-12.401863690074082
3.7559210272738506
-3.49123431231154
-4.570492502629544
-7.573842031537277
2.046016004106771
-8.787636201785821
-36.70054440882095
-4.441889709951132
-4.726012198495093
2.979802682865273
-4.250504990684253
-1.0224646270885709
4.7681963665700655
-3.4991477654062964
-3.699010003852536
-11.164558346470232
-8.068336301941146
-1.6409764241199132
-2.7671381126130896
-2.3737417694066485
1.8168097331865771
0.5233764995797829
4.2317692882787465
10.04598768970413
10.7596354603521
13.860646361414686
23.240157097307858
7.8716860831332465
5.68675384685794
11.531293222782939
6.902633575648335
9.172860958640534
-2.102194078596359
4.987862551324663
-0.5106477891626623
-2.8816855778864237
4.0505851000554465
-12.919118085549245
-1.150400170666266
-0.0632732959317121
1.8069969609940064
2.0096248832358365
-1.6905339934263992
9.278061934655062
4.6913435846443745
-10.757673890104432
1.2193284390164167
6.3536613770959525
-8.338295141868
6.5486450913845555
1.382357720823445
3.5724419523584205
-5.99857239777583
-2.9854546270073063
-8.033379855956246
-1.6721834025581508
-1.5177249600450595
-6.0487049949259255
6.326887063635287
0.6903397756544178
8.888660300784512
6.6537199407022305
0.36270874467086733
5.3360256881306585
-2.793036021522876
3.236980359068085
9.170197096674396
19.640418448625308
6.818300922225876
2.7980037291285837
2.608665145430164
-1.7247451279747046
-1.6304896060313865
-4.9662688007442215
0.8648398741589655
-4.359905554724015
4.769935348413791
3.2600184676117614
0.10351545073318473
11.450384317189412
8.198353773558223
8.235398117561036
6.045470529963935
14.694088774854116
10.30989088520276
-0.6436453133890639
-3.9107254080917664
-8.034925751084401
3.423143178412073
-0.20793301467364614
-5.283569232316572
-2.120465986451831
-2.0405489323252333
-13.014876214897024
9.474376867869603
19.2693571077752
15.178942824571527
-0.26959838159752897
-0.3831158637472384
-1.6090945961009124
-4.672278861625168
6.35738376370999
3.6274209577177983
2.4630394000163545
-12.153138622030466
-11.106681414422312
-19.928449488669788
-25.20087051309909
-3.3117349910082448
-11.185572016074634
-1.0017669550338248
2.104228121310498
-12.68807160401652
7.628351711297747
14.985552741352407
2.5691231098867817
-1.3465040000690902
4.669926138121875
13.773927140466757
6.6498079951447275
13.233865049744425
1.04913210598548
16.954000212192753
8.152021323293715
2.81702735733778
3.5095391273022845
17.27081337939177
7.022810824676317
1.3529254332773064
-4.64871591106546
-7.829039156842363
