6.775749121995799
21.708214555666107
27.809474550847632
18.34363194461127
4.702777737743308
-13.51528339056842
-12.02665041412808
-8.56201589086179
12.125899622476965
12.834999784018715
3.05083958307952
11.291664126669192
5.2153008510781245
-0.4227171702040447
-1.783941745362164
3.0963230324712065
-3.3204854563583015
2.9149014729913847
-0.3613660508588088
9.857228636878414
7.367941304921192
-0.10961194750655252
4.2067223609276025
1.0111296677382509
5.584780799151474
7.506509997456336
5.7854755892383745
13.909860664367427
14.7474207793627
8.8626156921609
5.493474033299488
6.433887392246603
11.058997466890832
14.259737746085484
10.98489551048899
8.375344733192582
7.661762068873028
2.067046806372593
1.8491521675446336
6.799522573506062
1.3820318482622518
-2.212208258423579
1.2028192546101006
-4.721043766792789
8.866194641898506
19.782527856535214
19.25477814628521
6.741293759138415
5.944644102439991
7.672512105075157
12.596322738388537
12.016035999526133
20.187922585770107
15.977546769220073
5.888426894020082
0.16435970747620246
0.7661402548729719
13.939160294718304
13.604935971718747
6.5860301537808645
3.5564112972692747
5.7187612212543515
9.163844273668092
1.5880922580231571
5.587451281952708
5.606281633251021
4.616923397143493
-5.757425037079292
-1.2813690915427118
5.659702814446082
0.7324828954624747
5.834295185410116
-12.171878036920269
4.378865582867045
0.9845825504939836
6.263059463905332
5.966839358944022
9.125819910836217
7.120747657877827
-1.59514667068378
-8.312324827117124
-22.623381940563124
-27.573721328790306
-13.315200564186547
-5.885572316288703
-13.122559915824887
-18.46326211979229
-9.534381370982098
-0.5765389373469636
-18.97988039078153
-9.722230533954411
-9.449973699736665
-8.10532596650785
-12.968936996957526
-6.403577817640063
-17.48066846483033
-13.797746085236867
-10.828759244467447
-20.460665951461344
-18.473090890731715
-15.573267034776318
-20.234684687812297
-12.816944019792388
-6.074943857284745
-0.992758466444802
10.310192236573624
-4.8808702693928465
-5.2816989499928635
-2.991728777364319
2.632216750391388
1.2073318618645956
-13.01344819200092
-3.161007483781888
3.5481783341113053
1.779521737196707
-5.425005918967282
-4.0052241906119885
0.8127874751301797
-3.3361329570242546
2.44923473780134
-0.16181975535631848
3.572206214678926
-3.0712661607046874
