-1.5808963696977294
-6.267879058573247
2.5958318485869323
2.530655311443378
1.412301429830586
-6.198396034090468
-0.8095429963390107
11.47657154312661
12.546629815366915
20.621461172756923
21.79430621678348
15.749059024478171
25.53295097707972
2.1296213462731988
-12.02770770712822
-1.1956226422022094
1.9990543788153825
0.1414682126001058
0.8740739281936749
-7.318595831832733
2.6646421671367237
6.219627106879869
23.21613550189137
27.529269144868326
31.142404047699777
27.07004948384974
33.112295074155035
35.481903637259705
30.41932961871485
23.47107886444951
8.661274070166169
-2.277747535460814
-12.766936558943252
-14.1925126573889
-15.579243005976831
-12.639676840916247
-17.089626476581547
-10.226478332397287
-4.493576069381415
-8.061407788312376
-7.7879184485749455
0.26587487304321483
-8.050502853391805
-4.018870885507991
2.120656971595376
7.7798844937540945
23.10044781033228
19.9961746212584
9.27966605837616
11.8662174526743
16.97886225002927
12.99106222079991
11.577041647016935
24.218132144009342
19.441633751604737
23.221132037769948
21.773222847198397
15.22454252839712
6.936053960377842
9.539698293721251
29.804600223723888
10.904971203110314
7.703435449848454
18.91876314197664
25.88846059335353
28.85897601856169
32.627720792803935
34.27049666176677
36.790105410901326
39.56423714455869
36.478603147262675
30.466098408135885
19.870093386185925
21.17799454651572
22.237136045228443
15.304451744035484
22.72847982212347
13.849402744505188
25.38604381379537
12.390522237605607
12.982214310903947
12.803458968516171
2.0744818902973816
10.944499778681806
24.384984559677353
20.29184425518148
23.512048134766978
21.36313727763036
21.779544162083702
-2.5887008153270306
-3.3208561291549064
18.404922253055005
14.321505441025193
9.580176228290828
3.1930451730826803
15.253330586910105
20.25853115501264
17.426043562406605
20.0203120457762
16.05008269426207
2.176309659475239
12.106434254539778
-1.9017119203982893
14.032428651751676
20.082270673908273
28.09117409221872
18.269603839870783
8.056863370332637
-0.8031691834423891
-11.585693632641599
-18.814805463921658
-23.22436091404017
2.327172289102674
3.814605540488383
-4.183196769076944
-0.03156668806504399
13.485735384606569
11.875368311456134
0.4057053547427497
-6.8706476930307385
9.58525419040457
30.74281169106462
31.997110995521584
16.892035460829955
7.495987303303942
25.121182638102628
26.371184989606277
33.23588642827091
36.16823578175835
29.998846241524774
30.864917131817712
29.043474112535435
37.24701212712045
36.267210434802905
31.015823022176985
38.66078205749758
35.08650778631189
31.468505850147068
25.864155548704158
29.421824640177398
28.15882965034942
35.58212717416615
40.80692183265369
32.84556180420163
29.3227703691259
18.42142074350949
17.090193642189142
9.749888163431647
21.636104145707264
29.385187765922364
12.710199273571238
17.605447528640415
11.81935760982984
