-15.146241675380486
-13.821063022783976
6.056419475696917
-2.249443362408859
-1.8995717691954328
0.9450006246834668
-6.9321099841907206
-15.018582147247677
3.5656653365261746
7.685459433913107
10.695097259371154
0.3213148295476129
-2.28297292053199
0.5170133172594129
2.686576975325224
-3.616159469403064
-1.4941860311989483
13.481870808020961
15.034036736154444
9.067139752496699
14.147829962084453
14.417146279714007
10.166120946831878
15.70814463290168
8.168108250214424
1.6192058771031792
4.6885682397514765
11.245738807470508
15.800569864667287
7.045165719479291
-0.38823552201028017
12.252774515318318
14.556321596330912
27.26817202370572
16.842559586801677
19.783454012954106
9.143889749686183
3.3367518536994063
1.166839457838753
1.2656327355011552
-3.78749656097766
-12.246224887365734
-25.02017937566467
-27.07045182816463
-30.332729911821968
-25.294903942640826
-23.10043746611101
-25.36847240153308
-12.356914049590408
-13.732012733714106
-16.112081120688874
-9.651287939587194
-16.227497017453953
-16.989228589745846
-5.576540798987877
1.5432229303724496
-2.258984317978878
-5.370580896280535
-0.5518060427356359
-9.644993699279985
7.0454544840660835
7.896091040528562
-0.40574931523554025
-3.479918233908618
-3.5482651090496167
-2.1534433711433576
-0.8711257976172693
3.8502660856748863
3.6284126074467467
-5.306223700153504
-8.071372484222284
-11.161709509151335
0.2244190382498469
-15.356633933616346
-10.274425426120613
-5.530254349350339
3.7296737387980663
10.226804875827826
17.412741167203215
24.345491076106033
22.512667223304106
27.69732261353896
28.830998937266628
35.754821891379244
39.37136503637474
39.192404077529716
34.34904793099816
31.254357489761627
25.85715355109634
21.814599280957484
20.750590386579443
16.63822990667265
13.911311370230276
10.63092263960474
8.229391933012925
7.066443022606263
4.6603384338789
3.7407762833113654
0.2073200943642498
2.4582797452185274
5.4528577620930125
10.49336365086823
8.311775033977904
10.753472765727071
16.207843089008602
23.173737440285247
20.05996904042211
24.51142562592449
20.987641160596503
15.624031976823911
19.737771020050605
18.55280094975802
19.806757101450547
14.915536865560306
10.280433846672112
3.4927329300380983
-11.258418275359094
-3.891612094898562
4.574415299552536
0.5304273262999049
1.6812348121920335
-4.345120629387268
3.062853918697739
-9.080714059790514
0.17934305713555435
-11.963463797398624
-6.93751028916475
-5.348039812622544
-11.34016661224096
2.9982101794041323
-1.891276641937204
1.4846624060170317
10.993173684246996
16.245096883042393
16.419700595690973
17.989459989947623
20.63523973508204
26.551959354385968
21.89671614128036
21.3577632071207
23.508190002326174
20.534305099184586
17.367443833117193
25.09009702076003
16.34502655836939
11.792853963988788
2.8623152548059023
2.8167412864104135
-6.701573741737732
8.365954406622327
19.976563913257454
0.4774911900398285
6.283349120534369
-3.1294485423383827
-6.817225909097887
-11.18028075535611
-13.304806124170113
-6.684037753593969
-10.403700708291613
-2.9335476032387384
-2.5114187031889985
1.0108069236116293
3.826419664034204
-9.351274197346696
4.109746097160544
13.22135526959598
-3.1782420064541568
5.159930336543278
-4.641388396545879
-11.975914599324813
-5.365592253995805
-4.623851087873162
6.578522283740527
8.34320397645293
9.701297453840091
15.526962835115595
14.572068037239902
14.032843646852536
15.285224761712971
10.758799888932916
16.920064416306072
24.09193970907165
17.629083229898797
5.782401540885129
1.9648107124476253
12.020796738253253
9.744529861143784
14.510883468537537
20.027285208379126
18.294897942803935
16.764761694117492
26.641536460231446
18.574298778606558
2.3690292740777243
5.855792267575443
-5.0189133598335465
-0.4711038798705772
0.3590663616431192
-4.274474620882413
-2.178584256817868
1.855771739384599
1.2083218102880178
3.5254581109376586
8.951662749874094
16.673456896039074
19.61621431497598
22.760430201922574
18.415872643940908
14.189370661428669
9.847994208466934
16.481806590892678
20.88155669817425
20.22135613973445
21.159763069360604
16.97053657709526
18.04989131407684
22.486957143807512
14.417783457732305
9.472738638557553
8.346032530946129
10.444717401484676
15.53533065993687
