-9.086575436228108
-16.445046346837277
-11.16046093003597
-16.072102225014685
-6.6661148684062335
-6.9167906492402125
-19.556859575527564
-3.336464235807319
-0.33610464881534113
29.59250369198123
37.94802006186261
38.784692511329276
42.58560156359968
33.90028769139749
31.990125791031122
27.17867377046697
5.410807389088986
0.2048190428419224
-2.4614843355597387
-4.10903254899619
-3.829178725916798
-7.517212243057059
-11.387255659022156
-26.776428837816038
-22.677059471179764
-14.344603100666376
-14.760746961320928
10.033490272498042
20.533456358570334
16.724270185410813
23.37234074682053
26.559123155392786
24.715486578827342
15.296249482523113
0.3955379997061991
-10.305565631269133
-3.375969261799424
-0.8831427760499772
11.230795884010403
-19.75223882895442
-18.802354735360478
-28.44847639068078
-31.684890379672552
-32.34315072462317
-39.494679361201094
-37.161236170874375
-37.472367430209715
-27.25172755828837
-24.17563489933672
-18.6290001633873
1.63126243259853
22.172466035577337
22.137623386540255
29.94939943072789
15.468158260557804
-8.598448726812217
-12.916599965804382
-12.297963091025036
-10.83602559513808
-17.577636257636527
-22.55744361224152
-29.32165297368495
-37.18652342216923
-25.03710900042077
-19.42761556170681
-19.920172345734176
-22.15605546621301
-20.58829852371016
-5.373241013058269
0.6685210583808262
-15.618433406548288
-8.226979172984452
-9.199379302880134
-6.444833622387677
-4.67051454224403
-13.615868958670793
-5.464043559682088
-12.551092855135293
-15.021513918361947
-10.729973347869578
-6.781575520260537
-5.151656542210089
4.566551317221999
1.7946689585115434
-22.40842604825179
-14.135381176707758
-11.394193419549275
-15.087969154929695
-12.022721203391841
-11.015295096905172
5.922485980988357
13.504472467811285
-0.9441984362806544
-8.937494430294816
-1.1564696293724468
2.8454385753518263
12.408535558944278
18.05612213301368
14.650302618282067
24.806412174396065
17.357007517982346
9.453186468191108
-10.407053735050642
-21.114410659027985
7.139465612229109
-26.602517687063465
-11.453179190163699
-11.198245170467555
-4.350219821618115
3.834379291022594
1.2527330888266293
0.06852831719762045
4.749697704719157
-4.178381599363325
-12.053184712497847
-16.878308411553473
4.196847113335717
6.252837177072079
6.9047372076715625
4.704755334885909
-5.4074210145055455
-10.492182706004245
-8.249335955175066
-3.0828676860584183
1.1108077094096371
1.3717832234600178
-11.293467026011937
-12.07121161321573
-7.630968024430117
-3.461549315967862
0.4372492768362343
3.101425713616932
3.37185997850148
0.2629988605377343
-5.585610670840208
-15.878815556055727
-17.138657116974727
-17.40533844493928
-22.10734202993572
-20.490667940935424
-7.428488662575276
6.019385113516568
12.433918670873096
-4.125119012359265
-3.2349007074795866
-9.598011800294248
-2.7661837712325545
7.734562676712159
4.7124478325320425
-7.6979257501267675
-2.9429235557461646
-5.489022077346722
-0.9170661006404836
6.2821085687071045
4.540534456619917
1.3163725954497376
-4.699135107365231
6.8842137525179865
13.414567326546544
9.907424493182774
10.095347046122026
10.723026489711502
4.508382273478081
-0.8376246291491215
-5.618697851801512
2.6010690562617955
1.4756241089939874
-3.1112477509819034
0.7934855871733596
6.88998974923651
11.192201546198119
14.930224820277386
8.544085387643888
6.902232773878803
2.9911943874793794
-11.894655605329788
-22.52584183257268
-30.42833313602905
-26.05443596462837
-23.548847319463057
-7.765536525473522
-19.186432286879
-12.060024940065698
-11.675815732390564
21.7355423979342
23.567996404529616
-0.6939186859338221
-9.736718492344409
-6.697876247213702
5.291736625970764
0.4715398965552744
-6.8944134097584575
-10.47079187139061
-3.441091524061951
6.171164168285025
9.11672071356647
14.372139865005634
-2.9096022511125432
-22.029094636689745
-11.834260696829949
-13.949406973432708
-20.28502208422693
-5.7949678544973855
-21.050156128021825
-4.1117440015397415
-7.5569652016979925
-9.252583329810983
0.513630231775966
5.933538518155202
5.590687768852676
12.1646421492749
1.454388233632686
4.781850122078054
1.2598208704330691
-9.211680199868232
-10.839964211790598
-13.812311197466785
-16.766862373139418
-17.16214944780436
-22.359510638944627
-11.2091908172191
-11.354203220119322
1.3360969248658476
1.615207542337321
-5.475491961845711
0.5485106527387547
1.3128648280330797
1.9125160801740384
2.9046417901187955
-11.616813481215955
-20.11327276056512
-32.679778835828955
-27.994266102534556
-23.93865289944053
-16.844768438311075
-2.6730561054941413
3.50424172389868
10.208213797741225
8.976967462736756
10.761815945457736
5.385737210143846
-4.6837432737424365
-9.863741295277405
-13.331241973658098
-8.892576939807752
-6.630709328699608
-2.965388188153872
2.632094237161226
-6.479302342565324
-13.711203577276036
-1.3080917377496262
-1.1126242816397849
-12.635311131683324
-12.43324536836434
-3.382137596216773
9.294171274503967
17.45298762510823
17.13757178246741
21.861004364281754
27.343621591697985
23.853923819508648
25.027299320200253
24.422930084952654
17.47285214195509
17.536333667633613
17.208708944626515
4.584006533021015
10.723691453835217
13.518523719271247
9.867590353917203
15.5521986816882
21.14014785642994
22.79219280505439
21.87902730260406
22.65744467169057
17.649905900340105
11.901182888925936
7.632356368937036
-3.06457373273082
-8.382453862069832
-3.7404949577621975
-6.270022644027506
8.335512827506456
-0.14510023522468668
3.3014824860037093
-2.9600092992855083
0.5827768469265987
-0.8890759723616524
11.419882276800136
9.736172762835755
-0.7863364201615691
0.6982183609996325
5.8375037495043545
9.227630590459933
-1.3071366960886222
-4.943180648714357
-9.585110472699236
-11.086377675696145
-1.9842274040522938
-12.194432042445927
-19.123999370425942
-0.11199343937730613
-5.505048538734199
-11.413804817046994
-13.107082313662376
-13.650633838785415
-10.72225496999619
-7.703351816372608
-12.570925088826973
-7.028495287191798
-1.2897157853229613
0.6256292486610026
-2.7012129939481366
-4.785621103178547
5.144673631903873
5.132787811161381
6.582840450401843
9.6031845742919
7.925417670871207
9.720072388248914
13.603702284670613
21.313298904493536
16.9174147630871
21.867104881119687
16.177547343028145
23.356949673370327
24.94022968091588
19.16224005455952
18.329216270417785
19.79792047449981
7.959123484231651
12.658896148985916
15.334520358413785
5.291578347736473
4.7315370710694715
2.3078314292286737
2.1967765959408467
16.121446382217353
13.689988376392586
11.439679509970956
10.870631367228706
24.302236474636956
