-28.246713215895443
-33.33295000919465
-35.96694015261448
-8.830372707385841
8.416411467168798
21.138882692661483
7.2751572499771475
5.3211312058464255
5.339374231118745
-2.3972359856805534
-10.206669140376906
-19.63371209704159
-31.774079929190606
-30.339357001528093
-16.740245134599874
-7.035341612513393
-34.07083231795569
-25.75151306417925
-26.466896097583728
-19.194242479873672
-20.34740705796
-29.687795119144074
-17.0915680994303
-17.434398380105492
-12.758537299423855
-14.504109532249934
-18.399716425933388
-8.006662630945696
2.0124184546560646
-5.094873818801409
-10.200730409935186
-12.600229382013564
-4.3334260165335605
0.6269132174754679
-4.155395244444029
-19.264347521254663
-2.1169803328553174
4.087241614604407
3.915125711018772
5.909176848486589
11.600813610649126
5.148009057618363
8.511690249420086
2.7932208588615013
4.1577344214921
15.382303772378814
6.063942721849992
4.509333361543443
5.923542043596711
5.63560019086425
0.655349964047986
-6.000891418517842
-19.478656184167647
-23.480036261164877
-17.07626690963775
-6.524069935712857
2.7750999972876267
-5.686535796566041
-3.1388251355749244
-11.272369560657568
7.256150678262485
-13.448250791473813
-7.443843909367052
-5.060007464527138
-3.691410491057996
-14.004091617224569
-17.248647256702494
-11.273806658266404
-12.307274239406905
-18.081585328106453
-19.833359855625552
-19.388049043894735
-20.829033363321237
-34.60786177039284
-43.74840663728686
-47.19682518848352
-45.49316690677067
-39.4332902902663
-41.99402979826065
-39.136484270406505
-37.301119214541885
-38.98127168193071
-31.92521958157923
-26.679566363844017
-22.84356741857822
-17.706819761059393
-8.933482682947101
-12.090925668304608
-12.650544611101804
-10.037195587554274
-15.379715111413187
-24.633037452377753
-29.597587595120498
-31.11002052270948
-28.021686267117854
-27.98991433380013
-15.497440408322813
-22.3298753663438
-26.921112863080715
-25.483030539361373
-24.453075682156943
-26.05042667116889
-14.896468773784544
-19.997086559034702
-33.10721965435249
-35.56504745050623
-35.818664324160736
-34.7216627069267
-20.69644730618975
-25.086698434208078
-30.754217375714745
-37.9179348435053
-35.05453160163508
-32.625539343513715
-29.104314048145547
-33.28764431875217
-23.04238715440988
-27.347676809781785
-36.60902272234287
-36.913279308021956
-27.936791771555505
1.4846873274030137
-5.777290459959889
-12.470180167058569
-8.765563855214397
-2.006866523442097
-22.55839282519032
-11.118497926519847
14.276335595698745
-1.3703802161741048
-13.36872875977942
-21.095502911069783
-14.2326495672269
