-9.08903374342638
1.2751818649963116
-9.299716176888008
-2.2959061859061327
8.999303377233268
3.942706951206093
-0.7540116005636067
5.813359670804192
4.266808277771031
-0.490895672172747
-2.235925858370273
-1.88148702703049
-9.212611069066805
-8.65732460036722
-8.77561462189659
-10.220596905925847
-6.50280118592071
-12.483376443311794
-12.215611535600333
-7.911254852322652
-14.000567827336786
-8.51601710066117
-15.378119498374579
-13.585369125236593
-14.430792652907016
-19.137080431392352
-16.921997316781358
-17.534356413461545
-6.74140462130625
-0.5483801017739006
11.341754435616686
5.287394994538493
-6.144014217131607
-1.915465815322612
-11.259810477360167
-4.343781535777686
3.636989169086125
0.5824503269270593
4.336141983953929
-8.539848652488239
0.8363845825033087
1.3973912552656769
11.192572417775617
14.096785507467027
-6.476632252698054
-26.816257966376053
-11.836560267761886
-12.828287316127984
-22.68267671160325
-29.905995500193647
-32.66043914650722
-29.26851391743273
-23.48471823603052
-26.762469475565876
-26.05460655285841
-13.59182484118378
-1.2366153159286462
1.3602477516896172
-10.049338203684348
-10.232321613011957
-25.31931299908127
5.51133714718058
19.798433937313877
23.012326772537065
21.114467583573642
10.0513832096012
6.207842439295621
-1.1952469477664596
-6.616738384001832
-16.835682963577028
-14.266423423917518
-28.41679786810801
-19.243312144268753
-11.989231209145133
-8.77836381426231
7.493387607171928
5.0864352498976295
12.720977417032838
8.495252326561497
10.64731479973264
4.761718920843191
13.508703330203295
4.123733321657306
0.8980727496029549
0.9118954083581794
-9.757921846926386
-12.163222819699993
-2.534189940503632
-11.81342709808066
-7.09050589769354
-13.701115625001323
-11.722552606561495
-12.620763389085404
-20.487234313810927
-13.45395086870337
-15.911977321262885
-13.7260205874104
-15.95860790521467
-11.748107207838206
-9.21683458749234
-5.135076204249906
-6.6836704322441225
-12.566571665800204
-7.472210098580178
-9.134641610462383
-0.3078160684098633
4.839074330970796
-1.3153748841101067
4.960588003537655
11.812612027466926
5.032542834166878
1.8047078447602536
-18.43118041329095
-28.37013526230564
-26.31220571680921
-23.71882032103137
-27.02039229853148
-33.00777166486085
-36.64062667794046
-35.43480087895446
-37.8351924078598
-39.795684141094476
-21.443848646800724
-24.932704822127327
-27.58330578736389
-25.225030986541054
-44.61393497535296
-25.509426939793357
-24.762656208725453
-27.794164882783953
-14.559773750824014
-8.567660564387952
-12.753749772826525
-13.21658670096367
