17.40370247019689
42.049926301532714
46.82133487648453
47.94781034637083
30.548590390559074
32.86474781769877
41.30029906139111
30.75964774288745
39.13061998349749
23.586971073642275
25.292336344087662
23.37217393000805
31.546404887605444
26.330997355881106
30.8089775991252
41.65201758720082
33.61091911310222
31.403191079787298
26.107677529557886
26.245817425566287
19.33218410316897
22.833551844200702
17.338455446193393
1.194585155292806
3.050006084100181
3.7447198482285735
2.022374766917304
-3.2359108324350743
0.3705466950751522
7.827804085085651
14.287458403573975
11.228195083368401
-0.09727673118047812
-11.619249770265396
-7.800414620357068
-32.041233969221175
-20.94241660741799
-24.42012962954821
-23.30822445063057
-23.35105616067192
-13.610075035037092
-16.270470047350408
-25.652270905755397
-22.950809706727966
-21.66231820388835
-29.70298001211149
-16.077863563757017
-30.29229791597705
-24.93610512830446
-32.384670540441086
-30.628114822317748
-25.90094107768732
-46.60501962103896
-51.31193096952642
-38.736117848244646
-53.890783161033184
-46.92077730821346
-32.649741142741064
-27.75113937425845
-38.58053399758069
-47.473972407275006
-42.44526820106436
-35.205366160916206
-27.571471685947394
-2.3983362153274643
-7.735689266112198
-30.697320501612328
-18.773496726797273
-15.830324671086853
-19.747117586058728
-17.612697562713425
-15.575454609259515
-15.735650261621327
-9.991804492308844
-7.242949517564249
-13.78216528762378
-2.492008559839765
-1.8883866615637592
-0.3751226545612509
0.3222737935873645
9.965691741639793
3.1157435487496543
-9.79990040119724
-13.84112892482367
-5.71786823973855
-11.447094249382973
-7.855174479165207
-9.494090786469624
-15.472908386870046
-27.80320419790606
-29.633947950615827
-33.771262765007485
-27.687982803103004
-28.70968731460351
-17.355410008552866
-26.30571122626508
-31.57548460632616
-20.219422908006027
-17.78195101510099
-12.052395899913215
4.936039635634825
-12.267662843445311
-6.433582877857371
3.814585023860848
2.7051660883134003
-0.27644592632143256
-2.1286163672782084
-0.4100129240539278
-0.6164289460607323
3.4180111214635467
4.111442193383042
5.1853034694538485
9.219831121428609
10.330657133038065
15.242122228680874
17.08383118687027
27.4131935716532
11.288853813835509
5.503921474573895
2.3347174299501408
-2.6460673690863183
7.114687631575777
0.7256831671912418
4.204848661024519
10.783715002251453
9.15046447985275
19.246542897047483
25.759420736754084
31.537359504390913
29.52400503698885
15.63203025798252
16.586274312542642
19.724865880880472
19.622769443266748
31.743699829845966
27.2826514495054
14.611030506443964
7.3420756097700215
9.854779113215058
12.573491346791673
8.955813641517212
0.3635332958229921
-6.833911327449092
8.606352239218308
-2.481483684358725
-0.9507595438256758
-6.497339431676693
2.3866181031285447
-2.7689958666256977
5.464261090475106
0.9360677276252884
-5.203976595354328
-7.526530538234921
5.483433518656034
-0.41241564852016666
7.66488505082784
5.48179286786475
-3.5559175327568777
-6.095030589385128
5.634003306207477
-2.7569534040449573
-10.695980593775404
-7.508736000868642
-16.151704803360364
-21.05604906248248
-2.384927066788418
-13.026212398832428
-7.6898860456829725
-12.428658882945891
-3.1017197873548525
-7.431723289281732
-12.042438852414186
-11.477397721986904
-16.363077246366306
-21.685301238126282
-21.467809078304114
-14.85582866352016
-16.490385014610883
-15.612502797629228
-8.356483855794062
1.4726374100483768
-0.5270568623632722
-1.9325958586193568
21.498630136288753
23.87381536034105
4.39573770255189
16.437332783191895
15.755716554248119
4.362906574292642
8.147243301321101
0.6509371749727729
4.7832229545774565
7.503433476190164
10.179689317322977
12.41399658318986
-7.756836463218062
-1.8762371189136025
11.332540119600283
-0.2788593371426976
-0.4885686518138207
15.316828632134394
8.885122567277774
4.638839739985047
3.649038351787575
-12.96368332984258
-16.43727462800981
-11.807455073456115
-6.308792614974483
-8.034110395991073
-9.28004929999984
-10.368659677562032
-7.674068707215128
-4.012722100066939
-5.582040256068043
0.9812963611060004
-3.1462935299800425
1.0223238376378765
