9.86034942766631
7.359705464277813
5.387879508765097
12.431557285566528
5.915953126760515
7.248647341476505
20.234840248446158
9.436244140093383
13.948150786366694
25.635069501669268
25.079103196543432
17.64166577427021
29.64826932368347
33.364577669397164
34.125871399730656
37.875304935412274
45.60290167363988
45.286943996801156
28.55311172530568
23.063992692893763
38.875834896469435
22.911462397906853
23.916097717848714
26.074497217185648
19.05617012552629
17.273019467555073
0.33667718030328103
3.0003528362864
4.87458224780807
7.943503190449589
2.5572505777975323
2.3069201749446813
4.447165421611715
2.8286603723334003
8.846677370761281
14.419397103904377
27.257589580523483
29.16109383839643
27.652235192997857
20.39926638806368
19.384894749460308
9.9674815639616
-0.9158311672030448
6.890098690925077
2.5433759552224298
-8.307177975086791
-5.305164757371896
-11.461008276546455
-5.57845736580881
2.0342894065930803
-10.165608446956133
-9.84871721813312
-13.337431135898425
-19.848157811812552
-21.193546607304704
-21.774462272701545
-20.390851335696045
-11.848845345227039
-13.134867071870975
-9.423105741749133
11.000900002686961
-10.247037963627674
-6.988949806862088
-5.8502559573647455
-4.7937552218949335
-12.187173632340667
-2.3102728889949797
-6.813013176697599
-4.699912366313521
-6.892186073104542
-0.4530344104094625
1.7541666124770738
3.2102444194843365
5.204484359554661
2.428980481504549
2.42338704189198
-2.3568408382563133
-0.4000600578468633
8.34694748263434
6.224869799822995
-12.00009331768476
6.123719183343921
7.442691733217537
2.9207351139360864
-2.537608546144945
20.481854279584102
25.22793650311621
15.129070777236675
18.073197806323183
13.208702521080193
13.085875713238464
25.570034956993084
13.158048286181328
11.403727698160427
19.740349755104557
15.654337882230806
24.66391838416089
25.54483713917761
20.940452840719463
14.02546443556827
12.242613889046249
21.817135141603185
16.193746096182107
21.887863008173213
18.077311373291696
13.189880572565222
6.919821492504084
8.949127360448204
30.867894532839927
26.242915363133694
16.959631806944866
21.942958524836975
16.943517537096355
14.674663536026454
14.319747361315185
8.965339379460376
6.701504586042567
6.4374568963155125
0.23365684291016345
13.857934782008398
9.801880421544027
-4.4951598387468366
-18.292179468886886
-14.988112120260725
-22.328988447451707
-15.98267697320611
-21.220119027698193
-13.4267294085155
-3.4856269811321527
-5.253763832511973
1.4961382142397557
2.9797593761239227
2.668307046182908
9.995727674589256
8.834184967053845
7.707281587946769
1.0763070717792145
5.625115245347028
7.00180957966527
-6.731630466373763
-10.786000971499755
-0.15924060644011334
0.7848888432258646
0.6370624092538795
4.188962912896567
-3.4520048218444623
-2.3873827694706247
0.9785526359989768
7.819342800742066
12.830194643494606
-8.905196542354693
-8.797690758319977
-5.601078117776182
0.10167544356497103
-11.135713572353518
-2.2353701725137727
4.6629015915836
-4.302705851317788
-6.293435091575353
2.832613668096323
4.310363635744877
-3.2047690209275066
0.6542365790243421
-0.12940150887299304
-20.573701877018326
-32.09259593107509
-29.72312300670093
-22.767242385764533
-31.082743472159795
-22.851805653556962
-31.390383436582
-31.40374247277363
-40.64860186655551
-43.176333115128415
-34.792055950459925
-31.10034649833025
-34.77760828273922
-21.582827009465195
-29.38429135597129
-21.049934618393106
-21.4468028572802
-18.172288255247235
-21.88663650865635
-21.226574697649852
-11.508948908069591
-18.91582183700477
-9.437564194463633
5.070441120022924
4.396407038954772
-8.514623578973223
-2.763300683126281
-7.223084751236906
1.7891107289264028
2.2791044546191617
8.19204404971288
10.757257298697184
15.030601302349362
14.590417965278096
18.014187550878837
27.929671064116057
17.02210923530881
-6.6831412003049335
-2.8880575584165693
0.4757640342715532
-10.927882970667591
-11.543031873800675
-21.072262271180747
-22.410247619478987
-15.245974002302972
-27.31651636515075
-22.039714711643423
-22.05652660326848
-18.588396130705192
