-17.349085605869437
-20.249291905261032
-23.053857396913518
-17.104171260877617
-23.16528614841584
-22.115318102091265
-20.275723784520448
-22.132326575702766
-18.306670483148988
-12.733655137550256
-21.661624131273022
-28.398291985293852
-18.130540477617163
-12.868560941919071
-5.5976974385016165
-11.492393208727512
0.685340896371334
4.452377489902232
-2.5876449069727965
-4.171163824189343
-3.395839970549615
-13.01189500483207
-9.014866458887948
-10.257033505856018
-16.162961414182224
-17.822741828134507
-16.362024449895813
-10.871575725100387
-12.162688894493384
-15.803288589995027
-27.07196477450696
-15.832115539898224
-13.879189406099133
-20.796909899797967
-12.745176492828046
-22.87563204858548
-15.961577285169431
-4.868777752155032
-19.56147272272357
-21.39711251397271
-20.637027137055814
-20.04340456896309
-23.47699589023149
-17.47306446360052
-14.54237489913982
-14.301688442634498
-15.274364469965295
-33.17889367391564
-19.02795444268401
-12.601509587148266
-8.897540822731248
-17.196308383104036
-15.062553821596866
-21.929201512861287
-0.6045490489307616
-11.187643322569112
-9.0601248674201
0.527789307695484
-7.1560537619505675
4.144561952911886
10.881271725526489
8.132425950369655
5.833927879542516
-8.361206234543674
-5.383571986930098
-1.3167566228572127
-15.070090557222107
-11.873601527277641
-22.74707791926805
-24.779176310424646
-25.05056595949515
-23.248441036490764
-20.43303137610021
-21.20486573229187
-32.444123055000496
-26.865907443637905
-24.85238708275321
-34.82578144031154
-24.129860606055125
-34.47865783757343
-22.78533730199596
-18.64197071295705
-18.798947322481112
-22.019308511286066
-21.74290308805421
-19.405823090540927
-16.480764207363066
-6.022988942531952
-7.375767352542659
-18.062145664581802
-24.305154002340487
-26.854160696087853
-17.19860467601502
-18.863826453081952
-10.13315479003031
-13.764236813206676
-13.699019764164015
-19.566169933117664
-12.631012157897143
-4.013338851656381
-12.279681444407869
6.599911054070708
0.31890142139288297
11.0232639626844
11.955945682849045
17.729011843184452
30.957906859787727
25.46257630493017
19.23635084587225
13.112001803249285
11.199915276612435
10.473154020083948
11.022292859850788
2.0269412134663423
3.6020489523323365
-5.28695421448053
1.1530330663181247
-11.165308108438802
-6.532593079656878
-17.33202135907301
-8.343067711844864
-5.4450749555151035
4.5331799974140505
0.2541039408956259
6.314389720176901
0.9094365664009766
-0.9832866730357048
-5.392793158713663
-15.924125522496574
-24.646657832525825
-14.328035639803073
-6.483333309724191
-25.772162226693073
-21.25006007914544
-27.14197390856719
-28.935608276094765
-24.47406864204066
-32.50225076842549
-18.30918500800861
-23.89875744005757
-35.012141801146825
-20.20067487321637
-20.303565921829318
-21.478652797667202
-19.15468357200413
-26.027325121002825
-25.09485949253002
-22.508739176998887
-31.870836815391545
-40.02449024457323
-37.41989681861492
-42.150844703969305
-32.67674956781225
-22.93546577721297
-30.47987041832027
-31.59394147423871
-23.457025042900305
-19.516165747324127
-31.806339975672387
-26.25435101058158
-7.807795156619343
-16.98029010267357
-22.92153970742484
-13.797579150335885
-17.528936622059156
-24.11808907754548
-29.171649706863914
-24.61629018025289
-26.61415821159156
-31.475693493736387
-39.65024704037877
