-15.28088341217764
-2.638814946734312
-17.180401413505972
-8.558634463066982
-0.2818873233218217
-9.560147855433986
-7.282411365234003
6.817935618989669
13.839171070557521
9.823367658056016
-7.9625748756561485
-8.834242797609566
5.487612766500111
4.154376511054584
16.793974259029532
11.407601663107275
8.568387325814703
1.3089861772842457
2.4053160590556977
0.3640288933108468
3.6578315641235815
-5.493054206947253
1.5170817327137298
-5.111621409243397
-16.31241879676461
-20.362576044047238
-29.242853400284638
-25.41659226230766
-14.085889432713909
-19.705892370011856
-25.82821262193455
-27.431118925158987
-28.062782347642077
-14.996640625687215
-23.606012340617166
-31.74880305259261
-24.68746008619848
-34.81927444023395
-27.69563851893661
-23.38145683134365
-14.260205022303033
-18.528454063770393
-23.40919752371457
-1.5665903655664652
1.282203058519909
-15.091776181777243
-24.510282995301214
-22.613739244761586
-27.03052511257957
-26.262503044749412
-21.06688589975084
-10.48177438465348
3.129031792988781
6.924563057413403
5.45901750041818
-5.767140400426711
-1.0655544277001243
-3.245397773983283
0.3234974473804174
-14.853842079063892
-16.600855369886105
-8.103035069860704
-11.424617827806127
-14.812637575517984
-20.234566974559176
-15.844289842625964
-36.50806013260826
-23.184463143070406
-25.31524589225328
-34.11342289193158
-34.281991280238984
-34.44623733497057
-13.186696061153256
-11.707028569408743
-14.321383867756698
-21.559650300888347
-30.204188405337714
-19.872495859458844
-17.029581160661756
-19.036518816042868
-13.348070783013055
-18.151812941378253
-23.46122189076143
-18.404586276149534
-19.95019660121721
-14.178651596647475
-19.97348262514919
-17.493265985780752
-23.55628540542296
-26.644825984377857
-29.501604339288498
-13.474877493135585
-9.894094293536774
-23.267733805120965
-12.949109448212562
-10.528545976062349
-18.803254199579534
-12.322340015815636
-16.629407073509007
-7.043931133945758
-7.313694952710232
-24.60226719621233
-3.641102744118247
1.8617045180117933
-12.727034809899685
-4.557180356205655
-2.8995679095288978
-7.345991882416952
-3.3964809971653467
-0.5726780301590193
-17.77088860578434
-4.253434259804319
-18.15616846774301
-17.206772845768413
-9.836449384355973
-11.75546575925864
-7.909878447394881
-11.136027968149493
-10.0932315752953
-13.918311910983107
-11.336293440398252
-7.070042218908787
-0.34575372720619524
-12.63935366059683
-18.144376371474664
-8.33549565202085
-8.537349765585745
0.0012557176752991672
-5.779989298397162
4.150210584193746
1.1127812652815767
2.2511826746552126
-4.881544471591467
-5.259112719944484
4.781127305558614
5.5956022769380125
9.61241498015036
5.900359038997455
14.330719652183696
4.7494189374464435
-7.449982218542477
-2.6714259400493328
-16.527538127401026
-23.43756075001813
-14.090241396764116
-20.721501086081926
-17.12569114088262
-14.604040954570143
-24.01189798389993
-21.203934463383288
-21.202422150290932
-11.365892676435811
-10.699456810677914
-14.510854106780815
-16.207629254612492
-9.460790301867835
-9.041109672722813
-18.42004722443409
-26.262603860460445
-32.33674964017105
-31.39148644006726
-27.427041891204766
-33.98389070944728
-27.711271637631263
-15.091824510835755
-22.32551780794141
-21.39717170380852
-20.125901654282785
-24.15284213779213
-27.986930527699872
-23.688269790200952
-38.86459228580732
-20.570714460230985
-27.371127547448225
-31.535588899593616
-34.36608339185426
-28.983593967733484
-28.100084388569652
-37.47755989939905
-27.8424853321647
-28.33036587137348
-30.959773421810244
-29.138838529927238
-26.909698933166965
-22.376942387017856
-17.768272696839414
-20.420842974484795
-16.201874336331528
-15.082852834376427
-21.835138652138387
-14.84483216728476
-22.329467503988575
-14.231262906165345
-13.895589456980753
-14.182307048298044
-20.125686840838405
-18.94012278104513
-20.703985671545144
-13.169285580454593
-18.476656141761733
-8.54239155157213
-17.730092712064508
-18.43856633628602
-6.322378445674064
