0.053241747276024286
19.047427360854627
2.9409834642940544
-4.297553324036
-20.918426269370027
-28.941737487075162
-30.74675462548344
-30.338114402969712
-22.342974969880853
-18.168305370400613
-21.22298560392703
-28.287805599957423
-32.333347004817874
-41.60483577180428
-44.43716359349641
-46.26235319527881
-38.30398928550913
-33.76740992643507
-30.18899476096193
-36.051703672445704
-36.11674669778963
-28.639315023968283
-22.593651322333397
-29.774299302375322
-26.420156588230434
-35.25049246448759
-40.03806015487799
-36.621124498739036
-21.460230260714532
-19.02455064462512
-26.058447969595214
-22.698090046616482
-16.068153782951235
-1.4939811309010431
-21.148253954212038
-11.561862750805723
-21.213539827555692
-12.02545388668665
-16.741889892613298
-23.882137281446482
-21.546717206370158
-24.679015094413554
-27.692963498979665
-22.0205847256743
-26.524384514379967
-17.447835802151413
-22.26500028258953
-14.646355496501462
-6.788571114780206
0.537204199536472
17.549917455975955
34.43286609477958
29.36726465046997
24.853837232268898
27.571445299712988
22.33279127564136
22.643185928952068
22.5142284217759
18.58194539158848
10.228544702400088
17.17271966058141
18.892091432615906
15.635484245662624
2.1076690891096783
10.180263080862602
-0.34259696079038693
5.052030334140737
-3.922249304208637
-2.645625899459996
5.51167462114082
0.673277244837758
-3.731523629154967
-5.626858080202027
-2.926796502459548
-7.505407276262011
0.8639914022993518
11.1998872263966
4.952354227614924
9.805253385771689
-9.926670525479846
-1.360980691371601
9.134078934924645
7.406870167525263
-3.0957014434433434
6.243206689939059
-5.8660163774462974
-4.223127373395871
-0.047372429541343665
-13.873104891341365
-13.9684555783546
-15.360739690611222
-15.761284228746668
-7.839594601123787
-1.793441257245503
-3.6592250229094136
-3.07590484096338
15.473366649803907
10.936645619089315
10.53346602995356
18.698300255193526
6.301686763090108
-0.7641962643997349
3.469213779991076
-0.8985679383425441
-3.3782889714259934
-1.3493267437514256
-13.01615798744827
-11.801769120304087
-1.363932487553538
-7.201286621199353
-9.317854180798626
-9.32938571945332
-14.693817960483205
-11.665810624148431
-1.938259158363694
0.4967863508010724
-5.215159897756738
6.407239761972423
12.388960751544902
6.320761193838312
7.360850060865053
0.11654916619168185
-5.3816986391254344
-4.4758254817291805
-10.027530888011402
-17.392848430678573
-2.6941101214322787
12.500053638567865
11.391068361731412
20.888442453140915
31.438227660261273
14.485988043421994
4.232371656372655
-4.8113284397397305
-5.019903186358794
-1.5627579781277254
0.6077325343585418
-0.5850522414095982
-4.354940367253805
1.0432069273368196
-1.8513620272360471
3.2195897067138417
11.288865996429498
4.197157683838312
-6.3954989678364536
-6.1515298742777205
-15.580581186483693
-25.741192257498163
-27.809803800140852
-12.402155149539325
-4.5572275823038355
-1.0711306132456466
-6.621981709124503
-8.7841240374154
-3.7667863439272367
3.650818086100484
-16.200377502680627
-10.27013642283195
-13.662707219114564
-21.43150530580932
-9.329251119922498
-3.7959561488849993
-16.349280970127737
-15.858887544193735
-7.914901231027957
-15.29936025061016
-20.209237454942674
-18.09758299513271
-14.901826656531394
-9.683092250814894
-6.0442011246201375
-1.556735925784991
-2.0507659735356656
0.6572888069619115
7.876452127501648
7.198571931716522
1.5866111793905484
6.678264950152367
9.238466054340137
-3.1917670576408352
5.7967798244416295
2.447477464705995
15.909416648808088
11.66824290878707
24.114022554812244
21.09401406375801
5.815397414110288
11.671241724387142
10.237074275147345
-6.132602937787595
-4.064588985740463
-19.184230582812873
-40.175547671472074
-45.071064252855166
-33.84561548127764
-40.17634067336336
-35.641656332246804
-36.423266378794814
-39.981775600854064
-29.809360669175447
-16.631992682154774
-17.23555675889715
-19.2200720986451
-16.252081121289173
-16.08304061233649
-27.394133984970466
-10.153364360665735
-10.204219313216829
-20.84607205905653
-11.770143945655466
-6.427738264003915
-8.245029633864101
-12.84707025231193
1.6068467472359076
-1.96099856997453
-9.536656821008688
9.004213433412735
18.655778317433814
20.455131702982325
12.023502606760445
5.629871408344719
9.429008070491518
-2.713524047727413
-5.428909869860956
6.860684989262012
0.3271044925221593
0.6195010092237163
4.300334041972241
3.271914088136819
-15.143640953181245
-11.273875735309145
-4.167026189562283
9.928597049492254
7.406837795971168
-7.327862521817434
-5.682818852004213
-19.021802881865586
-24.582505607349272
-19.232653828907427
-24.700857591908523
-18.348815302403
-12.852804714501474
-11.405484642323898
-9.374885672309793
-12.294439149621383
-10.806443516391237
-14.901502476270931
-7.054181223086553
-7.219615996757712
19.81137950907191
18.583437245694252
22.93700176650568
24.137295164972034
25.52683784092482
21.088774722386717
21.38145280656584
18.01521082609881
20.31482803039167
13.586980738713171
3.6988300226498154
-3.6934248163757823
-11.70048361499958
-14.599233533675935
-4.325469088800542
-9.30959795904088
0.5429341751347823
3.711026928248216
5.006700265721542
-0.8418313251347398
0.5467804899367236
7.144703768473321
2.734060522347796
-5.692125932730009
1.3789338423899604
-5.616914002242508
-9.60562199714309
-13.901933481307855
-30.398424817039363
-20.70154279297034
-15.89234615013227
-21.387820379227193
-15.582581179795351
-18.147277050610768
-20.042274051074312
-12.094792348864873
-15.503554578547847
-17.99706162080237
-6.471813049520193
-7.036979992962058
-10.642224974945123
-5.024013734834159
-11.58841537831729
