13.713110147851147
10.553809933816485
3.011945325929473
5.452050618587941
22.194483871805378
-0.9702910507732057
12.357775782400141
-7.374977881649285
-19.726093043555807
-35.768803599154616
-43.3591877400156
-42.507104190245535
-43.063970523557956
-53.806534239665204
-35.23114061478878
-48.09620692027785
-34.91661790110073
-32.991293833397776
-35.96844873286378
-44.0591662817006
-43.67280544665616
-43.33679149800728
-25.71397827582871
-18.089515727290653
-22.55152408697591
-26.33704462807199
-18.03736538988069
-5.415847584973039
9.994695035634027
9.095018120619686
2.4334574603649024
0.2185933482815844
1.5019753193788887
-1.2451907961376882
3.462695584790913
-9.64178303053477
-9.152222974026817
6.087965398506571
8.507732882526946
-7.360881117980052
-6.358920318187096
-5.963114171532992
0.6483534100041501
-3.1923662953064653
-14.449129241851418
-11.980311523537619
-29.094459974573432
-24.967340471443762
-19.432091195902675
-13.918103329230323
-11.762843496456005
-11.761208054717988
-18.118167110090557
-18.419148375181425
2.791381047592605
-5.041517780754488
-15.702835019985185
-15.375858337730012
-12.689854587251274
-7.752580915598631
-7.328291564670807
-14.065039273174724
-3.7860326966506084
0.09492441931110764
27.28902627781309
21.415372464584472
7.5201554072643635
30.10704899027845
16.943259124626234
2.8325392172650883
-11.522657831317089
-18.22964062386773
-17.919459344873115
-23.912085642631933
-27.881691631345863
-26.82945842490472
-20.54785509581848
-18.404640249174665
-9.046638006287695
-11.972749772979748
-18.312683093343647
-25.78412202708556
-24.675598213151783
-16.61425216557764
-14.837785897179383
-0.2895839719832388
7.233418299345912
5.983879928185117
4.2291801621262435
5.285742951424245
0.4652353929931953
16.784902525398355
15.848612960947303
15.140921049014981
17.747200998505473
18.658437634457886
26.08249426953132
15.516490790048609
18.690529109418414
17.451958836085385
14.060968205964446
14.670398886716953
5.923836702960467
2.219601964961344
7.596777763593812
9.202842600375446
15.503562737946739
18.742711547146595
13.573204935833818
17.218131729553505
20.668784537874718
18.680991586950444
23.792880224069773
14.406658237095508
11.24842592578826
11.23547015692791
15.117704688517547
13.694776281436825
13.1248646308435
12.261244993224025
3.9248022719217213
0.3927309402339597
3.5954621494878514
6.020889213154491
10.740774299851964
12.048404208614874
10.41413921374243
-7.681694874963321
-0.08726896516631699
-9.264438969471515
-15.650349043660107
8.367149703228009
8.549560123266371
3.692344785814466
5.91035662069162
0.7097593734834788
5.373668851605256
0.12483317213738665
-12.15979413695662
-27.70095177183449
-13.763249366788427
-15.708385044499964
-21.060109061734046
-18.95803427828192
-17.992192699073254
-25.953918607156233
-16.222395602658132
-19.199363541855828
-26.376729334513165
-10.271177770449873
-10.025351934670033
-7.938760781168344
12.451166392299259
-5.954442438625274
22.708497351413545
37.82169606445144
10.473108216285585
17.400853140104704
22.417603607232884
13.208426394965512
15.924722082500267
5.255193125368492
-1.1991790879243105
-6.380235315915821
4.231399128158611
-4.661563171211757
-4.583350207971745
-16.881132989253125
-23.06841747224559
-9.023348064049543
-15.19085183938256
-4.317468549147828
-16.85433311933603
-25.37801299816073
-25.38108685202626
-7.5305050161579015
-19.72952275021846
-24.312395352020932
-9.86552125118036
-26.776417732760464
-22.20356042204057
-14.89633866547686
-18.36274793407162
-21.50563485592199
-16.41863195191793
-13.3718621521935
-14.25948992448292
-8.444703453211345
-9.384707736795587
0.5515488072751051
-3.83797290796958
0.8960915782985319
13.080835859562097
5.9427509395523765
1.2404047294027956
11.870049861544473
8.611360555940605
3.1168179815859625
-5.169386447455455
4.409510500264256
7.9663880285820285
-10.066679443696039
-29.168199916719278
-28.022980458980502
-37.238595011425154
-37.30813649921709
-32.16914139337544
-23.397743375264746
-21.797473834386576
-26.145853716377875
-30.05714909118641
-28.94317640394176
-41.27377321065332
-57.651532584248606
-55.410715664953834
-35.14616561951517
-33.257356782384036
-43.41579950164972
-54.15673754114504
-32.21799903199816
-26.776563742894826
-28.00839527621114
-20.49982140305869
-21.40152718364212
-14.665759281434505
-24.272079725416287
-19.695442702614397
-39.436213628536684
-40.161442939851106
-39.43123200771454
-31.379501376463928
-27.179226950023537
-22.393268352113253
-18.81021373873209
-27.96106832394608
-25.628164280265924
-14.368542679434118
-20.41306957900653
-15.322757368479508
-12.712275954814201
-8.105808446583122
-4.3186688376981195
-2.673274449835127
-12.157343959813176
-15.221169029705734
-19.5752387351145
-33.36653157359645
-26.797341368717788
-20.260521771714085
-17.260506176789033
-28.189008142681487
-25.993053543603317
-28.588124333521264
-22.92204402241897
-31.168888148649767
-33.19020068628365
-31.944982992353076
-19.573028460380264
-17.003507885328904
-14.109106364446076
-9.22127860570901
-20.166607433394596
-15.308645062033351
-10.336245362202344
-9.912851606748744
-9.683737719287356
-5.841785688681568
0.9433861774452109
5.62573341324542
4.764702378349744
-1.8110168469127064
7.7227126601061284
7.285144225740021
6.031277742084536
0.9583977629081886
15.858792195020325
12.936493401100519
8.427611141569887
-3.8105886611836715
1.2421459257670804
-3.4877310144109637
5.623574365451599
3.782981683363008
-7.971693620431519
1.6300606538066262
-4.056593674115959
6.796337942487731
-0.4715841202689808
2.8835528678263445
5.0731344493307535
4.705952792552743
6.474679151351491
