51.29500862730873
37.38235810855277
40.07486453345096
30.760696799092088
30.081126425451327
23.35144732376629
29.539158380164608
33.18771190681928
25.832819129442292
18.947185782482244
14.68991955827877
9.119120136523216
6.695755323439661
-13.518086783327586
-10.924521658621924
-33.99625521859152
-21.848424254299808
-4.507296502012
0.954970312090754
1.0291462466093113
-14.575329472408221
-13.240528175271207
-23.838431644772353
-12.699045149625867
-19.042695378118434
-26.184647477326063
-22.654195542076945
-19.624886662231766
-31.340055525394842
-4.061016987894829
0.934012894538645
18.321503955656453
6.514359733268068
26.57681708627975
14.435497729267386
23.928687146284307
19.817205072654836
22.18891431478087
22.16561033421215
28.685388382535077
17.86136382412886
17.926925210778467
17.64615889789494
21.30547276670192
14.31404689889053
21.245499722533637
27.870030902658954
24.651622628038997
15.316455294678626
17.5243586662545
12.430522231349725
15.399224342334175
-1.0446732305315063
11.520532216201909
15.47583826991237
15.699094537946957
17.30216374948833
4.3286612803068785
-14.246243063632527
-32.268847248988536
-17.912122039529518
-19.87829496986075
-20.619864368771427
-24.938760904109124
-21.699547203679533
-19.78196423409335
-18.089794786962848
-20.370167080872353
-23.13454446420979
-25.151791765736817
-24.800024121098257
-25.611116851629706
-40.10186343563776
-41.40081549351149
-46.55839002218778
-36.56869006727485
-48.17712781367954
-56.941927206878454
-38.54993579540617
-40.402933322475576
-32.907079225760256
-45.38656503277846
-42.4129112590513
-37.870812919755785
-33.98120032564464
-33.84097696895187
-20.69791607932635
-15.749943325033733
-3.7863712875478304
4.772482176691648
-11.097719861013415
-1.2836458843180718
-11.306702308423862
-6.787492797271607
-13.475412960638568
-12.4593958507001
-2.6379374496142813
-13.601522386968815
-18.480302464136347
-15.764373200512473
-20.754206994730524
-28.100486741248908
-23.42999220775315
-21.377517368937358
-15.511262715562134
-26.367163579314074
-27.920583266880275
-13.838324784117713
-22.421098822098323
-36.63049895846393
-39.596473036821976
-31.049439894438372
-24.522245935289032
-19.838383565806648
-32.13226687969349
-40.446457646831604
-40.57258113010891
-33.558869590731746
-34.98791171930227
-33.93935376834184
-11.942061431398212
-24.052606806251323
-22.601294111610773
-6.874149482402997
-11.250011542298992
-0.8870648475980212
-16.155539555665733
-19.736832640319943
-22.833842395588487
-6.562092698757367
-1.2128659348890558
-11.516939476856212
-3.787478868370637
18.37839099297069
-8.224482786865549
-12.15542952061989
-1.8535994827681408
11.620505527893956
5.138082757806531
4.2919146510649515
9.630541147245886
16.798547462540007
18.119163486189656
9.495540046580986
11.008478290860143
8.086952519446013
9.044222462260652
5.592505466074631
3.9732061380776544
8.269349337576344
13.453415145853722
11.435183862985225
-1.2033987591303401
-0.9684526009328748
12.564935822506941
8.05607637340933
-2.201395508064629
6.475878031600844
12.850931341452126
14.576099544357444
13.714755833890756
11.517924884370144
5.193766107025697
9.090638445179586
9.880999386236377
16.876055885734814
8.304395269061805
16.959796668561392
11.451262271755686
16.04534112747882
-3.1137138255434857
5.477534691845083
8.84079499525942
-9.772509574307332
-5.622870564316595
-8.645594200418348
-10.189728003022632
-14.211797778558664
-28.51001417098608
-27.248934605077604
-32.999603630143
-39.11505516877239
-36.195612824519856
-18.153245811115614
-26.903789419931737
-18.02246641366889
-31.31169679026998
-24.59963406281582
-28.691120599210674
-17.362146406154835
-5.089365371496934
-18.94640143459668
-5.81435522831015
-31.04168451426442
-39.92321141036297
-37.0512680505139
-39.924547085688864
-32.274109006053514
-26.915012347956058
-24.87812869554709
-12.698608322651115
-23.759028109413773
-37.53372395453052
-34.96694128715477
-30.771984017879518
-22.650075090731693
-29.951075863585114
-26.51210415667183
-14.925929362887425
