-0.8994791301117823
12.913303846954467
19.245153931803124
8.429434057393838
5.767605409418435
-1.1557557051982754
12.811680850548756
-0.20376985705361586
-1.4077149499766433
12.164850570465667
17.45805301724518
11.566906677466323
15.2287248755723
5.967627280062195
6.134881474381407
-19.88437003474845
-15.863498993554881
-14.647576281808483
-12.862934939366445
-7.875229398868205
-12.702293863113391
-0.5658643598598113
9.783846466496007
12.053588632525836
-1.8918187670328157
8.96576544800639
6.334860033866942
1.9568658026492447
-19.752455573406923
-17.403822400071736
-22.927197364465
-21.0836149923944
-29.526872944918317
-41.11176504977084
-29.42600739563077
-29.3128611103143
-19.368973153553775
-4.3193699085553305
1.6557895334792283
-1.1592518426892415
-0.9607400220326678
-4.2653952037102885
1.2128754114316198
-0.6626861836957586
4.27001560699609
-13.933250785356055
-10.973860581979531
-6.649415222362316
2.7210432720000965
-3.9421488142084105
1.4046677223470478
-1.6520494380371396
-6.237060595512569
-13.31714699364792
-15.43308958871929
-9.617363979531602
-14.511177214640012
-2.2964247254903127
9.37658055277657
15.677829328571718
25.305431661429328
12.743319731728597
5.716810196160974
-2.5270544573255638
-17.01799807151568
-15.185061097356913
-26.13857890950873
-36.81532691047396
-34.253079903909224
-11.347105121170154
-1.7092393611080143
-4.851402930641643
6.920872497551651
12.849008880344133
18.53923166515513
4.655841389436393
5.1970427860130375
4.2017624061507854
10.704582335187489
18.889258057400998
4.2024020921113685
8.547912247715367
9.452278636028916
11.38586139530732
0.3112282610820774
-2.5078210661211853
-3.6598178071698237
-15.773701877391362
-26.54997046393609
-16.435447051586028
-20.109576306115976
-27.43698188231388
-27.45166895784177
-26.575678207774683
-11.963620769080613
-12.721275637105398
-16.057304831388965
-8.90542141176275
-17.606858708638143
-17.342223736274818
1.0040294411648207
-4.26262814548554
2.8420643958072476
-1.3758209587812575
3.5739783276579766
4.2303373835177815
-1.0067828738557718
11.344205807998454
10.346002195547033
6.831017217740179
7.729273724472742
8.025343929922771
-11.336777530978965
-10.424508283145498
-5.053691963754645
-26.707698063417357
-37.72907622734511
-28.849414256277853
-31.453359485775447
-34.9032339048384
-32.25979065138866
-20.191369619697564
-15.303074199167789
-14.242819447632467
-10.68053127422552
-16.714426426821014
-15.485105347169652
2.2230226565117834
5.133877742503777
5.785480916902517
7.150433429043533
7.072251270890951
1.941887161298348
1.6108167850392183
-3.2079043449289077
-2.3257264253516743
-0.15243100443479132
-11.946662384178648
-15.173546973093801
-23.96540085562207
-26.908342616388094
-31.512743459412263
-24.473771633619386
-24.93860318173325
-15.602878970567973
-9.538818130780232
-13.924369385817766
-19.225772009174644
-7.92945071810778
-8.209279037038733
-2.709871508779357
-6.660844463656446
-3.874823637582904
-14.925946129303405
-24.16758781049277
-30.057546420376593
-31.57015117171289
-31.5092302613872
-32.243926640281174
-34.42907592870388
-27.609939830894493
-23.17423182622
-27.33393251510077
-24.559392663745502
-21.712689014727758
-32.318521820667904
-22.330205978578213
-24.188992050534054
-27.47667072751848
-28.71906440865889
-22.584532161360073
-13.010608799872553
-18.027290699069066
-10.555591085707142
-31.48189638735577
-18.535589099488234
-15.564271450983846
-27.647687103337148
-8.60074620413235
-20.66869527867751
-19.49774932708833
-15.911361631385141
-26.42432598004615
-29.1434013365106
-38.19395769186641
-24.425848689281764
-33.93769297932553
-25.88592248391337
-30.50710365812821
-25.68994243284579
-16.312844708567546
-30.648741730685487
-23.248857147887765
-24.52938394381057
-18.986280657212305
-22.494176915142013
-14.25400591151486
-17.09073251662832
-19.7568772935428
-13.661769369074669
-21.301420288150496
-17.003117914312707
-17.75990635859137
-10.553201560788377
-13.973413583566256
-10.110372288621743
-12.605919396975596
-9.227454152882313
-8.142136553546104
-3.500865469311377
-8.614476239786839
4.9335682739596765
-4.0410672461523545
3.6815429164032016
4.978597353126277
