-32.74571317106796
-33.976165730444585
-21.34942484632222
-22.986109253883352
-33.15821154832874
-30.50783864422249
-24.730619393801803
-26.18974911187502
-27.156663276689876
-27.72719203593372
-11.968273783819448
-26.17530611307237
-18.251944491631534
-16.362045694214903
-17.883818587367973
-19.976349881151254
-16.698484441593227
-6.619356242256246
-14.182353916165516
-5.845498522011184
-8.206053540989133
-30.553620100695372
-15.008035686867627
-27.614181137303948
-16.957269506584115
-21.18928451092429
-16.422247569144652
-14.862394743074674
-2.8494069484640114
-23.542126053894968
-19.83062801366754
-14.16374371412542
-14.60277657360768
-21.338423737211077
-10.291176120159985
-10.167240538333164
-0.8992346957221067
5.30649538340945
-2.2804437729065263
-7.241642309294504
-0.09426241949413328
-6.867709221680392
-15.471022751940616
-21.356693346113605
-10.482429996005044
-14.615597487569795
-22.328099074080868
-15.439881823430149
-17.77878922566812
-8.089734862813858
-23.39261576509963
-13.619931269987354
-13.288502407375526
-6.482832295657739
-8.669173642277443
7.283714889759498
-6.5631086755928685
4.763535519549113
-5.236158735282284
3.1114712506434308
10.239521816531688
-9.582866163933378
3.6196795744563635
1.0027321512925131
-5.022718949444963
-15.493980745655934
-10.12192903625392
-14.579076314844064
-0.2868907758680181
0.4439404444224376
-1.7380816113408584
-2.7604893059789117
1.5375591318050628
6.9265798990836025
17.810285995871155
22.13667938124266
21.416713558432047
13.144374521663996
21.17107435095046
13.865838846568534
13.505815611042356
20.280721464863653
1.1062104314249512
0.6018532473470419
13.265613112388936
4.808385425345422
7.66179829206842
6.293663451246246
-10.971318752611511
1.5314211578054515
5.504006611461708
-7.5719692214906384
-9.63507715317192
-10.759572608134595
-7.989858087614089
-7.971232780192474
-2.5037057892835706
3.2930376329310174
-6.358590927396668
-11.293962986411342
-17.878840865488698
-13.78629420436218
-5.2505302749080025
-5.5121341675232784
-2.941967542595102
-0.6176680100409404
2.6485000753884806
-0.6386751738554999
3.223055462157169
-4.469436972354599
2.1625233141803406
-2.32988809735088
-0.028721186904946856
4.3579542243354465
9.481557345452462
14.771763135887886
16.26445171516352
18.13312622881275
13.25257699909899
4.8660169963682876
-16.576466047629165
-8.76725483174412
-4.1332903328350525
-16.391547298075412
-28.2580626441653
-27.05727681135386
-28.746630061851768
-33.82748589787915
-32.98391193312488
-28.57978400113412
-26.72678160183813
-22.573136209274203
-27.231113925165477
-26.370149329734716
-39.53751792761485
-24.072423681761432
-15.688367249507825
-16.665282829230858
-28.802268240964626
-21.002017291304806
-23.728958179717623
-11.335251570615654
-7.037044431392489
-6.803939123870148
-11.466928540567375
-7.771940302451585
-6.521441504928516
-10.755759467127794
-13.84299991609675
-20.313561770066546
-18.431229797061594
-23.438222616925568
-17.42906051637704
-17.823501703682357
-16.163660358036207
-8.837281045397292
-17.494174400366802
-10.69665834485455
2.059799466269798
1.881568737959904
7.8876894026975135
0.3065663763893801
-16.946387264283818
-16.468092205072146
-15.025702433985089
-16.779288181041046
-27.503044985133943
-20.899688577537308
-26.673247709983592
-32.838442785512015
-34.41867533998061
-36.32610441816133
-29.36347072609617
-27.190266391175562
-26.683412369779443
-34.65533916423875
-52.164398688847974
-29.69302716182944
-26.232297045112535
-38.480665072812734
-28.242373512114163
-30.046547557420613
-22.174518088689766
-17.504740626932133
13.226201436478142
15.783932990808498
1.5662276268777189
6.714025161024956
15.533457960739462
9.654879013828117
11.80813147165492
23.802018917187816
5.951012092678571
1.3618232971055244
5.058369951635892
20.060403492742374
25.46479824273409
36.19035876359555
24.383227289495764
27.538852779820534
21.816345934063314
19.200524286003933
35.077580854340994
39.626762654436405
23.826757687003337
12.25503473348278
11.587171038827975
13.645961872367424
29.10965140337433
17.072006084896692
9.341400674723788
14.810099383919676
10.509315827824995
9.502072374822731
5.853788933253669
0.6320107588263076
12.661997278395535
2.4484068589282746
10.18886529831276
13.178421562279134
20.771775160094663
15.35229746787344
12.034398164351364
15.770191705111165
5.891584070199585
3.944311226240673
7.555242960492588
14.13875432629127
18.707673332903184
12.605766692077331
19.200723882342665
23.8132815851008
34.46089233560196
19.40534537404041
22.438611842120128
8.215148235026227
14.351967631648975
6.460081135232233
-4.991920384377824
-10.165770127168582
-23.602746817475015
-33.33259748504199
-46.97835779098818
-49.14732764013935
-35.78862421983485
-41.74452214271594
-54.31603250199277
-52.02973603031232
-36.500615647054296
-65.28182086349358
-53.406299154916496
-59.74379528267646
-42.259113678119725
-40.89562910963628
-43.56795984790142
-37.07080960452215
-30.83973323312416
-33.340286956457355
