-10.942657939655907
-16.732151231156582
10.9464982594945
24.25118292635996
11.619582640641944
-6.6494513272231375
-3.7486229929520296
0.2557622862184306
-7.634015517580023
-25.106584514361053
-15.760447623833999
-10.156539769947695
-15.216362475263741
-22.276564775723447
-10.673729148808878
6.053504708169491
9.411863426078712
10.003821457124367
4.297498756357984
-2.3150453892258005
-11.361442555781656
-4.524083013964448
3.948310596198637
-0.9532455483260504
-12.258297416550233
4.528090888720688
16.76998709944448
-0.21830001697867807
-2.439188898780234
9.331558458210043
17.64114484107455
24.027329104055816
35.73077033514883
29.369540690045834
31.59703882664731
26.8715891566602
29.793113068065537
38.715029871697546
41.142026605349564
24.07526842622466
36.96912218069893
34.419846648301785
17.71108018591464
33.69446110220045
34.49209711876189
36.59631979922359
37.49361829524778
41.195535934019524
31.485927758082532
27.6353814806237
18.14381685794102
3.6076834599246097
0.4857837903141137
-1.686250435938463
4.021362095141237
4.1009657319508666
0.09218098889346196
-3.2140032208859717
-9.935608624471607
-1.0288870952593978
-11.756137631473706
-10.039300912693877
-0.95859748484938
-7.332596628148638
-6.287335787602192
-13.675596906574578
-11.077372741108947
-7.8029912136553135
-15.495699395250716
-4.855765950737003
-3.5563930970220783
3.352721737038338
-1.4188112457809112
11.515587752575918
13.001701551161752
38.03236119368329
40.334991210014216
33.68490773054438
33.12228614647399
45.22661202684011
33.57081432631567
28.83224102571181
31.663986064283705
44.63488302347431
23.59984498758729
26.590857880749816
10.223555090035198
9.008044196548644
11.66645121256673
-3.688087879014494
-2.481094740520952
1.1850360553183432
-5.660941233326111
-3.220376422571188
-3.9283567163598763
-1.1217211956025792
-0.7092080217212912
10.914499068967938
-0.6370889657625426
-7.069602223486768
-7.21936606466605
-3.096032568899715
-10.072539238438491
-10.944952426149703
-7.9887197317030685
-9.69496345762993
-13.803961027877168
-4.225674165373955
-10.138378105886986
-4.371323608957138
9.257152760127923
-4.493408761561716
2.487540650421234
-17.12763282908389
-4.7244401313774285
1.8707279269639332
-9.732415684444561
-7.570808850314857
-3.2420061606351576
7.06830226393139
-10.277314950380877
-11.538319645323472
-6.538611510188902
-13.591533369030607
-5.564063898277276
-8.839101168497473
0.21119487898613296
6.437733895083167
13.122506092402768
9.978718049060355
9.781844262025613
16.42252930922054
3.5400159964363493
12.23394421957757
10.066577855643445
-9.982929653862703
7.079879478007486
-3.009107862864677
-8.52736211081095
-1.1789633474967531
7.914011597424753
17.345134897051256
16.916065951434128
29.197643765560088
11.342589850886574
11.390373780336109
14.423213620533428
25.257687275544033
33.121524824659915
15.827025836765742
28.319685871296773
19.617002856084653
17.184717468637277
18.932465346470632
12.919101022397498
7.085072034570247
16.513029545218053
16.91761889642209
25.336929549898933
12.193531271183168
16.900264849442
24.984733588781115
13.292789214311512
9.579062249737733
7.0333338275794235
5.273501301541121
12.21739812954783
