2.672415126213857
11.909271133244806
8.353207734032885
-8.125236673331495
-2.2486847767677967
-11.346671573359544
-6.517095271658103
6.299125843337729
4.450566669779047
-3.2117517150878485
-1.2066265588016634
7.004733917101473
12.421017330093784
-3.958325166964603
-8.704493615230499
-6.723011365139918
-0.7581609874875005
-3.512067206354321
-0.5185984321318288
4.165931853048547
-5.4663603726293175
-8.380837919553016
1.4212180863423884
-6.934837324563768
-17.526669192895643
-14.464317049541393
-22.197404147655238
-34.53018330850221
-29.249433137369863
-25.978790408093985
-16.279001169553506
-13.957383924034273
-4.363709596733786
-13.563733626949848
-6.387533359482629
-0.9899590562010004
1.8436136441374409
-6.837758237706468
-15.936452198603476
-17.07910445229243
-2.103847585438636
-22.514947948494143
-20.467490162307588
-27.022083393869487
-13.920207645875072
-26.499847796748906
-18.68305248788781
-11.645965662200833
-22.56408421596454
-13.071600826553615
-0.29707591730528843
-1.1703138187578332
8.11449549806858
-2.840457866851467
3.602134311490918
4.302007838303775
0.08865953771917301
-8.499045850372411
-8.61312130579859
-2.657974508217733
17.30337446339807
16.33118854554352
19.86102504678089
18.9951721422395
12.683303632704398
11.325921244459913
-2.869335263690442
-0.7286186952364656
4.272349409640383
-11.415710772801836
-13.702207974160602
-9.060410277453519
-2.388304418281637
-7.6967426699229575
-12.358538966763554
-15.319605091963513
-18.15677127111897
-12.840355908565366
-1.3137729717457194
-7.673280943760903
9.679089081705463
11.754922528998856
5.046784566658581
17.678523014226727
21.555521609163947
14.335547993306534
12.14790486784622
14.100644000871375
16.871010528352386
6.387947124935054
2.4312629216682025
12.870229616768551
14.054637370098126
5.4380009269932925
14.951667889938474
1.561067781598384
5.848774184790599
8.223007594712799
16.118292192128727
13.031525670606909
7.412095954774012
6.711868017837461
0.38210128239414
-3.3718499527981325
2.500499640357014
-1.106633056216514
-7.316556697165753
-7.667839699717879
-11.134426489168382
-8.335162997922563
-14.042996057184943
-10.682350480776948
-15.533855992855699
-18.27037874506506
-28.21136654817901
-15.791946335320144
-14.283666723433688
-19.40180614966597
