1.4603898687755474
6.530002077820679
-9.296592490519156
6.692682690500082
5.300635863312023
-2.844882020653982
16.155918530471205
9.618563799403782
9.915828796527151
11.002237409623246
5.345270825056068
-0.7351469948802022
-7.02732877328207
-2.4010311695697486
-5.234263012051226
-5.5650226062684
-4.616650804885227
-9.837783197834328
-11.450146434446907
-6.754336085370841
-7.5041381849205315
-13.03498627824318
-16.415012269031372
-18.506036748117523
-12.640389711747698
-26.87973918692544
-21.010481588709048
-22.251658442291767
-9.514378358444867
-5.447077345635201
-14.427748196906636
-10.903554177506752
-21.860284109018988
-9.168559619138795
-5.030718298628788
-22.11435446769608
-31.62201892657981
-5.366327867993176
-3.687532495741196
-2.0977963990435256
-5.380355481329347
-0.4036400256698172
-28.826920710524288
-35.663255392559954
-18.631582213242712
-33.66191224981599
-42.31652741539527
-47.73561784988232
-34.942124353009
-28.826050534925265
-30.086214138648877
-20.55780868888601
-28.800188786772903
-13.437194652375537
-26.339441632264126
-20.502224276604593
-11.932835522968185
-22.420734871910486
-22.132952496058653
-11.42951763698476
-12.836675963816848
-9.26078138932702
-19.512145056662238
-21.345875070791895
-8.628998479193706
-8.946728253143451
-3.8384900096027623
-7.599311246576124
-13.240285982592097
-19.597125339496056
-28.020718434110645
-20.643442067614988
-23.835195531607933
-21.669904220538168
-23.62815800661555
-9.265667884606088
-13.995506338065724
-1.930701943590324
4.075801162157683
-3.055374862383806
-2.447029376322242
-9.204933714539782
-41.217939164207294
-40.35854703364856
-35.35343239070621
-30.202363637526666
-36.865429196132865
-25.390743965099354
-32.026733950289625
-35.67591034097482
-35.49436093945276
-44.1286942162396
-38.82997718020624
-34.14445311399685
-28.71453424255689
-29.95068320638804
-29.943562279500107
-21.43826464655175
-22.463290327580644
-27.06235417224832
-23.18544827334111
-13.323332199791624
-16.97480300521335
-21.5295424398263
-14.011159325291539
-21.62392361138159
-24.75572958931461
-32.84254697142281
-25.487863641999606
-27.42340016564681
-30.41027158461405
-23.388643020467725
-22.548611457980428
-2.301002618184478
-28.8587632890436
-10.807516623506412
-13.214285956607256
-24.05373245559816
7.3533349539744775
-4.634116375285356
-14.137653075405106
27.840903009961853
26.600113584421354
13.562782929926634
11.376927574462552
5.687950866912737
12.362204627370536
7.5542483932000195
9.037008760794068
5.143688701388753
3.7649560571715193
19.163558973271247
8.341487486562201
-0.8834229076941714
6.365890509934371
9.004404967392373
8.672981563202258
8.321746615285042
7.3142119707677775
21.16431816658125
20.32619655397063
14.451249126217133
3.9562815564051217
9.19490612791019
1.109661576428977
9.505927736301585
12.114410734274616
2.515846961653889
2.334178515116748
8.76102800196414
-4.7250391173720265
-7.2352001575187455
-1.251685953524968
-5.597009300156238
-5.013414269962004
-4.415005962487418
4.993822756685768
-7.398303967904643
-13.968746278932034
-19.45301260567757
-28.977049233429533
-25.88842446892957
-12.839409178049305
-10.294026753993242
-14.89871837242575
-27.33560177490215
-15.856592487109165
-23.89479423369481
-21.246903082172032
-7.212795998724213
-6.351898901056467
-5.934319469823384
1.4115352589078531
9.31482104985557
4.097864579298712
4.148287862112841
9.366130246342992
3.7648871346919193
14.418710351929612
8.720700583022085
14.81469232469199
-1.7779640671348345
-10.414970844494553
13.289426136732613
12.216210951257526
22.98087605791873
10.951872028179123
12.366035094076937
10.847372585361397
14.117048800427014
26.05162741447567
-9.405160735302813
-20.82433746848356
-15.385620470204067
-10.273482639186614
-15.331788564261462
-0.4574444272906231
26.017710459817422
-7.7236644064994255
-22.56046518139008
-25.29587474267347
-28.46061694154796
-24.7380576458594
-25.814505483928148
-34.47339283272528
-18.78631519497949
-17.20485417937929
-10.343336376978787
-24.133087726636706
-13.597905589269589
-32.83960784143669
-43.65636041322717
-39.883850905069416
-33.27346957899264
-44.82380770242178
-39.29293861207749
-38.97763117635353
-22.521644873649073
-32.430811481635224
-34.429262409904794
-23.024786393985963
-12.746847294793215
-5.066804443751192
-10.056231188243412
-9.201909292087556
-9.952349386350928
0.5432898231441297
4.577721397033517
13.359086397418015
4.202676812523349
5.01574668564727
-5.446222136877187
-0.6865336096607227
-19.651271214480566
-16.525506725392212
