-4.731534863696862
1.4585730196672575
-5.8891621306319974
-29.163861957823745
-18.90082960276653
-25.303095953547853
-39.58157238941823
-24.30198806452125
-21.099701727032482
-21.08613491482614
-16.599045388527568
-3.3913074290011966
3.887748598370412
-0.5188041514328654
2.5679641227509857
5.064170569802742
3.886076688682528
5.887037712295271
4.208358262295172
-8.516751188774164
-24.86490613523096
-12.039094039567455
-2.7789027627723457
-6.650477824920232
-19.39232489565113
-23.854544797042152
-14.006607856524859
-24.4744262302636
-31.231755890779706
-26.532843533784963
-34.30405358023307
-38.91983081861797
-24.380032245407534
-25.467541648271407
-17.232839689627365
-18.773709760023642
-19.86482813551328
-9.483902407722155
-4.63604122039666
-5.328161707250843
-1.84533323480558
-0.6925964620357574
-2.27413707733514
-13.5445752581462
-15.873459929664733
-12.520724148673079
-18.376808559829744
-22.287670161734553
-16.869219973210477
-20.46673036346025
-27.83637717364307
-29.271846618709752
-22.318535537715302
-9.926194737054852
-12.695866124768159
0.6047686905806927
2.4962021526300497
1.0241929525245927
-2.7313384530302005
0.7876820737864634
-0.06932327870055299
-3.5733739119841204
2.8392339640588755
4.390613442116547
12.004868954882596
16.71688469593953
12.453611889449641
10.057956070391953
-2.031054653574124
-13.019410644786367
-17.89918067440127
-20.53102371578649
-21.474891737775522
-25.77664995843093
-23.21817446909089
-20.50641659337896
-26.67699994689263
-29.60199256941346
-34.71605405525818
-25.642183118387052
-31.34700771761654
-46.19968400499778
-33.36397755449101
-31.17154069227193
-30.79159729164704
-28.178302028611604
-37.22072207968802
-20.519589943025892
-21.924310632160285
-24.832834933028003
-17.39662433510713
-0.7445481762635587
22.77711951403889
12.303840906089507
-1.146741401049599
-13.018444753012956
-8.915639289694926
-8.543210448467232
-16.8505355655385
-17.2340388636272
-23.00197916548724
-16.75613445714905
-15.826435143908341
-20.333111653456108
-13.854704506853324
-5.448066576055851
-4.146543081990885
-0.6379707100286567
-4.272283527502356
-22.90739120011707
-21.35961645636291
-33.24496266094341
-31.239505597572137
-19.869806834643644
-20.888783084400266
-13.52545355480772
-3.5059219775563606
-0.3902119222260776
18.198156947337974
4.564489202473356
-3.060867760543589
-6.837545433638928
2.870563276115118
-18.12426048321317
-9.90658366134671
-13.1371480818712
-10.197877009035329
-9.889229640444773
-1.7658061748512892
-3.10472823735883
1.1296763679571673
-1.4175687587047832
-3.2449306516170338
-1.4232346453786082
-2.3787210070992
-9.308138322194246
-13.000144648882847
-13.882095472623774
-8.717352180841727
-6.826813016859955
-9.926351611641193
-5.696025163908134
-4.8751179934432685
-0.2625062160642304
-7.9858234581971015
14.184850802804467
10.879010583239042
14.797581292177151
12.625646769159019
2.0193955993167285
-10.952942039684244
-24.789815390047163
-29.333869716248945
-24.249347258674074
-15.09615803218159
-10.581600972269673
-18.03034174908363
-21.67429469410237
-15.710387738624398
-18.57986897825681
-25.219200086086264
-6.929120019689844
-2.3463434519296364
-3.9010295456654065
-2.914681161417937
-5.2922149663399205
-14.680142712298302
-54.136254066428954
-55.46738746674962
-47.615654466877004
-35.67531458599754
-38.0465396481575
-40.455045222960074
-48.837574404107826
-49.034650266513154
-38.3151979815807
-28.95692810070773
-36.179497686787954
-10.199665721748039
-33.83142370893299
-27.47413346454543
-8.764611922936794
-5.865121419799376
-4.180388600469232
5.189139216741758
10.363621297570749
7.725397711457714
5.0260198772903895
-5.354937799174063
-5.579893126844643
2.8153865608986735
-12.976923643980756
-10.164371420107946
-3.974484640340017
-26.651598968918947
-18.50768883284364
-20.78104006944342
-20.38872443184243
-19.45623897587752
-31.134337120065165
-31.92107002285274
-33.77803685158235
-26.922273108243882
-28.243482332227543
-37.959978985301206
-37.826792246729845
-32.949516763796204
-24.345933079194975
-22.622465575957307
-16.379210152165278
-17.132965973467883
-13.819885943617823
-25.22391121640061
-31.252144628778073
-17.9584698563561
-17.577146712485842
-16.756376636517427
-4.999044817996089
-7.434800576184018
11.313106215759321
-4.983104986304557
-4.8092359411290655
2.6266744815576724
21.75184906588607
4.950590475409181
0.5414249368890139
5.728865794969683
-8.590588246730809
-8.357266259885144
1.9204666797200087
4.2835053417801925
-1.3779847748979486
-6.570785746312055
4.495072281642137
2.7377399408297984
-8.733538152872232
-10.37521088029832
-12.580457187060304
-3.933944387375973
8.325165158748879
9.834895048448214
13.759978284273961
2.3161075520334946
20.75489103172983
18.673311278069736
15.740470716618944
5.8916185718166565
-2.6696729734272795
10.403414294729817
5.738327516745284
-1.9371632846909528
-7.069441776227724
-9.857049941253763
-18.159348874965428
-8.115929009570007
-23.327784484809502
-23.482294143783847
-24.83293895389874
-27.823567144936533
-28.878076096942515
-33.2106327458605
-47.0479781579532
-40.0888692982232
-39.44494250263455
-33.528028315193374
-27.515974362651573
-52.70077401884025
-45.2672469691048
-36.383194571005795
-46.13276282237281
-41.72007466274994
-45.2461758655064
-46.54178776971858
-43.867856474002416
-32.35796889960032
-21.22314385369414
-13.35247379126974
-13.701801423619154
-6.074473835349558
2.3758939261732257
-7.1726345960050795
-2.068511683576748
-5.709931425781847
-5.584203372732426
-1.3624362598694015
-1.750879736442283
-0.4661345906666966
2.6896817844003755
2.8186887009942914
-0.8197389840012775
10.995330184997103
16.252968242400268
