5.0163941716697735
3.941488571072109
0.14050141365549712
0.08768411787384295
14.680392303888695
16.319580000715288
14.530075418874473
9.112997067265855
8.306901741946561
-14.659166416447238
-16.604243018993127
-9.008273963735268
-5.454905810529305
-22.661252400916467
-21.062014711403027
-11.495659164879859
4.14084894939041
-6.914047808606813
8.699897910027744
10.74993905490591
9.64829830122005
22.33790917263171
20.84562033433314
19.890795280031163
20.740484820760226
17.224645287883803
13.10166459237482
9.967958252779058
1.8909504612591064
1.91145150343888
11.869887326525685
24.721826809492985
25.384548058783693
18.66946986367316
26.843613420340013
20.01613275937817
14.98077924965256
27.58536757973701
19.687379599013397
22.215016316820737
13.627964801544286
11.939433801779535
11.067466286547587
7.78876149581877
-5.682952862539487
-4.0915373392401895
2.1942500593939087
-6.7463052183392795
12.84842192964274
8.777457966363105
-2.4927097686613884
1.8706582687798017
3.0210122684501166
3.0993255287240635
0.27447414034991
-5.009429240918801
-14.673310530090385
-4.076936147670424
6.698136067555564
6.603036035765481
11.915537904584825
8.402207417198813
13.53186100797658
2.5789766053701393
12.045910851316929
-16.23688871871469
-10.16179016120032
-10.733571220093292
-20.978896117122574
-15.30683862589437
-1.3545081345523708
-24.759309117486247
-25.96929480579734
-45.25756813760764
-40.24684799780845
-43.956784968355294
-44.5937512879456
-48.00705243991155
-51.45305290675063
-43.73887586783097
-36.06836627203975
-33.37159843709007
-21.8105280856776
-28.79441873639025
-24.856689807112343
-39.206716737051906
-5.736389267477264
-0.766169002430413
-15.140307293028304
-14.279948653755074
-25.753789286082906
-22.66119051446933
-18.89661361685424
-14.625748682389213
-8.540468532422526
-26.544898379094462
-10.714303281644195
-17.131081467598634
-22.39276200765049
-15.377400363070034
-11.58124428021859
-10.492542984459911
-7.263347292034617
-20.321223884745194
-4.525149692220479
10.408694441807405
4.832798832492983
3.8810792393534506
-12.53287925333956
-3.3045419558443396
-5.632240846009171
6.141502124150944
3.362606027684701
4.38873061377507
-23.515896477771633
-13.077060637149561
-20.82450927536054
-2.4463962734876974
-5.371230362707896
-6.826870488475159
-8.773391008353293
-1.0650970224119305
8.072721720180889
-5.09356801143992
-6.388490791254504
-15.287985853575275
-16.807245626319958
-3.1069934155305687
-10.440288810128617
-10.902642276454287
-8.022777780396233
