-24.284158623273346
-18.512664831605683
-15.747008349959724
-16.797279921952455
-12.897032148445449
-7.473868635462779
-12.720885692699607
-5.4313341274778155
-8.829550417962377
-21.021602848502773
-19.985762571470648
-17.748185451952125
-15.67358768843719
-25.314105832619997
-24.385318146014146
-25.058613072838174
-28.64171426480016
-30.940202957061828
-23.828685700862643
-31.96907907292455
-35.748167904000006
-41.255709007530925
-40.41798550245668
-29.66962637716681
-31.12607402588146
-37.71546388171952
-47.31799883524996
-44.64857387728043
-41.821017033678174
-33.183637681277574
-44.3805253047422
-44.01041384923661
-36.44963928198833
-43.60002018023359
-38.513630400149395
-34.37612362712924
-40.158849983128796
-40.236161094488715
-43.015671482675025
-36.40178601417401
-30.09948474795512
-34.540566344509216
-42.799215612275
-38.74066891622278
-22.430273488806453
-24.726150747209797
-28.455905290844488
-36.77025089679461
-32.76434838653181
-14.323243318953192
-13.816418277530284
-12.085401654613644
-14.55906249779383
-19.45733625710801
-20.32748541550143
-20.123893625977853
-12.698873217362275
-18.171582717122053
-14.83549119415545
-9.469483245258807
0.5713433929373254
-14.187037910615238
-11.718946034951413
-15.140514141029348
-13.698281840269635
-12.220173450728199
-15.045628307661552
-20.326372465540548
-25.919792748092338
-19.048345197614555
-17.456151876067118
-23.453586755876106
-24.58845822585494
-22.47329839621192
-19.484541230113784
-26.853057581009963
-15.340605199446447
-9.256265747090357
-5.3867804326193465
-5.2270509544033095
-2.925095153841924
-15.995032172127392
-12.123718196542134
-18.92501968299189
-19.901027824283947
-16.565667015229188
-20.08927665963716
-26.952651177754785
-26.13989748862409
-23.646771854456247
-31.62467079156896
-29.883375231238915
-17.29730851604487
-18.2745726431649
-26.690935160277284
-35.55827578146464
-24.829755383902054
-21.676542644991013
-12.037286091403265
-28.05374401411309
-24.572953475010554
-10.577621639573008
-13.141904974155706
-4.856104595638594
-17.247104800441686
-11.628490913441125
-24.01241933421285
-20.713528295116266
-20.696516479606718
-25.20388827807486
-24.379096651639127
-30.30634811455597
-48.55506940589428
-44.417877948409576
-42.748615021557754
-25.507275017459325
-43.44443857818846
-50.463376317684485
-43.219259404047015
-29.781912401752624
-5.297507402718983
-12.092696552776447
3.380853061277348
15.21483691538441
21.309828567129262
22.065237373595387
15.789631620110375
5.749656137725519
-0.0874024570785214
-26.5197217819135
-5.874306715885076
-7.1903478933678695
-16.49043196510195
-9.229036473639397
-9.688458114424382
-18.927214507209815
-13.842124790572386
1.2092843509826072
-1.5684020186122378
-0.9978093540306424
-5.5154333595384255
-10.634832721648127
-10.79215972783124
-14.458193367852507
-4.354899933076428
-3.395673182570333
-1.575452773689045
-19.829886481312524
-15.986348582481055
-21.532113661920672
-41.30642100333923
-31.041880784848853
-34.75881894353992
-41.83868960375961
-35.896730552571135
-38.055704904120155
-53.856350654448434
-45.238544802644824
-56.59535789766555
-42.29588290027155
-52.4706202701226
-38.868982001355725
-37.70088670937732
-17.20983617416827
-19.62776677168572
-11.016297882582595
-7.145690464361682
-4.833414121887317
-6.8935490440017775
2.3437037004464143
-7.878739250544199
-21.117393447451867
-7.114478237223624
2.1654630464822047
-6.359156265232843
-11.153739919392992
-2.0767488497437947
-14.977491088407696
-12.136919343250515
-13.308283755159035
-17.71351009424852
-17.388463417825452
-8.858041176715107
-10.487282214448811
-2.67351365159136
0.8122448478691796
2.1057524834648147
1.8103722093974728
-3.3930087436355008
-7.731259985993114
-12.852196426876507
-21.240869173688093
-13.993313434794898
-20.09857688657381
-21.530150943711533
-21.394461809549625
-15.635803156212926
-13.508969034567425
-13.925952706798027
-19.76824170061122
-14.485649128388234
-15.949658185061539
-11.553189412534685
-8.435597381776892
3.64189072465076
8.368176910831522
2.0786010833130097
4.476691552864085
0.03860120073885595
-7.1088461515278825
-14.222472195237676
-20.612684746179163
-21.64749776956812
-29.762291884616065
-30.95227304548651
-31.445495633943285
-38.08944877443474
-34.6129003605416
-36.759635147771064
-24.12218476494915
-11.560820189421994
-6.705007489979496
5.210540968014191
9.600165468842867
12.838779261378043
6.071464616065803
8.739067405954769
-1.1703672544101953
-8.033708397344817
-7.95147689821675
-17.419920938562985
-20.161222762198708
-15.73157390305061
-27.680199458406967
-16.851447529175747
-9.835454860562377
-6.368986972750228
-17.730029242553908
-22.574940371633748
-30.160299847308625
-39.751748883723614
-46.686913356214525
-45.638880234279135
-42.490994840171105
-38.12251298978299
-47.47768031494786
-34.78202578038022
-30.727410113219403
-47.83258676433152
-48.78168996814983
-34.34169144125493
-27.204117137462816
-21.101111703517734
-23.08387987188469
-18.2892150739508
-7.234268595471568
-3.2678827236979955
2.3791736433543336
-16.358764247079595
-16.292593530072903
-7.969181679371352
-10.987358323846417
7.227011512675643
-5.722810990789238
-29.209826079048554
-21.260895285231193
-20.43451620374868
-25.765882107720127
-23.073157334072658
-16.861950592077804
-15.277518266688107
-16.336502381758184
-2.701366939413584
-10.893532427999645
-13.732277409358847
-1.4135584469120148
3.595396499608212
2.768642108047407
7.241027396844107
7.038459721268334
2.6808476692315657
-3.860341683231752
14.769757250951828
19.076434719153713
14.661284718214375
