-4.341012704626364
-10.995450154335046
-22.982086817620047
-5.008700496645353
7.2595387149124875
2.548509899571849
-2.156052818148148
21.22599943604288
12.27667887330424
15.30732617362519
10.782793051934986
9.185212007015842
17.60829586126789
5.8041263870161535
17.75737927304594
13.81344147033181
10.67177010854046
7.405211447565732
10.692834548188284
6.326067235053311
13.843057943206727
1.5400291228020255
6.931493642657192
6.335681299042789
12.135350758392436
8.854312646339984
2.265372969846659
7.078911177137969
14.663779837218403
-9.603932035802636
-23.447742438423496
-25.68920709765584
-18.793436396487845
-6.972989443450117
-7.472458271361778
-19.906675102595337
-23.007720427213126
-11.437266486978206
-16.16654152428314
-19.844279730456396
-13.815246343317881
-5.1307983494458815
4.235159245892048
-0.4747594888404998
-17.580155455539025
-1.4769587289891937
8.799783499440327
-3.2698222315521184
-4.098135740378373
-10.181483497736279
-6.685819780109463
1.2509937999081209
-4.883905665823829
-19.26973494666589
-6.350069687215169
-17.870737665282718
-8.005630958689455
13.488515367879467
5.581492370604532
15.811678681320267
8.825100453192126
7.473311888999463
4.7347913516310784
9.993564982444708
7.100707939701498
6.5490906802514655
-4.738471197995955
26.306182258554678
12.544980020817206
7.113700849457775
7.886742498419185
21.596115058082265
6.164016694210295
1.0662133823448312
-0.8027061062074878
8.1871056084907
11.226705005595331
7.78476687238232
1.4152383352252371
2.3922713506370488
7.647562025810603
1.900321498153248
-5.912768549702598
-19.463398055757324
-10.998417517329452
-13.331399281012429
-13.25322472924302
-0.3599760474743056
-10.603033891138496
-9.696283823616124
-12.901155853280573
-29.59744272151947
-6.658179646347418
