-3.888824243095745
-11.14074300146218
-14.025183664198632
-12.44019805349244
-11.39660084529026
-20.101558974399218
-12.770826421058715
8.546154830657692
11.237943368430033
2.493679925883526
4.339700811946647
3.7343174753738846
3.5489728286237314
2.2503625424123443
2.7313423230429517
3.705983304015634
10.28277008994215
-7.919530739552988
-26.923172023839136
-22.758530738046712
-19.514359347078614
-21.525412880922662
-24.063790241937852
-29.127582707716687
-17.888691246136073
-26.53695776781705
-19.351002894354924
-22.637070090930735
-24.87102183809941
-31.19213008269627
-26.28638927374264
-37.09943108513876
-25.012812851018467
-31.637267388393198
-30.714966102423286
-26.52268941259119
-25.493884293822752
-30.855011913256828
-13.988141465899945
-1.492687779825474
-16.313394644859542
-22.74390138045257
-13.23422246380466
-9.025589306422775
-8.39105403754242
-22.325533730807372
-22.109921867369145
-21.883914286870446
-13.634739998459061
-13.243952829001351
-4.195293963550072
-18.472893442679997
-17.003637378649653
-31.633223276631288
-31.273044536295586
-25.015503648193373
-18.418720727678682
-15.735462500014119
-16.575658676933624
-10.233461928708104
-10.955681525113873
-13.752784261317899
-14.177385765357425
-7.364082551869494
-14.67230580849313
-12.966391086884027
-8.807411449820872
-0.14488071306950895
9.193769935369989
13.19118107805505
5.401239287969829
-0.7362625363470976
-8.501983460878211
0.4966158757037726
-2.091301061750128
-9.872985687317849
-15.435200277523215
-10.519491065193405
15.388751919085175
11.666869183285293
4.357906147428011
6.611927518575148
-6.59375173213172
-26.273054286208023
-34.41256228137518
-35.75750024294873
-22.73968625703209
-27.980660740716022
-32.792613475103934
-26.493719206690024
-34.030864647154694
-46.74267657587631
-40.201369152574074
-24.285809076012782
-43.808852585817526
-11.762326447439534
-6.312956507025766
-15.07207145231642
-17.361175465666125
-10.090232601376824
13.324471982055366
12.094656013953374
28.38983676812755
42.39752366061303
29.750652320652307
22.369291230680822
21.918138073885185
24.845056249585305
20.139863792017213
12.987639919267455
8.775093976362907
12.154324743086125
2.7895800168594627
4.573184748319869
-11.729859952953202
-5.503967515669378
0.8178203829001646
0.9446574552485044
1.4725658010018698
1.9384370685651624
5.774657784192487
18.34437680051728
-3.847938951501504
-15.700519805565374
1.0832423329022267
-1.3706598501179723
-8.868283819233794
-17.982095537049453
-18.586555935200625
-6.592470377075823
-13.823929918892526
-27.617074066034952
-23.394354183756608
-24.409815002156897
-25.868312207792048
-23.317398351595923
-19.379180491814694
-40.74802017225001
-30.990352848388323
-9.385183587687584
-18.68353386232968
-19.667158498659333
-10.680750566292678
6.449246005714433
8.580924322618781
6.904126509239679
-0.1416905633531578
2.7185008154902883
-1.8645307404033964
-14.551919151093786
-20.162026510281464
-26.763257418765477
-21.051164102641394
-23.498594861645106
-18.172838114576027
-18.788687900810768
-35.602821853631696
-29.314574301965745
-32.42942883622764
-19.009129693176057
-10.403563758493762
-23.938169340912793
-21.404259430917737
-24.882308825569826
-20.8652025494352
-32.19691531645147
-9.495375510303774
-11.864521641236708
-16.290994315749227
-25.099784923809022
-25.18081771552716
-11.53526702820178
-7.460234761528714
-20.78448748302289
-14.388497124923367
-13.371366980780685
-17.09985099341338
-10.21317595307395
-22.25302365382268
-16.59580368484477
-17.01517517229811
-12.029161140384359
-10.892656875425857
-14.640635695397187
-37.36756029544669
-52.6708012013063
-51.217683251624706
-36.05404841524239
-29.291191195215998
-23.75212292315323
-21.18583126144075
-16.085407189098294
-21.26068639709688
-13.976778979993705
-12.516937526101065
-18.300160543148333
-24.838014502804604
-23.791475427677053
-21.298947008349987
-20.95519734367991
-20.135312579075407
-23.14938042655702
-18.96653934003223
-31.20949466256605
-29.804845918177556
-33.89409506633162
-34.3730401337747
-41.79805830177056
-30.99618697069211
-41.24640418891222
-31.015336172936955
-34.098829533372005
-43.552712550514734
-35.33004331597396
-27.958307787989348
-33.714194620616595
-46.990597548219384
-26.399344319966012
-27.276275150093994
