-10.990392232609661
-23.47206798766675
-17.82933165116231
-0.82130797998014
3.9604021918232646
-3.199894458014431
-10.664283245608543
-12.532732970170972
-16.513214524897368
-20.40619950298005
-22.22687201915855
-9.74839136084119
-23.228057932494263
-21.173252192822407
-20.235939314140715
-12.774944455453987
-3.0737045020184417
-4.931888419665955
0.4482270295648941
8.992064793220358
9.553438196634813
1.7710319697261925
11.482767223415712
27.715671870301012
10.824780248643437
11.040271766132502
8.98000894936789
4.431854308225606
-6.842284847186322
-10.374221677443597
5.244832849841743
2.251062924358576
3.634793072553004
-0.6123225329187816
-5.329587973145698
-7.385854934619928
-4.299155196337722
-6.498138852846007
-11.390150863816528
-11.385539179164212
-0.5108679183921464
-14.608034205361893
-11.812425423832927
-9.007991983994906
3.7817088138559716
-9.31580894950743
-6.778383691885928
-10.976585289534846
-7.194279830673867
-5.847905944042312
-2.521608830029149
-1.6736113477854355
-3.2683695279655667
-13.301556768507385
-7.703164691012808
-13.284026812327413
-11.765980642646573
-15.774727878901787
-17.340216325358142
-12.222799565905333
-11.077727643699472
-3.9529080160457424
-3.8462273491480152
-4.979039820001625
-9.416435637179957
-8.029190050852987
-6.500902102169058
-6.345162680345164
0.08187129177705632
-7.5300620175030675
-20.4977402413508
-14.481478363017374
-5.363998816796387
-8.388186006920087
-8.569774830280599
-11.391552982790005
-3.206628925634675
-0.4460146062803692
-11.974891800209885
-8.998152398007605
-3.657395327585583
-11.554617494197302
-20.88130732979249
-5.342315245473035
-11.960781246605716
-5.7573888874612775
-9.190187136427172
-0.3453684263233384
-7.510232892919704
-7.7628392961543735
-7.898407822824228
-11.993232646792444
-9.238945813479374
-16.068011216747458
-21.31040081075186
-16.6298423537072
-14.219628191643562
-23.731681960920202
-29.308685304878942
-33.635459783334994
-34.32628581532132
-29.69622631710273
-45.31665929397053
-42.59888382714325
-42.946705940995
-29.888275397770013
-21.85699353479482
-23.186219620580808
-10.698075512997416
-3.3351545921707686
-3.935868947821263
-5.4808847562048175
1.7756528500711144
-0.9407217129814066
-2.0516248351177997
-8.507821196613582
-6.1744424352165685
-18.311242009366328
-16.706840759681324
-17.642496749266847
-11.92846697538404
-21.81370228117435
-8.28021743574458
28.469576357947336
13.221367764601816
13.02893305115877
6.589626303919543
12.095188254802563
20.985067208303164
22.31142156991739
24.103602553539424
12.746973351415471
-5.4270507174646045
-20.360292385258774
-33.66365477181916
-28.154792544635487
-23.079864490372557
-31.928698165067196
-24.69569253690668
-8.733075585062608
-18.487380878772328
-23.8435148911659
-10.869209356644303
-10.825184416822813
-15.363106086077686
-17.77720008043892
-24.065595924366196
-23.261797916103877
-25.622284756841182
-27.13709706055189
-20.776541811155006
-19.1124357443838
-25.21456693270611
-17.282735761873035
-24.711859910948764
-35.0362344347977
-26.194226339009
-29.74267377028777
-35.337905924819815
-16.498023908505484
-32.925725725089286
-31.641393693989485
-30.58163092498897
-29.932070758943333
-29.441411525915452
-21.47081902104129
-28.65573575278965
-33.831688757993426
-27.266408721896468
-25.686616135887665
-30.349353366507103
-24.90425780496532
-22.906894503262137
-36.0453966511541
-32.615109734087035
-32.432968937764876
-38.68413789712725
-45.84225454259261
-40.597803043902566
-25.541727017651723
-13.599398677938314
-33.4456597020085
-42.84473202715908
-31.368106324169464
-44.981544495971725
-44.03094301818776
-45.01954373125414
-43.39372809897687
