-32.545425153862425
-19.3598767171453
-8.221920622002589
-17.137729410615247
-1.4171608618683085
-2.8052521145250204
1.4226928908348417
-7.9800796580432305
-11.233367361588687
-6.417925241745591
-15.652831017041647
-6.229380259885515
-10.902287030649063
-5.359312666982072
4.687482492547344
0.8663389136657773
-3.6978225784112633
6.870821775989502
-0.14213452171694008
-6.683545315370184
-13.743980268245563
-21.862657185375546
-16.067648039130955
-9.772963512269108
-6.293595938387152
-12.147143590841733
-48.86473100941933
-50.27377256706644
-50.58638504347349
-56.882925089970826
-47.78335180276413
-48.053429846246566
-47.70855516925804
-42.12139901917518
-45.85318685775176
-48.6151797436469
-44.83762582350507
-47.78465663291937
-32.53067355000354
-38.5039077120619
-38.649601348253825
-24.69566313328982
-24.286615481654486
-38.17754213429793
-42.717848735174016
-38.628592097479135
-42.59054669342419
-40.020897825355775
-29.380388602133642
-26.460305913212853
-30.375507532062432
-29.221826980555488
-29.645371427337533
-31.410358160023648
-27.790315017071595
-28.047901670299698
-24.685650197010986
-28.880713770703746
-23.62090169805193
-28.74753837774175
-41.95453716962919
-34.252265927332424
-30.16846330711629
-26.534090667227183
-31.06794097012104
-22.077470335597237
-21.308217080035508
-26.71440010112868
-13.738052844809149
-16.12324433095899
-14.837872712521934
-21.12174267533609
-39.10025688163333
-37.035666784433495
-32.70748268452197
-30.92661493672672
-36.373264000194176
-38.888690877095975
-37.95429137138709
-50.187895218756246
-43.81266162090514
-46.09458683838053
-45.92467256559802
-42.50111154418719
-38.18108401446783
-28.623445708368763
-37.006924352986545
-43.64759014804403
-38.344552098453214
-24.862905708299927
-7.5801510445494005
-9.365794282080977
-7.882696095542619
-5.412283538169558
-0.5579455214560086
-0.33708840599357376
1.7599804073590075
6.266354238145918
1.002057162658779
3.934985287457147
10.671207460924286
9.175766010879077
2.7060082309315736
-4.437392740099466
-3.2074147930908508
-1.0022402150104477
-1.4038601538499982
3.476963002957332
-3.4177589914720614
-25.70549803148475
-40.76011333374841
-37.82464056667336
-30.25078206208129
-26.74896393068648
-42.98232120987676
-42.46159676327419
-22.112020784024114
-18.39230576135773
-4.847306054568402
-12.204856371382956
-13.286700654143818
-16.016027199892328
-7.230727504568024
-9.325699621349226
4.454412196264109
-17.218139786434712
-14.334749351802873
-24.096980125554662
-12.062078316077914
-12.885745262092414
1.6874666838536898
-9.07236001033385
-20.69087599351157
-21.402919684137878
-34.339609734384645
-42.2297293537956
-42.66371568641448
-32.53004562086653
-38.70337143183549
-45.23472903486761
-43.460090378546184
-51.541869296798744
-47.78426034688056
-39.85954929586639
-34.34270883527621
-38.78788496686997
-35.632064569731455
-42.265982087084396
-38.25473861767223
-33.006837050084194
-33.989695367080735
-36.70086907806557
-35.42114015483504
-30.314825347458342
-40.9799967553383
-42.254665182568395
-54.50908457370347
-33.703525608853624
-39.656504375825754
-41.305894181735695
-25.050906267430115
-29.464077652132826
