-12.550127633389963
-0.7377481806715382
-5.05840670497734
-7.093021577692193
-4.26145942513837
-6.1599905583963475
-13.917083727236369
-20.11660088536166
-28.15759504609534
-22.62966123391705
-27.25556907467057
-28.943740372830614
-28.99217103944011
-28.64705702800412
-26.28821547072039
-21.219417548948226
8.557872590505774
6.9288833875080265
6.110547964886025
4.6577327253395975
5.154656028003528
9.603008539582683
13.212363729914172
15.607210508408597
7.887458708460424
10.772909274663913
25.288112776911984
26.589608204188426
24.899431465475374
23.940683355650798
17.198045197941276
15.833211181335333
11.13198322748365
19.103715789105284
15.665809278402007
8.610049586005484
18.443145289931095
21.36358589601281
28.88585532697695
38.58727861496777
26.69568200141209
13.86695477736252
24.438647506822118
27.812214117322316
29.821236806688976
27.14862380068563
22.932809215289737
19.0969807993748
11.780375936933813
11.829290495687973
11.062058904073709
10.83987428521996
-4.594511147511627
-12.22602037181586
-15.902300475031616
-15.660441024201633
-19.348566820814774
-16.91563350723539
-21.41672950341782
-15.682523095187529
-20.300455151985187
-29.50026865957225
-21.414732712932533
-5.667359479128063
-20.613910280444227
-38.052148412262675
-34.33565393709422
-27.522154449976266
-33.11600837331773
-39.34886188385658
-40.11216670035697
-43.498059154605905
-33.35170645016765
-39.064999075932654
-26.821532433185524
-17.244618800668167
-20.6695539219046
-22.820968575696465
-14.026004824310146
3.1311513265962065
-8.007978345247134
6.903322712196102
9.28367938729732
5.708298452248615
4.844897882243667
-5.557843598191471
-23.25765513277059
-30.70485410173708
-43.143337210970145
-42.5323870036775
-43.39341237275015
-44.764020973289654
-32.83467435691931
-37.28643518321768
-53.756041098786575
-39.934147939838226
-32.63296953240178
-23.367901898415973
-28.500944813168964
-28.067542087209464
-5.868362487971639
-13.176577223350618
-33.20524011480782
-22.58256695280282
-20.737191016604317
-22.609584728621375
-26.418564042657362
-22.521356451382804
-28.000121270639553
-39.8063220008324
-39.569338894701204
-30.150613578639827
-30.135815469775917
-20.050058479026326
-22.96242809007497
-26.32366029835988
-25.948186092815565
-29.469619235747906
-28.574234782784856
-19.82164351115088
-31.73318148346072
-30.433386041604894
-39.24742108641677
-34.739303509609826
-12.908444549893186
-4.219266357113419
5.20005187139498
7.886385105346144
18.535270158709828
-1.0064835199812037
24.868863589665235
37.93590658658679
21.83272830096345
14.04105905557456
29.77929722202397
21.531419973067294
37.31364441609
33.854149174043016
23.00706990700213
24.909638143150353
27.899336265898516
21.23569368037008
8.951720826245337
13.6739685905065
9.12823322971506
0.5576838023314258
-8.604015063025312
-4.6627506811403086
-7.360173109262298
-9.230848226024708
-13.95882836979732
-17.585208960793857
-20.005621017663906
-23.242730863103567
-27.660081243210858
-38.74363038572414
-40.42084891054319
-36.74353248459696
-32.577863649244215
-19.89924857334688
-1.4627164017305836
-19.144396060474367
-27.8381856877604
-6.019679043409568
-10.13492824843993
-6.4077075273369495
1.5618152759588797
-0.9195624197328942
-8.50461163160538
-10.393378495511802
-9.153313083361507
-8.339986285908628
-0.9263704453243266
1.3426805437346476
-1.3000672526213073
0.3251186131285944
4.480500921096461
1.3104624908476563
-5.206235497765554
-0.8324258358171414
-0.5294758711492199
-5.756103500339606
-13.078194410416046
-8.808816381543275
-2.0982216793554183
-2.3264151798894144
-10.176724213238776
-25.653308143193232
-17.491415288926024
-17.44477637322596
-20.437602715927547
-15.819848035300982
-8.350343954322126
-13.337362439258364
-28.17467450769324
-11.2463920655189
-13.713471005433568
-11.810217797865713
-8.993297420182804
-13.985499067416455
0.10864713082378644
4.925196598322311
-2.9508448492963284
-4.853156004225123
-8.859485119746003
-1.2055432278446772
-7.32718744796446
-7.662513014601876
-7.467777503792451
-24.49933602953473
-6.626239367809883
-8.46079903027643
-18.923882495496198
-12.932175057986436
-8.072812220490876
-15.451560619903738
