-2.41116257413426
5.313134117325569
4.202031478706409
-7.907955110476662
-5.566938168934286
-12.221255615418329
-4.208555739343535
-17.989660271850703
-21.901087717534622
-32.53007612819838
-31.15293180764954
-32.40535401392098
-29.547959380848667
-39.55008578651735
-25.140187832866438
-33.5232103931187
-36.385634571111936
-48.35959442355172
-48.07327045204885
-40.05437044766888
-37.5329700314063
-26.74490313208001
-28.47894376783212
-30.23457808032353
-32.61118188571166
-37.67491090709053
-41.59290196950565
-34.83082555874562
-34.94918547976913
-27.266214145145195
-29.815183757321762
-41.26650573916389
-34.25678316757293
-24.030487105609666
-28.853389696310035
-17.70754470660734
-25.913992553003734
-15.95376256988575
-18.630286348773552
-30.69370305378584
-18.79103177008225
-18.110432656942262
-17.58867469563399
-18.999238145425373
-27.073236304212518
-10.657388112976957
-12.010287913069027
-14.621477103131129
-14.454048481449389
-10.094301815437529
-9.432777312930538
-15.044109262313006
-16.331300633542636
-16.01882352479106
-10.078335846546643
-5.5844799790833815
-22.948910409892846
-41.1623180512249
-35.43246682708429
-39.85040413168103
-39.13556337014901
-40.51445313316006
-48.14825749998486
-34.34791902948741
-25.233998599646764
-30.943164735628056
-30.718322103598513
-23.679809485871672
-24.594954575443587
-25.065322456457764
-13.477647760011148
-13.332803963867953
-12.0134719945453
-10.450998882602207
2.023435324322267
9.508487658616811
2.3844467093425474
-12.161638034368362
-9.783313355905028
-13.737071367433051
-18.72924130178397
-17.867086492679114
-6.790127557929453
-17.511980777715376
-14.856260917484255
-6.435476516317905
-5.9290699868592585
-8.030655161248209
-11.05073078354506
-26.209573758902568
-16.071149418709933
-9.716654001384423
-14.637315535947831
-15.554422907491212
-18.50004047767392
-19.473162912869114
-24.102401236043363
-30.729136922714897
-25.559976936636065
-17.371858843787056
-7.517553339113718
-10.772778301727884
-18.507895600952086
-17.08428509577185
-26.24802012629649
-25.92747185950864
-33.378785295068205
-9.322997630947645
-12.846272619833266
-1.3204886772614164
-5.5359670925697015
-4.5016819349868324
-2.75339324598046
-5.397854335184271
-14.558737513230069
-10.058150288843018
-5.837816494769959
-8.218908899603804
-10.492633214733855
-4.492277108541884
-2.4152369054841256
1.7474459990999882
-3.6143018827891513
11.26532744451533
7.294020642728032
-4.414441231984791
14.86330230148752
7.438057557037711
6.838342348479362
6.8517572850731625
-1.8348459731328868
4.354056708403163
4.5837936275804045
-8.976000012599107
0.12262220855383164
-2.4506969747604592
-12.210043797381255
-23.940744022128435
-23.64094233831292
-17.10883615000961
-0.7386719988468552
-3.0950597425655095
-13.829839335619187
-19.95559903458963
-39.932463028938436
-42.49959777705847
-40.30201197595363
-44.83036477225464
-39.0420169845861
-29.00895380371116
-34.690814887270605
-26.844320119090032
-29.199536482445865
-12.968955831248673
5.217430340462274
10.583989086474505
22.147341961433106
1.9253631392230364
-7.3196773369558
-6.461542871442496
-8.382768844686993
-5.453883050102309
-4.828401907523836
1.1365746939864452
0.37948356023306296
1.2814228765011912
-17.821125812946672
10.416920496272313
18.072895340433995
15.403000465661162
9.281980691634097
-11.852890107507616
-13.566028393226777
-5.5866549619407975
-7.7840413595896605
-4.298821132233132
-4.293731714199846
-15.467181206952489
-21.535469887781996
-11.536746355111028
-20.05098576259858
-25.19130006040504
-27.70489790566232
-25.47370208100231
-30.05295150720948
-23.34905066337692
-16.166597463781592
-29.240825370057745
-19.662512715685185
-22.583802625169238
-15.864168112490953
-20.110935125257072
-30.45864266834135
-24.938952173101924
-14.956664232876758
-23.234788456918693
-17.44785984928255
-13.588189176319414
-12.07712236389524
