-5.532250199486526
-5.474689953296193
-7.693320554553765
-6.747425205836599
-16.678254023349822
-17.55892772674859
-16.834549252227067
-7.257350988822503
-9.864517900480264
-11.631783448863072
-22.712215276336703
-21.596112891476377
-41.347056599438794
-28.729186092868506
-31.84897018228761
-30.35427259758258
-27.06107867786293
-33.2676793346212
-25.149711682518305
-8.181324151116018
-21.608619751700463
-22.284054617894586
-7.7080574202662415
-3.5026252704059284
-15.869537666932995
-27.71914667907249
-20.390451462754072
10.877064288292065
4.119296999042868
12.18739771524673
20.18485930132178
1.4931132332562926
-8.675817586554603
-9.798949256144962
-9.783855047560133
0.2069256797026903
19.85847743326339
-1.3095912534473224
-6.736278215774352
6.695151366062614
5.688116438275664
-2.1300741392540643
-2.4052639776355584
-3.1432193411424576
-5.974692699171209
-12.157492590291955
-3.316835103414821
9.414795988480568
2.419277067384069
-0.17958601918238487
11.103562565978457
2.170002467912388
-4.1029968307751465
2.1743543451893617
-3.792576859035073
-6.7272715934730645
-5.809518883930008
-6.522097293391777
1.0476532410921862
-5.9665514250465925
-3.21485662692774
1.4356193802148451
-0.8136395498988997
-6.269591412428622
0.5933585850684907
1.4399334842321387
-1.0171972957061792
-24.22433162799813
-41.336265839205645
-47.912336091442526
-36.748319502867325
-17.381412835149458
-7.287242142268343
-0.9466499691469888
3.740983028833317
18.316128388439818
20.220432782294388
15.171456746902717
4.131197208875826
12.743104716607435
5.699486662009188
-4.808779513608129
-4.348443212081263
3.553775478629302
-6.126340474251933
-14.606370075788643
-21.96525133693181
-33.34404989872542
-31.240249884896876
-13.716717170334082
-17.92789602676081
-18.37406642491076
-17.48066742840598
-13.027283721036936
-14.950223034847124
-15.369453852958262
-27.847568472399335
-27.839809910205368
-31.720424076161947
-29.511423932645005
-26.347371451200285
-13.060871237817304
-28.80187237754117
-15.14155810241677
-17.226748048118825
-4.511556392732097
-38.41840460348658
-23.970189969162785
-34.345627332281786
-22.348473630407142
-5.949142223510777
-19.592645780640424
-19.84736707892281
-8.942515212962363
4.380544281588542
16.01166028826801
4.917730229858863
-9.238802451678858
-7.422735358992308
3.2907477860321395
-5.1188963557153215
-1.2377554808371545
0.3138084802802987
4.909975404963388
-2.7399580971271993
-5.5477017875068775
-9.584897089750708
-15.9865435692304
-17.670139621939242
-14.194854885536909
-15.713325959000404
-15.489819421398124
-24.705645725427384
-32.5755969291235
-21.95327026437695
-31.158828977735386
-29.49930230789168
-21.448899336680814
-23.141440830653423
-15.80455345379277
-11.498862919318187
-5.297851476079051
-7.376504273689734
-15.910153096037453
-17.21384090732722
-15.692226893893233
-9.250146873011364
-5.3643148167728745
-10.828981738820213
-11.764310483926652
-11.635021628499038
-11.871524317116087
2.8147298275542902
50.3741791837078
46.12107775550929
31.731093071470113
-0.10643122891080134
-7.127231378298314
-6.591526479789205
2.6340589894998474
2.807950207497607
-5.8392233705511245
-2.5814084787624565
-3.891417109159641
-6.018763230240565
-14.271384388597884
-9.208608568768607
-2.4231913460284207
9.969792722767536
9.985428185294232
-2.036402086890671
4.277347849945096
5.1201777112524365
-8.967287992799754
-5.028839105778927
-8.44324319798857
-1.6104285193390857
13.352024890560866
4.5655330923802415
2.4799754595283683
-28.01285854800444
-17.876893061956395
-11.726452860198536
-13.484299896917667
-5.057818704228271
-20.378221380713416
-20.883048697938108
-3.9834817995494314
7.948892818661973
13.337780681205478
-17.972659384683983
-28.863443918955326
-24.6380947764487
-23.23488122119968
-19.013205144358533
-24.498249896971146
-17.110001266577793
-16.06680600352217
-16.650060287397867
-15.653414206408884
-19.899075000470155
-17.762646460424577
-8.782815424210561
-7.634508199671703
-11.224825606216323
-12.102984413900868
-13.310866508401384
-12.46216125127408
-6.064749845935906
0.2254111017558161
-13.231993205589774
-3.000114588160999
-12.453588299529569
-10.07729701717112
-15.291691880973824
-13.323719314630821
-5.079915271681512
0.8903120295102191
-2.4530818597672504
3.9616662172335273
-0.7876375583449788
9.806113735750033
17.71578370602295
