11.305384459321024
9.91061973096228
-0.3336431000033358
0.028228688506674662
-2.0169569628234343
5.0154432891914125
-2.4976108584922487
-5.932727518679968
-42.42956235416171
-44.10360654221303
-34.941498921909385
-38.04717147635308
-33.966728687690484
-34.56521186877085
-32.31081954376369
-25.740344008239035
-41.378170514204506
-36.4791917398282
-31.048237801882678
-33.62938113780547
-29.464998234309558
-20.576442315417303
-32.03862637068232
-29.987834047570015
-25.88651955328161
-27.8313467703966
-24.47529381045347
-5.626187448800021
-4.2724579844265085
-24.75829549604607
-17.05800043870366
-10.745287110828896
-3.699704817586949
-6.0512658763192535
-24.557764855838343
-35.405180337637354
-48.800438109325725
-49.42959294875418
-38.84190379671393
-20.395483929959774
-21.263502363719045
-15.912758699268894
-22.60957601831831
-25.086652241261763
-20.193211833296566
-16.874658982078973
-19.37995866861539
-31.578112411232013
-37.01393917763621
-28.798694162889102
-20.738968386651607
-28.870930249933448
-13.610479450229715
-14.564905953861325
-11.070247478965412
-9.608536917935721
-3.9658087547406806
1.101797458673354
-4.079441957811824
-11.139961940852947
-18.478770016672424
-11.791488418378222
-14.648459385010034
-15.691941875872331
-11.376932420986376
-18.155588827158105
-16.73541026126278
-19.255130910803867
-13.994868650470965
-20.693200965670997
-23.723508604456057
-24.76553194967917
-15.057504737470444
-12.529084905576164
-22.64228296946901
37.73370838010463
29.519594826581354
34.926868225749985
24.122521365665754
20.17065536608112
4.578892041775314
5.317795753772121
7.3698720305413925
16.08266870477861
11.933634661812626
-2.121251546679979
-10.618659874366863
1.4695948700216233
-4.673462503578006
0.0486277018753337
6.779385026333825
-10.45655203135967
-13.784005821752954
-15.94522656399165
-9.934983418692577
4.210757888964396
10.430658176473358
4.911726789495049
1.93652458180108
-0.4667466136765506
0.7482169027640395
-1.5638574659863806
-7.5674578805846915
-6.3219270161120855
-9.88066003653295
2.214870941297153
-2.7319623008653666
2.084459355949166
-3.5748449710154606
8.475974424293621
7.989950377721603
7.217079574400562
-0.3260551528762789
0.9322809016456132
-2.531769969873892
-0.7713813621022327
-5.006336516187744
-1.6937847565175623
-3.6119112910872317
-14.910321817741218
-5.826968767818178
0.028852971505836437
-4.549046073480431
-3.780613485831463
-0.6371932294870721
-9.686413106324613
2.9380367842127115
2.6896558542500832
11.306140283144488
1.6654710721317934
8.957850702033527
2.5334273999370285
-1.438141697471126
4.521203035324762
13.033979781080165
0.5565860334364288
7.4336503281396356
5.636997606322173
7.9769802323411225
1.414418147160846
-10.692684821489316
-18.630609341896747
-25.313713994503754
-22.27044047057651
-10.999105753072586
-4.788819005557707
-1.714404078358509
-10.449874056592213
0.7829371154120789
-2.4665848454584443
-9.893680003527225
-33.52181850439171
-40.699618827381784
-31.513955702934123
-29.500015604384952
-28.20572770205584
-27.803737082644925
-23.25035302926505
-22.16898677904776
-26.35516184230436
-37.96939470570172
-27.862158222064533
-32.98494478609208
-40.38055345301953
-40.12469009196965
-17.34863512969148
2.730288924251672
12.001260531573713
6.093748059233636
9.594639703299787
6.4268372805526015
1.9808232392679868
3.475372264421376
9.593012545501155
24.62446920012401
24.244504782361172
24.274826191750922
19.418680436732487
15.959616909012892
14.551021941476266
4.277556633845853
-5.7247912072417595
-3.9272448069920456
-7.799015280873706
-14.469273809896126
-6.992075340488371
0.4680879460529326
6.244162578213753
0.6628581439906689
-11.218347017500221
-18.28706788032827
-13.630331622239408
-11.741668765327766
-14.314176226284294
-11.864843539784546
-8.233612894424633
-2.7620606190488166
-15.085778854036224
-12.803004249849264
-14.940194884645019
-20.07980275484703
-16.001803021676608
-22.023683932858763
-34.40614834655265
-19.267183127831427
-18.990785678476573
-25.815321983692627
-14.63016673875818
-5.999869982633952
-20.128807935479614
-8.240546712513575
-8.92042028399809
-7.4489953150462656
-11.769992610917456
-2.1512032774594667
-13.793473870117225
-16.015395163806414
-14.312090053699169
-12.814423112229564
-6.227939144782767
