0.02672577326604517
2.3907535794637225
5.898190674377968
3.0697727024008192
-14.426561219939792
-26.643367063160802
-21.262276658640346
-2.9664103240016813
-22.24307275434807
-28.790397103269004
-20.90552629364797
-24.664191100023555
-39.41637470129694
-40.5209028389406
-32.76573821630347
-30.24413236296809
-15.808156382636376
-20.84358169186172
-14.67577623128986
-13.725097462174967
-5.456683347811446
1.663572867163997
-6.5201710217744075
-8.906874962189868
-2.665493696301267
0.4206049113405147
-2.859079224262893
-9.889942105444748
-7.803629303951133
-8.371777870229009
-2.8861658898178466
-4.789351929504508
3.628880561329668
-7.3804237477719985
-3.8403186574384334
-11.039366110906775
-5.045150204736503
6.229069242600034
1.9044809033782863
-2.6128884569305093
-2.839907690799824
-2.3233218587131512
-9.357480832360675
4.437058092845776
9.50624528375503
9.01737416505709
14.012592056889845
6.887106266255692
-0.4867770391528318
-15.906786834086557
-18.475085975660022
-23.952693933061056
-27.507351321364407
-13.838453485298944
-20.422312748063593
-9.367463146165012
-18.956173387161797
-6.0313515142701695
1.8456572882929885
1.4938455930816568
-0.09622815857326247
-14.822475262599069
4.954916511223981
0.5259718278907811
-12.086108351592733
-13.168953244275048
-6.816665731009882
-13.124648073906991
-16.125402071677122
-11.565374990383589
-11.489290947410842
2.2150113126579707
5.216562538222114
5.224001334395838
-11.754925119771034
-13.243162850301836
-6.160902715758341
-6.357974455319361
-4.41747403551893
-1.1294279555099558
1.136261397252654
6.4257413809875255
6.98118323349876
4.688370908436265
4.773514411648272
-0.9780831716432772
6.952454970871898
17.007702410089312
8.811348861246643
-8.273321685375901
-5.815021601616382
3.2996803962771986
-7.822166101284883
-4.94543763831956
-3.697590743571335
10.246964032455876
15.783145963327303
9.143778812531792
6.888709135359182
10.393143718918408
11.260515461179084
-0.35476182137747553
-0.2641443339822906
8.704887580985918
0.6223896132371587
-3.876315193153832
-0.8091799287173548
4.510845960440336
5.618124785468408
1.8660900585836282
-1.3195398365172095
-6.365659728701737
-7.280633786675397
-5.502090374680936
-10.057483784746953
-8.186202979087952
-10.94678000337738
-5.200878884221306
-10.166763977213558
-12.83033206870322
-10.626681106501422
-18.949364362846858
-16.204483135122906
-35.337824206799716
-50.921560883170244
-42.86397465630383
-51.74174704867024
-44.16811444366296
-39.584400863695436
-47.57083696845597
-44.10279082125857
-42.85916142058553
-49.71273721226678
-44.57810323729044
-47.7545622785206
-42.20123652798613
-24.94356483570711
-25.527038875826893
-32.37432327159105
-27.911595375959056
-20.506052789595934
-27.91786507535562
-16.05831722710953
-18.629613348791388
-15.199061326137393
-23.987548070031934
-15.704962934694988
-17.767762872479693
-19.02712309562519
-20.13102011453132
-27.554784919138342
-22.56128706894411
-12.004063991985461
-9.627345728338838
-18.56956139933021
-22.535241279451547
-28.71875485118124
-20.712627534689034
-16.84370217305099
-15.873449285485997
-21.482297994871374
