-8.224208261806593
-3.3427211192135178
-6.1311741381584595
-11.498500334548357
-10.179535611384198
-10.249487237691117
2.255952037735087
8.458721752946017
6.201512036864536
16.133732617162366
-0.41689610998186943
5.128323905316795
6.855950893658337
2.8858817746706347
-0.9334291502316568
2.7771218578083188
17.814836222576147
2.939920368524912
4.719090311439556
-20.563947487123052
-20.4267550529436
-20.521122472363192
-21.887255964668984
-23.23681495725429
-21.500614064223104
-25.612427322073394
-31.49715371121417
-35.381977318159215
-32.00318036728736
-28.924427982792484
-25.807877551765646
-23.308912843499087
-39.64736913624547
-41.40172735649611
-25.20984134258966
-29.859211977131725
-32.313035412789745
-43.58896470117829
-19.18891018378795
-16.12332479553363
-11.164683742993967
-5.719382418279716
-10.393426625046096
-10.031916211605873
-7.576485674992727
-2.8431415202506765
-12.415403058917773
0.3851774923647265
-0.9372397674434056
2.98673914373397
-3.689138716525626
-17.02246443522433
-7.373908886413134
-29.795011993044238
-24.081734802535248
-35.10253776288158
-30.07520619401723
-34.336309095466504
-30.33432568244712
-21.136944012265765
-11.710812279415936
-2.1252733893255518
-6.175133123962004
-7.145263169921218
-6.229672646640003
-20.536793650687283
-20.557434046204698
-18.134434240556818
-22.55794908956061
-14.428099742818887
-30.580081897991608
-30.848841357388864
-17.265112324932364
-11.273159174203851
-15.27696911113285
-13.924095701677198
-14.950185898399287
-8.52224940647599
-4.763019672512359
-5.5469273952235625
-5.515501788759203
-0.22285110798804336
-4.338109208579532
2.017674131059685
-6.19925423788778
-9.320344030432821
-5.578356133674164
-16.196966700254926
-0.1539127606035417
-14.25242905035516
-5.592506262325887
-13.78314350463794
-5.313687625966597
-3.571669648741844
-10.212922406429241
-21.40916706171208
-26.213322651328955
-15.117342175490348
-14.965966254329025
-12.707757054232466
-13.237111961639528
-11.975061337189016
-9.066665476465289
-11.50495804483336
-9.55392564091183
-17.435986865455096
-22.34433139039083
-23.435923442297426
-24.76294357691013
-24.960364309092387
-31.11670666609554
-29.61667920250723
-26.28594294489651
-42.36386710526042
-37.34606111799778
-39.781805724443466
-44.45544946392157
-31.217907076008487
-28.171349598706907
-14.99122992466213
-11.492289257454535
-22.03707670636492
-12.895729952662228
-9.806488288945328
2.888135472170372
0.8919127685449634
2.255198429271398
-2.793073861957664
-3.891310069318361
-0.7537888469620545
-0.5020791608036729
12.791101373361585
17.595658146892045
14.201594704345279
22.997214197850145
29.027494099324045
18.623394175454393
7.119126343626362
8.603789065715024
-6.072698302653072
-8.998182248447863
-13.198211777201884
-5.104765772892127
-12.758746596326926
-22.10224740155545
-18.95365706773619
-24.617170886942937
-32.84009832884195
-21.31553734671002
-18.192555791604107
-17.153418379111866
-22.151940443478136
-36.45558228511011
-30.480766951785284
-24.830827089042078
-28.511458521199646
-35.42313172456806
-33.99752998740934
-42.15545956245694
-25.39031418240642
-26.87083529862304
-37.34692913891587
-42.138786067550505
-39.93522729175095
-39.85897261045287
-40.78378097102408
-21.379857882607887
-43.924597546155546
-41.40152518679889
-33.699680281928806
-44.522532460549115
-53.81439094359973
-42.883093397269825
-49.23036191639
-31.13758250331679
-23.18594935120398
0.8825324510482405
-0.8214423155815165
-5.468890119468621
-12.638514872324127
-10.715959857164542
4.325501116809476
18.869924760397325
19.449999103449805
