-1.6506645498592514
-5.8245816812528695
-13.559957210435856
-4.847586176671639
-18.14742946346106
1.1449980711667938
-0.971588335484144
2.692523434599936
-7.443575087183597
-10.709765750545966
-18.50855035993148
-13.79144716330696
-13.712375138759892
-6.637667530230862
-7.047616563054986
0.4478040358262013
4.5399090703374005
6.4124249042482
2.3334241023387863
-4.135203880037528
-2.0457698718261494
-7.893255874489457
-4.253032598879085
-1.2798881874338894
-2.02629270817417
-3.4222856731332483
-4.018719561172794
-2.988958477718577
-4.734640656382577
2.1349157920501574
1.4291569994886828
-3.5468105661304503
-1.7997304273258414
2.936269717767348
1.3694856210092528
-10.365397871797386
-6.464167548965963
6.303545178150379
16.949751471670098
7.566571649758003
1.136299397708904
8.589040699198375
6.539504974920794
-7.414092376136515
-16.586899821878607
-19.320064708548244
-18.433711443871537
-13.705687815941758
-20.425343544042047
-19.26967711260853
-12.989632090683347
-9.801668999152485
-19.522784102776843
-9.001687819944438
-1.867070569386168
-2.911889923293208
-7.409863228969653
-1.903638946105329
-2.8471540146243832
-3.3929384911298834
-13.490097060625978
-7.9789630599682955
-3.898299161270725
-6.886203073622296
-7.7972416950173775
-7.902632762477139
-13.733782290931721
-0.8067258235941003
-12.202885102016715
-15.372906780212094
-3.883777735557649
-23.203378745074502
-17.18216185833084
-6.34566172522656
3.6484314408690883
18.325411642597448
21.83095828103037
14.43187375001308
10.569566089228694
10.269594928078506
7.917377283569138
8.833552204884557
9.756755424534092
11.46905973359518
12.05730489523854
14.802726916027371
9.842084025951573
0.8054297474024286
2.8277800824630686
5.022541995689106
8.318288696810571
2.9025973051896807
-0.9014920843920636
-7.058087017722538
17.778783471090804
7.204157048739103
-3.493109499891036
-2.6156413880560274
-8.16486139665186
-3.301647419310876
4.245811656317612
-1.838209071738684
9.24495881679043
8.023834058578677
6.535307463256276
8.259512321584005
1.9027279259179688
-8.044574232947168
-12.668978089823456
-22.31717777054915
-22.644911045152586
-16.72710222083126
-11.049915754648344
-10.025259827463428
-14.524198390670808
-16.386238646937908
-19.135254823442036
-32.065991013370464
-30.973375801594315
-27.32851488573811
-26.034983844235978
-32.365413846364305
-37.87789372833778
-17.9757163717724
-11.330766071045828
-17.286014410098186
-16.717784226697486
-32.671354953792076
-33.48225827445145
-40.212203745303796
-32.05735155424118
-23.04543855101529
-12.087405091936267
-16.349500979686955
-24.933810540691557
-25.62054385164988
-21.915569377415245
-14.961896574841953
-23.374707987388522
-32.1846128930465
-15.658134008829341
-6.3242105448130665
-10.319109322540623
-22.151620681027246
-33.03606814869255
-21.880218023416056
-25.369217161734987
-26.897455915016145
-31.31831261045517
-7.1815208874317245
-30.79502127291265
-33.678761224482415
-34.60096465181801
-27.02396854717991
-28.51578259173939
-33.01399469735112
-33.544248208819276
-26.569404665388753
-27.39647009291211
-31.449365226844392
-35.788961568924535
-14.068447051789784
-5.267094459108205
-10.997768752366195
-5.548824946554822
-3.5823550398822923
-5.220159441111328
-4.301993453622761
-2.1848040055238616
7.413810848148332
13.966353558450274
7.315861446844318
13.686058650594909
10.340493337662084
2.477335997341576
10.342068614957643
20.77712991989352
20.984920875041013
-1.9913177558248731
0.06761473355186969
7.316038038469332
14.109092492351339
22.027028098031998
26.904209007895002
11.445512046513233
16.603515662793587
17.573358386460725
11.534494947857231
17.118789196649757
16.53601787512319
1.0573400734516625
-5.911672673480247
6.558296559043372
-0.8179858262116094
-4.02560443099855
4.6534488525658535
7.113429088066011
-4.6713652262941805
-10.394951684508014
-4.95792960229705
-10.93695481130901
-5.718572295942859
-8.438557824763436
2.380829632299465
0.010117145291385372
-7.507864777237762
-2.7313229663180176
7.771521740315348
3.0690435563041576
7.8202472047462175
-6.263006856049096
3.759289632769552
15.906806560005355
3.290781135152471
-5.2355487520238215
-4.7327693637802355
2.8909749999291705
1.4910718411276829
-2.8074990615455886
-8.665730385800494
-14.916944188118682
-15.673575428069716
-4.482880515231313
0.3621490588706129
-3.5758216830796687
-10.234905042027963
-12.383872909097555
-6.590336673551872
-5.7500951697058325
-4.329294369715008
-5.259497274717507
-9.196383173140957
-22.00665935925195
-27.19341514020819
-24.26655228868337
-24.240070343255443
-27.704189465283562
-29.825647520518974
-30.474106945919857
-28.87118242641355
-38.50227284249721
-20.494647134105477
-27.41346894261363
-24.98106661540212
-22.282872652581748
-26.054526911771003
-37.91278474089095
-35.32404088168419
-36.525870323327815
-14.419322517144227
-12.625167545704796
-21.567376215967226
-9.7095429687467
-16.816032891958226
-9.089635721190657
-8.190607006363821
-10.729052722889387
-8.52063039123262
-5.871154062549312
-5.700831479462128
2.3150296062324043
1.5204904544610909
-3.943751255925508
-5.5056858293820214
-8.735184046094325
-14.400503262417145
-4.913842146868573
0.5301702888096264
-2.1885924561700127
-12.009565799851416
-25.91901603566833
-32.729405859678224
-34.94182217634217
-12.940428217858198
-20.692640378272987
-23.597605587328612
-7.0733959372974695
-1.4118330084937565
-6.159263434311664
-1.320176658130814
-5.876015050825932
-16.728719475572113
-26.48362937561272
-32.58739440524279
-26.53670921289628
-26.701786522012004
-23.76590573110849
-27.663083766953317
-14.382451520858725
-12.35425759043615
-14.435232731508536
-14.680438838005363
-15.55356323114824
-24.301087641377077
-27.92997474275413
-28.54737031719636
-19.14327810289405
-19.42994377920283
-14.826000288297966
-20.971319159412808
0.3350791419575243
-4.826443560322518
-3.228791572720252
4.967962674304698
-1.8720647632454808
-6.5678657418764494
-2.545165162717672
0.4608464061191116
-5.882306079984223
-2.5448164191198126
-1.9470745015342237
4.3032447873494135
4.963549391453915
1.738845239656709
10.1672347851519
11.27179812416332
17.644455371630247
12.46899993615289
14.520768269098706
14.235649770335195
25.075734310635273
13.500432221625605
17.53104834168267
26.75221201527193
17.15212892623757
15.851842453708825
12.565391513820414
15.299676400489266
17.992547206004204
1.910983228100396
5.974688610184701
10.10808127724526
0.2950020534743925
0.33452504436262337
1.8263138497682436
-1.5025428761956452
-5.028456395387326
-5.6643571480964585
-3.5520982243499226
-0.18136070090002485
-11.842041041692214
-10.379485648977811
-13.25122118522875
-24.52855127752942
-21.222798254610133
-17.316051793938936
-14.240098982719605
-20.77915909250116
-27.183071982717887
-18.922265810152567
-9.029082222379554
