-25.965243607144092
-26.07478680427523
-23.442414532299644
-18.524329703827785
-19.323803033331057
-13.01840605725448
-17.50037490507554
-16.177275657273704
12.845896653556853
5.3086076361531775
-6.804060111346012
-22.689171776515533
-23.165581773282447
-14.98200313255116
-9.853200124951202
-24.421146081879755
-42.470202506343064
-33.615148856332404
-23.844984410626225
-11.254782604770165
-7.436179567944454
-2.8843343483823185
10.761593079063363
10.476228864363355
-14.697725472665939
-19.156744732638877
-16.716871011415186
-17.132724537782583
-26.168683993407196
-25.04311323949369
-22.724301375289826
-14.757368228477732
-14.965718211126852
-22.80233096762516
-14.878540653510413
-22.587021793842762
-23.022567113377434
-17.605667336004856
-25.981876039074997
-23.798309575856642
-20.053232464972808
-16.287688588256863
-9.328567517462636
-4.383060001202367
10.56906572863878
20.600826167000086
27.011079947856217
33.903377450862486
26.25679266761129
10.493645021656096
8.389513917924024
2.041417508598025
15.348162155661088
13.719525386080527
18.802073754047857
14.623942079738038
10.39426086607136
7.058231417066557
-2.598911023110128
-10.566700120418199
1.8845500933811976
-6.94747161433683
0.331941543619868
-1.4942819802274534
-11.048449907690957
-15.189959043902554
-16.24867116970285
-18.10716129704407
-24.86824302871026
-16.287996600272727
-2.655349843103428
-19.05400337254588
0.26638992996277744
10.850205475355489
5.8338078915144065
10.827501120036144
13.4503272469327
19.816629995491745
2.4367145314749292
8.068520817179701
12.140452645877774
1.4249254670876228
4.218701857018107
5.149953074225714
5.72320919447766
21.560999236246648
-4.5107350398932695
6.764780605570425
6.656018283921183
10.614963467522387
-2.5841948776305554
-1.7616247277060235
1.9450373928219589
-2.5303570695667625
13.822285736447313
4.375101099792458
-5.436159146693944
-2.026442173993896
-4.046154261791114
-10.902478834690037
-14.862157821712401
