12.818563862980206
14.241720543709354
13.294608923937487
6.563942464877384
9.136242642173142
-5.272753741860203
-11.524477518004472
0.9800905211853927
0.8687935399000241
0.6738018793433127
-18.95651492908845
-21.99141176273584
-21.73096880861707
-22.53848372084891
-27.752364802842184
-27.27110345353207
-36.344413289479796
-32.39268141891843
-39.96260168379374
-47.25033371318836
-19.914862500475284
-29.440868336762858
-30.943933750515942
-35.339943952277345
-43.12230763058579
-25.5296537636462
-19.18321586716349
-12.612999895085828
-24.08086062345984
-28.994632399605447
-25.60481996436428
-36.60699343762921
-21.93488556735429
-26.43127124044853
-24.94832027408925
-10.17348601332548
-16.095401918511875
-13.947775900636092
-7.635430388837409
-11.200824527904954
-10.177068006933604
-22.68878844633186
-19.71514681559605
-20.92886926362694
-15.533516177181687
-30.00217944397274
-27.737648783705307
-30.10867569150605
-21.092480202520008
-17.791211187329733
-16.790313785211403
-14.633918152221641
-15.632213620615394
-9.584288640575528
-7.474048196832074
-10.472362217423848
-11.237537162789408
-7.552895590750435
-5.38086910185313
-7.29880595939682
-5.508169435257535
-10.915272826815226
-0.8779634380287421
-10.09611807044041
0.017717955022709175
2.418956650620639
-9.372901329193605
-5.576532866299174
-17.562381884799446
-24.577430769156862
-18.892026361198326
-20.70128488770728
-36.32809856021322
-45.683692207434
-36.59215127333861
-41.97522225897196
-44.11420002684628
-40.794290694029854
-41.34171225333008
-41.96654476601191
-46.31395543184042
-36.869854038633406
-30.90577471362688
-36.66154193533698
-31.17719394191437
-25.7989835975332
-4.536115847781747
-18.381891909982645
-16.94417221460034
-10.771423783482517
-31.02135109912735
-21.837427130725537
-21.251832397460817
-18.365900231868807
1.1509601675954475
-0.5339848831962627
-11.336535587886633
-8.555017788519732
-9.179275758336724
-14.329124913301929
-12.42596845292608
-11.669630260851287
-11.580700185855616
-10.270525365543127
-4.348655124950795
-15.188541472202868
-23.945025042063907
-27.82137280315209
-28.79966365161239
-18.503803276018452
-19.133779789843352
-24.23429164072305
-23.60920960078024
-25.687907154592143
-36.73799313980381
-27.1062442160105
-24.400505071283323
-29.76167655099441
-30.900830389644252
-27.48760639600292
-19.756171049691748
-11.961754083108984
-23.655951234198284
-29.996999396742087
-17.297142828544594
-22.660702803251585
-13.912707861237564
-11.739046912902728
7.202025931632155
-4.073873990932661
3.4896641601880467
-3.064472970358163
-7.604681859152657
0.4677213322140239
1.155147680506582
-9.291106525055604
-3.0029454580783628
-5.7052834587061545
-4.079553980248281
-9.141640735235587
-10.556005969684767
-2.292289810466084
-12.228085525476345
-3.901497809539641
-6.883380939455462
0.1954803303352442
4.634549561692903
-0.4384714950849897
1.253888771841822
-15.280815708684802
-7.813479751502987
-14.75426505543784
-32.89425687326062
-37.98897687974047
-33.12246175812647
-27.197261749046262
-28.379194866802525
-30.920899672982625
-37.52031988559079
-42.81431094409805
-39.8333248471275
-28.662959789497787
-45.64197148738746
-31.55725014473353
-32.44206342728158
-35.237368443561834
-32.64663074438437
-22.69405095983744
-16.975046201476125
-17.072792395317926
-4.991800029064653
-7.196675220763979
-17.286165970135222
8.190149560281878
5.836162662644527
5.318305889939973
1.827717116824666
-7.6282963011109635
-9.646967207565703
-7.25438159759488
-4.730871162078512
-12.158519013051233
-15.947107334051546
-0.2408578009744197
-2.8123887423286384
12.628996987785218
20.204404956945766
16.632915538399683
36.019981064197886
23.16755662064652
17.945247279130115
17.94661457036598
-1.9306381056948192
-9.388847879519034
-15.751100224759764
-14.57387788566766
-30.34137580264452
-43.33347539263626
-37.8950842014072
-47.496247444175005
-49.22443043077659
-46.88348048535957
-42.42982784675762
-45.632431265407774
-50.22619329798714
-34.99791453254835
-41.91830305213031
-49.84405119346958
-56.854537221962154
-42.521711926156385
-32.346814584303786
-25.292492678879753
-15.524678558119087
-9.401172996953768
-20.83925036012091
-32.42220349010079
-25.63378632217471
-19.156296491384
-22.039788902547333
-9.822904350744825
-12.910120244936
-17.560489389676164
-12.268444922557206
-11.357637711136329
-9.473984770642897
-7.750752724235256
-7.4888650569314335
-4.449569658412106
-7.6268257964196815
-9.608651676028236
-8.105774969316531
-8.207930979290984
4.291334486823839
-9.283138132445151
-24.77389155387877
-18.754620708454734
-5.000627227128043
3.0036819268027743
-4.6966449336385585
-6.7053235023668645
-6.810560424663013
-13.187801092366731
-11.581885981499395
-6.074647395538043
-6.11665922854871
-6.325552517046098
-12.253400333943178
-15.971557134229146
-16.634551842403873
0.4166941821926633
5.819443688066473
-3.516400004679108
-1.1633386365083715
2.8610785892823967
-6.481234936038161
-8.569676492658576
-1.7569605497976952
6.948744799587756
8.518552905702037
12.666933419381454
17.859797206990226
5.921022187362168
2.206307597495451
8.971644706940541
13.005714243745745
9.867178853262542
-1.1344440748492286
4.847156102934682
6.579037162629891
2.3368647566790886
1.2686251980147638
15.665008907241525
8.266855131697184
-2.4489927507930958
-3.3741866962182514
-1.434672419094687
10.679978006345909
1.5233050635128782
-15.551946779781776
-12.538596460406012
-4.192669330773682
-16.70254909744876
-11.178247468405011
0.08240249204634884
1.9772698472224093
5.9443362178994725
13.066381611012947
1.9240241369542863
10.320994907076722
9.277252560670938
2.51725604693375
5.524888144083711
0.24262375974076836
8.066362304009823
2.873495062584589
11.818332815677936
13.572885198754525
13.492359214749587
1.5091015450097496
-0.2741388652226638
12.042304843241956
4.25460814139465
9.213259984004644
9.32052730707657
8.23708828001758
-0.5174342669828342
13.361309757546318
10.71472704024552
2.247551662728513
14.852426032890671
2.5439579401683217
11.670073249492063
8.91117058414828
0.7573681856079044
5.476168193122318
8.515403001802285
-2.179380334080994
7.512135207009324
2.190536358456873
15.492792447636518
6.617216640924156
-1.181596117669165
-11.270866292366163
-17.687856460772828
-8.288884888559435
-7.966434933295611
6.633712939951093
24.252196260127374
17.355345327701677
16.16140211816488
12.28697245832664
11.332239426045374
18.370846037219273
31.113142583620892
25.051471617288126
7.9187714457923155
5.063033429729337
15.227701310297133
9.122194802597962
13.766170715210556
9.975144794819887
14.090313068663272
21.29376925363333
19.74581824251697
22.256194220387393
11.030640806325648
12.367854555418374
11.140836106807177
25.1323631257799
33.536038432927604
22.69538732445955
8.334548968014293
18.927839701452502
18.49118797903032
7.990382699908707
1.5785068607846748
6.293702932146476
8.275355620394635
5.845579365916487
10.974741258364118
0.9320276597466268
6.773034305427767
17.393140730091325
16.995952365787954
22.42274919519407
25.198618804165946
28.995145043416123
20.36749180752425
-3.8264916442551917
-14.243589313715345
-19.18909714694916
-13.484515622993698
-5.598740167946743
-3.6887949314227146
-4.143940770845912
-5.691213800529642
-5.780516178597582
4.417871545299796
7.907578127985897
-3.60996395732668
0.4761705136163936
-5.244723125470598
-12.039554806796305
-9.600735888952537
-11.889610388881529
-6.776449155206643
-22.225598444391327
-17.09407129886358
-8.44476662672732
-21.46960310913249
-19.652813206606602
-8.803011393907738
-20.341993422406443
-24.355679921602807
-19.404878075257248
-13.56391290852911
-7.841630226528201
-5.214424946016288
-15.694932750488386
-0.8147936975957697
-12.065478916041908
-22.767113678705176
-5.285672270583617
-10.367739128239323
-19.105067589469172
-21.684486991083187
-31.42237459513555
-17.366615602143
-12.001424191107164
-11.261975799573927
-18.229639174509632
-4.717522474542708
-10.796816980810268
4.1049905855482125
4.875107994234705
7.070919321507779
8.077768656073816
12.462425337645705
-1.3789298001953878
-14.074954278125405
-16.57855069521149
-12.813816821040005
-3.6674624553184665
-11.39907300567799
-22.513705024399663
-26.94357765925381
-30.916029320274987
-33.114297429957745
-25.436990765470508
-23.93467805978437
-35.997240614092895
-37.738066879572266
