-10.022679807753828
-21.989362220451735
-8.84517559151665
-11.0315899075394
-22.98763483194736
-26.86510315316674
0.17365927826639174
-6.171277090897479
-14.094221218202788
-12.892807226454485
-22.761275036995784
-8.954000829951635
-17.360031781531074
-20.38497556622984
-21.898625486658656
-23.41176375751647
-30.401933115201913
-34.28008440416036
-19.65420440884809
-18.89980750252964
-25.41456366689074
-30.989822730157996
-20.106629604913962
-20.455182175221733
-24.625556428476447
-23.35099705889347
-4.673011168146848
-3.6239553033582457
-0.04766193270807219
-9.502514037904824
-10.855313198597157
-18.588265600152422
-19.283675772913533
-20.37435498283397
-21.229041449760565
-25.70432354607991
-35.89815323510793
-32.006675789013826
-23.215098700398364
-14.211281582340181
-18.399183501340197
-31.996970338374595
-39.60400394478554
-44.07991318759676
-38.960287972900474
-34.46537677358173
-27.97821014869699
-28.270549853532852
-26.31657889307013
-19.37249303365229
-28.362075501799925
-13.7825677816468
-21.277390658145254
-20.32175240247145
-19.455336511820825
-23.035499203684576
-33.11725617520251
-26.633442591800733
-22.93785186571665
-48.38433748883727
-44.6819474180939
-41.59397406504701
-36.51478716398704
-28.326624541860923
-21.867735176315843
-30.923492735994056
-29.82780936185424
-14.285993627792926
-13.799849281601727
-22.98210111791037
-30.108049593030838
-34.4058620407138
-36.305676921066855
-32.825998476482354
-26.488933101273304
-33.83421270240232
-24.137309536117872
-24.56824036036397
-19.13376922024149
-1.0717021076359268
1.8621253966498936
1.3965517081302072
10.063225356346805
19.702121393731307
11.299581784544056
11.816570592588905
8.258904783695888
6.276142974163331
-1.8599234794210904
13.316677763403918
19.462364346065733
17.861520296661425
5.83564117436213
7.730423368183403
23.230961458750144
17.679892268051397
3.33062359889046
-8.249047621173494
-24.843692619059812
-22.60486456721857
-18.481056243257147
-18.197638599526638
-17.054589585039125
-31.252731203159595
-39.28288708791007
-39.06029764263001
-44.60431595656385
-31.43743960757737
-16.241983499140535
-5.8772491027916205
-3.6803385395902186
-11.454090200574305
-25.182486988978518
-30.378853719561146
-16.354724495550887
-14.078593698954508
-16.005055945371808
-17.38854411496676
-15.940675223040044
-13.136444751562564
-2.8003717111219233
-3.1190106195572884
-2.265322520601726
5.113096093009558
-0.9961858868613018
-3.132963424960721
-9.103124568292154
-2.383632910046201
-6.052339492240742
-13.221887651275285
-26.45446191130548
-19.30903459372728
-11.474119924383118
-16.129886951370608
-14.543741274121206
-25.88032033171925
-14.683834666061413
-30.902508912836275
-39.037823873058855
-23.79175086591639
-26.899980684198322
-16.299310754895014
-17.383897534952972
-25.65530953582633
-20.27787222509737
-16.67439487774991
-15.057084726130535
-13.65873965004567
-11.226263424285216
-7.711633009232067
-14.165027688298519
-9.761551878319358
5.745675316066631
15.035491779324962
9.669928346044674
5.802542095587933
6.5439478001441085
11.383637766368029
17.143354823892903
3.0497677930422524
14.554441022790167
14.406930780537937
5.659433809781647
14.26449668449165
-4.7038308207420405
9.173244860758633
-8.884664021360864
-7.551211184259952
-5.982065562940821
-17.038036303440037
-15.919626892066235
-6.415892946517505
-1.7574286986162715
-9.54132095755852
-11.877054972874573
-10.7465197824967
-0.6854571654945791
-11.072560710548807
-12.418147118544276
-17.702699811807047
-14.64739047930225
-8.164992481024111
-20.65618757234343
-7.945901603504906
-11.17445675942419
-15.85530517679788
-2.9543863120354894
-6.89513007840554
-0.016276548138344508
-8.170087874378924
-13.341270532710494
-7.054461667480204
-11.019921226428671
-15.876601476537118
-10.771693546947157
-17.370129059808885
-12.242244573064461
-19.22139746371448
-11.017570514899148
-11.93268374454097
-10.772941730336717
-16.828958135120338
-8.184432733428652
-11.32516091490742
-15.03268745288512
-26.288947022043647
-20.588516884837443
-8.456199889602727
-13.851941988977881
-16.34603573344649
-12.7724019896083
-13.815904888180047
-9.44603933177124
-24.875726488252695
-29.068311573951092
-39.482123042012645
-38.37252294049512
-52.0038101050849
-48.62629493536964
-48.93724308599125
-76.38483037051232
-63.459470430497255
-57.256259541473334
-41.014472658916475
-52.25928466548357
-47.03833202374074
-43.13246139060484
-40.974522787649825
-46.042244722086274
-38.893050610756404
-49.31235504616571
-38.851475502645
-29.08906066080728
-25.086995641898326
-28.58164416774573
-37.899178723274034
-46.48250281749837
-41.233821808959156
-38.536964713058865
-44.94015911824398
-40.54722222192931
-37.57665118143237
-42.110158128841974
-38.500884856116684
-37.73290868336024
-38.252768178419366
-38.38319652471189
-41.70932659742112
-36.064267583358884
-29.9771068269905
-34.32071250861506
-25.878786602926418
-20.53872723322877
-22.08877606283585
-9.763480940647426
-14.376630791670866
-22.017911642533043
-24.55413690569167
-32.46148207400288
-36.16871190764599
-28.56248168108993
-30.942387612574702
-31.981660962665963
-25.55169433071585
-27.538507513365897
-39.30101994043348
-50.43044778856493
-30.550871829366866
-38.91816133263495
-37.372319308600986
-24.430331977527203
-28.66623941893467
-38.808533044190966
-15.735168166969713
-12.67603472822776
-16.557258853876267
-19.473985528814648
-21.41886414156168
-2.0139597028765763
8.04078357706188
8.525150864720079
23.4272096297285
-2.191314818145851
-4.491046050583382
-6.129421579515142
-20.673735008220635
-52.09036648596941
-44.75694364906171
-35.15486802071911
-35.57508188028607
-40.69590025770902
-45.4589853695397
-50.99735983366973
-37.84268872592175
-38.104244709964384
-36.6784339528485
-36.111246123696155
-49.426274000156575
-53.90392475203607
-53.23177100735254
-46.21269529876669
-42.57006375682665
-45.896704123040024
-44.244345099859416
-28.63018572988416
-13.268394931868515
-8.157500184201501
11.70865327859975
13.151821001461474
16.466127880154165
13.33983222365706
8.78040080520936
12.562596329575358
3.293296650576118
6.828514910732178
-11.001869247238343
-8.829900173430305
-21.220517550061945
-20.9775799607664
-28.972912329220037
-51.1087517578441
-52.56922779163462
-45.91093190955733
-40.07386940489806
-35.76838823995199
-40.63461006896844
-51.93795512563651
-52.00319203565381
-52.83869147512129
-51.405380161024524
-50.714371569496365
-52.421508421665045
-57.84786084407897
-46.24216541664934
-50.7479192031206
-45.760412485325936
-39.93895101914591
-49.65236834464838
-42.20323883873268
-38.89555953317295
-34.87861113171729
-33.65771764995097
-28.152971680624045
-37.34790453403436
-31.850358660276843
-40.713979365619615
-35.709772072130555
-47.595253892938004
-64.88973666460875
-33.43108925965207
-32.913593451163806
-60.8638286922335
-34.87091080517023
-36.519847870904975
-52.2752184048321
-47.04262240845374
-51.1836639192129
-36.107048616298364
-27.177739126212487
-9.857249858028274
-30.016184562312368
-35.89632612303158
-31.95211268845203
-18.59071885074209
-30.096259715361036
-29.65190275178284
-26.557740230190944
-22.455097889403085
-22.378720844984013
-21.33686102430169
-18.822936857007804
-16.327016726695476
-17.14218444282967
-17.597060749864696
-12.700933978917682
-19.0871318332976
-8.639213054743424
-13.393293051044918
3.339437782170564
-15.433402225944686
-16.68185394029319
-6.429872668065642
-19.454576332917078
-12.233418380871253
-4.9848643600393565
-9.567009277628694
