-6.006176686727544
-0.4506804790840818
-7.171858347157472
-16.83306612544258
-17.511199850052098
-13.555881361476724
-8.946974043929089
-15.299923396534947
-13.68662853905107
-9.992985757656283
-10.004085683800211
-19.596680958140734
-13.82704367635383
-20.411412415320896
-25.99306277443504
-19.36138955943158
-20.330169927273012
-18.978610364160843
-19.501997170825664
-23.15983401257128
-13.068325364446347
-14.57325106944814
-12.774696638512609
-17.848556507831415
-17.06443588284891
-10.916418743159985
2.5600551280130874
-2.405737360552873
8.059328719270564
-8.73429619191805
-0.5128893948915761
-19.32069540879162
-7.876452771075639
-13.815198987402944
-25.6803303212002
-18.548123601944603
-28.60057236545235
-30.96461225985086
-24.062684262149357
-25.876075470602718
-11.1102281014556
-7.784618065315446
-13.855491331411836
-18.547648030692233
-3.057471609231442
-2.6560600861464625
4.528154800925886
8.92232745626433
11.179547807692378
7.856404732355756
0.29842798394952863
2.0723990191640853
5.96181888682796
6.154600042907237
-5.360961714364738
-3.8828185042832137
-2.7976915490818004
8.152423802668379
-3.29761899211206
-9.6442132867161
3.0365962879085737
-7.970124683575952
-6.344266799416543
-4.0592010679638175
-7.2969551233229515
-19.41635804793613
-40.24007083432031
-41.842028509852156
-41.858785836288966
-38.200337711446345
-39.315094490536424
-26.74184388981861
-6.790444258447295
-7.048344616190107
-4.2610252525633685
4.0416850141757035
-0.04916267469500252
8.564059719802142
30.61072500153011
25.907718425943102
19.455509255660466
24.001309842879067
5.067665422858488
15.08028455021953
14.820930836399427
10.88925860462888
2.1749647668083147
9.100307179062566
7.000180450146398
-3.7773155219935552
5.933011429791716
-7.142940485539763
-4.544078269090856
-13.776012294775846
-22.178953789405394
-27.91497459130884
-36.71663208316772
-38.79226511497339
-36.51724433066772
-35.324313677699855
-37.406003353935056
-30.788151639764685
-20.81298188928443
2.9259155701673567
12.415510276901655
5.443389314274322
1.6978336283723134
3.1687070172356386
8.230235940893039
12.192132436739435
9.841594531479922
12.639005971309553
11.541468465829315
12.45157201855408
17.359765745816976
-3.9619077824949342
-5.6076590452273285
-12.575584971489176
-12.996439499787288
-18.3930855388452
-11.12942757147709
9.156045449545706
-9.607961218865814
6.180377392568807
13.145899007504944
-2.7797880341968053
-4.146034796552819
-7.0578976946218495
0.382786559314466
1.9166458689631225
-11.644323185685213
-19.664789781363712
-8.985920635865234
-7.5985198681319215
-10.613521221470789
-1.083389527734752
1.4331328601809183
6.492052061724009
6.586600944462212
-4.141259247538869
-21.852733679056207
-14.929061286278875
-20.889784668556448
-21.085781781740533
-24.441530498275664
-18.015988463356518
-18.4974162211524
-15.555091891049617
-16.30257750334604
-1.2983766963962085
-1.6093860287973532
-14.039112396916599
-24.61225476149085
-30.68736560602309
-26.345197231687575
-25.490490483858327
-33.87564701878768
-25.082035460382585
-32.39645710600929
-33.06954238321018
-28.51894948111459
-20.75187353457121
-24.510376220997127
-28.13464868410393
-32.926460051576946
-30.26041229669617
-27.050266589150105
-40.525000460431315
-29.04085428059835
-15.634366661916252
-26.76154242850163
-26.052789099916954
-25.49025150177424
-24.93969228234964
-16.739498048914562
-14.331599161383464
-12.169525695337304
3.6306266435712855
-1.0783237593636286
1.035046413047094
2.1711665739442543
3.174526198148872
14.376452433020795
11.339520491880482
8.920441752680789
28.20857393231989
18.198547635293345
5.150765533892842
-12.896761725510276
-20.480759098498076
-33.89091256882022
-32.228872579477624
-35.91723725108211
-52.1762994244535
-54.49988460143234
-60.575175653930856
-54.45713467346872
-36.5480220671521
-34.120786568659405
-31.719580054864164
-40.5361888127536
-31.09058129055936
-18.474247660759
-17.061286128448984
-7.464782268301313
-13.18876168143832
-0.9796865847233952
-4.998343632938599
-11.39466225354573
-11.578865761696596
-2.378491972461566
6.804410101793613
4.8814203019453934
1.482914639146624
1.8592435139138397
9.26419042396203
-3.1013962955959182
-1.6655786085355466
-12.347939598671855
-8.024666961225424
-12.301519468394279
-7.011007231417001
4.693955750783613
13.794093686194836
12.646338120958864
2.270579113668314
-3.790894757883837
7.002002879378804
15.05058713203155
10.983995234232902
13.141027597060793
7.820044832329493
11.339699164679356
-0.4037349616523641
-9.82485823070656
-13.232532533022942
-10.537425183061883
-8.506861760449013
-12.026449901093226
-14.30634608260972
-10.34806975533064
-12.572580794401073
-12.106878253933024
-29.04670043688068
-22.47172085016641
-21.97693724392743
-18.297793785812928
-27.39848195741889
-24.249552573983024
-17.367448494338294
-3.3898032857281466
-16.68859441658809
-18.091002297194557
-4.028265338261334
-16.810514129956708
-23.44523227598053
-15.134013004377437
-18.056324984566306
-21.20182870003595
-27.9779152202228
-12.32473965612828
-12.55009967541871
-16.68276116192825
-16.575867796427527
-15.372421356814304
-11.949734334668989
-8.140870657144422
-2.130975451040843
-10.616619372384
-8.145142525502527
-15.830584144267515
-20.690087921663512
-11.518051746167615
-11.398844575390363
-18.887440166542216
-12.72347042329984
-10.814917105527533
4.220850239711305
10.010224618311753
15.960525443713253
14.630580796085017
16.93520320897067
20.85708973571897
