9.751535935426887
-1.5642432053972188
-10.025441173171435
7.761833263905316
3.007477119898543
3.6717454164134864
0.3014143759731668
-11.403477338371053
-9.325494277430066
-9.934094481853958
-11.443373081199182
-8.876494366231736
-3.9874941939618886
-11.464299561581974
-14.101847747386413
-7.9165037692478935
-13.234467127464312
-17.23766760295457
-22.472700842138828
-15.281011659284227
-12.906920924456275
-17.547942023378354
-14.341048370814777
-15.902322848765571
-13.850559926695848
-16.50415244108472
-9.024804544149283
-14.018231597778888
-17.233555760258245
-11.653089025331866
-5.844089894316228
-6.378081991460598
-4.782160427168792
1.3922247518696391
-1.5583173477648065
1.4730298992175612
-1.5973400154707948
4.168929925756588
10.435331184698569
-0.993366773177853
2.247524350107936
2.059821385141234
5.491987510258221
-4.950240574137892
-10.14941280397768
-0.7608864277347144
1.599650104056891
-6.988969748648148
-6.2976435702350795
11.73834212063234
11.349172779447331
5.047436657568971
6.24482466567354
-3.1976068339686297
2.311985832076726
4.603620870468446
3.818787578723717
-1.1030406707225264
-9.497963554896424
-0.8749229576984858
-8.982831536961605
-13.902927846810858
-4.525649764373721
-8.314827393267658
-16.430343855413994
-3.2154751047232413
-0.29483336454746784
0.1459848298356637
-2.386641541919189
-15.763161734522274
-12.541692392293346
-1.4231140628886865
0.1447949430394358
4.221681806226778
11.886139450213845
8.939714920166864
0.6653031747031479
4.3210556757264715
6.252517301726472
10.315707307183562
9.768785948330118
8.544285404415502
-18.85554549567824
-14.227276854018273
-12.289404085353825
-6.70624844184363
16.204909612321348
13.05721690195042
-2.1891396402679826
3.947743833324596
