12.424356273310027
17.410854228024643
5.343449852030021
-0.4756880502687424
-2.068493653669345
1.789051939224578
5.660627035542457
7.924709703965638
3.470985768157815
6.0621919541127625
6.102477468298662
10.578730692584566
10.565229698026275
5.8326101955142295
6.2711803226839855
7.462373728868491
15.379415727771029
17.083020275364426
7.930626587904878
15.67950482307968
2.9683401227739368
18.278269748639378
18.162028285088436
10.206151382414873
9.16403047189644
9.806222457930355
11.820870302041568
4.9882979374488166
5.041904756804163
-0.08720158166707435
-6.427439494835613
-22.28154881279533
-42.501626886757776
-46.88781780072164
-31.669425985698034
-43.70170290968952
-40.945147512225134
-29.9366472283463
-21.371847478482564
-10.140280225705453
-4.113731739731012
1.7088807421848735
6.303852378915871
16.214830325457054
7.187108815632173
7.2985136751951245
7.59542223026902
1.1815677758693046
-3.4623713114067454
-5.985786823043097
-8.377594068293742
-12.848955456846072
-22.71065411107316
-23.683119023493013
-28.998725354818806
-29.995335290491944
-13.352412849515035
-23.562116234070672
-10.052606930119817
1.2460428234073042
10.475851606163763
30.696780316123494
27.80689478007513
19.13512111339988
11.407758236689114
17.716335381556245
23.02712850617969
13.508620399062352
18.90606952514704
18.92195801855633
12.210022938586357
10.22892975778938
24.244687464421602
15.264404397445427
17.17110452586525
2.2978465856032444
12.303084936846616
7.696077916623291
8.476726378261922
16.436540685577544
11.842203504210255
13.450558799944154
8.480085679101968
8.403657332272159
10.320392203118633
10.291183694561985
11.17142682626958
14.957507974286097
12.789540514691849
13.525010965481865
2.0494696620964183
2.4955796361696736
21.1095088592398
2.7302897663228576
12.861656821266372
8.840626061493015
17.798613827399652
3.8466871600340986
5.5547178919632
2.382991071011111
-9.798329963474162
-7.098967001311827
-14.487071462367805
-11.293375463486559
-8.87512811766065
-9.837126136202109
-8.483022200452375
-7.581970695310915
-1.682096287785512
-8.597803867690397
-11.490018543665247
-7.888247516633537
-13.361200017736989
-9.687610268318851
-8.88685261839506
-5.824213013441863
-3.0148528661367786
-1.5419534885225343
-1.753887511705837
0.3882080553501182
4.060989606883041
3.927508626297093
-10.479165315723288
-0.3526663231581633
6.679034337417955
0.7751650212818981
13.617084236878586
8.4274688369982
21.380739507730123
15.620747771436383
11.140015849871382
7.57292016484168
12.005183317225946
4.243819759487232
9.832638943863936
17.270343299305424
12.777171644864199
10.589576247660107
8.125962351225335
17.957776471680727
12.104626134329251
13.215746120443876
7.96434585000949
13.444808042745574
13.165025592752214
6.366694390694669
12.389132097240017
13.655155775010213
16.59999010557421
11.375898151100099
7.389985471656375
9.999781465212326
20.22829722662704
16.661818040984357
10.052056966268433
16.66044384477201
8.309254733035178
12.967237360711398
0.8184860629214675
3.613613577688717
10.947673283603358
14.555953017062347
3.274296420745781
2.482361295354976
5.0335090257363015
4.2316589783342335
15.502948453188667
7.357728953533714
14.116631272371114
7.770026856821949
9.03359611421998
5.495905283196146
7.91317662903451
8.992652168359356
4.23485451797554
2.915914252913245
9.710695846246775
10.648644689915146
12.024217956867668
14.147689964893196
10.015377304119742
8.3854786693184
17.208590205383107
8.022421973978469
3.3644485161973323
7.295609092884625
12.578938254225235
5.1288411199904385
7.121025737533839
7.573209935924367
0.9265844327564012
8.497492112000849
10.524094794817204
13.649088663468053
11.680930473162224
8.218751121647928
8.183119434526944
9.803604709186924
16.130260742010073
12.18868466468724
25.01187270638493
13.445501888363811
23.79957538794845
11.53678846602208
11.600599290707825
-0.19011676134262825
-8.289023286179171
9.67270243677046
4.624370265031189
8.235900617041032
7.571742104985378
14.408756982174499
14.510627303380096
11.243014462990482
0.5865452482153486
0.3608567300425536
-15.40834763733531
-15.545471024038491
-14.775204509749427
-8.46522916642832
-4.212794105994846
0.414705680684713
-12.051657035278131
-17.329461215118172
-30.810722777711053
-33.95139316474024
-28.038741417300304
-42.46809335233802
-52.8712840886553
-50.78885076960991
-45.19629240802964
-46.52966425647472
-49.33631591101654
-46.633068921888906
-32.96577906669826
-45.1604532603049
-36.79371668349603
-41.34539671513907
-48.45132221884627
-48.885171989214975
-47.45449732986096
-45.37324105765563
-37.79054730067731
-28.31252624022803
-34.51485142698041
-30.22506836331841
-11.554939185887045
14.738351800220508
-4.588034420574257
-5.073974891918299
11.23714926988812
7.9423192020410065
1.942025737224883
-6.267729059663398
-1.6137698118574784
-1.8784470040736208
-5.317342635706913
-15.213020129471095
-12.039423675460142
-18.11200378341412
-17.608134488011263
-27.655521071424406
-27.45265870836012
-29.683015923980516
-21.534797141776146
-11.341855024529464
-22.310434926195146
-16.87774250214775
-1.0354139649788492
-1.7118479965579865
-10.585536517950674
-13.73880332415299
-8.413353568119796
-11.952475018603261
3.59996554381212
9.978680427692627
4.4846052337509015
4.235710761127044
5.677140458270147
15.305537979761755
4.465924615560889
9.175440320322595
7.799477483821857
7.952566207480902
8.794937033117229
14.24939962626266
10.286781730969095
11.75563373659994
13.357943039965411
6.412112971626325
2.4655247690437605
0.6908076883606631
4.175617378455826
-8.519483076173826
-19.594310931433352
-51.52568116439984
-47.42965435745133
-38.13283321563728
-37.306247396728345
-50.38186167401677
-49.95003434698573
-42.7840040660147
-31.359864564342093
-45.04876471522604
-46.865663851369035
-44.43449773631483
-43.13788224888931
-39.35443928763684
-32.39448920604871
-33.78775333006388
-37.13079812799711
-35.545781652769634
-35.91921996449208
-26.358785202395538
-32.27479739350077
-28.608452487715997
-20.561311987104034
-27.337146626486174
-14.131245050687948
-5.7669876433081635
-5.485305217324637
11.15404152316804
12.218840081966512
10.740345960714883
12.500064385575257
21.446828660754854
18.398613453477207
20.018295228834152
11.464472121931069
18.0458356588444
10.30564097285602
10.972700105875196
5.090018738842089
10.643958303431592
22.328394791932997
16.993988711120934
12.12441453032088
4.297745874746922
6.9882494778530075
13.769619830449495
18.634187464974406
15.670850896513242
11.932648423412411
9.426169068361672
12.132959767680374
10.275572620823528
5.987118112421053
2.2211421723738303
-4.5391930648955645
10.112334000575801
-1.9980484608649047
7.716105134252795
3.656669334505321
1.433561729503979
5.423118553516308
-9.704626803872326
-10.681145323550153
-13.556085992313205
-25.873902137478623
-23.0766952901
-15.04604816533772
-17.421307736355413
-10.200070329399882
-23.63703032947286
-15.231413051184006
-7.600960853198602
-19.170396597710678
-11.518877541691758
-10.637316064983422
-7.597092839147468
-19.085617907059127
-41.96225098169138
-50.30872618267036
-45.57161557535251
-50.995287516588824
-50.61776512200945
-59.83486687505751
-46.18833132029717
-37.549194116890575
-19.525871671194952
-5.450304048455579
-2.205366706888308
17.60555548203568
13.471535744634824
17.84422103978395
27.734521489721278
43.48864457333328
17.275106508313957
23.65796503820918
27.14093486868781
19.824085089996128
6.8272532950437155
17.661111985835102
14.913036543578556
5.521043602978618
7.491409712714964
-5.204180887944181
1.1392194556844208
-6.699565623270843
-7.7809423531263215
-2.2429732918216057
5.863953590603178
-5.339128197742542
2.232603345266087
-0.23483027746615026
-9.512483464389193
-12.993755193217352
-11.356759946522718
-4.204003407622833
-11.893409246539653
-9.993998698906168
-18.42550078225501
-13.902857083206756
-13.095649242247179
-26.43891702591841
-7.73183434568857
-5.270465251178448
1.4012837473335114
2.4495473651519344
-6.261914104199301
