-2.3293830600275927
2.030863589254452
-1.2646732363885975
12.066714710914624
7.464888949046926
4.577891184928298
-3.149855319056186
-20.41457293019817
-29.94167465224269
-18.425347205448414
-5.465087301769554
-29.931368713612784
-32.91201566041845
-24.78685905359405
-16.874604604647413
-12.140715112579059
-16.884253300973878
-14.323800820216448
-22.914435600189663
-31.829378412119
-21.09952610641795
-10.747131942664225
-0.17998374764343433
-6.838273271216087
-25.35582913840125
-22.897933870551487
-27.86641407708695
-31.304207716572623
-28.50173052299371
-20.919423138161928
-29.92905295412344
-38.698247370630796
-41.803100567852155
-32.25981451366757
-33.14887921598346
-28.363920813564103
-28.00440486776139
-34.37188124568587
-25.33935540055041
-17.717560123497222
1.0003135142995292
8.032170788152271
5.6960469496342245
3.5017959165482924
6.769373328969125
8.090666242590249
18.730140877940322
16.90624804364942
10.299404490454783
20.798023846260506
0.08410939599206564
7.838547086454617
-2.9652773854102747
4.264526669380548
7.658856144376498
3.0104067981471854
12.064339612902213
16.708261348136727
5.669391495402437
-3.5074535309351056
0.01373528871468121
6.156125715868522
-13.743292748748141
3.617251100587464
-19.676755398117105
-8.021389217295773
-0.6050754779668925
11.089123933621902
-0.20791978236986852
-24.97473714019977
-47.769211784719246
-40.389066374380214
-32.140982820880154
-28.577559776960285
-46.01144094399533
-27.42313690741963
-32.247146573255385
-34.33735504118881
-42.67564638637217
-45.01636378861653
-41.230450096438034
-17.602487082819568
-18.683275242375423
-36.338715630216655
-31.675530088448788
-48.82535158683422
-48.84357035222014
-46.15299860387945
-38.533514655979644
-34.848013996570174
-42.217277088752205
-18.900203060238226
-10.53052685363611
-2.2536597050304894
-9.961539295846253
-20.740614823747627
-15.356247540366335
-19.58901882157061
-18.428237466610838
-5.923034159454423
1.8675175075938444
12.014368937168278
15.519144449614506
6.858430437023977
6.34285401503636
10.878055666052509
0.942290937147204
-5.223345784108397
8.147423387858334
-14.32400178716706
-7.396404327506152
-6.193414957425657
-2.7521029351483763
-3.0094651360306
-4.470063915152273
-21.41776751165094
-20.76059399955491
-15.477976019808498
-17.053275259567847
-13.515520573382215
-2.8252981611855867
22.391439556004055
13.798901094293596
-2.5629448426257797
-5.802409460533817
8.574995057009716
6.8052885578271285
6.979663117803698
2.9714288574631005
9.136094856835207
8.047185933405709
12.252622670890473
-7.859083794744199
0.5930128026009094
-3.943196033712607
-6.4870943900941125
0.16571753861249716
4.381298503252859
-3.244889426568265
-12.004187318398145
-10.403463321822793
-7.487836184388461
-18.638375313503943
-24.07321835522218
