-15.240033821915322
-19.636478115793224
-20.151696090347713
-41.44467770930233
-32.46319547130494
-26.14839756196547
-29.5606497416215
-24.0361806353168
-28.578659960347906
-17.62425586627212
-13.017983013422148
-18.25747699145713
-12.486959038199439
-9.380625858931493
-10.611587286822877
-15.015484328047089
-14.319625124509285
-25.169116517289297
-34.987070242195514
-42.222825280206706
-45.057058211221026
-33.87181083383634
-32.4797544633493
-45.44031211281356
-33.6942321126144
-34.62788966820631
-37.87186559897315
-40.03673302619187
-31.417570651491214
-27.919396652961417
-45.07733806383026
-21.249753759271567
-12.117270607605276
-9.505697952468756
-9.966771227135688
-13.889223202911891
-8.127620812854929
-8.755166670528352
-3.52072245752415
1.7969151901407343
5.550815628736913
4.187767124192389
11.882845004984455
10.300667468193163
2.949794505154712
-3.3731097926222784
-5.1962360526796765
-2.2608061614373445
-2.765221594843657
-2.58263511355291
-4.835238407834988
2.6137092178179344
-6.047256802453991
-4.433950011855163
14.017671646923375
4.69322653948656
19.852040008541888
18.07415476457401
11.58205726151102
7.722388082756113
21.780889603158645
7.583565746354719
19.77364003621103
1.2818745895099404
-0.8605962713578932
-2.782476243109737
-0.7343477474216579
-1.8551926125766645
-6.005583246823039
1.215646430136082
-4.339192156909384
-3.7430192354210767
-3.7125849214090767
0.324506990105578
20.92474490712077
17.967241813921827
2.6437473912549367
-0.3076389308840288
-16.881118705167065
6.3197559037365565
5.019221733187684
-6.683618373938657
-10.650131381726474
-10.427709871798054
-10.615521239921986
-16.064015787568284
-15.102240540013653
-24.1484293610846
-16.090923617068945
-22.971246068122223
-24.563154268722393
-16.84595059819575
-30.997616119528953
-32.571789482561606
-17.77499350259074
-53.42508972855997
-48.97353115328328
-41.21109841435072
-25.103532893176585
-24.262196516255216
-25.378259478402445
-16.47059363309694
-26.13411877107588
-18.272622778010707
-18.438086245231496
-28.69697588828089
-30.694676056759572
-41.97551606807246
-34.947883418114856
-21.008599580434502
-13.232161609174527
-28.965982546467572
-30.33853991504447
-23.634611522918306
-24.33334017040733
-20.117775454833414
-28.442337015323854
-25.00256027878877
-28.51109771790202
-31.006025322606177
-14.74903901783384
-14.289016369062894
6.7129614589976105
0.12258117698665975
24.19172672203569
20.957746104243604
-4.7889629414025485
-16.673209102896955
-21.56277096742307
-24.45912663025627
-19.237059213903663
-16.75277753304081
-11.807428195499744
-13.369129987507188
-19.434008979149553
-25.583429140507405
-18.263574711985232
-3.4290749557112634
-7.9002357790663265
-9.584939134054427
0.8130776313179133
3.047978739995137
-21.79786006585136
-20.01670560832695
-20.87790003631142
-19.380822030814073
-18.24538418444677
-23.119618374770646
-18.320574131030053
-9.022503951843774
7.054771488734205
1.3038537380558628
3.2686704053073785
14.832220536653951
11.739206072574305
7.0284667756021335
11.33694019996676
21.406675353156047
20.23410527482152
20.605231775295152
11.471137718833118
5.517982719249911
11.627102477317564
7.3904871794423785
8.599029170505931
12.217606902478185
-11.223409220866694
-1.4839619281187937
8.507486673256327
-6.132200495280991
-14.6848418858391
-40.49538005813139
-35.170888568225486
-31.37776379932977
-37.71631561885839
-30.480876391377727
-26.942205451627192
-23.27565111746324
-18.81928221999265
-17.576590670841686
-15.252605482830838
-8.900946909410647
-24.59993934637853
-23.14725939234011
-30.374544264221296
-20.594010213154366
-15.375811945207177
-1.5289630109847083
-5.214225600187473
-10.92353636449201
-18.461486817560306
-18.027690407618067
-15.706925118158235
-15.98334722039024
-13.410179849901905
-15.022010291897214
-21.50130825239044
-10.014232016585149
-5.644469075823115
5.794121256599588
-7.685748861959361
-4.027527204615451
10.271074150187358
10.500213186618687
7.65611459963811
1.0394705509640003
0.3135640688724005
-6.570400491718424
-4.190597867465334
-1.3968634896277885
2.9175669339790504
0.7079346583581922
7.147521292747048
3.724159682599556
-0.11327170427611626
0.6149742719216871
-5.704742342969331
-1.7267604054115269
-3.7972023088405047
1.6029002044282066
5.7620655572508594
-0.9605112521906842
3.170173608055209
23.86295915841451
2.4217010751541337
-1.9335385125290507
15.673649425237373
8.615444410899931
-9.845985814841047
-6.963800891183696
