-27.324310867462806
-18.420383560497577
-27.122545652959005
-31.315504709839374
-25.663635391622854
-36.48774427213636
-35.298483885964984
-22.661225239154568
-23.82855124158633
-11.892944124266384
-23.027653351641874
-13.750765654437304
-23.316766650613623
-22.816475981350752
-13.572379084687151
-11.975658782182135
-15.189500585101824
-32.31744623387496
-42.59244962333604
-23.07217842007478
-26.809675283298827
-39.971555213822604
-16.415845961980175
-14.720156507306955
-17.77901547523948
-3.959854918007372
-2.864789620344919
-5.016625143817132
2.434783642815129
0.5880093679982201
-1.087818418031805
11.668076588328756
-0.7179285947485747
-14.609574293164215
-5.611501966377865
-9.438350804891128
-14.66753409401673
-12.759251743944109
-15.862553531755786
-14.662803006647383
-23.064669514499013
-24.446199178279553
-10.428986449464242
-5.906731707655999
-10.081273202108463
-18.396335328603357
-19.6447239358985
-13.763191573666818
-2.376689934992168
-6.8535627492068585
-10.055844217877883
-4.728683806113868
-7.119761372445555
1.0010647588337342
-0.6862680329153382
-6.58524038782108
-19.69183957375019
-19.026084880360592
-3.3494238287679194
-20.91489812738329
-28.88993305728079
-36.429844984395615
-35.49164863721241
-21.948166792067944
-23.0194453138229
-15.762599699018152
-9.42499719718743
-13.979816818751411
-2.7534596062076306
-4.387508978591171
-5.058347165466804
-5.3773538052817225
-4.790617558973102
-11.489464409984741
12.137256338017973
8.22112567267236
28.72182651712405
26.63658339578892
28.95898331594463
-1.9380508844551068
-13.713181859930007
-22.593853211218036
-28.51210393083535
-24.32334004653775
-12.895089838783619
-17.692809087740308
-16.930482312989106
-19.27217219575969
-23.06554191090134
-24.511869855348092
-25.03171250164934
-23.053731622411817
-13.647145168011127
-6.397995652240702
-11.69869611088824
-8.84287120532717
-8.261041582859022
-5.4655920487145115
-13.424690077414253
-6.715554254628105
-12.824524000220961
-5.971994517487737
-8.741997368791198
-5.651248454639196
7.564293664164415
-5.34642455302934
-1.9163039958782118
-4.8510937592172345
-9.372000444013917
0.4206895587306673
-1.974095644265504
-9.87981066280018
-6.112191628048782
-10.429036933819047
-9.706404174300848
-20.377619913387306
-27.954655372820447
-20.71354995022051
-25.789125008713263
-34.277774032501306
-35.912415766525854
-27.995315003977165
-36.97821089318246
-26.46679403314052
-31.503365807116236
-13.382804794796511
-16.510324922378356
-27.991991581071442
-29.004716564927648
-20.075435029915763
-47.761567492055995
-45.42319147252954
-24.829788057889072
-21.069936472234964
-10.638513428469793
3.2178289904546373
16.13813837332739
23.173523136129543
7.171366846593343
11.880718909078427
3.8168313711262596
8.345518119064385
13.15271332149854
11.600167410528273
14.91267353786338
16.798648101535274
16.658710119878993
8.045363567685701
20.663493951298822
15.090118594027764
25.86989740346655
28.182190212930674
24.989270642056304
31.32313205065996
17.851971901704033
