-3.5281877966239237
2.3324899270192323
-2.7353645753570133
-4.655202238096707
-2.2679946746044446
-26.509820323482288
-53.88738745380537
-28.10523238175951
-19.23439712837196
-18.80973527755929
-18.444103503155308
-20.121886659901627
-12.188916656915831
-26.062820862481093
-23.221678015836037
-49.07958841615788
-40.52665946700941
-49.391952887090575
-37.95879881068424
-39.425760934648956
-42.44721070182294
-36.81339320913815
-36.191682350414794
-36.86952874207611
-40.63890079718959
-25.763184898794236
-28.36246934555037
-36.977042980114014
-30.570515850467338
-31.71909944681112
-38.468501411298
-25.02898619281049
-31.40344139088305
-40.68262752685569
-30.21623119194413
-19.910457498080664
-21.85538153013545
-25.41127482121748
-24.65445082199648
-24.316682312599287
-9.591335637300716
-15.055515549966714
-20.587172422102768
-21.666896143684536
-12.50888962370031
-16.064919806058395
-11.545569488853323
-5.374782644439101
19.78336859672081
13.73991065559652
11.419516324749218
8.141181092310125
10.278103069751264
12.423790539343615
2.0982887032773236
-0.9886472666347697
-1.01816658753201
-11.36681698364692
-11.293339307540247
3.1229449684552715
4.500741725993524
16.648985168122426
-1.547698681343579
-7.71875016868774
-20.527106340532605
-28.965760776713392
-23.41787434627474
-17.600044401112875
-14.827925361677986
-27.886843132405065
-23.69366477265357
-18.203525555500892
-17.42885143422143
-24.47435817901516
-2.6768120674575
-11.456592194041807
-3.0761209468523503
-7.908083721555392
-9.189011547302881
-2.3173217676816087
11.754307765232944
22.558860960489174
29.13098855624876
9.513673549336161
14.67787966967526
9.811652899759096
9.163057336986967
-5.107597098906735
0.4984020782217326
13.490008433916831
2.5140763668607646
1.9729282817633205
9.808914184780054
1.8548102421249195
0.9414671404046768
11.382839827970672
3.2876996859202148
-0.9934447674103974
4.58318461000979
17.291568341941105
15.009140505408249
15.759457499092806
4.549960652637955
5.787199896134522
6.0311626360103965
13.54122166053252
8.41020604911008
2.00708401392699
-0.041761195025342535
9.363155927273919
2.8530085804052447
8.457730823412893
27.996000751499945
37.301431466536435
28.630571995589772
19.008597604425805
18.593811142651454
5.1364126174185785
4.763892747595004
12.059431817066965
9.707072779690305
19.23344671182065
16.64582268612422
11.000000879762961
13.681571990901036
20.577680160318863
18.077373223923647
11.370043979651639
5.7308265924758395
10.415516249697458
15.724395195194493
-0.2173507929892434
3.4442147761477364
7.4912201316061156
-0.023384003329832197
5.537264502270273
-5.391061044530503
-5.410344870932626
-8.204414008555286
-1.0921595714529448
-12.752791541983646
-8.708100370683018
8.279719677596908
6.794737587345852
5.007038734892667
6.887739961875853
5.197456576043684
-0.9269910207213647
-10.998883313483317
-5.204021382237318
-8.699235603106585
-14.204201228928232
-28.22205045979969
-6.337275155467968
-8.943623134013807
-3.945995794897373
-15.95773277937661
-19.287721485288078
-21.709454400669607
-17.900127049670886
-15.589912968540304
-21.741199093525857
-22.5271810920252
-22.228730561183824
-12.907152903786859
-12.76411592442289
-11.734506222740054
-12.759334245169198
13.12378058746974
-4.6303214742272445
-1.6414365310706909
3.690395429551693
-10.542779565174634
4.014577865975651
-5.339137152692632
-1.892454274401447
6.396972479049214
0.7788699202816117
-14.118421355826545
-4.542768283151245
-0.10162606312742307
2.321348396614228
4.032357041358407
-10.42257673154444
-7.5845036599747875
0.6911588197215771
-3.9576604773017126
-3.919576228145696
1.2385410032464756
-5.386849487808802
-4.412330539657426
-1.157833149757136
-7.178322707851202
-12.149359177178187
-22.41350953581656
-24.229078627299966
-20.97628523138765
-26.894084643614274
-38.36733421855703
-35.11708851872745
-36.73861609488402
-55.994377826085476
-43.64644979860262
-37.828159962201426
-37.40750933866617
-32.573993903850905
-41.13086952500585
-33.030135850373895
-37.7650322820295
-31.985762125734638
-26.309327989668212
-27.85972685834209
-7.220694132802144
-0.5619700809083911
15.614233123559279
12.322143290233662
23.335054839057413
22.830580474745574
18.268160495460037
26.349771938183423
20.93903997482768
17.472342957180985
20.06148175631678
12.136403184094526
19.365656157858947
15.711527034537244
