-9.574553052701386
-1.0325217058473553
5.096967960808847
-17.72464742740399
-6.575035896659423
-10.472725920857524
-5.743109466190673
-11.371607707123509
-16.819553130749
-21.135293787607317
-16.28735683564127
-17.76642950420175
-6.700871993375957
-17.736305360159353
-17.809850724281958
-14.478676270875496
0.7051490246348008
-9.481642445674929
-11.801061303363516
-9.685569716519797
-2.7631149123825955
-7.058707092388809
-4.637958566761191
-9.65526381108258
-0.4026063355866749
-18.91028909589988
-14.479856403668851
-6.98586389253237
-8.251103889685046
13.094090374408847
4.993507825836451
19.829113880337605
19.170922143518066
13.288673903386385
11.855415005818484
10.218681717857637
19.57636843968313
18.93461411329588
13.574077016371842
12.034052855353925
-3.9491928482151537
0.18939190195510844
4.0052097120903225
12.797913357742818
21.955475015962698
18.65974619705698
14.577717446313345
30.42214048308001
12.597306927520092
9.956434337224712
15.361042324523925
4.706888146391654
11.939158826984166
-4.20285978949821
14.792021430795698
18.35707624337838
15.433942605389714
16.50758025404609
3.826649783214189
6.757370323978348
5.034926610174193
-0.2701334034780965
-15.987339537343905
-8.263870068440447
-6.256063448095696
-25.24691229697313
-34.305308795492806
-52.97669854962815
-40.15020169291938
-36.10395207778602
-38.19639317327343
-26.544336535584826
-29.196181348269345
-27.08574044560559
-23.969868885763788
-15.647274251126275
-29.221647269549084
-23.46842340507859
-18.850362259354444
-16.720327461097693
-24.463915211634365
-32.44827686126199
-35.7187098352841
-35.603470272032666
-54.41538703209405
-43.61048410028158
-39.232842647624324
-37.01677132756811
-31.96431370517212
-28.47851485728228
-31.597109734613326
-32.64803224745824
-28.821447381725
-16.045114097891286
-26.91052105655773
-24.456145169545927
-35.10113147992481
-49.25574037260797
-43.46576601196303
-32.74191600901132
-30.744553587196318
-17.33076248288459
-10.646352408462011
-25.56261283033723
-13.919525523449238
-1.9529473197108689
-4.2339316719501205
-8.698722556889601
-2.0086358693480326
-6.633505450012274
-5.7421077003372725
-5.862170070716838
-3.4134818708427006
0.2752989094678566
-10.601908852880292
-23.208715497905274
-16.3744662066519
-12.028818490275507
-16.836362181415925
-6.933818421382273
-22.614997521415674
-19.24740360914844
-16.37197212829944
-8.002276403761437
-12.656510365843515
-7.958582457746935
-6.350408655352017
-4.897952521355175
-8.380839841932845
-2.5100264630222697
13.10845557283167
13.029567208235841
8.061165657217497
17.784478929193092
32.081822432482326
25.786253104946837
24.552823145298877
0.9548655220849038
-9.5125103730241
-9.787939795200932
6.383972624290996
-9.37892473417248
-12.403759877153993
-7.454087238024659
-4.843611081388087
-13.428837362743245
-12.128402420002327
-4.577041766476312
-12.458115525945717
5.893052611113489
4.7789358819989225
-16.08231525332876
-11.543117470025926
