-18.05064941481943
-27.94353990789702
-24.796834727158853
-41.54433336553574
-21.536064544795273
-34.84041487444418
-44.751167763355895
-35.31468490096832
-37.909265887286345
-36.99577188776432
-32.5824690133985
-25.316769648289984
-35.16408477610179
-28.42042164482285
-28.559623188151704
-41.799567412110896
-41.94373164637553
-38.123969433661756
-29.789488882495732
-39.84577681949674
-39.97370049335636
-35.46235714228744
-12.653587117379676
-5.694008389953448
-5.112778776166525
-20.51418087565371
-6.77978337643927
-1.041187533781336
-24.865432682210013
-7.559167574287652
-16.360829625638562
-21.74766894355139
-20.55251423951384
-33.84973887101478
-15.517112866650965
-15.3030085630849
-25.868578426758827
-19.99735037622603
-32.57466565232282
-40.313905661992976
-30.056931280829264
-24.64718804302589
-22.559647768761398
-18.235798394550482
-17.025960962727837
-25.950196643409253
-32.72072278407125
-20.60689374233976
-31.08547756260871
-24.39473295097973
-36.53890076522005
-33.87133005481105
-34.70816393992512
-28.20858141085061
-24.68331347515911
-21.129966407029066
-36.25928817745242
-32.82091466435322
-37.309654267375706
-38.23672738607068
-36.85752152872032
-23.874606128256392
-24.462804253825656
-31.149203206472244
-28.25936200268575
-25.07858016201358
-37.719771896308266
-16.38683354894513
-18.92434553251805
-14.410474834503928
-0.5848825559815626
-3.50912287656378
8.474230902886939
7.900691982638411
20.580853133646396
17.577488450771323
15.473271811872475
15.538976945172292
18.683462711614126
18.27331481902553
9.32476905180684
7.647086758039713
10.823178210972383
-0.7994229706412147
0.5789200680868406
2.2656036580720413
9.547347124047699
1.6606487521486335
1.5949744503068992
1.7953967350889966
-9.655071426527394
-0.916437606552107
-7.900787636019414
-1.8900577348781715
-14.683873396473182
