6.606474360540918
2.0484417560742303
9.056490820243775
7.105111014551805
9.078094091102749
7.179605740409395
-13.480092079203295
-18.255409239997007
-16.235567381555512
-7.710327942412796
-16.644564392986712
-13.794095296038805
-15.311781864218435
-8.570288772585503
-9.50965855737839
-11.908338660921451
-8.440623049284737
-9.308750966560208
-7.826666368139834
-9.781547124539117
-2.137390411946424
-2.519114235249594
-3.169192395074772
-4.348623438604078
-11.388993834320305
-23.021103210677577
-14.05578754104575
-14.240349499060153
-23.06149989138039
-26.617128667496573
-20.122164823670357
-17.04730491515832
-24.63782613292789
-21.81433740332686
-15.72964336571594
-6.152298349373722
-1.8471479278299383
-11.94346373858276
-6.325168704053941
-5.200465618777663
-3.9669151857162994
3.720387043682123
2.419605841351242
8.30877250953123
10.131102794853069
3.747486681280528
3.1671925147475553
6.022891318773916
8.072095023652057
-6.302344658857678
-21.482881143166647
-32.608221372323634
-35.18175274634041
-33.35419622433392
-30.733086824253753
-26.718972236145678
-19.58668191717273
-26.736006647527343
-24.656348387496514
-31.79412489956951
-35.73572194198522
-27.01807150506418
-18.84577616198004
-26.7034644751931
-23.25355393570457
-18.199027226353774
-23.401598867374936
-27.010873990837673
-27.14981279371896
-24.64198957212048
-28.11314779496384
-22.5959417249124
-15.113420297363017
-19.554764695178484
-24.119651828963992
-25.48418279342605
-36.00356187021656
-33.265491259150245
-18.257370465780927
-13.036047249663806
-6.983641093218286
-23.88057163783302
-20.130543129323822
-28.93944888096521
-25.051144132162534
-32.285998799874136
-22.34684855078409
-28.497579742069874
-17.27794454527143
-16.487271980624904
-8.088736803079422
-16.445359092363933
2.2724742856948
-14.05720505921497
-20.079292746323702
-17.657874504913
-22.375761923187152
-19.716302337637607
-9.990725299398367
-14.598759450345154
-19.52091728202048
-26.09962778749907
-42.18700335120746
-44.19981378073297
-48.40231202095504
-50.21214408367753
-35.26464454075115
-32.3267347412907
-17.611011063149547
-24.99389632699397
-19.435922405588677
-25.779382787032965
-14.106068926433814
-12.516360073903256
-21.68745987898121
-29.37109924884684
-23.363050683570986
-20.490013350211587
-3.458986639178629
-15.210699234385471
-23.58710935548943
-15.395490442918724
-20.84322276504231
-19.81009749047732
-24.382504756006192
-21.966895349485437
-25.048129996757716
-15.533158671349561
-15.354839265711446
-16.440737042765242
-26.8324269350032
-33.707834285948685
-25.70202507816349
-25.679595988823
-29.78906085018811
-21.06820392101018
-40.632081324579296
-43.75104349670729
-53.44806209144066
-55.21995960509272
-48.621112434595744
-57.473679207322895
-53.86764450102989
-46.46528679303856
-21.70647861107845
-23.989236051939702
2.008785515473097
3.928002058540717
24.8484714606886
3.698758672536628
-8.358631576806216
-2.5578003415379817
-9.837946432422186
-15.55975284133455
-7.027179379342278
-6.8227929320931056
-6.015296964188135
-4.685205396780238
-5.262320054212285
-8.017952312778432
-7.516610919738794
-1.9783866850070693
-3.1277618815852093
-0.4259727297303809
-0.7142494867712238
0.9560344651259808
-3.22161562944785
-2.4069529905816966
-6.990176776049411
-16.108281695877288
-10.454118443055872
-13.760915617233598
-22.846886742283086
-15.643064019132163
-3.519359389684668
-4.57252035891964
9.230236581529182
-1.4370482585362554
3.1152341902538687
5.9684935177807494e-05
9.52402488131975
8.455660173466969
-1.7641093622154578
-1.5481959276091406
6.084026815437642
10.565584439289985
2.9674752738781147
15.494051543045329
16.7547920528202
19.50902744525184
18.281313706181727
18.004333307302172
10.023751624269774
13.110190206700967
8.651447583339118
13.88803754573274
-0.6566085313064143
-6.453384536257166
-10.952826116571451
-3.4333846132907206
1.1066924746155804
13.608142210359276
-3.0792268884143765
-5.017960646883451
3.3080277942134733
0.9134309905653962
-0.6875494219513196
-10.830177142936618
-24.5804561429008
-24.89750677127153
-30.98735316989397
-26.198214197366514
-18.650703488646837
-23.01449111184473
-17.86372801619505
-23.98717104684216
-27.46249720763217
-25.79270558862391
-22.728528106022374
-20.2899436155932
-45.73858139837028
-39.0951849346861
-33.51231886306949
-35.50784823424271
-35.39793342565347
-18.668328548271656
-0.7539195760230387
3.4278690823237383
-0.5383288969492933
15.676829430356364
14.371731405706726
12.691559471860918
10.126232886136762
2.4035783732758382
11.879432652162487
8.557522418375905
6.417094102365452
-0.44613154189072907
-2.480175158953065
-13.798285642126828
-30.331458701832034
-30.112701431710388
-23.64298011083157
-36.68200621924881
-28.809843700045587
-28.569151840566672
-22.021824333256262
-21.343881025656806
-14.287125852713125
-11.663807813685038
-17.370701037658492
-12.084556701582766
-13.661966710132617
-5.870290032927795
-1.0420058101183136
-4.460725159777779
-13.084119016341017
-3.70798307094681
1.6371509351058766
2.5932508469259408
14.133387045212224
7.863830775662963
1.8801255125552463
-4.6094630882549295
5.738534209456963
-3.3559364939655145
4.017197764802745
5.3575886639114385
-0.2803268592577708
-4.757817716097015
-9.022929739957156
-11.450741123183215
-10.51523071672874
-8.49455843332471
-12.982751757560465
-14.498998503279418
-8.67505598165652
-16.686082959662993
-25.94455369443341
-27.932052202237763
-8.173755229637827
4.072100743340739
-12.364042420705106
-13.213744124244402
-11.763923387029248
-1.3429418126429649
-7.948398625383673
-13.002445462097327
-9.955934736911203
-15.080001749111155
-16.432470633627574
-14.511407870013905
-11.992181650256937
-3.461821655737903
-30.97824334526028
-35.48839208901303
-22.457204665064577
-32.0629214099015
-32.090963422423265
-25.23542443179131
-25.473504923231967
-24.74147512210066
-21.359282430960707
-25.68416661906411
-23.74927409360777
-21.977218631682568
-5.640644556541387
-18.69564762691619
-21.19894233501465
-19.339297334806584
-22.207657442756805
-14.366090769416894
-20.09844960216234
-11.943464302817118
-14.963043316578041
-28.292374637341002
-15.690799331587375
-19.426950771561817
-15.777578004078359
-15.89945077717151
-24.103688843071428
-17.918582660803175
-20.66691002336542
-29.31735725427552
-22.52901914408284
-20.13796383422521
-21.6734892070405
-1.0862627683528556
-4.729537889093511
0.40632271838081097
3.4299118127165404
-5.36332264645186
-15.850949733656616
-1.3948405370755443
-13.730322823921512
-0.4923290141280049
0.4245058089315025
-11.002683333440505
-7.671325192704821
-6.29140788162082
-5.3402411136106505
-13.099922196644444
-29.81421838528203
-33.714519317764235
-30.840105537717854
-12.488697816562727
-13.390335193629262
-3.0793733111749146
5.664726135172655
-1.1441506430298924
-4.566069241540953
-6.840073772287106
-2.0915231248743016
-4.1085083871030585
-7.270718336921397
-17.421481513887755
-3.163008520158574
-10.5360016950473
-10.249051599527824
-11.182015309574707
-4.892681132920818
-9.11640983386181
-11.804552179136223
-14.678483054946716
-25.434708373679385
-20.530134259269296
-10.802575457973568
-22.52784128338248
-30.518515366955
-21.286860823608407
-19.99724276346268
-18.57614364789645
-22.13741097848557
-6.032779127030816
-12.008417911712073
-7.084571493430138
-12.511892242887724
-0.5927495562960895
-5.455686449563872
-10.439307106237678
-4.516092360455524
-5.964392882524849
14.887044512178063
-10.643648395115783
4.871854633135191
7.1504243759270025
5.95051613145609
8.54306973526937
11.296642973149764
-1.3998210202918993
2.4036688252372462
12.66823803549977
21.08809209327145
5.613616410841327
-1.4166733400134166
13.502051184483525
13.890853658475935
4.618287530917182
