-7.154619227383487
-12.654723827891376
6.396618170860293
10.563317954037194
20.244821695902182
25.602844758610054
20.02201680335224
16.1850734417576
5.0472421019731595
-11.753304390959403
-27.4564164630888
-32.06088092924425
-44.559493355742376
-30.85115779535819
-37.851449067564005
-50.138001763460466
-43.33657438729884
-24.90171699656273
-21.869502670098015
-28.548029056302713
-35.317665041309155
-35.18605178453154
-34.136864974270395
-29.05758417686178
-23.237267448338127
-14.973697820330065
-15.410733611605131
-15.592376322281432
-9.119241693605787
-4.876002418974074
-4.227102592161901
5.919983368675905
-4.559483300951736
-14.487797273826118
-12.327424715411544
-7.884286525097103
-11.419752252942569
-8.889886760949073
-30.811335625695328
-33.45171553045534
-30.82622018805161
-50.955611226087704
-21.624732980040477
-22.043312603659214
-31.5914957799555
-37.66705107814465
-26.293342002510823
-14.13388763290586
-18.823644356537088
-12.0280581340322
-26.96088124342909
-27.89931912508511
-24.53080759335101
-25.935701181732068
-19.554527217995023
-24.31337381496045
-17.297886245425683
-25.93785313488473
-11.592294957032774
-3.1365947201821887
-7.805413044142353
-1.0491849389525771
-1.253618032290808
-6.720314762918561
-15.24454316828465
-21.27808706330315
-16.237825027127418
-1.159994568840785
-14.804291175165401
-17.421086317560654
-26.16456125912655
-18.51754426120881
-2.4245529664617576
-3.6928412455279793
6.926076031007767
13.736495109445393
10.637957975920044
0.20885646212724385
1.4802419953445547
-6.662631341776486
1.459471446450581
1.9539188461295292
-9.066638139981077
-4.505314424276072
0.3932919676890517
4.5604666452316165
3.992535853310513
-3.2442813584942654
-6.6513673149305035
-7.156217684690714
-7.783216103478634
-10.850343508995383
3.823112708583175
10.716741698667166
-3.6627890496412143
-10.875104951685138
8.851583976282852
3.1567273781537257
4.398885682309459
-2.345395001591619
4.32920288711656
-8.312862654473518
2.4732390648199902
6.262245401129428
8.87688969258132
8.131970942662077
11.61151652339576
25.226332091759467
17.57090059133133
13.602867129515385
13.80391560135376
13.246301116947665
