3.5290182270843955
8.280155661819249
-3.976173391743254
-9.368616878767954
11.059235212897342
-4.2952455746921165
-12.153113925043302
-13.289165537834606
-17.314490011321205
-50.05278352693527
-33.084138128900534
-38.53866944940473
-50.33391207804148
-50.346216573760024
-49.754941886789524
-43.544390091406925
-36.37113325770921
-24.400252384333292
-25.28270533162655
-28.39275888770978
-20.3987182519392
-11.680812283342936
-17.76683701793307
-16.653163357724665
-24.5471597204634
-25.210862791213017
-34.68689907102829
-19.445445711317404
-25.204039637780475
-21.17424532255648
-16.529895532878285
-9.701341092689393
-10.713129024431082
-15.97988273147773
-9.000078527014152
-7.072807613060562
-11.688273285310064
-2.511316887909409
4.520022661759602
11.01077583490762
10.581401248561534
14.97366400257498
13.764491196500769
15.372339506498472
12.161259847506347
8.849733183523014
7.9135741674207685
-3.2722325457954065
12.822276962146876
23.43067373934225
10.81862947651778
2.194020370994562
10.130668488735967
15.602677392651618
25.099818942029433
16.459999616460607
-0.6614235197635303
-4.3279146528409935
-15.653886840294636
-5.307291654411007
-15.971620860145714
-16.408238648098926
-17.294865763592615
-9.097636991249976
-0.6005247742071934
3.8472599364407913
3.5558942337278783
7.386007132620612
6.154585289692724
-7.337064130482432
-8.678336220764125
-5.824226533120598
7.501211665116976
12.629217040016284
12.634069159698765
25.915643023591052
9.462509496267682
16.062714411630274
16.876163035968904
19.131253620420694
20.26453488017735
17.604969510423878
7.433321278242601
-8.6460949620177
-11.692354093133655
-14.978122601233597
-22.77427813618225
-24.222202232363657
-9.068714244803653
-10.10525707439857
-0.9497530368501794
-0.06558367715100129
4.261323052474531
-1.5452704843026217
-13.574766776567651
-4.631084836799158
-16.848657403203312
-18.41853580501625
-7.9051853146336795
-13.82800838128246
-17.031459518090784
-20.717060017644943
-16.86661560523066
-22.278535295248517
-22.905336823332142
-26.376499137545782
-26.015088220248032
-28.322712290766848
-25.548796209564852
-21.5279291171712
-25.13246802340245
-22.168509941065206
-27.07247124380385
-28.38700081444196
-26.489358493291025
-27.969531242122716
-38.82127056829221
-30.24767687911213
-32.744243218703545
-33.05172608676667
-31.70552739927423
-29.6959030547127
-31.729264586783597
-29.13485756288765
-18.510439620210615
-23.443225918631907
-39.52354227488248
-32.14658262204368
-26.234279346190434
-30.807668130419216
-30.717923257000283
-34.44072514637716
-29.264545102345963
-22.538210793895175
-28.732729193905893
-33.29258628825655
-29.82692766758557
-25.42505201949356
-23.07251678389818
-18.098027743912727
-21.190419777496647
-11.482555849163651
-13.826146113708628
-10.261863550982076
-13.114394428437919
-15.623262442426274
-15.088883511930597
-7.345223725621188
-17.579859823024115
-9.077216046579627
-8.881759533150625
