13.073929661945288
13.565333335870344
11.235771658737848
14.256717210931054
11.873810476480427
10.827699654729175
13.153288873424252
18.62375407730936
17.030986818047722
16.210397632099177
12.251612520554154
13.698083695569197
14.934513799321904
16.151638204229712
16.249264463782847
16.586244463823366
17.18381795652703
16.808526356984597
17.839174708515614
18.202545861005625
18.93117349054752
18.83318729749636
18.875444049166173
18.834775666905447
19.75941725610397
18.518386029449317
18.29972633788899
18.183561072209848
17.7342058416736
17.939682782775193
18.47867585673402
18.789406503268463
18.6374255411141
18.925958761437947
19.17532473842097
18.564139544119218
18.00965357478703
17.665857269783928
17.861632502533528
17.801071631487225
16.963651344040745
17.00335207136092
16.462625751087124
16.045186067296733
16.068756737783975
15.738788168793626
15.679136656513267
16.112036565579118
17.012822806715796
17.322881222548972
17.122553289806863
17.371467484467917
17.569794352928657
17.582577154158926
17.35309446133632
18.032183574404375
17.484089938648975
16.960207506594614
17.304667678574916
17.49223137466324
17.789348358083235
17.680159807038166
16.92927136212014
16.93985488704637
17.460779488639723
17.546828395289705
16.89988608662655
17.10741448768535
17.182511992333072
16.02249744039446
16.45065331216031
16.416310087642707
16.332331439356437
16.674202654539062
16.170224993638794
16.20009239776728
15.781302668727932
14.929674122482258
13.987540266731253
13.577637643640713
12.992679056273149
14.28977634336257
15.909805059383409
17.643844599962808
18.276366316394448
18.473308088994827
18.72879890462004
18.62397230335288
18.571855267367965
18.37454806052596
18.40033184340756
18.354447220766694
17.738244527503408
17.95885896457683
17.37640279862333
17.17057455073563
16.070276737667275
16.161538932223024
15.730010944065056
14.841864471796308
14.521596861317995
14.177725757673091
13.854847317557736
14.62032683665639
14.828098301315588
15.862464387517461
15.426219805253425
16.403577325738404
16.64769565787142
16.41142683860591
16.70855698904094
16.664998610604474
16.624737051527426
16.876145954882706
17.144251170164793
16.74350170735325
16.413860324981197
16.498599779833427
16.208081356402516
15.724701025886574
15.073659016217306
15.036446478965305
14.036945408147476
14.082688692432491
13.760190093466909
12.773331821975294
12.875949013040753
12.697525956028846
12.316720661758827
12.280651703269971
12.391712058761547
12.154876559864455
12.1849259550875
12.16687005900901
13.051978079581966
13.42538754283322
13.347887932965925
13.8808720300632
13.605767266127328
14.696834203985743
15.247836680613382
16.10407290515553
17.003603086214536
17.278273653774335
17.736228651073773
18.25969724768632
18.8375701600823
18.477719167563727
17.287316438974948
16.940421672029267
16.610616521244395
16.50330224207483
17.121879827952608
17.121730347813894
17.174565565362172
17.265979164304685
17.3824636885135
16.905673952388913
17.250053200556742
16.539556785056938
16.654485911718595
16.586359172287224
16.809944843177487
16.390715318179353
16.05824799134823
15.624599902570061
15.681082019402114
15.783045316738761
16.139523965228435
16.272385512603776
16.75865898590748
17.11527139020469
17.646388278440444
17.513292093913876
16.82097438802496
17.144250519137074
16.54609497133141
16.222384136522265
15.511915885384436
15.438039965908988
15.199132136233569
15.050675226204794
15.508651696986314
15.73234544312762
16.240044059423006
16.772516463826687
17.255440499800798
16.840323560701336
16.567555806453168
16.643594396385623
16.641884716583498
15.716942152705288
16.156197417331608
16.28738899610143
15.070375283964735
14.830087939227411
14.05488674953068
14.583570359270151
13.550605072097223
14.053428642427535
15.614069405538752
16.417684112802096
16.521425434327874
16.157156177627535
15.502821959745773
15.172415801866064
14.808536544149318
14.77391879137884
13.560736675300856
13.668324591743016
13.0404266266904
12.666382584504635
12.688234128863414
12.716984681074278
13.458527856450939
15.148847246378756
14.802276737882016
17.058252497487462
17.88497745705929
18.350105472643172
19.08620508848139
18.810321912881214
18.76314216341656
18.74907506457307
18.710189726991487
17.813817831173704
17.729966081937736
17.210158406152313
16.735333160342073
