15.98807690181931
16.70339931174767
17.32916603673194
17.593926731469324
18.404887593414337
18.622398812984372
18.780438025788047
19.0843610350158
18.749821540615486
19.41372548247755
20.549317137421628
20.13457445014545
20.54304713215323
19.640381264670573
19.106132829527578
18.930579037096816
18.65795873500328
18.22639108347949
18.117175395011554
18.01641846820024
17.797782709688306
17.40297276422875
17.220321901586065
17.037639885382134
17.050355589257528
16.85102465613016
16.647594626581185
16.728759781958825
17.392546904179827
17.29982240856786
16.14285630270059
15.519257359480298
14.46153750387368
13.992341115975787
13.839998237794594
14.027006716028732
13.965353741750949
15.358519104693235
15.48940904745301
15.799388779715397
16.337251528476912
16.777675821461695
17.769623186249174
18.099666222459177
18.15598217804302
17.870257008448238
18.067900510795557
18.016448106069245
17.469253627266838
17.039670647253768
17.502173002919744
17.83133402266894
17.790897663298367
17.441828382365838
17.595106513822003
17.04237961793044
17.028368383066304
17.3806421689835
17.29035436926432
17.391822683945875
17.37489432857148
17.018330987798908
17.201089635452334
16.767319583158404
17.02112413200238
16.542861740406433
16.11302345833843
16.13543539588134
15.93455252637132
16.3833718604918
16.076280043115627
16.76568520353408
16.900429857104758
17.435826805924098
18.33997801422842
18.950998108886274
18.10429951063149
18.074684600801238
17.590218228828174
17.378828655792027
16.512007872206404
15.82078873769336
15.295183918274354
14.662858496581554
13.899187341206774
13.582833396535836
12.823928516228877
12.32946834810364
11.56816648193805
11.344388945639615
10.85451020147117
10.453863700789954
10.38326753478518
10.597859679183811
12.558043903603272
12.196046129288225
11.574074991729734
11.907055006590273
12.99478834014091
16.422270141115018
18.510015009189797
18.952224721283862
18.81702935218301
18.43817655264737
17.774456884315672
17.32419407971007
18.092079424068704
17.593543963924123
17.755350721478745
17.319757702031673
17.055751130095402
16.621476373503654
16.261007111370635
16.383392899461533
16.34343876182615
15.832455586189859
15.459175181749588
15.802320614724165
16.288468812175594
16.20307857863004
16.356518043579705
16.154080547886775
16.91744068295507
17.25987337899143
17.346496542677542
17.146470724662652
17.236133904446778
17.77391831873187
17.715910944520296
17.332343696836368
17.14957827329913
15.89000166022173
15.799073489877095
15.155219514413679
14.717100258799482
14.366746949632804
14.194782390724797
14.028772702343344
14.46292740678231
14.914167546745624
14.96110709490886
15.205051034208937
15.469440079086509
16.02737815483415
16.370444204324894
16.528452016699287
16.41699604578588
15.974983709793714
16.325150794547525
15.855925928562806
15.708987099722915
16.049296973147502
15.982621610313087
15.253317937427182
15.716240229542588
15.348962556098122
15.346992697021193
15.194591807359025
15.59163907243658
15.464881849977784
15.55645559986789
15.263275461258422
15.728384607732814
15.354128942720376
14.945031987716241
14.233221281553044
13.98486214150301
13.232899887105482
12.936033896692125
13.064397312712606
13.558620570850673
13.693980578374147
13.361313752959399
14.169264148020346
15.160563468777585
14.087720851823079
14.922098255670376
14.554133458514169
15.227742534165804
14.786591343457479
14.986149090321355
14.10162036484293
14.144903307851274
13.766950502450351
14.057959532785453
13.20744754576562
12.736467862332598
12.797042059986179
12.356576800867453
12.022513268067447
11.933896102742946
12.016379376050098
