15.431902208077574
15.814888422333308
15.347350188059009
15.013644990863796
15.543995838853155
15.509410374068956
16.2714025306251
16.883794773557966
16.91422039585875
17.64032926501687
17.94369097850968
16.89821566150266
16.851735999175123
16.905377090787972
17.301487036016418
18.487317133096123
18.4791073001833
18.42617959796449
18.451736165915307
18.767035149114164
18.464416429276195
17.73704765658439
17.95193947473679
17.51852540182703
17.45154478012895
16.665720091402928
16.68059372644441
16.51652950393672
16.23149998633621
15.96443065354002
16.800700983990108
17.221404983804277
16.818930172422117
17.117970886447264
17.227972846275392
17.536501457933564
17.270921192445027
17.40344056503872
17.436130675332933
17.155640235843467
17.366774665251214
18.31253811815196
18.704951554501147
18.386434318427796
18.520371933893284
18.4715949038561
18.989909541695614
18.36292700874159
18.019718504316906
17.947156768019024
16.933772688005565
16.42691414582105
15.54868032118186
15.350418711312036
14.930298647957587
14.268508556421036
14.199456744986634
14.32197753891799
13.946534757251472
13.594956762689907
13.588311247931086
12.483685014641692
12.813759345362177
13.587046294083994
14.710766215418019
16.673094318515812
17.547771007643547
18.03403908376673
18.19544101557823
17.476508064242132
17.160068328857427
16.72076051166565
16.132854030549968
16.473999863063653
16.011974403469935
17.457627799123692
18.119134430248174
18.0745676272368
17.250579401408324
16.727844439952587
16.499437336797506
15.562005410109231
14.767956971829806
14.514099615954153
14.626096471755602
14.612435701603921
14.40313379076177
14.587496932495249
14.712768505199339
15.332190511982903
16.457388446594074
17.108011656254142
17.628061603621536
17.897712358555825
17.99633502548979
18.137586788506013
17.797909125547157
17.720290809113934
17.81556775147493
17.586008989941803
17.966480581640962
16.779270423767525
16.190594861628448
15.861443394447255
16.22944073507997
16.80856436045619
17.09041299607594
16.87670461885057
17.03213888225237
16.991740690531334
16.83180432622184
16.927431021247664
16.559390741649803
16.253805664637945
15.963382442238009
14.77332339844756
16.15041457385684
16.05240158215833
15.361201241658547
14.214849447847154
13.544384973998092
14.155200719895527
14.430811864104893
13.960447542993993
14.763998788391286
15.677019098700613
15.826901964215706
15.839439913240845
16.157447194905135
16.573629695574308
16.309596527503786
16.488756511292838
16.45068158446969
16.69472671874608
16.862133983868254
16.33791963135659
16.07141168413104
16.291554655913167
16.17207528700843
16.225949345944095
16.112440639612732
15.715324906732388
15.191808887880073
15.451565231917053
15.454466049121553
15.10087212180217
15.477549537319582
15.370544376485348
15.612215846201858
15.053025493123554
15.508811107984602
16.525708168104963
16.871764527508212
16.73478107665797
17.24675626645117
16.851518787759925
17.0235380635605
17.062632899845276
16.98538828517048
17.705534823991684
17.967050404664235
17.662355391914925
17.901287964225762
17.966444296021226
18.4304358300787
18.60471172222677
18.38244529276371
18.543247407343138
18.371479054590846
18.378539189576532
18.08745454482528
17.546596322134864
17.689680489691778
17.27311923155929
17.046143147055723
16.43100760309305
15.763756656501247
