16.021162980205506
16.398666321103352
17.367782441158525
17.657895038141703
18.175952583022962
17.991991483847087
17.557402241807786
17.79635895245679
17.540170131275726
17.177841699343926
16.51666622359064
16.46602904713851
16.155895229735552
17.384921929977118
17.540101954928392
17.706529352648875
17.749239295511728
17.593685305062174
17.153126973778924
16.62027026902635
15.823934298513858
15.337603947525949
15.162849487277414
15.938312470674465
17.323292092209062
17.683649398013078
18.171546469363516
18.4941711126224
18.65500428813229
18.32316935439883
18.105776019158014
17.905325748910567
18.085161357803035
18.348454307031158
18.770518422543713
19.020342398943328
17.83037752547572
17.463461494144088
16.58127815356467
16.212560003318952
15.691209135842977
15.319487310199886
14.692972775928931
14.259462334117545
15.014742938887188
15.189602870300172
15.606866842074295
15.980766093087786
16.668106884826578
16.830135921573586
16.712875394210524
16.62690164939381
16.970903323868928
16.91136042517551
16.765572948845893
16.965762033705758
17.04200590060462
18.220009166976922
17.694993621986814
18.330153898854142
18.400748321302935
18.042275684199623
17.528890119836642
17.19870870806718
16.702341010128976
15.969709140672816
15.647822577911866
15.080563955258569
15.36627903526918
15.784452645138865
16.140297880977823
15.944700231580047
15.976336364896907
15.936734003724663
16.166850599103398
16.149631266336804
16.137781912103286
16.190226605340932
16.295413403255836
15.900402484660239
15.236316154387962
14.51476628644561
13.542592386872682
12.521871208948582
11.354903468527922
12.067549998552945
12.524014513863904
12.153553115224955
12.768668407265839
11.935584425433712
14.087436611715288
15.612162132904864
16.176047537004813
16.84947854698713
17.045568791956438
17.368777806389975
17.65827233831472
17.8626613315438
18.015932351572747
17.760710507333542
17.655347851401924
16.623451897146207
15.989236658570885
15.689727766034943
14.992339219101494
14.34171491641082
13.95813218968856
14.032562934174244
14.905670200788546
14.850197294336928
13.764950387930194
13.844979429077222
13.020823389592213
13.146458115701346
13.437522156718645
13.658656832139599
13.780002124078973
14.690205580707193
15.231255392593956
15.38021223468507
15.791560977058385
16.692911474736807
16.82703825913467
16.59256704355769
16.882678869806778
17.618599002365233
17.84601993801823
17.937820996804344
17.59988499333425
17.374190823440067
17.022005202315526
17.574119782458364
17.729351619381458
16.71431330012952
16.855401757354493
17.608204623391053
17.725114060895013
17.629978883979938
17.999229850580694
18.421272366138037
18.435282005979168
18.54328080193147
18.66453526018723
18.850676652781654
18.798969555141905
18.80200811782541
18.638850313475977
18.265999946516565
17.920491072975032
17.55667551109697
17.22923315852576
16.002777420855995
15.439279816416821
14.911949888542662
15.415082077890347
15.814510939894662
15.501319202680873
16.57673861854417
16.35462569350667
16.47684163564163
16.563827019467634
16.049253476234092
15.866079095749813
15.566046584875927
15.942443921818926
15.634756498076134
16.13292864593733
16.850643665669235
16.793068512855626
17.135302203307322
16.701179481836647
17.379066862935122
16.981133160078187
16.684656418883655
16.85474599926945
16.383996851514812
16.643043388217887
15.858860829611821
15.669531597880304
15.254820052736642
14.88162896762948
14.041101526235082
14.127811566932035
14.035057844362823
14.008066668194784
14.44910588108812
14.193829503810358
14.37590632395122
14.511130831591878
14.031671044112914
14.116623104808935
14.221736972983553
13.410479925371526
13.55161383132874
14.162717895089765
14.520427827075935
14.965592560304804
15.508170044060073
15.119169096974636
16.436727692700757
15.908129762777008
15.275022021224327
14.093793421769133
14.668986105801586
14.816402987367232
14.554100043160904
14.233891142714825
14.20586843897643
11.668521335380216
11.75604953607176
11.224214070656748
10.594760391335221
10.831518594491904
10.416102786749509
