7.8270566780742685
7.178805692713669
7.779294646715496
7.926384815145509
9.324593810997998
10.409203922458762
11.84107533027182
14.297380084707866
15.082829515323189
16.02553684187104
15.793999236111116
16.491570777485773
17.04952621451424
17.379816203221587
17.44404622490558
17.57445597699117
16.957109288458586
16.533476316541975
15.640228406679814
15.318559456053512
14.475840696392627
13.864954906775862
13.601373961890546
12.556373658422984
14.323129769885654
14.798817526872634
15.231620122079825
17.19659277365311
17.625171285507687
17.674986824039237
17.99619880209593
17.493832527387607
17.794894782996863
18.005407118712174
17.98263333028666
18.139889029840084
18.0461062209415
17.91693643789166
17.961394096533596
17.795714462162753
17.573976627947268
17.40635642311455
17.136282597519923
17.025769147837252
16.579040774430528
16.32877307922238
16.197902241336955
15.805231072614927
15.583891807347655
14.296855723380265
14.328744267239488
14.464460652616287
13.872835582808063
12.537565678488582
11.868158126278205
12.925547075291268
13.147638359922901
13.29041485124622
15.637772673528795
16.352417850405637
16.39996370620365
16.95101178326238
17.10037331287345
17.035705383516518
16.52348709787565
16.330054546656427
15.771851554840596
16.560710318604865
16.915145410377313
17.084687037822768
17.025321649772668
16.55071009046342
16.744593360085073
16.83657499633763
16.92644269468317
16.297691935128327
15.722482928397119
15.064699529330365
15.363512180928467
15.334387940648437
15.770051896380368
16.596522169758398
17.671136945159788
17.82254077174167
17.646915733482363
18.35069046042936
17.940576287536302
17.69203244047966
17.993243240387518
17.667423684875907
17.273732061829712
17.082970041777042
16.4662108276696
15.901199894742213
15.316935948059587
14.526617126953836
14.153524497201154
13.070694648483029
13.012422447719358
11.916221523747554
11.534562009705189
10.541806358467449
9.589668946784863
9.312023439367882
8.764180256188158
8.481894046792416
7.9512620222323696
7.674837039076282
7.9686200305744075
8.458131118996391
8.31117142886378
7.350761867729094
7.703556776902458
7.691745944481215
7.593478910264991
7.9772095837207
7.6826141994474515
7.689358906547077
7.647071171547037
7.9352714877140365
8.195403897541064
8.124010587949384
7.9684879816691705
7.123239525378548
7.115409764312569
7.428834290977679
7.599989479034996
7.431733972149919
7.025284900761102
7.1404526222970395
7.2179352633653
7.02180018444425
7.23128126887905
8.01222143472833
8.906163283055315
9.502791545294453
10.708807144834047
10.042182488574733
11.891827644408949
12.783076026460582
12.701769676756394
13.71854335885211
13.590157506317865
13.578438083905015
13.385633926629689
11.519853136721432
11.742618982179348
11.271031123043349
11.335051876704625
13.586955947916689
15.81082076981984
16.740234809995027
17.194159755395482
17.098672181372578
17.30419807285149
17.131642339250806
17.669086117580683
17.754099809879172
17.62299833713156
17.450054070168232
17.588438414755824
17.940417658539022
17.6622852681532
17.933689402419354
17.461220342659495
16.925400281543403
16.471479303074155
15.813109521045805
15.214103900235774
14.84580341665317
14.28989295757793
13.771156164463491
13.080116191998147
12.247995282860535
12.51401467840656
12.193814621273715
11.163582084281215
11.466209363760251
12.947040876215006
15.141105673495755
15.680337577080998
16.269282037799158
16.66303731120347
16.75239168262779
17.258891589063563
17.14446522079599
17.37625556722839
17.225822030235303
17.150516336903074
17.06320218107929
17.12519710969503
16.52307779954485
15.702776609542749
15.127196672351664
15.46672285567343
15.141157012456322
15.020667528451598
14.777513990516331
14.970745430069265
14.236146539731735
14.22033218872292
14.121508941154636
13.49055267098768
13.051956111384525
12.173344610277331
12.077943492286243
11.222679185563107
10.449788086372946
11.171487424325752
12.030436830001134
12.6039267324002
14.867112452482862
15.488337970991894
15.956900809742088
15.903175481135213
16.044296236806087
15.724188370469365
16.064421436502684
16.416052274054614
16.67275259936592
16.916713869178842
16.962941446231465
17.24895923913296
17.502701862126642
17.663351753308014
17.621616544783297
17.598344734696642
17.55135867418632
17.635732000075716
17.74186600594585
17.323484320690845
16.374040907912473
15.681441768967609
15.212282786472507
15.358367870978539
16.2976487509578
17.369617588204466
17.150588427173403
17.570420969358608
17.646003889173894
17.487656953005384
17.834306308908797
17.939375499100343
18.014922450890538
17.92973900393982
17.625542783144244
17.53954317737897
17.788852510543872
17.60140786686892
17.451571807136258
17.25306010286196
16.283222428363594
16.377610324163115
16.10196268652561
15.76229133508584
14.943172195288332
15.204890502873633
15.729131494453553
16.75149825620458
17.834612651484452
18.530380314773158
17.832745562230013
18.222093891574136
18.507559149985898
18.313979468293024
18.132673122806448
17.904753813274397
17.839769454547895
17.99007197773396
18.202104047462235
18.052420269929524
18.170448846252352
18.109044448099173
17.625001864607693
17.109999851614234
16.824360181417507
16.997087434429908
17.683098791414377
17.282464751740616
16.879872372528837
16.567859878750713
16.793532692414814
16.966728752905606
16.826361134654547
16.280591988960772
15.728702651762509
15.589402043286677
14.66182156796068
13.869685236658265
14.077553158262589
13.752885092217536
13.825540136160926
12.690994984228851
12.64809245570844
14.042586519549616
15.413613160186285
15.870267426961648
15.89126064582406
17.12912193527046
17.649939989275367
18.267000442261626
17.924623246304797
18.67630749541392
18.433114764145074
18.749853636784028
18.10902965495431
18.23763933002524
17.931571462003998
17.96245481507848
17.678668114461793
17.08169749063833
17.529331597749238
17.541191612941198
17.053407569474516
18.08602942423562
18.277710261919182
18.355147307800948
18.40235490794548
18.350877816196906
18.110434167915887
17.368627827807288
16.947856930326303
16.801271091294815
15.801420928739333
15.779709812630475
15.095261432648108
15.789631300752607
15.591146774242047
16.70707299779901
17.141530825447823
17.141056974122662
17.09390344362682
17.130207880041162
16.785876472203146
16.032193351427743
15.264302952733965
14.984320199003513
14.902107516216411
15.057381333548825
14.849563794951631
13.035169639529725
13.468134799169846
13.355417931715454
13.355727026333918
12.120538159621404
