11.364785237743751
11.035275936783883
12.308196585661303
14.94878391645364
15.967477848005275
15.913539766489349
16.355814760644847
16.221553558167827
15.392948494227204
14.492298359525392
15.549171369931411
15.862120217752993
16.151600160108533
16.832003645532232
16.911542691464604
16.796323129358107
16.859075924985813
16.917619712400967
16.761276074894436
16.724476880160193
16.884151337376643
16.55357384104754
16.561691269623758
16.127224553340653
15.476690658564086
15.508698459937543
16.607778056308213
18.711418425029446
18.20122946380212
18.2347873768368
17.731151794421418
17.217940935288645
17.298147045504535
16.479506539470268
17.13572857884906
16.780690649890687
16.609700595185867
17.141842892382755
16.620417716618558
16.994338454059953
16.739076225555845
17.04852562598104
17.066730871841415
16.89194215931226
16.434770671170398
16.302092713655007
16.221418794492518
15.328861231838689
15.277415248876435
15.228772205452467
14.602852660926562
15.258481549663115
16.267272547270814
16.501626319382545
16.86365019521547
17.447313987994534
17.932034619912166
17.948285770724357
17.92746959735537
18.403178085876448
18.091058751842997
18.18805408546177
18.37257559523748
18.596675878807076
18.12324601006675
17.39877470431628
16.625129338027172
16.073549592970696
15.725874410578365
15.535320085323795
15.174571906262608
14.920370707645313
14.451020972705441
14.405163569090789
14.849536600065415
14.490900509812308
14.346485569733135
14.504465750943757
14.15577861251804
14.157889538887876
14.405006506027936
13.974683905707224
14.497178161268938
14.933437921646549
15.516060501574614
16.621172807065403
17.738308688979398
18.379704134497718
18.883154489212547
19.049225270933817
18.75844578506256
18.945446360708914
18.059963125311228
17.78743151017054
17.136191257480437
16.314959458462713
16.01353054035269
15.495912331348386
14.707169563664529
14.249731877301032
13.915207921603043
13.89037214991077
12.743803141969293
12.271592046642725
11.388697653093768
10.946594272449508
10.597025198778256
10.802761040690186
11.637988343155243
13.297534407147335
13.331484506225701
13.585359688592172
13.783727979060632
14.451854912914493
14.98548629024326
15.718948138058323
16.050233164737104
16.235485122098627
16.654904083061755
16.485057581320437
16.389795900673466
16.60124030869994
16.754302823750223
17.052306487031625
17.268835517614402
16.840665588998185
16.11178265953772
15.19835720650664
14.736278958660188
13.981745354419242
13.498914319877349
13.032636305436096
12.986475739169695
12.231146224972765
11.397539305270534
10.961704986935988
10.919293150598511
12.162787137428285
13.524769354482894
12.806120248525385
13.253673705386285
15.541731174359555
17.522095718144175
17.745863177228927
17.06278315507783
17.58028482120114
17.648622042579547
17.833362578563328
17.459280961737186
16.846582874804803
17.081200090953697
17.020614295873187
16.436190387935632
16.12688103833146
15.687738344369393
15.718030824438147
15.454252876623574
15.202339457915967
15.046525086856446
15.496515677515287
15.81488907342606
15.818262220337974
15.695715828121296
15.864869421357946
15.384769489724462
15.070542560977518
14.629981414745133
14.441671455590765
14.603001243688496
14.483156308718732
14.905714139332087
14.729569371318181
14.573900948318586
15.008534600576784
15.562876916404743
15.99218086548831
16.062206105211278
15.758027600763402
14.80091161873478
13.917490139801558
14.551580129809189
13.901116590334947
13.500916702969167
14.424337653878386
14.530649287201976
14.637663060233464
14.543523538873552
15.040601874117101
15.564164143345824
15.074273519344434
15.870128708858926
15.6942754941892
14.990657469104882
15.350710450597017
15.351301556261443
14.835398768666074
14.988409891746569
14.259487121073407
13.694788603937733
14.165323532086965
13.415595875265527
13.365057036177467
13.905362045667667
13.541688088040958
12.171301060079069
13.36934376750357
12.421408674121736
11.445718342924184
11.95651892108809
10.921803745606313
11.437415872702612
11.198166860683164
10.134353002229815
9.910635904473184
9.872656015365571
9.659128940752773
8.873697376710137
8.566612646231247
9.878171085666725
8.911452733149423
8.255535873635854
10.033489846974208
9.650239239172
8.957588462945507
9.198326303251461
8.822509776704404
9.19528389782414
10.667036819126096
11.997975285057382
9.770103508039712
10.557173488406857
8.719746659499709
9.214147057541556
9.649243745961904
9.983739655995173
10.478923051713373
11.678630382605881
13.7916143342418
12.949694940062368
