13.021711291759972
12.929505995101975
13.224500091003234
15.593902007915304
16.053243685567605
16.074690499804387
15.894190627953439
16.729720277665933
17.318967043264962
17.243914211803762
16.859239577136346
16.801295168668858
17.49332744119656
17.951225944675514
18.66190583524732
18.97264702381068
19.57600417982834
19.686021850617443
19.57154081472727
19.589083262917303
18.67429919964668
18.463106842875714
17.715110481590575
17.902474789226357
17.22358930412265
16.835731229777185
16.163359600505732
16.305723676159925
16.834971142060677
16.73994708040669
16.102189468145106
16.58469740547851
17.21092652594067
16.616188242430784
16.91646045667088
17.750090688527546
18.057697089654013
17.80684876163361
17.915083391207887
17.533217827076314
17.368103613781265
16.61768459307816
16.660448388673093
16.05197301012845
15.255624180618335
15.94636439592733
15.505817961325054
15.606802868379182
15.032215012444839
14.792036378560965
15.558548614693937
16.971488350522364
16.806877711944438
17.23371256823036
17.62589459124355
17.225571454822905
17.44231551814343
17.9779158906353
17.061876793965336
16.763766506985966
16.526131720988133
15.900610188815039
15.1850321217189
14.1709647920828
14.28493278792795
14.331095801696634
13.924128389772179
14.855429897778116
15.781035634368045
15.914743916465788
15.7410400951158
14.831865818349662
14.260405631131347
13.683671874989605
14.055084477648993
12.664480183887994
12.442992951750615
11.914865084147547
12.070279048931225
12.749364560999545
12.299879252765693
11.262242879709977
11.122844576962924
10.518901538763684
11.433611169729154
11.859044049316887
11.664301357814582
12.109485915204386
11.606960553905024
12.672091153120727
13.710195608518507
13.75605094110786
14.358950168657177
15.320562814576787
15.325063246503214
16.455030766027296
17.134118806516476
17.375315043550145
16.722450796986802
16.872549735387913
17.0853427306131
17.216179910437255
16.724139713788713
16.57123509390478
16.87021845644956
16.986262136712025
16.35323518573745
15.958832858479845
16.232043865463975
15.768171043599965
16.102457158318707
16.09058047734892
15.829157660750466
15.559179994977464
15.30460642919041
15.04155806407579
14.720390230425002
14.650928691073256
14.664853488316718
14.706823285463793
15.282199247456653
15.922951564501885
16.118357019392306
16.067131731914113
16.96906298190403
17.016216912037542
17.434612389065403
17.253690783214285
16.54581666850734
16.055469426086347
16.17288173135382
16.005799390154678
16.478981088859154
16.44346597387937
15.942501826859061
15.308086948939113
15.513692589484455
15.53230339954995
15.546958850392974
15.645075370539146
15.875289264478205
16.280672688087495
16.304404899646602
16.990963718675577
17.099042174843017
17.582692498779753
18.17098581275786
17.85099447121831
18.31483819057457
17.47584582120431
16.487217369636287
16.46038333610296
15.901912866315605
16.107532429334288
16.08646188928641
15.63380793160032
15.283325598509315
15.008421878303286
14.888910149859027
14.629242008420482
14.210555368506212
14.78732127387003
14.585622893546018
14.984030359699652
14.827262385711807
16.971011590361133
17.651846510162997
17.61678412746374
17.258666515990786
16.527109445243173
16.278588003445574
15.73833511562252
16.099620934475396
15.430439079615063
15.750936865228287
16.070671421470355
15.71428364495418
16.07100004215373
16.922371799829286
18.007606959079485
18.010319310426237
17.95332744505639
17.638118482625625
17.88780218561056
18.022097163740447
17.587960250719537
17.51961985531379
17.130449122472857
16.545938000576133
15.671337992115793
15.24388896589428
14.918810214491055
15.21176194766789
15.930942792642368
16.862097791205994
17.774298345909923
17.578230880614107
16.655044916823954
15.261011767439484
14.821873534165126
14.822227013896475
13.838849685478813
13.034442598559153
13.156011329963308
12.384704971878245
11.3207859725932
11.054752662994463
10.17446897986379
10.903581776477568
12.535522304624344
15.572406064494489
16.756548788884107
18.773812724137386
18.254921021483124
16.997959157109552
16.0983756142852
15.622667385731681
14.77454454229093
14.169806100234144
13.574329006601653
12.598777987869418
12.401025254714419
11.4544452425274
10.95892158231563
10.479057444070865
9.803109063327836
9.397555087523472
8.815400574654626
9.328387110151668
10.651748607795037
13.947505868336439
15.343217141770575
14.889804677219331
13.457624602015159
12.562780306988955
12.029649222301336
11.31906326410974
11.194293105630557
10.914011083839226
10.806889903396582
