14.275740621922445
13.863130798711419
13.480596187600911
13.393166484480671
14.323362666432734
16.24853840230524
16.850654470215787
17.72012765504518
18.327997835195788
18.273758728975924
18.278742025056452
18.678541961282136
18.922427602266435
18.417049202281607
18.53496153020224
18.690141569400236
18.28403339706487
18.670262379402747
18.888138627479368
19.2289854387273
18.39699144905713
18.603125684504715
18.05948850001941
18.736700976125725
19.04573675241173
17.730801842821652
17.958936780082578
17.149427665033688
17.50843906007862
17.95768543088765
17.03100962152628
15.874257864600105
15.803547583359018
16.645237157764022
16.456482931175756
16.91230922139503
17.049900891403936
17.175277467070437
17.940545345532986
18.071382056179008
17.695082678218828
17.977142048506003
17.595386550271982
18.25757696009312
17.677691593409143
16.973361007478584
16.042123784376855
16.083215791218215
15.604346975001702
15.035227928180394
15.509489997174056
15.00195313558213
15.297084072084811
15.099258549746802
14.766992861564546
14.122421654358197
13.881839619825776
13.634243788774985
13.220150087023413
12.355124975049412
12.641651619537793
13.150002867203574
14.884296286306592
15.659292436745883
16.258221525941448
17.23364235032652
16.445209099577802
18.063707072718092
17.244542002886828
17.339728829224697
16.541437773833607
18.017477050546997
17.99102057148244
18.845477394836465
19.31606961460871
20.19256015727985
19.62052836350662
20.18666598747428
19.692103768997377
19.748967661925185
19.265881217020397
19.23055223572689
18.704866326986718
18.41718106166579
17.694062188732122
17.066233701138717
16.123308087877067
15.264629759039948
15.070089656284663
14.479116256692086
13.971089031677973
14.539193457776316
15.174980987858296
15.666348425091556
16.279257804323855
16.53211232552184
16.58757273019177
15.626231143265016
16.044809881869707
15.18721909819221
15.586427517245871
15.51880671153483
14.990922535153414
14.880917595595744
14.971881932899564
14.877837774820518
15.212728030238175
15.600730120710725
15.3110412986499
15.019340053232426
15.022708374105148
15.159562895375894
14.69312783212482
14.605837712072024
15.117062896682544
14.559880646324062
14.228965315561943
14.192956146019187
13.425181647930607
12.981203824784446
13.543436457387704
15.150010280280984
16.506939437906233
17.54769030223537
18.147585056168897
18.960437983619325
19.667320572000012
20.046332018408552
20.03208057390397
20.002814277216963
19.93979497323963
19.730528186354857
19.982185174353518
19.519502899846586
19.83370685128103
19.300722415996503
19.26249645314543
19.537008743811445
19.352834950443803
19.34924836299713
19.02827436954134
19.596371055396446
19.871389991415306
19.022561979524134
19.218499242624645
19.162210073236
18.86803520547164
18.034728875646206
17.7642625178067
17.121555463413745
16.23661329389889
15.748736720192712
15.236677296610505
14.912046241063257
