11.582803324479315
11.795524209032225
13.261876468438803
17.136677451591613
17.370817220987433
18.52237600112256
18.862732734793333
19.183184648994533
19.61084209458624
19.601583993885306
19.27892031877805
19.71304520685098
19.6681312801756
18.983605551962658
18.856177741536367
18.377163152953933
18.19483565585487
18.20039267586345
17.712052894765517
17.260767063983693
17.439508647817927
16.874090730899674
17.033114391500725
17.38348270825803
17.472861922941867
17.6396295906815
17.563570658159133
17.231416573134684
17.067611566176016
16.56596914287436
15.657136199491081
15.020249641941975
14.658656595604269
13.932091671841038
14.130882887794833
13.756058153512633
13.819724841165344
13.65293634289784
13.086476867342096
12.669777248198965
12.646395778879619
13.449014155412106
14.056724238445053
13.936735001237023
15.013897829338186
15.055320417605744
15.095609766838779
13.505626077041411
12.74080226140252
13.59706326664941
13.961448987231519
14.07441028640482
14.590784967705266
15.455110597029199
16.246298428881396
16.188736456075247
16.31465316337092
16.181980938563484
15.341440096300301
15.170146709885099
14.89016794701408
14.793507540400007
15.04440689933724
15.443987697628744
16.241491209274795
17.329876967447095
17.81292340679173
17.540714667091418
17.350400176235553
17.006799567670175
16.80568220549278
16.579857212846946
15.768267591358702
15.26842264161375
15.551957859202275
13.996850493271625
14.04560826825599
13.700303512065485
13.812759111144526
13.764700610634074
14.680216322931745
14.923637560470764
15.368958622899028
12.995975009217222
14.407183849787495
14.815648298873727
14.412468366595595
14.387733972769439
14.779382542041752
14.596538452540104
15.228236193435047
15.687296261458814
15.772704681577792
15.78073558277909
15.401829281134932
14.186939029679476
14.042707188835818
14.273433371639609
15.386871148895779
16.080478999876348
17.260709948935407
17.727266569565433
17.40562567426709
16.8761377037611
16.961602462942118
16.4892206424896
17.27846216731257
17.696175853410626
17.422153184439793
17.454715839553366
17.49757458248936
17.386403546163894
17.322963011086724
16.44099110902391
15.30989919010154
14.927246076963193
15.426649210499404
15.258552835579936
14.25527117520015
13.752744132543853
13.24846057406119
13.354173156482991
14.011635420963476
13.988761813450589
14.76762771878692
15.655938946924307
16.24717096758754
16.442130013537284
16.617831255597878
16.12763489236374
16.662277491227616
16.896584787434925
16.55824762708788
16.767629942313217
17.100628912843042
17.43013332224391
17.307497271886792
17.469280620317505
16.93140831992753
18.440259690506057
18.07172911504632
17.114485945216448
17.524482343831405
16.81242931645016
15.954263012677162
15.272641499508715
15.166121956343371
15.315421221559582
16.567886029162974
17.58055320984964
17.965445462384924
18.926622985849587
18.765519015698032
18.333434075158863
17.729142990759183
17.894549983937914
17.64424167894226
16.671909473879264
16.669161566494243
16.222314110560426
16.93586256315542
18.10102458623224
18.800272049964747
18.447075120970254
17.992863160011797
17.674149830622724
17.80912786905059
18.11795957232338
18.048557921102255
18.446513364640357
19.000808482909637
18.94765267123797
18.90301492946962
18.93958360287116
18.894444240663613
18.769057259927095
18.45430694600577
18.427460263589897
18.533881138549088
18.47523895498669
18.70922020166753
19.166856135294534
18.836366393946832
18.688096745058022
18.454092031096586
18.680734571014604
17.998195773113192
17.27439372990778
16.647174046575895
16.461730466935645
16.124278803865323
16.130058106909768
16.02850405063005
16.353242835825608
16.338682671443568
16.464568779601493
16.19009809752747
15.845585106432074
15.262794521192381
15.588116798379291
15.193666265915038
14.792196824193098
15.169355846546766
15.174612998621011
15.01661173409165
15.267996436395414
15.221283012561539
15.201483981081893
16.008815422699715
16.33697323810851
16.434127732932104
16.880630277665993
16.477566541091054
16.492839461812384
16.71716902129696
16.833162820442528
16.726047749680006
16.911566683069175
16.942662110483738
16.41519434522008
15.815862940856249
16.022931576341627
17.03243981179949
17.812195112297637
18.886539823445734
18.17309577318324
18.71705151527132
17.83644062921093
17.079967455800976
16.245658708881926
15.669284504780546
15.164692276369527
14.403901289410319
13.855801038066767
13.22370033159411
12.011221116944125
11.474922559593578
12.360626891950867
11.564693152889493
12.266144251021009
12.910925035084894
13.654100016530974
13.605686282087197
13.177012427406778
13.362406828012615
14.313279503618569
16.43976449527972
18.0386728377618
17.911381738637687
18.49858267774933
18.51798028593492
18.376134384428717
18.74978136951416
18.78218208500397
18.419202688997892
18.708819884525848
18.915942142532693
18.68202358952361
19.21645179781112
19.09892253593564
19.032453963290628
18.91084310593165
18.765713098520827
18.239641392354667
17.272232525531358
16.708946826752154
17.181325035039894
17.78903660373211
17.41782334080395
17.098273422687768
17.475988749713427
17.048392695532886
16.671531415365102
17.05345139502547
15.8442196398806
15.103801258477151
15.662081920990136
15.597365578263659
15.558238797037186
16.168162601743248
15.680863689041207
15.54903005286735
15.199779398114176
14.271379658241795
13.471788670681136
12.889250681607885
12.788833650843385
13.997416482302578
14.327217318050456
13.720973896381327
14.066662722054494
14.373620119577224
13.37410095695344
12.961236472477124
12.324464999792044
13.443007595334036
13.4380356895621
13.451396744754016
13.661420568227301
13.446188810269284
13.615474656573866
12.879143983947131
