12.655689850757522
11.800034437367284
10.152065708177537
11.529026757735474
10.935865029752307
9.906750390755668
9.227368349760038
9.354596051574807
8.225355787154436
8.550310157130928
8.540769133200799
8.917923958870555
9.1343391338903
12.099263943040535
12.683222308052493
12.637994774801571
13.68366005557266
15.535787795560234
15.06785449955379
15.79798397564912
16.778086845126253
16.656417673396827
16.560948661062845
17.223160888042802
17.382069923370313
17.612805075762008
17.54313879508728
17.517388126396266
17.661850805376588
17.80876834757727
17.542109522816904
16.25076465962758
16.047681512898507
16.020839229242085
15.868718915572774
15.50315755764265
15.401117875827115
15.55048155046784
16.374404992692043
16.681900023885483
17.080043870342
17.09294523171477
16.317574042322516
16.747303740232145
16.53711572878438
16.341192878473176
16.019957932588678
16.635432944895488
17.359084303869498
17.584756900367243
17.734250461816195
18.187451918249877
17.745291792325272
17.931582671158733
18.59285221304058
18.10582034159804
17.116907594541406
18.04362204746917
18.02451726938421
17.41475279242578
17.211019744581392
17.994521451212066
17.39800460470629
17.144575414758197
16.560256793243965
17.288825287258124
16.6124951929671
16.457063482277608
15.038695946655702
13.88720993780384
15.052224225694607
15.549199537980668
16.503344920582887
17.566538717925088
18.6219101844721
18.864135705803992
19.007239828199012
18.759100761733325
18.841440214173712
18.332900884150632
18.608239923734907
18.743440636671227
18.30237897095505
19.07857850905464
18.60972900644383
18.929310484683327
18.66434569658897
18.665669777962886
18.30047056573065
17.907720099324678
17.256979377989367
16.97661505051147
16.127992403479226
15.839040366775436
