9.042476346866053
11.170832487293696
12.079039142012212
12.382845324032088
13.171154412105004
14.048075252305406
14.488682910731358
13.943617788176986
13.864473205134518
14.763059948141073
16.477392251838154
16.539095466557512
17.71889836669235
17.892971311539668
18.64781375545617
18.59712433295012
18.876690618587933
18.522769487518104
18.173781229261266
17.95150426758589
17.779001384736677
17.05756377014279
17.153435695671455
16.712735313191054
16.497821117664145
16.67321505232207
16.803276002354743
16.739494543415347
17.44486256996839
18.20813287206959
18.115836135386367
18.607134025306767
18.426862224870515
18.608279159574767
17.93587778000376
17.292251636142502
16.561505580531993
15.739182328685427
14.863175207702227
14.34550019492815
13.53516219525321
12.916542874265074
12.432062364299568
13.209399916980471
14.269610197428465
15.756269169808943
16.398917371871168
16.215689783839125
16.419884652471733
15.93909394581403
16.273972649742706
15.564119162895615
15.551712126271179
15.247230297028961
14.980196490633375
15.926101657097457
16.65592348359874
16.414879007944027
16.802798429303728
16.814700356553587
16.74244187569718
16.908542887212334
17.076703927826248
17.45944464352819
17.586440207777773
17.607503709499394
17.475557711217096
17.15655251756862
16.876206954687184
16.491560241462526
16.42744917301299
16.464588232277652
16.558858934782652
16.57326690046975
16.44078179511087
16.207378591789485
16.078554839150414
17.424500634136432
17.90970011343241
17.26038973531533
17.265996359219447
16.965922640891556
16.283167875430046
15.809114990893447
15.450847754653552
15.510965677775145
15.392029481481527
14.280853626732284
13.657630131448906
13.57489174414139
14.180394931674321
13.048603673414734
12.83471718006007
12.188203038993626
11.787890792984204
12.092952273101256
13.29212328784177
13.72350860856879
13.742295514911149
14.885840867298288
16.11890392680258
14.832072224975352
14.602382235026155
14.587712240562663
14.630522371784814
14.79026405219158
14.902701500856528
15.008643252362035
15.495236778739708
15.426097225261193
15.82083329471355
15.67753303359494
16.138126221626376
16.27180989724602
16.261360314975793
15.37608520866693
16.279258089983866
16.042392198634566
15.725089878167811
15.82542457938694
15.76619615605821
15.044904523000758
14.458294153562413
14.291579540886646
13.921054953193693
13.028534369701221
13.260560116234881
13.541349154588207
14.376152047337413
16.250573785816947
17.874494796026987
18.714212977033032
18.4836207283356
17.62153759589639
17.267538573363463
17.66199291320671
18.324601626118127
18.441195822310753
17.808918438964252
18.079685294123045
17.95532193534436
17.56585066235192
16.015963285987365
16.26759223348025
15.426251613799081
14.981275361826476
15.338601521404483
15.662887706953265
15.957787615530483
16.55819292852209
16.79004537337153
17.00278171945343
16.973273298920947
16.945986955828253
17.218709641441468
17.7746318345006
18.002824504400962
17.813556473424033
17.40668866190751
17.84387773964314
18.09993524826651
18.144044201954237
18.208696037059678
18.23685732521018
18.230358536522626
18.31825614027081
18.29246748036196
18.513604754406067
18.486721437427928
18.137698983244274
18.074842737638647
17.809489946542786
17.970268864503293
17.433936339556652
17.095090695191686
17.028940722443874
17.069449669157677
16.940921051993566
16.816784920272838
16.96934407642782
16.259104784982743
15.767750511248865
15.785843465599527
15.124749885707299
15.026936071029846
14.081267876637774
13.400757285336141
13.122104210614927
12.949867849710555
12.902378698322186
12.938004506967454
12.188966336518915
12.329782634791849
12.637561702960202
12.810404254510567
12.578755576059384
12.404636299409724
12.537285988104177
12.342477657213076
12.410495972262519
12.44892781760376
