11.773098210228925
12.46006854546319
12.620669673432715
12.7478057607128
12.55787184784868
11.937994952306116
10.793018677059882
10.256209329331773
10.149334383083444
9.7245162536641
10.487943379242276
13.050837391671095
14.33719655244508
14.09981278318974
14.64814804060233
15.344011122148027
15.793673195049195
15.162762186040515
14.368709937437535
14.147578349346347
14.15698340004829
14.075963300510619
13.87022127368625
13.0067235918508
12.747730217075038
12.223218445268095
11.482670777366051
10.519577520952462
9.677773614791846
9.648404425341576
9.619360402940432
9.788901841878696
9.681329523504113
11.509228222202857
14.958567452098048
16.292229635170074
17.75974670357636
18.044734447522433
18.98061444159368
18.871311648300733
18.383282505230948
18.2952671615577
19.20809046260541
19.57057729952045
19.162384472522568
18.420412223690093
18.273996996260745
17.85201095445495
18.212483606430297
18.632417593348137
18.41725693077512
18.33850192740458
17.93394542872574
17.983669226887773
16.644378762560304
16.642304036923765
15.96701315546535
16.904309888320682
15.576295811538513
15.268443441292332
16.018938895172358
15.253933809990802
14.313038215780598
15.380178167658874
15.022628005993214
16.143338882817062
16.540805557622047
15.969767839615484
15.138828547559656
16.048681779037608
16.56128665639054
16.473602807230314
17.389667520872763
17.325610863098973
17.730617019630433
17.742608384934098
17.034335705540787
17.634867268627968
17.589794300844108
17.821425165740443
18.061198130174013
17.443535521363167
17.577209228460518
17.647676517775558
17.545704465893618
17.928917802452823
17.551862111756922
17.46893385975908
17.33806490909334
17.12995613400156
16.68659153083419
17.107382363426147
16.992290875481793
16.64817388018236
16.596542743052638
15.832081697049233
16.54468881214298
15.261004561582096
14.058412305799182
14.038699073750694
13.710086670888801
13.064907902389185
12.615873205359184
13.337615646686649
13.22701925993704
14.735415574744765
14.842377532393488
16.045726805756008
16.356414606999053
16.904742439860534
15.629190379127914
15.923560900598767
14.365674288739426
14.48661161323318
14.904776645480213
15.425970633203262
14.911039229639044
13.963628474262764
14.545885338637525
14.661592832591955
13.655565874744287
13.904827909003169
14.211879477291765
12.627704925736694
