6.921189800815843
7.032702961111236
7.257935640185245
10.2546563247547
11.169079066527052
12.473270685795315
14.301853829741946
14.937342641752114
16.118745462567595
16.252426774594678
16.922957275658092
17.385603143957816
17.545395166386005
17.98921217790301
18.812757252896628
18.95615823116526
18.938132917012005
18.85966887803721
18.886104352102198
18.355717095700587
17.707574287361243
17.2722093096664
16.55530552091659
16.397315398151886
16.717716127830602
17.135388591517053
17.219204468249426
16.774448241413275
16.704694695487742
16.779532126748634
16.96240900904401
16.306101328699192
16.249163010985974
16.419036758980138
16.378126858855207
16.812675461820863
16.76442262304274
16.415611510790757
16.587501824999805
16.65448068541013
16.599677248606643
16.988242614568566
16.98517466878604
17.073442842524614
17.446697493311525
17.935884205973505
17.347340354308702
17.490717103252507
17.551749611736756
17.7835380602321
17.571845436392607
17.24563207884403
16.652998789551944
15.831772618768893
15.58197588523826
15.233993404763416
15.530841767640734
16.128234788757318
16.358142675198945
16.30517552067257
16.666368845823474
16.14817909194568
16.22226904178612
16.437113319940096
16.516957098359143
16.454060881021864
16.411483355327338
16.320221566574237
16.432773963233135
16.451967425829476
16.53877588255437
16.243389502036553
15.517787784034894
15.341981420339627
14.682290445263504
15.7996041090985
16.012318497917846
16.75308484788223
17.417499138815256
17.477066670404866
17.609513628784462
17.108584328603115
16.94431925974682
17.121739369190788
17.411231164117492
17.352847514879723
16.696934037393213
16.58741976246694
15.881353071019257
15.846777888775295
16.161221708995075
15.964392143678444
15.760256177584974
15.373254382561258
16.06672733799455
17.11405998163501
17.41626871306164
17.40265381245025
17.42940163867019
17.062414070973393
16.68347980380284
17.352989165642764
17.78957779238186
18.60056333268816
18.780004560669912
18.785061973275692
18.924939545400232
18.74787620807232
17.86819940835348
17.591071925525462
18.15067425304539
17.866394510778015
17.569204366316633
17.538873364481482
16.637673420783926
15.739931064687767
15.664255144816156
15.458023695977776
15.344683646228859
14.547929448162805
14.552914580290091
15.343549178771822
16.030537317536474
16.58929215162652
16.657552633226473
17.037587479581507
17.285162336425834
17.363892290790115
17.082375815826452
16.862603982992265
16.754022159697513
16.294941640144767
16.445864907572687
15.850039802890267
15.60894885234041
14.784782034794812
14.418585358742876
14.125931564693543
14.292380554835715
14.019158264096891
13.702203228220956
14.402215570908833
14.66176695912838
14.032664817241885
13.110690332277475
12.284824162801762
12.950023697001095
12.457962431229568
