13.005194657624333
12.006614902589236
11.735326515925822
11.308002318031033
11.564745042555854
10.644863199889981
9.838523346682674
9.122124624611693
9.258178769240851
8.905401445611194
8.885875033369675
10.056727916136758
10.494346682521064
10.984429967837086
12.39535990615195
14.72389923510976
16.692418107915998
17.575587474762113
18.382295575697192
18.813650530266774
18.94509885642152
18.667152355842493
18.843674707179293
17.901697004668886
17.168685321799625
16.46133032857393
16.217665307719127
14.977156196860948
16.229445226273242
15.630341119825225
15.930893005063643
17.075614114260052
17.161002431224446
16.566376199058553
14.758571972610465
14.442084418389205
14.377698102973088
14.497741866370035
15.565071200816007
17.107393312019006
18.21020582977106
19.402457917348567
19.864187548928328
19.278689387712816
18.426648306032355
17.667500612756935
17.64941759510799
17.443777407118812
17.421896016108608
17.424994094478436
16.961169258263432
16.286238326066922
15.434666142985003
14.682492490974667
15.068509689979994
14.136118309251412
13.930446268421669
12.83727584020816
12.577880373816502
13.068448092477729
13.23601996216769
15.111147849737668
15.969860500964193
16.012065281134824
16.41336239184923
16.796707592485262
16.795645879051946
16.769853528508165
17.065483889195722
16.676098937528735
17.052846937685835
16.933062566767088
16.223653652187032
15.800246525754273
14.874437799283047
14.834094305210115
15.725775373770428
16.385651598984257
16.821443245320054
16.490592738903135
17.04967799384135
17.045141399739865
16.58128924772677
17.28324335520622
17.396064678146075
17.288249514432202
17.468609282154652
16.6249726760025
16.835810025325127
16.753957314018187
16.203956639674914
16.042515900966887
15.942123214170387
14.910006386322449
15.279276573978644
14.56976338993334
14.52356891056386
14.143880452124119
14.031588934947278
14.7899148452279
15.667290173879554
16.697654277154427
17.023547909756047
17.441327965797374
17.264525861307785
15.993879202680425
15.642155198966625
15.095469830677226
16.10665948449202
16.38393510568914
17.010832380868127
16.679489821010744
15.916672659813724
16.443321211873286
15.795666002909153
15.391519592342208
15.604180459961805
15.789765511049142
16.158390020028815
17.06140855888577
17.624023201860098
17.823436029355214
18.277209583426075
18.460178599837448
18.559586622465357
18.222056213260696
16.930586228733258
16.546201797151898
16.001946964106295
16.207318682326825
18.23950949468445
19.079243474292728
18.42898049195035
16.776062326293598
16.85801551959149
15.59931501583997
15.513695269077392
16.907273488688812
17.386769225393667
16.936642867275545
17.70714969136015
16.314679884343633
16.509095210622387
15.461454400272286
17.19291559914308
17.09627623601299
16.161456856532762
15.710519063848356
15.304530721564348
16.083838048776098
16.278811703022576
16.062163968586113
16.37779885431912
16.229728980884794
16.751718214388227
16.284624611539492
15.809232224620411
16.053983865106563
16.30445489238626
17.550037139117894
17.96500010681552
17.758082388576586
17.450024785254072
17.10945479297108
15.617472495525618
15.478560692429273
14.646999592322215
13.967318838206847
13.6585426631741
13.125358377088444
12.67269060571317
12.591588748992212
12.007503933070831
11.547044995557616
11.095224283081794
11.069612543019062
11.550808316401739
11.452938858088007
13.872297927382885
14.148035919969132
14.467894338711927
15.467570443428695
15.267726455243972
15.603375242688045
14.727820418596055
14.417009026551723
14.03233240093641
13.22932309557266
16.047964537546214
17.86956400635072
18.701779602185738
17.141198129006494
15.843048319109633
15.820221652502733
13.961151132554926
14.319133777364788
15.107250637901275
15.19894250508725
15.451540486128028
15.447008274178
15.11966894992441
15.150630621642359
15.020700734941556
13.891657164553218
14.794019695128519
14.525248979541733
14.201056408268142
14.783011681640186
14.068249018566126
14.321158153137127
13.854516966432874
14.44036965903682
14.95089282215425
15.923489352959884
16.580309885126972
16.78864087714005
15.313954971832429
15.02881577478085
13.914627730843627
14.968457447741477
15.558907617987378
16.098641041663353
16.410689876302335
16.007827781446586
16.362742627146126
15.95914580604248
16.200447893592884
16.5114125396622
16.548476755930405
16.621482810361854
16.754341958680985
16.145723854150738
15.242817008824053
14.304713153229796
14.512238840011827
13.86823878218411
13.438558559524695
12.781592026804418
12.387427850805885
11.769215952987398
11.517550823336348
11.30152727403492
10.851467972199476
10.833576601061823
12.944626666478115
14.791567421051429
14.674837026397693
16.67257562758846
14.220459665200215
12.342812035547214
13.343061688435357
13.164395466839066
12.793217608188955
12.463457698204891
13.37489624841335
14.95655223320683
16.132935068925324
15.753218596530518
14.507533284485033
14.642281217859304
14.415318796190526
14.844219643140287
15.62342175663847
15.711979670503139
16.108393500633426
15.777730474057277
16.200383564872435
16.05401552542418
15.700375896451652
16.488053032566235
15.52691043072422
15.650017714957881
16.30083854036407
16.262024059688045
15.927016441355912
16.537178212601138
16.78885168000914
16.466221613644453
16.967428739320226
17.010748648232273
16.921722395903434
17.111882901352953
16.98141345467977
17.118479700429802
16.945666206185447
16.018429591747342
17.34041442561688
16.580513413011506
16.511056954632014
15.07262934148102
15.061414267676033
14.415367208239315
13.667395021348668
13.4618499357081
13.034005027103035
13.600747023919473
14.023133228630247
15.345828433826744
13.495939910282798
14.06987576666502
14.03399772609406
14.512301665400608
14.301196575968941
12.047637477724733
12.812964940419128
12.364316613919348
12.552619914670556
15.077990260327141
14.397911425160252
13.606584057206804
13.042351212060234
15.359480319213867
16.60491730053711
15.870702043843234
16.76755344127005
16.163286797505087
16.381594205694427
16.15984284645067
15.573702782165412
15.606060672581187
14.624714267570225
14.666173585389426
13.865019598855689
13.408154882561307
13.4365513480063
13.031527135400268
13.542274135509105
12.976061853037589
11.73566330654068
11.124684740724302
11.566907669175382
13.597101225063836
15.952185922718439
17.380989203650028
17.33161391326077
18.02192857493169
18.62160094487516
17.813850237514465
18.126262970141095
17.43154413672172
16.902624308551854
16.766861953605314
16.32191033501067
14.710329405332766
14.356704754780402
