13.46840554829874
13.652115245476038
13.565486509033267
13.547751474243713
13.450929481825035
12.909590776362322
12.16775426926614
12.865329609071038
14.111380179104108
15.273773541633238
14.513020515039385
13.977308823269182
12.805960438916372
12.898080687268276
12.254324279606696
11.711939074253145
12.03240651864535
11.101050056198888
10.180213008928037
10.928922723470556
10.643904271336046
9.853030699321687
11.814499714965505
12.595263234535727
11.612834415848043
11.130909601473476
11.440377309988351
11.85525314373093
13.615560551820588
15.356399095334867
15.707741621852806
15.577377093695947
15.675801252410016
16.14227927094752
15.767202028272738
16.232063255899824
16.719845019757713
16.535051479678195
17.40682763146547
18.37846182039717
17.620921841467467
18.237836371792394
18.846906129117816
19.202285841162965
19.20749055093583
18.991531225123726
18.92537580847525
19.027189405935832
18.944158456032923
18.96665382056987
18.748442397262586
18.22260205847417
18.411776212575656
17.670986017451703
17.629259050313888
17.508230820512008
17.461900852627572
17.340748796591104
17.47284014264749
16.743718891298712
15.682792911397787
15.990359173451436
14.920132078704953
14.905525312768724
14.609914377958527
16.730760377670382
17.494798255506886
17.697804584492587
16.993722088004187
16.581220292553805
16.19816758698804
15.39689414619586
15.615656041151366
15.545956897043974
14.265574532736249
14.389635005096677
14.347393873886034
13.827725472795734
13.60236628042607
16.489774334719016
16.30322113003636
16.514114368759447
16.9020696485684
17.066704628329333
16.946955973320975
16.341647655308368
16.80191558423102
16.818839778824312
16.980363458719538
17.052712099880896
17.13112391558321
17.326029696164653
17.219832102918147
16.992480895611582
16.53930200786078
16.897952311616507
16.56570674094385
16.221534445887904
15.526691536058692
16.07189751805406
16.903092852036647
17.185980035590013
17.10996828579011
16.943767099408234
16.809304008072957
16.608528901342606
16.07739205302732
15.037211922959376
14.122506966911097
13.017958905199793
12.914035915515598
12.889799791941435
13.806766162601194
15.267224932816267
15.716016491788714
16.291875777578806
16.53562974615826
17.171614450234927
17.074821417988847
17.52127713858101
16.883037122264152
16.16709841641714
16.313084484887906
16.824887421657213
16.621232185637982
15.849664432513348
15.555630882403724
14.662658442667684
13.896268149135864
13.975398255382125
12.755310309987323
13.596454417965514
12.952872343317285
13.820674586267286
14.41084094035964
14.945651717344566
15.495912983676806
15.37963041974214
15.114065335014455
15.136369376173302
14.897397954745765
14.753313662385983
14.840616009809835
14.999925487843493
15.279556405339846
15.584787130780175
16.093669870095926
16.66710496035276
16.18340957672301
16.342049808489833
16.28641491067829
16.557452139890493
16.76567362805528
16.57268529860087
16.220684049136928
16.046914045950587
16.165940899612178
16.197362604724336
15.72945584111356
15.334575477669238
14.77171586654842
13.908990272629106
16.127666319955498
16.384767672259454
16.705063353673616
16.58506490954643
15.875654022477677
16.235769084223193
16.28792569399112
16.28598798201201
17.19748741799203
17.143608476093007
17.268212611943756
17.556962684759277
17.262569361332318
17.700114207375904
17.91060623444711
17.636877003189113
18.046282521242553
18.043159488439194
17.55908020668504
16.168180616808993
16.046235768005896
15.250282287844955
15.344579942251285
14.549796116315605
14.196453811154651
13.818326292276142
12.761127755231428
12.078683548199644
11.314440994693834
11.312001316347704
10.678796128267443
10.403753501915435
