10.483942089383444
10.555422833435523
10.461727147238722
10.66019047113549
10.92313690375546
11.379088011696961
11.749277076531188
12.994059104558852
12.926207482230868
13.98727906435208
15.008522542934232
15.754075935200564
15.190708206666018
15.114292948416542
15.161615018491695
15.289685016140275
15.674160731074775
14.823811879101362
14.071229157719653
13.130476435342965
12.753574174996444
12.015143445513797
11.746992940816805
11.744336924356402
11.239811623487183
11.160906288931109
11.012420742369027
10.612257613015585
10.487005666706322
10.89280142321026
10.550498988643268
10.31558063493747
10.443893972924055
10.631303017682882
10.700238886449993
10.239598043726982
10.439230767239597
10.28478746939205
10.13345315808422
11.057068862107403
12.505020707384991
13.95196144837894
15.277638084571867
16.421474704275738
16.302405667388467
16.789014994888813
17.30515683915371
17.006024040974268
17.29902453934947
16.7507401179768
16.66584347068944
16.639790766650325
16.342251644120427
15.554351718280204
15.80460253852236
14.7717256255567
14.763453592550194
15.400659789074647
14.930645953518875
15.942229020903854
17.277231087809106
17.319978147713027
16.98808706408792
17.309141575426214
15.957961785718426
15.767156001255408
15.582465123222034
15.509155848362859
15.860516357988985
19.05126915161581
19.83646077313267
19.397512960815106
19.04624474289897
18.522169402238067
18.428632222374727
17.616894761045288
17.749437507955417
17.09411851727808
16.29223591031036
15.874111452635729
15.497215433426412
14.82666875932009
15.488851688757824
15.930131259262485
15.65804385729027
15.252982429392931
14.965792020433152
15.127857103067475
16.38048182179957
16.734765231261047
16.832982027805752
16.60864921199818
15.00392646267324
15.43068868910146
15.520257730503447
15.333841366392267
15.709826010329882
15.556805023632553
15.610080626055396
16.419904090416946
15.656379364465561
15.447560867336318
15.433228590682653
14.927713240979994
14.13826848530732
13.626601160296714
12.401541551500836
12.388036099384802
12.866540380710909
14.112413292114661
14.737614578513687
14.602199883547971
15.005025330785015
14.986066874504044
14.884344314081448
15.05662963470549
15.262566108678884
15.463896383566427
16.52101142734636
16.85031932936306
17.62277723381819
17.619961284296203
17.49154015277557
17.685296557324488
17.392932215934405
17.18262099428463
17.509207243711145
17.51429858826343
17.32132137093158
17.62076520208573
17.72058607270198
17.701848359307508
17.620053567316088
17.00456840950361
15.558666766514273
15.187007031549928
14.843934828775716
14.582338201353329
14.876185088935447
15.783673537480164
16.71148574557064
16.86513871725563
17.27590803985744
17.62641859436826
17.997987428149482
17.710262421800316
17.581502476856812
17.606267012173095
17.38280255025396
17.305153941458098
17.159934248257475
17.115977077159027
17.157816317931125
16.859498979812173
16.553521838311287
16.229873924848974
16.376876023713155
15.721773502338207
15.789720894782615
16.015591570836527
15.513205548227491
15.755889970588186
15.972927225477244
15.959747310868929
16.119339460278457
16.72268720795125
17.26515879253488
17.7012002720342
17.78787335826253
18.0257709636303
17.741262135362607
17.3354659104419
17.75315244412355
17.816581337727445
17.759908526983413
17.267103020595478
17.251534271220866
17.32417257250612
18.23649916857946
18.23026468067476
18.39938550221045
18.306006597477367
17.83137411116487
17.407748204090467
17.354105283212512
17.079922238551728
16.93814855640175
16.667483068932253
16.752665870650038
16.475316827018595
16.497655933154707
16.033548356799756
16.36845526660047
16.150633342135812
15.871746731145745
15.722159696483313
15.363082277033234
15.566442631230382
15.419631929749892
15.715380608544116
15.888515661276006
15.965834256931064
15.99261967873764
15.46621960228338
14.760164102285492
14.041189305800504
13.804747075974756
14.04345812645525
13.096937871124792
12.43820737890872
13.250557651190869
14.930283606806569
15.924877527326984
16.351649149548823
16.999630716660864
16.821381612885837
17.055650128285038
17.135852121140292
16.73904605002576
17.10269896565837
16.70213455757703
16.429148459547385
15.171553689516802
15.5686194189986
15.749147229136842
15.41879331401495
15.03224369593865
14.912320073021606
15.154176997783306
14.8756607825677
15.177987539397597
15.218664363624189
15.508918138669175
15.372634973389035
15.648999976899901
15.661660964564831
15.96807355918415
16.01331069630175
15.893115489499277
16.033032813877348
16.300292732247595
16.503367234431252
17.01239799015103
17.161779624385108
16.929020875502026
17.56554870681963
17.279416587011422
17.93465692594413
18.71645604250889
18.723517058138718
17.345403433049654
17.283997319832224
16.76844159595985
14.108699370492534
13.131593716624556
13.433102303849616
13.847392812640154
14.933308220992501
15.960822943769786
16.644691367088726
17.414458193278197
18.056034795101148
18.42368168950573
18.53546807377639
18.50966108364494
18.339768692132967
17.29604216149126
16.80933430575121
16.020123161418642
16.053369766760074
15.374390415982676
15.735307482274699
15.860408497477286
16.15493221281305
16.28442530707994
16.32950254187284
16.55915094583212
16.759691200350424
16.94798614589243
16.859880014840716
16.94600994789317
16.623722970531823
16.654150513278456
16.811345428008007
16.520827378639094
16.172617282813526
16.486533862266747
16.261152147721546
16.53020032645258
16.55588696129833
17.38254937807642
17.594034440928787
16.034077640847823
16.10431782005805
15.0094451905011
15.403759692646267
15.246446101796053
15.438728203710305
14.892243051041568
15.644770656696632
15.218020209546035
15.641452534895365
17.526071247242037
19.268076234083072
19.779397169648586
20.582857034301593
20.794320095591164
20.0633755279923
19.269822419373092
18.665039093827428
18.758036880616046
18.05205752340149
17.408425821206457
17.154450426487553
16.862469719387487
