11.909923391157362
12.089046529468355
13.064772576403715
13.55948513932418
14.189083565316675
14.169146985809345
14.284338489224858
16.651652618388482
17.822666399478372
18.17445938862389
18.568132050815485
18.71649750180202
18.391599370691818
18.79670300698422
19.53272681257665
20.023934602947836
19.943095656253348
19.634540494054445
19.215369530663107
19.167828661801387
18.95368917201385
18.67337588294204
18.42177864526516
17.9624911780653
17.744349094635986
17.392081228961576
16.60262350067126
16.697413615444724
16.317394743586334
15.493764041863002
14.886369964690692
14.24889865434617
15.691292263497472
17.76527991987153
17.635449105585717
17.909600868246073
18.167383690873198
18.38672320654765
18.592004216122145
18.970586367328803
19.258965274919134
19.35129829994669
19.443369059614845
20.087204624316094
19.80789764638169
19.094305782066904
19.124360378781923
19.09996929294188
18.946143832252076
17.462165213370813
17.353409816436148
16.382383398734145
16.13549944829117
16.480092080310975
16.333991045972965
17.800699996634958
18.863832246466288
19.076818507656192
20.0395719696262
18.9813776135024
18.47096417132182
17.999130188178025
18.208899316014215
17.461980879552986
16.838750567760854
16.970007833527074
16.996581046400618
16.624833806745254
15.953520589920213
15.205349863807553
15.274410943426568
15.135229311462949
15.098026761929033
16.197274843917626
16.924652848966566
17.32212590220943
17.269761246713735
17.539825967236304
17.34137609766938
18.130759804025537
18.74715261819008
19.072023412281954
18.272313779897786
17.592619980527026
17.637671650667762
17.312434596385568
16.254808288480618
15.345966765149354
15.14548177725933
15.024675721752908
14.687740925178428
16.221088213373275
17.708016728194107
18.25769886381965
19.53067317441241
19.5498718885228
19.4139589752009
19.485061452965006
19.250665416193065
18.69902729965986
19.136062021653323
18.814436932972406
18.171264340314867
17.560947165886816
17.045209550275906
16.143181438055905
15.753328109141616
15.560666314333279
16.662316008311368
17.350236810314513
16.048520026497854
14.131210972362895
14.125692000084277
13.535190848537338
14.181137132138968
16.345761357093007
17.331225378544747
17.723921929081424
18.17632987843184
17.869616213292986
17.83768758140737
17.193395370258308
16.924248955582048
16.113702965456135
15.793226377680707
14.700260247254569
14.500247760873533
14.061704817345063
14.729729188794401
15.73772627777115
16.792785333406982
17.82114007075344
18.62529325818029
18.937609050922166
18.38828681091653
17.606229189300755
17.450840188820337
17.319380991881438
17.01539119638047
16.991495299182688
16.480895548389395
16.076201118576734
16.452254057857846
16.20693288349508
15.963174273030665
16.194569207040836
16.117994146925124
16.252002102276872
14.637279998878418
14.74291216707394
14.191751966447773
14.320272237175484
14.767152062413125
15.132013699170267
15.165616772185896
15.222764604309553
15.260550386502853
14.747214695115824
16.523449454482904
17.259052414132068
17.50280582373598
17.74229574698529
17.658758053379366
16.740925704503375
17.461996826777685
16.862400073567933
16.801926194758636
17.124546501976784
17.03543078495332
17.30329613869332
16.642624446339088
16.946141342227747
16.551664493381793
16.039031142492433
16.362133455792673
16.427009704761367
16.596884695293994
16.717611422415704
16.6807358748139
16.669688703047992
16.50481952846402
16.222294334968492
16.472949589043814
16.495408598698646
16.395277230372326
15.669777419333967
16.129849263393062
15.906975405800226
15.487841060892134
15.271072622753625
14.562924576242269
14.50330755458193
14.674854007039352
15.171014734478804
15.454071510483539
16.963622329909775
17.954906912637234
18.579345356938227
18.44937506747249
18.47041660939335
18.742581257086545
19.216896890462753
18.754625355425894
18.262385388850415
17.853983505349763
17.38670083055388
16.425994436233662
15.984554367130615
15.785707693246966
14.655690666897495
14.292621680042414
13.8664235517258
15.449057860471525
16.4584654225485
16.518383849024186
16.92307250678164
16.461476711475413
16.705798840169898
16.785845283808428
16.46790701564898
16.58042560554425
16.21035419755316
16.36998847429079
16.781720583367743
15.969961276031482
16.169290703779257
14.514089144991429
14.931046167507432
14.160006384337
13.999413673446574
12.942851564395713
12.440452089440925
12.146771653581355
12.395554912256994
12.98398924750536
13.252710055692566
13.946362908612105
13.839997601422567
15.094798964042793
16.295195098724005
17.20865973923712
17.485846656576648
18.07201663813541
17.91082934188343
17.832721035850767
17.26797569802336
16.15178011046736
15.673278887440482
14.971765369560769
14.740019527999925
15.515854961157258
15.690575746414055
16.29988222726069
16.201173344859537
16.384740531251495
15.968373028833001
15.202329123003269
15.089207109995556
14.727709895317245
13.972536596749373
13.422436001929347
12.746793407699425
12.663018728860754
12.362993392237403
11.999382430236723
12.123820231280403
12.673304220361118
13.451473337545274
15.315491116905653
16.43073681085966
16.15450262138838
16.262866157766652
15.925720155224852
15.831978114684052
15.433286324078919
15.547810655521019
14.832819821456097
14.711654520766684
14.404278837864164
14.021483045805445
13.554948596443314
13.884316741439203
14.770446789400063
14.932333315889446
14.042619282265859
13.786279992527678
13.967812765557687
13.968299763285827
14.07889574452642
14.118409157800073
16.1217706737174
17.218797646053506
17.45121934394144
17.996980780739282
17.609792163764645
17.588744439455258
17.778527492397327
17.68801565181939
17.345818531731457
16.74315073674542
16.693126592486195
16.63659826117961
16.637375617202572
16.15964304524751
16.326753549818502
15.301685065090934
16.152598267331168
16.202707542821518
16.169735027600836
16.27785151609465
17.613376220794137
18.954918219919342
19.506912984642373
19.65079154234383
19.60178638829689
19.50152823528547
19.62778919574754
19.05046173709412
19.398559056300982
18.67191241194855
18.021427150463325
17.524802716367734
17.264059482765234
16.521289401752366
17.007618332239268
16.932900656228025
16.14919759606119
16.794486108240072
16.693659535624196
17.053872125382366
16.416884066586448
17.02600481461754
17.41761742436941
16.95191511872447
16.509011398493072
17.507047220124388
16.901918058378133
16.695141404374574
16.03597219838109
16.070191313068527
16.141710917823566
15.734636607324527
16.016588393141824
15.955618111958588
15.562515989945743
15.430595669812474
15.900526003540184
15.80524884725808
15.199544830095553
15.5748373521228
15.193108531450365
14.563963152296553
14.688449266930062
14.438713759570275
13.733678017256276
13.061072024236633
12.438991844645873
12.314714002567868
12.257490325410581
11.954213779495847
11.658833917771206
11.785259489581385
12.034165842766305
12.068248393587684
12.26117247015742
12.479494042013311
11.748180924895493
11.905465743742793
11.925255294246405
11.518587855682153
11.94508014507442
12.204073651255564
13.561080129233222
14.556103077357841
14.30623916594913
16.115005996516064
16.8713993886652
16.988426598927948
16.761046236732287
16.74481767914726
16.546157539488537
16.54272030990145
16.031879574612013
15.360926536930457
15.045116515921324
14.819240597060714
13.910724471006196
14.62482200828334
15.989951901809185
15.809699314166734
15.919582447426025
15.733197256438975
16.02615158404777
15.924322651003981
15.937032587965284
14.533456259357582
14.642388331941907
13.559325704966044
13.48966684229299
12.689172177125899
12.562202403606902
12.813681812412355
14.691257315780915
15.443371999215731
15.607480389937713
16.615180537281088
17.409692161999345
17.765081244476352
17.363045795823687
16.901412990671776
16.82500728402682
16.746991936419413
17.54423719154751
16.772202039006903
16.148268768180824
16.31335028894475
15.700928211870112
15.279507020278276
14.658868833715687
14.492029390782509
14.170105389035
13.506836022871475
13.041142365487854
13.064336651732845
13.34153095541344
13.461686493414428
14.34516779664284
14.512981737584436
15.332251285116488
16.460671076378507
16.99827076676042
17.736521612945847
18.33345252820797
18.23028981331365
18.64013217433698
18.68494096347045
18.292083590055878
18.52031350588264
18.193251242076524
17.105482326629527
16.751882215520727
16.8602811688254
