11.456176162504956
11.78863347463524
11.690946437717926
12.847284662123771
13.714232937080643
15.009063715788988
15.642555828116489
14.899105910489904
14.294801198043174
13.37812650965957
13.256048677074348
12.349945943604471
12.386302491954913
12.351662150709634
12.294586489539476
12.979604867342921
14.611425875316998
15.262260135062213
16.47112496574427
16.969810992352787
16.952772026825713
16.81154459233602
16.837708384793213
15.927634408873038
15.472771697556913
14.96720694407383
14.577519240557676
14.430796226076035
14.996657583562017
15.816002921504106
15.875856490336409
15.96830545854075
15.739736691302493
15.990212110547107
15.359524705031099
15.240176618058289
15.82295089255941
15.788026067916947
16.54770332609126
16.421037657905792
16.32300817718878
15.779588013226324
16.022894996439472
16.18224170198041
15.851906673096133
15.99289978344506
15.841313481552467
16.07540690375993
15.981152838161659
16.109659622482507
15.483619756486723
15.114592131611653
14.609522388693767
13.602073383546815
14.221329411870453
14.616892674336329
16.455822627316188
16.052673826309647
16.41182057427664
16.751107242508063
17.101682540973346
17.50898859585178
18.10445011442545
17.975611397269805
17.958523574177875
17.495153127530905
17.126701710791462
16.943430944237534
16.770999803764028
16.523584946647986
15.898281827690255
15.046278864013471
14.946838734759384
14.327117444561644
14.194781841147034
13.7503456182119
13.710644430257355
12.85994257522334
12.968140261118913
13.755909868220787
15.686073728200464
15.811298758821378
16.033313458742118
16.219921650763972
16.319848152691804
16.617994338057393
16.626072711998813
15.458261655615425
15.558802195325676
15.940592580959455
16.06804575797373
16.307253096677588
16.562732188378096
16.58373620124647
16.86740960108666
16.723280846722847
16.412583625961915
16.280437215775912
17.156088337978378
17.623700755178326
16.026378053465955
16.15377182681467
15.635525288550351
15.54527536599385
13.475971944427409
14.032894078839753
13.500974193273175
13.975371579602973
