8.542544879642017
11.1200554886782
9.678545214807365
8.199786790874263
8.205514264472287
8.385738693810296
8.343132912957117
8.485419155119361
8.088231009209291
7.6021333432953275
8.181383004076402
8.429455988905687
8.46222429476147
10.06874132740936
18.23695297392384
18.709314563469228
19.2152007853923
19.564282999228315
19.69493735171802
19.468887129568795
19.619760570125354
19.27565683344765
18.544765218256632
16.312567250272263
14.23368013060138
14.378543786304279
14.956937271391912
15.520617126907306
15.886436972209632
15.937368944247947
17.620439230098782
19.719300766681254
20.549448024235925
19.67506139873909
17.489702433458678
14.53222221854657
14.565952146173911
14.243307707196484
13.875350692436257
13.18689405827276
12.222999607557249
15.00060035031327
17.695144991492782
19.487706627769192
19.528536861069533
19.74672935934588
19.884537234992468
19.910816179926172
19.87975540469818
19.894013713045688
19.857291688053657
19.876925701050727
19.882470079206364
19.789776769231487
19.85231373648065
19.816224723705343
19.992646784677202
19.639075010072734
19.924797476462754
19.898127253972387
19.852915517825398
19.90806563821738
18.6094631018523
16.117287838432848
14.58778719068324
16.211141106866606
14.64765927908228
14.130343604756836
13.321001775031345
13.816939632621
15.174453805409627
16.17464844912223
14.582966211454028
16.500487452175932
16.42841754607988
16.708764879786912
16.704020912004818
16.921506602511847
17.294119332853118
17.711652358442347
18.319023525483196
18.965816476729454
19.795404774661552
20.332688417510337
20.203451071192912
20.176086458044452
20.31839431289973
19.870173934497952
19.501684075595488
19.122954303260396
18.95753154479144
19.040216917056465
19.212446896446302
19.6068218566562
19.5453527625673
18.392943091180534
17.999743896420267
17.002638707801992
16.4397364912818
16.751309713766858
17.04825113575545
17.15472046896893
17.81369767223436
18.948895288072556
19.921468051677426
19.66027048503817
18.883858850304012
16.815169263670462
16.1409151628883
16.404830749542914
16.842408281814862
17.964758032731975
19.235034961485763
19.545291481665675
19.82353165415381
20.389848724223775
20.4905932244916
20.456622035346317
20.307565439717525
19.828461850611784
19.43270712475255
17.857592100292393
15.886398832378221
14.673056271416582
14.521983541957662
13.949444080765707
13.394622712320885
14.643657749559365
15.330230831045373
14.300264380855268
18.468509501755268
20.277785989402272
19.54093773062426
19.7938809845432
19.50375198833139
18.904809724224393
17.650163462333943
17.43699354109681
17.331798538201152
15.756782002234905
14.147741628443475
13.085351389379966
12.472248147360773
12.437959292136126
13.512007800041411
14.872304223865866
18.34462511792545
19.098020312019138
19.51968744637078
19.91977848471881
20.15487040703028
20.25317916064552
20.30397821827011
20.191047801339103
19.408385414578127
19.60438067118876
19.362687808673467
18.533722919266502
18.353238959879747
17.77355825134384
17.571156069922367
17.259404642304567
17.32510970741017
16.830975650143444
18.028345843797386
19.124429284886414
18.959658218566478
19.70275570619938
19.721501440459424
19.395677221437094
18.801377793046555
17.86099044176855
17.874950730785056
17.662005678469907
17.861221289968334
17.549665481951187
16.862475981030084
15.042406722902957
15.393659906551378
16.806990790149438
17.321138573874258
17.667027981153932
18.09011354899417
16.96945639085681
16.65752066592056
16.692367775528627
16.876534736542347
18.403840938762123
20.334267491105578
20.57214113209475
20.128797750588735
20.513846566303613
20.22233627659212
20.290890718777014
20.273946117877788
20.336584757714025
20.12713285805729
19.41682953687077
20.0085844130267
19.87020234224607
19.259456741590213
19.54732651342591
19.59912182039345
19.206847163524515
18.073058578485814
17.571768566691592
16.364630540314085
14.997282330057347
14.851686626801763
14.124880654264633
18.098914263699733
19.80312631840401
19.494875161386517
19.45950475462839
19.288183401453505
19.221625188760274
18.819711507509197
18.379043669909954
18.818416586423503
18.75781645811156
18.401465345846244
18.269250910419732
18.380995695700246
18.352698442028533
17.547651879986944
15.196895995658195
12.888683820187328
13.224920534380898
12.715384347779448
13.65572194896932
13.887518770390269
13.85854725815886
13.591236443342474
13.24968626109407
13.171722089497509
14.820072236475847
18.167082716524227
18.970954706013302
19.059830988289672
19.212257337029268
19.09331430409159
18.800101141018523
18.94653180545017
18.95177347223973
18.484738540226775
19.117324669404603
18.45999927765639
18.81252298421392
18.94269571148163
18.475036699084452
18.78980324174651
18.691175643405934
18.499746004559512
19.294727091676677
18.86161197424145
18.752887258283575
18.65158923192332
18.05282545197605
17.701855712024447
17.685413640670077
