14.549332308387934
14.573763819989605
14.16514709807216
13.915343633450613
13.470980386789956
17.9318110173753
17.442976809707893
18.862502809080514
19.634233012471775
19.691943172678734
20.124792585232147
19.81068067710633
20.030541857588613
19.24547846914875
19.60888211519054
20.24301286020831
20.37388409990116
19.909311983556577
19.291208540140133
18.177152107660433
18.554955230016912
19.106339752278387
19.072063535550786
18.195765657282024
18.029791568441148
17.518412200870312
17.481292968920034
17.321207296660866
17.56719316405534
17.687397783656856
19.287257941131124
20.3957516815977
20.559520717519444
20.80263046163906
20.999728280334875
20.82181349852417
21.010851855016416
20.908372659269524
20.99505059684749
21.043291768946208
20.95031139503396
20.62589458849748
19.803822532168333
16.13124175040892
17.67996955420173
18.717295898799037
18.57122106924881
18.952255158072767
19.103294413286385
18.904731132226114
18.731087748727038
18.81066161212938
18.884430950323935
19.280957020642198
19.247105979083052
18.96011915837499
18.1113129193872
17.757564774644894
15.530025359506075
16.241062488577967
16.791286922206723
17.116314158554378
17.305244043420853
17.576693021253202
16.89425379032895
17.959083758774273
18.416657635622773
18.921629502361977
18.420136288341638
16.874909558090234
13.484029489391794
13.218748391547965
12.605154991451736
13.285049424943688
16.929378853824037
18.70037901759483
19.17011261870069
17.526521677579673
17.60458181144735
15.509273662656204
14.610752003617936
12.363155890126611
11.996454635216804
11.255868762556247
15.142696991991155
18.822073144847398
19.337990254207835
19.95805836363112
20.378954701398897
20.260410355477394
20.594512639607785
20.430888633449058
20.3407958529956
20.059422971561656
19.860951746842392
19.74205056528857
20.013055149199488
19.973255432797448
19.972211537491148
20.065510678308843
19.9373897657826
19.791552670349127
19.770861014964236
17.435634467964736
17.105250524478905
19.244947511217507
19.029032804354244
18.485782699342984
18.92829203492756
19.834582129120058
20.363702354248115
20.463282649700478
19.629047709663965
19.947002286502933
20.754426048926675
20.09147313447265
18.49817865241187
16.211715277492562
14.47548965372885
14.337945143721438
16.402229152730932
18.558194481359426
20.14315569654448
20.86149102031944
20.050368978143197
18.677694482851567
18.866944200208387
20.35006415916073
21.084174656140046
21.21834770625981
21.02311829975761
20.374922449120593
20.32615889420285
20.09725757936153
19.024598430753187
18.42287383443535
18.810127447750233
19.00781870356086
18.655339281394983
18.784569951312466
17.820913986512835
18.20310105283815
18.659948523846072
19.4354279543989
20.87602906492652
20.83878182071552
19.633164997090226
19.86351031528543
20.886599091717816
21.611573057590128
20.760135196127678
19.249745788474275
19.38575102850556
20.044509088886578
20.827333465439896
21.549984062707853
20.94427531148068
20.94641184018233
21.419376274229528
21.35026041470204
21.476497087873735
21.595694743577763
20.563083826169933
21.259107235675206
20.957589325153922
20.787285878890927
20.446001028316648
19.442512936004732
17.314120278768886
14.876597921227702
14.385007486335152
13.452131867939023
13.648284885737073
19.19611947029289
19.89393710865704
20.20842397759806
20.381520406295667
20.11514905098971
19.836817575635898
19.918820284276627
19.577326589481476
19.429030238017205
18.973444580963818
18.51092385686313
18.31057961156843
18.277124407633472
17.811657575848347
17.437184192176804
17.001859893140367
15.849206414100971
14.54990192320554
14.55436095437406
15.583927245939545
12.408998109564845
16.914755396879617
17.37480050516248
18.589355602122904
19.318302474998852
19.708692393760757
19.760765201258486
19.708064126003336
18.85375452011037
18.351001821264877
19.211101959961
19.803918738191236
19.90937739296197
19.96628765217968
19.600545939467736
18.34786263597225
16.979826771868957
17.230207420583504
16.941221107125394
15.880697344888434
15.571929643889613
14.880744142590995
16.014382848201443
18.902338888991803
19.77358069400627
20.287647910120782
20.558695131905782
20.91755857539465
19.7906872392181
17.91569356249337
18.169141393589754
19.794489135136292
20.138762979597594
20.638764481795057
20.3066111147858
19.430753882645732
19.461497653294984
19.039882590499104
18.445194978250434
17.679405760755337
16.937841433461188
15.273978143371757
15.30223703671708
14.889527724061654
15.240071195600253
17.27984178818419
17.343271520946136
17.09884527066248
16.856737879464053
16.275479842219934
16.64738337498751
16.494842184368622
16.506985287969787
16.17125133152472
16.83509497121117
16.895634125349073
16.77453083700186
16.801484831702396
17.47989179788704
17.446607301220798
16.685102980081567
16.554670610151415
16.62817257757661
16.884172426064186
16.981567314017244
17.183138934096846
17.031381190553578
16.957243792214037
17.255265752737255
17.175244493075535
17.153990373564618
16.9939386865471
15.920241805667848
14.474283160598734
12.710760832439014
12.489118781835105
11.801600307796367
11.4615829225937
11.310591015179453
