13.130418707295739
12.62988780944546
11.322708218384529
11.592373479348154
11.623538335046474
12.558033687080044
13.122412355783384
12.843412708845642
13.701842169924705
15.050299402775373
14.742291765293574
16.6556557541298
19.114462973146264
20.320447534121467
20.13631971715724
20.160022060202827
19.892610504062105
19.689787382566127
19.750466869778453
19.44053055466325
18.455431808128235
15.666836854451242
14.485822664624688
14.227973686789756
15.01832322451332
16.485585850595754
16.93471198872144
17.362779626395486
17.530823729633266
17.050653121838682
17.111625083239122
16.406346859487634
16.412140211627296
15.798586417078994
15.298671124660132
19.151752499435162
19.230614010597925
19.458497196772594
19.224775070902275
19.198173423653916
19.12658345906789
20.19264789786914
19.94221826238643
20.22458089677789
20.136937205417524
20.52872012545803
20.362251064747262
20.042791278891187
20.22653632031814
20.22254070990336
20.226957756216155
20.147283302093214
20.54255667454152
19.801909732713565
17.731559789352854
16.639594844629496
15.684578623176613
15.235018933266602
14.639231487846146
14.159396243070118
13.757625190025273
16.059072669295475
17.252499048494506
19.54947379660307
19.725348035583657
20.870156979336084
20.96204093496079
20.694720816027733
20.00735938504572
19.638220406467443
19.33321640194572
19.31300878739961
19.009440803039567
19.739778660013517
19.94894185966828
19.682203083368822
20.060321459566428
20.031240568780323
20.33575805802288
19.947694628297167
19.91553837027432
19.64234157196769
19.64025632156035
19.79347302109988
19.698287223206762
19.629824230031023
20.326456169179878
20.71258199128868
20.562605830778068
20.094941674270615
20.084949428717746
19.712622754901922
19.54072898182283
19.544791337960856
19.399131364767648
19.276985352772087
18.14116488659344
17.665188936547214
17.095590373307072
16.236112713660496
16.343821462255615
17.619750776555897
16.271912019040652
