8.276140294720713
8.816156972393177
8.914890878275166
9.875235436556464
11.782463738329652
13.62488265984082
14.875181883020518
16.514173732744393
17.467297713835332
18.08927293347732
19.5715779987657
19.263130575919426
19.256058676250753
20.080603785269066
19.773341248975026
19.199231357561594
18.311042707103027
18.367489781507047
17.49400402424024
15.36482840447245
13.738612133675046
15.286238285794473
17.160842980069972
17.71662600952851
17.867834655925943
18.158082706743862
17.430569223805882
16.751092188245227
16.095170765198063
15.846820239831345
15.139063511477909
15.071126103601484
16.60156017563223
17.317833282563008
19.227051041450547
19.53980082954463
19.623928897124028
19.93713665729945
19.979309187273874
20.17266733156726
19.274098892711173
17.319029595839876
16.70916675474046
15.925319968465473
14.99729540226476
14.17668069185974
18.78765479030236
18.778374517886068
20.3348322022858
21.184007723424283
21.14240142583855
20.995837872565208
20.241298274575254
17.40356622733289
16.817050525667867
16.44683035819627
15.757773299741727
14.941121178069663
14.122971025563311
13.867334450309114
17.298039243988402
18.94438849054832
19.31823594683167
19.766410143847548
19.907980337576237
19.82227738827908
19.690000521090226
19.459682897629023
19.370607329228513
19.64974072785312
19.510502787396266
19.61416360995284
19.39470140900623
18.092602945171002
17.76067418502323
19.37310500811536
20.26867329656278
20.318883471458246
20.339944141380645
20.578473338598975
20.828561601636423
20.517180189494194
19.81871719985313
18.804797521486112
17.397670861860206
16.578889023762216
16.09509717451792
16.404338279256134
15.834183322191944
15.12186079822212
14.234722034273947
14.810028294810808
15.188464242530904
15.851170852606653
15.202226541029766
15.331664631403186
14.364922544137833
14.070472651179134
13.982171015784752
14.39819538453898
14.45832175242924
15.877562353993545
17.600069341859875
16.000812766506925
17.824090551012873
18.979010493502322
19.49935429100873
19.703819882154527
20.030342305809647
20.215873000753017
20.130320014394048
20.19967397597366
20.17637976706003
19.63932746651853
19.500017668848287
19.4741881195656
18.568226193314054
18.32957408944693
17.811834873920752
16.176161475641383
13.48945880757801
13.176487080202724
13.149069395198755
12.672609910059087
13.262670644845688
14.060694782521413
14.977701692643466
16.456506778678026
18.770526005991787
19.694474572984635
20.737913121831735
21.122237806983453
21.33616837356411
21.19474334842684
21.30710429778587
21.48160004206067
21.09849532395207
20.737511729023947
20.090100277671336
20.314147274532054
19.379846494483964
19.509709345878555
18.32830807975884
17.533002426030873
17.63480171184131
16.88538636821135
16.24634539972748
14.976215114621501
