7.2915339419291785
7.492097352394826
8.135072633249422
11.061521620170913
11.220062528499781
12.812874744732142
12.557561711438485
13.237929179557606
13.218159079818149
13.822537589181747
13.902749943942693
16.763964399738654
15.012212460436112
17.16100676803999
18.55545174572391
19.02461235481961
18.56354649632809
18.92509311176267
19.882752717140075
19.969734213642173
20.188770815798414
19.64322550799988
17.343046487326244
17.047053430803018
16.621755270266178
15.56852947957376
14.750255116724208
18.525656057706144
15.667433817879724
15.416948014249785
19.105708538210507
19.122473271695064
19.06918759308753
18.827890451088816
17.89445041797459
16.734695782231718
15.492884556379087
15.140608760333633
15.746330993274025
16.351449965525337
16.564501731547082
16.738809816372388
16.765667265037482
18.265373726466333
18.916412992466608
18.46568228707213
19.192453190948047
19.234547773385398
18.95905925263768
19.213601917351262
19.108424261270105
17.465973285273762
14.507354366509386
13.898277834641357
13.313759452264502
12.92516948709876
12.784097714606284
12.467371993121578
12.117597727448778
12.091441065715713
12.258832221241649
12.358578672541043
10.280050577981052
10.081419056747672
9.675329404689133
10.363908416733953
10.612277977011189
16.544051516391303
18.290333290578577
19.413776485976022
19.482852345169853
19.785663610148113
19.746028007578328
19.837653801631394
20.01017272790152
20.283234174022674
20.316857632778376
20.27956887653393
20.294538477536115
20.32003691139775
20.34376992756748
19.911948993359523
18.774645809164408
18.003868591895035
16.65221805330738
14.84219187537541
14.601539859646785
15.46888917353869
16.931997116082997
16.980658886396814
17.185022845364124
18.047366148806912
19.037950744119886
19.266297869443253
19.073682780942406
18.877065467722886
18.704369539880627
18.07302893657829
17.058629748170073
16.49386116897751
15.71607139993628
16.110716975358127
15.206658008792903
16.147538861344508
17.0589310891427
16.621387736096512
16.520086265378655
17.018769297118364
16.746190319608335
16.75880891669499
17.05555985353552
17.05122595362176
16.70992734793914
17.29603980665862
17.951751901274665
17.570337190577618
16.845720123195413
17.09454375677187
17.22043836810289
17.13832847420142
16.212866809023982
16.700706862032547
13.539035943091765
12.635143667785197
12.234350983576018
