9.184427843911726
9.198829554774226
9.222440530029427
14.991077926011071
15.173836726540994
15.597018856406233
17.283119148636697
18.015761059200443
19.105520117818376
19.538352880681558
19.81742816487626
20.550807579147037
20.59573172772458
21.041980308258587
20.947456469049254
20.892708657642288
20.10756474254105
18.849861939558366
19.916826808469214
19.773349737930552
19.110849353808508
18.97212819353004
18.87699255892075
18.46415028915403
18.661565257294434
19.14723272450361
19.61193385095143
19.941693907728396
20.003874679567986
20.425672861284628
20.461705366423725
20.40620149007027
20.57944342686922
20.493274585593685
20.21278421681916
19.017209874134632
18.662056973400286
18.42095048069725
18.13944914211154
18.336963184796353
18.321164300511924
18.63757401052331
18.78946185037392
17.50217808124795
14.627823874096114
13.119371685202596
12.595073656568848
11.8757356010806
11.159550990188176
16.546783299298998
18.011594660848406
19.68550036441416
20.840023130690568
20.983627927072632
21.04564497984486
20.79286184117226
20.57273038896245
20.34022494780027
19.91862494401601
19.653454910476853
19.343534031643202
18.409813127326466
17.89560552675012
17.245508433464018
16.933886280565492
16.43376780648811
16.331114721160315
16.91253805658204
16.939644654085633
16.896564449158337
16.964230573695545
17.276469012998614
17.404952215584633
17.94037120847134
17.198342722051123
17.932720138608676
18.73310334689338
19.86360123138489
20.480817783764888
20.788084947468192
20.946632575111824
20.711584828900843
20.828851360566247
20.605765449247514
20.95335613945113
20.42144849570904
19.091924026201788
18.367905829889978
19.494670175193512
20.63581295046367
20.450531420936255
20.193685119413608
20.115114496297267
20.514266594792346
20.53612725993629
20.25416998969672
20.134693141006046
19.630050358015012
18.58267393399659
16.684096877855
15.523062890567017
14.389994137533224
13.320443956181453
13.10577236580883
13.16592091539382
13.939977827648747
14.586217875592336
15.339341105243983
16.518145869955365
17.376551086836518
18.074561045567748
18.549119073025214
19.361274357680443
20.107614044739538
20.26135252534296
19.940292548860747
20.599002908420545
20.433653903736232
19.86640639747961
18.554189454386442
16.624634302920736
14.91175820176553
13.560061021842811
12.939679052201619
12.583890354990098
18.856063887905144
17.87578225745381
17.5165739299394
19.406785106354643
19.974495613504235
19.925773746047767
19.557471587737545
19.42015755893189
19.111626136960798
18.984661436247045
18.82486955353813
18.762888279614863
18.81351727063973
18.812256571646465
19.09750955833938
19.751572820585608
20.05458089202821
19.272026540019727
18.188892986350293
17.226881783132654
17.083271597854647
