8.737174256369045
8.442250363072576
8.337156574595049
9.774501198959753
12.352205607634486
13.568220941242421
15.414791342828714
17.13300905261928
18.354673443669764
19.174119285565336
19.205896014470852
19.22493856523261
19.25590569831866
19.11439261354196
19.15918660266397
19.44968214592952
19.44070343210646
19.71963285900773
19.817505379928612
20.501112539010887
21.02982606078395
20.43011129377718
19.90920597303532
18.185697108180168
13.128402596405587
13.390643676566372
14.483195599000535
18.1812713858716
17.81525184176384
19.3962888044397
21.081021095098773
21.078012770316167
21.129749773398
21.020461451865717
19.24965323799632
18.801690638804168
20.693091191834096
21.284235200308714
21.19565062717916
20.39736174478533
18.310715461338095
16.160094187307664
16.098767631306888
15.249892124818649
14.834052564587207
14.264254169558544
19.170315245419708
20.236129893673702
20.89975961510816
20.900733938986413
20.561880651330355
20.534624294297465
20.365209731612826
20.443310791721906
21.01473384855661
21.291380807287897
21.63281497787496
21.661104801681
21.42653057187279
21.380143500735613
21.023255092891365
17.267287294206472
17.042234708952805
16.697881156844364
16.937907626853015
20.84484819326935
21.028070879488627
20.940946586155317
20.69567254794404
20.183718998151573
19.716678314919623
19.54721890531641
19.025746134923647
18.374398650838092
16.04595528091292
15.794887732303016
16.955761596316982
16.976003041264565
16.44002734361741
17.590674108448074
18.153313999820593
17.436615539907425
16.73355345178427
16.56730301779715
16.14123938356569
15.909648275437613
16.01700358627464
15.99375342734952
15.779338813611664
15.816352797473295
16.02359712475993
15.73731132973984
16.013825601968687
16.000677475162608
16.059437013520242
16.288906451597377
16.058402597738695
16.330360996030922
16.281708993596865
16.043109817928073
14.808603736254765
14.531107660183663
14.396317186912382
15.288818755282211
16.305975231713465
17.718289683145095
18.92712959714205
19.728779757036463
19.833888481281274
20.256943303179934
19.78780274931627
19.843708620077926
19.70337106595709
19.68908665857485
19.667334596219245
19.518454695750144
19.80893888944789
19.651960245474537
19.512754646820163
19.312583031814125
19.19806131555419
19.208894663575204
18.85553332201383
18.918343682557158
18.521001312297173
18.521766615730396
18.396958806771465
18.457458207336323
18.301257559372296
18.294892233991074
18.195228983417877
17.99226656105021
18.3842521884755
18.276698906767407
18.407795589546797
17.9573295686331
18.12327117632066
17.395582959112925
16.504298837537206
15.957645011175382
15.454010395289211
14.72969587024703
14.599524557091154
14.279308831765428
15.589086141009322
16.954688072398213
17.05414635138613
16.478578443414428
12.775718865294206
12.018119413840694
11.6012696970109
11.283432974933332
18.0288030951917
20.460810568491045
21.100681625767304
20.50688786825292
19.69919802827296
19.31961874719937
18.610359839385477
17.94721442646169
17.249695757351528
17.183243651534344
16.954200579320098
17.005726416585148
17.019716819232965
17.170428655217062
16.734146765364706
16.313126838547685
19.417192096793993
18.919923364439
19.22284093798563
19.74723144808624
19.861162612463264
19.89128062480024
19.844470022801406
19.741858188208294
19.44868987800189
19.698632813845233
19.75604536856236
19.11629263333886
18.379744330183424
17.239540428489345
17.666873464376913
17.996082408612235
17.978476864499783
18.051125506844357
17.993434740415058
18.009835670036328
17.682160905408143
18.151434848302546
18.17142936364698
17.71634618384324
18.203971775406927
18.35057769929006
17.876806220647982
18.59674515457156
19.104089677287806
19.29549367541232
19.817640542032095
19.31444613588062
19.647807933862236
19.62839763615468
19.259659190471712
19.47641807179341
19.150594187333787
18.989127655153133
18.727130116542227
18.286778694156265
18.320184904798307
18.341521087775785
18.531440841777762
18.930256290737493
18.601660307862492
18.38754499142443
17.94190710118005
17.873470670317673
18.413276837495307
16.849658239122626
18.43361295208388
18.112814378974896
17.752285990024053
16.299298933318934
16.148862562202364
15.80520295648182
14.331836581330707
