10.262491970351553
15.300903342289368
17.639332300864414
17.65333981115412
19.115222031782476
19.157147743457028
18.930238991349988
17.18254768633358
18.534158641133338
19.014275211412798
19.015596369250872
18.245446952772927
20.24537320791881
21.413993589191143
21.50859941116948
21.890895698318023
22.03898401005619
20.34598564896002
17.764911077189968
17.470898431426896
17.281908084095992
19.74846618210977
20.23705349987894
20.00972621771148
19.649744483073015
19.353991601949154
18.97658059553168
19.26009000716501
18.728360321020435
17.5147174527596
16.562642217371476
18.733296396294808
19.96583005599596
20.17179972910665
20.973954447176517
18.66950549910952
18.202207140931
18.190059575083925
16.732264254707015
14.962420498375089
14.648336391808146
18.1090716427087
20.81591772215392
19.8512806273461
18.391005732917517
19.794840778255047
19.67005049285937
19.29582928479392
19.31802036263796
19.646621539983343
20.028828238287023
19.252167013331736
17.294255631264278
15.023449972507308
14.04059068088842
13.752763895402989
13.311954540217847
12.61645600089859
12.11899734463808
11.773481962219044
16.209426874286926
16.96349729841128
19.320410094373255
20.791041504264747
21.19521698117325
21.173735585616537
21.205733850633713
20.97984490033848
20.862970357195803
20.767148595197927
20.526116577131337
20.061176225980976
19.499782075396613
19.54255172455999
19.299350547015568
17.662274992074448
17.386451239008093
16.209233871169154
17.063404664954422
16.646184427222153
16.502478025928625
15.832925445351892
15.610735864272444
14.909666326390841
12.415783874305493
12.033491986917324
11.894885249033575
12.031480122950724
11.910515962122028
15.952064226144955
11.962102689953687
18.09817640269007
18.64081384424692
19.215207911210747
18.636599806737443
18.19060693232498
17.457287226799828
15.403044953660967
14.514422656065125
13.143832363528778
12.691834482423186
15.923904243454905
17.39571776183507
17.857211585045754
18.217663261566027
19.858314458702463
20.402654898113674
20.10610916764271
19.892943988186236
19.139138895883594
18.78848898246677
17.146127631325434
14.786473708290574
13.84310187889676
13.648877336893088
13.29331205160898
13.314513534416506
12.844916421208632
12.457910600699108
11.876143377767427
12.687468873269104
15.392740668008742
16.296581130516547
16.931407058976937
17.146603381358947
19.28433542903161
19.178095586277824
20.220796792005146
20.682042666639106
20.42805168787695
20.502658759517093
19.845296499876454
19.937806154968893
18.769990474559744
18.97841095272349
18.9363340251942
19.25231771736229
18.869683945756194
18.98310308708013
19.546282342426526
18.69140053762776
18.166835310120238
17.916796049720453
17.997047266453517
17.43996427880137
16.666096702531508
17.04112201061132
15.916416802187758
16.47041645028377
14.782101462398298
13.713543333279615
13.141991515005795
12.566730941340024
