10.640977060509178
9.841791980189381
9.865778084908676
9.694247548198847
9.162975756402199
8.889686793266552
8.509311745821421
9.218413799001807
9.9597721525771
10.771730154368544
14.296311870856966
14.346089232519171
14.736717910780095
15.92540200570549
14.719723789786473
13.897411966036087
14.082767011178978
13.969414565661536
14.359366685476855
16.240135460003472
17.964988227237306
18.063167918202137
18.227183072414025
17.88924939231986
17.812387763193904
17.649686324883906
17.313549845767948
17.172276854531848
16.804560574365027
16.379075975169833
15.990246199821046
15.888613635464974
15.79042256702128
15.571783504261932
15.733003750629189
15.795915058213762
15.856749971114665
16.031912761050766
16.30951980253676
16.74849017607153
18.16398880416168
18.602724068479162
19.433484196677338
19.12475586012429
19.070088725170482
19.057308073294376
19.18798947658565
19.492769045893613
19.481830870789558
19.39052462079978
18.690937897378486
16.507043191136194
16.008191610820383
16.675923342660717
17.2297644739187
17.520441335394036
16.687036683528728
16.780274642181425
16.43901366818013
16.546384344427974
16.110073095953744
15.303649394740514
15.413616963447964
15.733211944849751
14.267427225111605
16.438814534446205
17.443262106579393
18.072903100078708
18.34326453489751
17.979774451224326
18.455523743307428
18.45071048530395
18.92630288908677
18.62608060145276
18.863636986433796
18.7716610769321
18.69477109891612
18.950542378098774
18.585575500708448
18.599532042781988
18.792345739432577
18.49771907301929
18.774680706233905
18.712811622852108
18.680573050201307
19.00803107854658
18.856424961076442
19.108163094592182
19.225633862504207
19.118182197146385
19.308984577438476
19.136374379474283
19.479800606295218
19.530784960080155
19.38977017635443
19.641965408499317
18.970478061364954
18.855496839719628
18.050414183722804
17.0114666894376
14.747331936883695
13.987599044408245
12.678091074996052
13.259682229876775
13.659826592499089
15.267630159301715
20.043277125023074
21.891856355428843
22.58878823464797
22.509186532255807
22.01850934906363
21.094694648187282
20.674654119153058
19.679494899189514
18.427477439217032
17.29600314921562
17.29489585271383
17.689875649350487
17.721881144915468
17.28863432187444
16.91824320912819
15.565310593744249
13.6098413481299
13.210460303851018
13.44997506235122
14.382285439824011
15.966004883598654
17.826496899860448
19.097384243219853
20.148432679731343
20.181893281222674
20.135746584479712
20.196247297691574
20.364046693631707
19.759265637197405
19.316818245886907
18.991176928804855
18.65853193766997
18.18900745148873
16.965824182075114
14.175546237438574
13.107582265428105
12.988365883887733
15.679278762941436
17.741056468899345
19.42589711736366
21.136591416950054
21.74740951945897
21.929997830973434
22.044238797952165
21.868660240611533
20.22484744290129
19.098477610618342
16.70094469713083
18.3823120931743
19.087472300226384
19.39766386477936
19.291599676196746
18.996147067516514
18.927017426335112
18.726895536432515
17.097410661050404
15.851337089523339
14.56904565417796
15.207951954629033
14.731715805244805
16.536153979162904
17.674534832330306
18.477706264563253
18.50026599419376
18.08422690673081
18.367468737267767
18.794785831899432
17.85738096319971
15.725216963343634
17.73576493598155
18.02724095146704
18.09717321903418
18.597074391783853
19.03707084586162
18.955583844144183
18.977774501977773
18.882551555085925
19.20061904725217
19.43014724075093
19.603762683435267
19.858932913246495
18.99312630785184
15.340512726770644
13.833965362962925
18.049536607735266
19.175763899078763
17.956947308446004
18.250502688701747
17.51720362361524
16.843860260429793
16.04914074786211
17.412467210488195
19.28697755140126
19.915690079097942
19.77597418994394
19.83341295504311
20.362972302934185
20.20712205724197
19.80302719275818
19.63478787117912
19.572947221477328
19.60782299020802
19.016281202994705
17.659033386346746
16.707266710624374
16.42554330426164
16.065707093150245
15.248349100454938
15.393488784728275
17.161416979693826
15.338822766167922
12.3286672801511
12.157948163967754
11.813420462818492
11.4858879380449
12.565900246668573
13.789063646290472
14.210625923295202
14.641349991874367
17.20599043744447
18.579727076458088
19.169553979698367
18.9437727893036
16.874946743772195
14.062413513240257
13.847074587799714
16.861658515304736
19.605205666673765
20.09450832644762
20.187605216718925
20.384447036534787
19.57245565103884
18.297002777320444
14.948805632502694
13.821363131615673
13.557325335877788
13.53119058016756
12.625248647736163
12.448283375937766
12.633157408159475
12.665586785939741
11.916043572630453
12.391984658058947
19.512653935990947
19.373842292950094
19.08369956157608
19.70358219787272
19.875349721369584
19.906350185818887
20.21665163454497
20.19792186470725
20.331080662101137
20.509254800561774
20.491708950388784
20.438875600845886
19.89252304891021
18.702553641197593
16.707401321193245
16.128103535631876
16.174132004990447
16.316060984347224
16.11316438473529
16.421537980732364
16.448943814070187
18.5151412682466
19.46131940700078
19.88078866064165
20.281131235694712
20.45197774973227
20.65647590531244
20.36337008872225
20.35073141030361
20.32346712751332
20.2445596785336
20.21700678974317
20.041366766347426
19.872006621820887
19.685542552200342
19.59427003645446
19.366106733253165
19.240712245253924
18.98667126495686
18.782242256524672
18.596686726942252
17.629902006975172
16.810478532612816
16.206005150922273
16.179705071891654
15.76579535992624
16.108805606365785
15.933066052776717
15.903691420374168
16.406622840359127
16.245960261270042
15.870719057337327
16.335379854326273
16.079702363187995
16.254185781690527
16.374847849813168
16.266333932397337
16.071294083735708
15.995201696116869
16.038221441974162
15.989475606860866
15.866990451064705
15.783690001820936
15.31296587018394
14.901483955533381
14.46766750135017
17.495336976567646
19.193156769393827
20.81905718841698
21.87512892289497
22.46737817246518
22.69091160560856
22.861620318283954
22.50762557228784
22.326345679705128
22.41602180824151
22.34817303867908
21.91557109515165
22.195746375883328
21.882310577201974
21.695663713842954
21.633586804988756
21.226028101887
20.22074428426506
19.347062225452987
18.69121397846651
18.421347504947704
17.537034334087576
16.330446212832385
