11.182675937778155
10.188368250853122
9.727795478198948
8.371994283036626
8.217576268734884
8.375644005096285
8.249937418770813
7.8826431293380015
7.782437856481884
7.849650930110432
7.856306667763232
8.05388554650891
8.618638326128298
9.168840283446054
13.529097002500864
16.593739640413588
16.83779452393376
17.095973186680954
17.40062338998095
17.882276378246953
18.29252778982922
18.498419061169766
18.87698036088898
19.034297346203925
18.791513122814425
18.525713826794213
19.08589602742214
19.260015960453007
19.526918152634927
19.782030922401045
19.737072495424872
19.367168329187173
19.150079527520045
19.150364154781784
18.938198926975463
18.63942770549298
18.5007536958521
18.538323098254928
18.31570444561185
18.476240696266274
18.42241589898437
18.463968636976333
18.424380650569354
18.261326986588628
17.762019528689773
17.604666302701357
17.619775597365926
17.944586118483556
17.564644604858398
17.644212768488575
18.071176008892017
18.638745565129945
18.28201889630264
18.84351187187621
19.383492914911198
19.613805805770728
20.036425364429352
20.03572154865261
19.764593867817236
19.872455140855422
19.971970487491948
20.25593999288564
20.212419545285567
20.217399083632213
20.087398147385347
19.508154949222593
18.836465961012816
18.31688816740168
17.564676239283685
15.615316684354827
14.249205796598115
14.045400689408192
13.282295311394932
13.133722526295552
12.243140017817199
12.294150741464913
12.009130263804142
11.417823292547665
10.826246360491233
10.701094769618058
10.03618982480683
10.029849830278923
9.67851436753725
13.403365066858651
11.246722094107088
15.355602206744852
17.48135181965397
18.438153504567662
18.344698768214773
18.54764664977697
17.4902139985413
17.460116524879545
16.450976219217893
16.075760569726928
18.802558344126027
18.844298096066
18.391232450821985
19.119355532271236
18.999985655831715
18.96278789538656
18.695810381977875
19.054547840770915
19.169680408363547
19.209388671926227
19.251688407136765
19.160190018745833
19.168681343140236
19.34064911207668
19.333246802727086
19.442656509504108
19.46161993950688
19.520864768170238
19.26657595870368
19.569237434024565
19.652643784880983
19.58974517211201
19.596841142356556
19.560599324345684
19.474543538038578
19.28972473709672
19.616637063080027
19.63885037459287
19.671429445965536
19.710627976398822
19.678328395324797
19.21118323348421
19.58499621864386
19.56310182693798
19.646643803463906
19.534672415261568
19.64987694612569
19.691793756897408
19.538301496424197
19.239921631768347
19.851717810299363
19.70687433159076
19.30613410001136
18.7844043067687
16.452868524486448
15.517318757522483
14.946262628724735
15.038992946676602
16.334341959724146
13.030358871013371
12.38197264193116
12.334534403506892
