15.651806634736722
16.248018495378506
15.447081561707758
14.484140706986118
13.958103763109381
14.173085179728858
14.794964787411704
16.676304595196413
15.574435567743931
17.662813993650595
15.896188017232376
17.801994102472637
16.148024932163345
17.357768782236334
16.745198517594414
17.654269096613408
17.56948919522527
17.881442706001412
17.51476369409462
17.568980571173327
17.165830143775086
16.694359582459047
16.033783383091258
16.0857927867072
16.253446566886762
16.260218425886368
16.43995193651306
16.60432237476742
17.90192820597598
19.17406543835218
19.476245597704825
19.95655511073129
20.29530764768669
20.455391830368008
19.926623788432114
19.29676400312355
17.282626573596396
15.650669418279927
15.256170151131087
15.192784943515813
14.264671794513545
13.730031810532804
13.572491611238176
12.903699093232891
12.620290738258767
12.532345824742253
11.67465779297786
11.452718875295966
11.235525886887324
11.181355344475561
18.073775783502807
16.211094316395634
17.41533717872228
19.61659889743111
20.110275955352925
19.83542549616657
19.41452310691898
19.440341300930193
19.515097071908645
19.312543657913466
19.41234497882096
19.20441543581973
19.227861051074488
19.17073405750574
19.353345281708574
19.470561732167827
19.251168429935976
19.41255785332708
19.385920645105127
19.096182908544765
18.890042013425386
19.173982818644408
19.255615421309635
18.955961209370845
18.426280974266554
17.454222462546976
14.373996384111054
13.149283495494846
14.732903035712395
14.027208138587232
14.500280431463521
14.420003535033224
13.80758572066622
13.824318736974266
14.100123757214613
14.89749924178424
15.916101253430185
17.507199092943598
17.981333427702765
18.331751651332354
18.239040248693666
18.03222692640596
17.56443127844588
15.389640709745779
13.067901636889255
11.773356438916162
11.661495177290025
11.963729648731698
11.105461985797632
14.8174217498895
15.318109226444076
16.52655846411157
17.490836548136134
17.535086189368347
18.06761630401105
18.521242527226047
18.775720546838926
19.036839070107575
19.020823305913922
19.096917485525122
19.24525374914523
19.463024709547167
19.52745679156127
19.614867918562727
19.464261184717344
19.54827942581803
18.752839550477262
18.600544937068012
18.687175819498087
18.991645678300554
19.12380845417817
18.65303328393934
18.47193449883284
17.71196922180805
16.708968984710992
15.252333221477848
14.763405165085445
14.575670537350506
14.996659471520307
15.971727592831336
16.734359238581956
17.13436103819708
17.632643458261896
17.810206617602375
17.678284424633397
17.187147147637447
14.78357365018399
12.262617689339118
12.035754471127632
12.174371197386586
11.876330330383489
11.646200316303153
11.334390264864226
11.498473238994624
11.041249260174522
11.02714295694771
10.95253827930428
10.976192953817254
11.814796615665676
12.753015019188584
15.308528062948149
15.925303738008745
15.890428218002608
15.682745070007055
15.18504238247256
15.300484362543445
15.320743387138602
15.375529932872276
16.54873437234844
16.84722219003599
17.04904523183462
17.689070109730128
18.15696059623999
18.291885172796487
18.735203696473764
19.10083157817665
18.55105280624321
16.377562581890633
13.37293105132695
13.360120682934824
13.112502109710489
12.59718534940969
12.05602942285748
13.969068198476856
15.599517858985932
19.72520706983681
19.475758569305054
19.280055798558813
19.159001515632795
19.066209625859184
18.704963498640307
18.593577439005426
18.924780872491212
18.618843399587327
18.77889574272762
18.72303367553629
18.928618932280692
18.90724450458206
18.786230923504892
18.563545218777747
18.29547029472496
17.824671980704018
15.091968146944785
15.082516519971255
14.965910487249108
14.601449482721597
14.245137118280773
13.87739576772047
13.821146680267553
13.774387489089632
13.975525342823822
14.51719652732765
14.500074756820586
14.964430721317015
16.15339874544916
19.000195768200573
19.501793562647823
19.0930821416949
18.744654617934167
18.563227617424637
18.388489284410227
17.72905117578332
16.221514528775554
16.021085796593173
16.12510965538464
15.851293118528126
15.279126861024766
14.09283736062775
12.912959184834204
15.405403547852607
16.543078101178192
18.0797490032342
18.619423033688825
18.928235618596148
18.817397741061068
18.66908362991728
18.744729245216163
18.7475098791768
18.825430775751585
18.759240120115088
18.718930172984727
18.593444476397195
18.39651754583316
18.041386592639405
17.672162634030247
16.969729855591964
15.648552203012052
15.478734075965686
14.973811966137328
13.864920566651294
13.367804459116405
12.974067308757254
12.266901921863004
12.060959787340664
