10.453671003265132
10.522876205202609
10.015756996799826
9.802512543720676
10.12940136990659
10.060869647607367
12.537055500042506
16.48095601773432
18.225311317599424
18.770259819314898
19.261430406367804
19.467200245306138
19.212586292667336
18.48688344705241
16.92124105136093
16.817453572950445
16.889336979350468
17.222898836495247
17.17501000907563
17.38513836264236
17.651651157774285
17.660036129562112
17.559652251122454
17.254411366755427
16.39851307032558
15.723292464273234
14.823276602221114
14.523302877472133
12.978083311512728
12.01680647043068
11.465942715949051
11.021218182864065
10.744181662206
15.943040639397168
16.11991372929844
17.02009770182001
18.005981202084733
18.634115902606798
18.723152652981945
19.94852077562075
20.633322985600465
20.646138612947816
20.424653677411516
20.421249552771407
20.39997177570189
20.19872087798759
20.309991835807853
20.26071733611358
20.217495699461264
20.23786098333913
20.200654750410074
20.158721211130285
20.343538103621395
20.479639460908707
20.487259463970734
20.501870263701488
20.41652355440401
20.530489481632184
20.50124629823146
20.48219650317449
18.462807289158906
15.267714940165016
14.791723370187446
14.255713122792379
15.298439169019742
15.955330012384453
14.50818783373401
13.327910238860495
12.679468732288045
12.678900970288312
12.330528024837244
12.461547765110195
13.285419763234403
14.379861746164627
16.21925783147591
18.02606727594244
19.56884536368115
19.87083190996329
20.213575364310405
20.435350589072467
19.141893743182475
19.84943812141585
18.786467030563408
17.644183253274516
17.296780702662552
15.173519749072302
13.297041366005931
13.173406561149244
12.891580339005339
12.747438320636055
12.157953971293376
11.806188773208886
13.085817175393649
12.389578087990696
11.893002956275312
13.418104108883435
14.04181981162508
13.846495848402936
13.31082544804572
12.979551926017887
13.234900257031475
18.542892073162808
19.60661784617679
19.588619631856737
19.870835377433558
19.850815325420577
19.845386708698467
19.716621125784872
18.009805382322885
16.248426898090607
15.798567623670275
15.085138809160526
16.211286566492472
18.560819183799996
19.067880851041853
19.004717715185922
18.8805436179825
19.114407869993368
19.349562209981297
19.43471083055035
19.503750182426266
19.605348288440023
19.612294993171467
19.540261745950662
19.483435232958414
19.64477929936422
19.88647251781318
20.002875810289854
19.624276647495574
18.449194151382105
18.74108044602317
18.88759364087657
18.21442993878483
17.979266808896593
17.332979101726004
16.696973161782196
15.796798387427526
13.415293845017073
12.03306929065946
11.589106022790842
11.663909500534425
13.283717463031742
18.443736750350315
19.601623746553592
19.693132169314197
19.439264338872217
19.34863743294053
19.465429929103387
19.797727197862933
19.815892316020367
19.586931173232447
19.396278083125328
19.427128786277017
19.396610908238298
19.26799874395926
19.25425003181081
19.11892113529341
19.035042207397638
18.919001311157604
18.87648986863739
18.860892538052234
18.696147707572035
18.269747335100906
18.500641707720927
18.085355881154626
18.055889586505717
18.331941775078885
17.69920280287127
18.192341059072405
18.207052925438003
17.98858673079263
17.852204081760426
17.345301471927502
15.9825773847405
14.414020453914
12.309884972964408
11.741733970024187
11.016604726479974
10.658821365046963
10.430881869703398
10.616460142703968
10.333869460501193
10.295176691400039
10.007601389061774
10.052051169176362
12.972995926584167
15.398687631384401
16.074257848016547
16.968576902629668
17.51075805537653
17.716249097785767
18.992081031769608
