14.706044065512176
13.680638436561336
13.386947965659491
12.983725129917755
12.962574139213073
14.092313955507882
18.369153024459735
17.39941447836995
17.181870150297332
16.692819523511847
17.34483344593916
18.883464789928123
19.732583462032892
19.88259396230848
19.626311402429234
18.630833059190053
18.80595587775494
19.409821088884375
19.111399309837196
18.76656628838265
17.63166335050068
16.951397733281375
17.127065778016767
17.466472094589307
17.370925262534875
18.297094294127255
19.410082359699928
20.18703347637229
19.7969228413257
18.499628299806304
18.373840272037715
17.745231091528858
17.82714191069839
17.841487130398107
18.506794235508146
17.956236684976155
18.057455863662312
17.369316243075513
17.015274396996222
16.486375587710118
16.18561715792017
16.671923464341294
17.636476248873187
18.298161773708628
18.409288164527034
18.14051759641781
17.60369929155113
16.822635609742793
15.560882731476726
14.855908690626359
15.293803164852743
15.415794957190382
15.217040997567038
15.529866985671461
14.599329535026731
13.81552699046715
13.344000177144865
12.6695722782739
12.678702994957336
12.187596281787062
12.164249786209627
12.268277308535046
11.857909685612102
11.816086736933782
11.907071813277554
11.663312884430576
11.766121535197325
11.546851381762426
11.58267049211874
11.930618887147153
11.90415304115974
11.659540692640526
11.907914635927975
11.924152939983792
12.424469867160195
12.033221420484592
11.91556463907562
11.720054341291725
11.802513101629474
12.005344573919766
11.997040323520489
12.005401920027875
12.921070200229824
13.907695428629367
16.395795458550147
17.146773385962053
16.774189635040162
17.787877566513366
18.141765785986873
17.862318855668406
17.313471425889652
16.88918365172604
16.05936262960792
15.485840028482974
15.013994377050027
14.355000849018149
14.380995911061573
15.275900183724993
16.380433081641346
15.80316582290316
15.544500894591572
15.444376652864847
16.9487285903375
17.887687464712762
18.282398532928003
18.20633677753524
18.358245376313178
18.635502832316774
18.337641852780216
18.192384303290925
17.65537844170865
17.05596973022925
16.123254919436825
15.656806919756733
15.412115141988876
15.448508172475753
16.441472160687702
17.40774044491664
17.891091792992135
17.678400262538755
17.387698473271033
17.403884667118756
16.532700086645306
16.4234622337444
16.355160827819578
16.19882659065074
16.835996659617255
17.593521988289
17.70556503821444
17.633148529582947
16.888298228728193
16.721260831760198
15.803650355989209
15.892151781395595
15.48091834634037
14.954918296169135
14.193061282681219
13.58027391413905
13.416218918662345
13.109581235010113
13.136681682504234
13.20318096445508
12.883290057868846
12.551922134256866
12.32081032296479
13.628743000245409
13.887436809469964
14.465878695392895
13.074351785893846
12.410589827647044
12.46803880700692
12.437696657405727
12.63089761670392
12.003395452874244
11.894442370757
12.005750414983249
11.798793018665904
12.021472874112025
12.083568770380163
11.994905641041946
12.438997509466756
12.996527547164455
13.04809849671262
12.868405837852876
14.038536095414186
15.9304971335691
16.56450142093285
15.716747883762794
15.694249908967144
15.483733682121839
15.645937250791054
16.214649475126482
17.589803939096047
18.338452587772593
17.928213814934534
17.87887469142259
17.87634304178773
17.4621353868948
16.63974318181117
16.34813270580884
16.06095423746659
15.558365829486787
15.418194910361096
14.808859410437686
14.845236448890756
15.490333008319395
15.856776116441054
16.077901381959382
16.447939316283467
16.15979137020401
16.16177895794174
15.241530421307242
14.94172582229201
14.37606712289896
14.328376986098798
16.150623293555444
17.582231931382
18.1424230223744
18.29495775327917
18.878218555189765
19.539946175212293
19.37976515985865
19.314983257092077
19.137870139553897
19.76647478046632
19.434414537635114
19.047844162022805
18.844841818831554
17.84017108829071
17.985267105591603
16.80891515256263
16.991073774599887
15.657927619787172
