10.646356695135905
11.181292915167651
11.205901592800707
11.784357773515953
12.409912615442305
13.079937180230708
15.758296395188156
17.9942798479337
18.978769921949027
19.323785667228037
19.700053670016363
20.013357980746825
20.3365810371734
20.194310475212017
19.87980937697217
18.939405781713603
17.768804050038554
17.252964061632838
16.894761691837868
16.488157303212578
16.128875007343403
15.567639169206855
14.598922118934286
14.191433596987789
14.116633629260207
15.423552150875112
16.327162311415567
16.528320641130303
16.2924354702842
16.13221160061198
15.914213187103455
16.282779437637867
17.10161215694513
17.805270806065394
17.24179221476172
16.79238585405639
17.250511720897418
17.328262160139893
16.700321393958298
15.822985926753168
15.628018656550546
15.735557560321324
15.415654395703836
14.945361119549151
13.975590805292315
13.964829863481762
13.744377543052197
13.835795660205632
16.024717938479707
18.59065335173299
20.17996571281112
19.738521246671823
19.831488067993213
19.706575212039272
19.487342918044536
19.857560638321818
19.2896313545827
19.100072669204714
18.714506362944764
18.989868450334914
18.71578072440544
17.90830995363209
17.039331078063537
16.741254023785896
16.651451859615893
16.131064620879194
15.528814958404553
15.323249641891394
16.144851961686342
17.09573146361157
17.68079455062173
17.150816269670912
16.635632301378706
16.05262783185581
15.545016518123187
14.85191044213228
15.221891944702973
15.117990819911537
14.993410963768609
14.655875585204422
14.434569553055976
14.377788604304456
14.141438887460074
15.645236640605892
16.673904906950053
17.412168500188756
17.61294614711379
17.58065823428304
17.25075307606188
16.992221664179127
16.561380617538198
15.112566799256447
14.989274283106306
14.587489454925153
14.19027903677796
13.413468681116786
13.365569098118131
15.158902994333037
17.0528970244393
17.316701159124285
17.646638284169683
17.32389322211905
17.636164819814862
17.723804445267497
17.82245378036962
18.026867360045088
18.283209330311998
18.080634735815032
17.545647355455372
15.983514181828983
16.525550241806506
16.370860989478537
14.890889652417073
13.683194473630385
14.147665428543243
13.450840395217444
13.118814245607036
12.937119571443072
13.532123719226902
15.169111806909337
16.645975662551383
16.888341250262226
17.360764954940116
17.065119591675924
15.613363948679268
14.474481586548505
14.535850211192301
14.0861977459381
13.443407341823109
13.12923777889462
13.172220761300258
13.469699016485405
14.965825605388256
15.373777660697757
15.90658171663359
16.133814974053234
16.483139727922794
16.825795986481925
17.242028956465035
17.51115677371896
17.565890625252983
18.014467915835365
17.734843912543152
18.001137171981796
17.48931682243129
17.61429908213467
17.08380857408792
16.065370421233467
15.491854362396824
15.275725187476883
14.15626777619293
15.342987550457563
17.51916509435249
18.516507435438523
18.896427523038334
18.98299068318117
19.818249484329986
18.804452246319943
17.97858836479407
18.40821403787195
17.517924565610222
17.057679268508448
16.507239192254307
15.595217654819846
15.665474531168528
15.532813381828547
14.890362865402464
14.97422736885797
15.38329328800243
15.535338456777751
14.976578259337835
13.780862975620007
12.558202854945431
12.503825749634444
12.253663470624616
12.419356558113215
12.120746762518065
11.919793295091464
