9.436310950122364
10.259898983250489
10.375725613833351
10.875298979533794
11.249000832386736
13.008437837206753
14.750391940790749
16.08378051072799
17.958290327322118
20.0478944387384
19.63396348846138
19.797621953409177
20.120016733873477
20.199500907043305
20.05532686623769
19.025351494834105
19.008590963705046
18.997956277645496
19.388040211102574
18.301453121211875
18.726600890421434
18.40894634911801
17.657973969917187
16.251933885183174
16.008533285245722
15.62101553316762
15.541301060207873
14.644171649125385
14.217826220693944
14.319747413497012
15.199267752843927
18.043597385908026
19.0633969214132
18.6468061888586
19.124340877225126
19.33861159150838
19.218719954031528
19.006403684446003
18.889891733411964
19.018163847439066
19.409879316909848
19.731843274761587
19.565461982482287
19.531570412789133
19.15578924594719
18.837555359745945
18.62485672000126
18.18480004217188
17.962590398035015
17.41158250155256
17.167898877716837
16.536089010655672
16.079570474300848
15.663679661441712
15.25075165592891
15.026248071869745
15.845122952805614
17.136458268139798
17.308125218038143
17.426082744847044
17.590146985579945
18.651431304036077
18.05139153713304
17.61333232044627
17.247969390643316
17.77054503874793
16.69905864610108
16.328615582690933
16.231567290485867
16.770521296896774
17.053423745580115
17.800788187339926
18.417704796234524
19.083329528775963
19.55212620375547
19.631567778814482
19.204760718458825
19.11143154132416
18.997844060201142
18.03171794409112
17.82952398083557
17.7828058993768
16.320185549032445
15.557041916481705
15.274162128273215
14.843933016191867
15.513967305520868
16.749536364220074
17.730419151036752
18.44392967825004
17.40722668403445
16.78511796130392
16.07875030289317
15.674641173879314
15.491248439863467
15.05661969727948
15.320989564534974
15.773114254181738
16.058916623302
15.881853591331234
16.046661419173642
15.437348517884436
15.024152581973913
14.851965270507188
15.584839540802305
15.228138102835064
15.87526283620526
14.941975184109605
14.723835988214569
15.595370887291212
16.164046866423693
16.904727509631485
17.037616887200702
17.279368955797533
17.36548411710868
17.87885933995764
17.480107296891802
17.554207880393758
17.57907722008325
17.363881198817367
17.2541251735465
17.500055821405002
17.44736946175574
16.75387173578067
16.23681055456484
15.73067057130499
15.362015965843373
14.67875068980596
14.875343214977422
15.317604801586793
14.738842630616155
14.616339512628755
14.455157284674002
14.513168182726908
14.046454849494385
14.632120743867853
14.755423086163615
15.198692515085364
15.355977144729732
15.85430451087315
16.306757177336472
16.676229919801777
17.259127577358953
17.42643041469234
17.54153492466114
16.765170224153778
17.256801650220364
16.689165473381248
16.624512468950332
16.808225791979204
16.494884799961913
16.548735823586508
16.417630294663894
17.05863544666502
16.217987496969563
15.47993860260212
14.92968827661088
