10.677545679528487
10.225642061072604
10.680868896338264
10.500375354213359
10.810100105844382
11.547736930807869
12.58320966142357
14.671309926740925
16.45108045036969
16.784417462225445
17.070086129204753
17.259073946026632
16.242588583563258
15.768361495399567
15.282185252881535
16.14280310432656
18.073614875366683
19.06702398263897
18.565758101368964
19.32242343766012
19.69246546253229
19.905583265512266
19.876936726007077
18.14944710239343
17.429402041556813
17.208129556405154
16.641640648651745
16.78859904371939
17.408188327366553
17.946234075843325
18.90994616513704
19.12086947491976
18.7065536632694
17.856519774486895
17.530088049654385
17.531399801045367
17.356588279731568
17.14518172474423
17.603350897389642
16.90416996857301
17.18064145259277
18.878188297389684
18.74950160036057
18.850513675247548
19.880849818162613
19.77479697086966
19.86233129138216
19.70761544864816
19.760478999026944
19.651793177380934
19.436754820629613
19.52724054187107
19.15588504664508
19.224231914274238
19.496189057970003
19.224575954104253
19.130473446088953
19.299154691666967
18.86751638749396
18.65687875680841
18.164591027595645
18.109040788856614
17.64405739145275
17.390506259008387
17.560121141207148
17.396659584314627
17.38489653728075
16.58270491302535
16.290115937758504
15.482916850527827
14.913699712949278
14.751308593329005
14.364774223541458
14.023477254643042
13.627640844815266
13.924752739805074
14.512404771022782
15.594985137255941
16.11419585368867
17.061260070964735
17.17371731203255
17.70063014193295
16.802941910258628
17.528688047510144
17.906830038128675
17.677240397563978
16.784247060391152
15.962560636346712
15.395220118895335
14.739416854209399
14.162291402914441
13.980157808351779
13.994914185435611
13.538995520497494
16.90098646881384
16.639992066655285
16.278550171950418
16.406712021350224
17.043265634656066
17.9596252443219
18.053428540297435
18.5765769539957
19.22636923005297
19.081837444253736
18.658041580250746
18.567418365552555
18.10596951649428
18.10831213994364
17.502768853918962
16.528213717919723
16.420540725520354
16.067309412194632
15.770841858065829
15.555713795277462
15.074267600394325
14.759142135280488
15.464352015407696
16.195594286595387
16.357136385057643
16.253023535536624
16.368280543585108
17.057637158408124
16.15454611203578
16.08613329335266
15.790998534270267
15.202926982445126
14.710718313144307
14.267018865187712
13.559734754877649
13.006037790298029
11.94435334157546
11.828519512412125
11.179480592967822
10.557103658205099
10.756382908774517
10.774393731987846
12.147459764997535
13.306982363669952
15.075453331765313
15.46555496454408
15.653106051275795
15.673027586822634
15.700571589673444
15.510432247214274
15.0231558040578
15.300959723492339
16.45584607179848
17.484433682571414
18.255965402551414
17.869811256520077
16.64042227893928
16.574626679820735
15.729293078792514
15.653654926483991
16.96951496754117
19.114596011849653
19.906687059684483
20.828646510087715
20.528129145674523
20.493898186033398
20.22325348585064
20.339215925631983
20.03975667851877
19.99022839182373
19.755663385332106
19.799441795567354
19.61565618058032
18.891136622741502
19.11050411499292
18.703619384329397
17.488095530130515
17.736842783326047
17.964911681081343
18.21460181198353
18.46877074411922
18.614637328462514
17.99008872113018
17.436387296669558
17.38657342898376
17.543425319663367
17.252807721783036
16.28706027227578
15.259625509368243
15.139570043635471
14.393198877404581
14.16458395558281
14.706681583095055
15.957315937039475
16.297409361531262
15.374514622192352
14.653037718073065
13.753115345898992
13.889856766255274
13.048327163348892
13.282201698639813
13.229890428803275
12.75354533909634
12.646881377211546
11.990501746061051
11.907436326138564
12.487530828024607
13.670096346323115
14.380497233927734
14.514384733004611
15.197831391451814
15.407738847988249
15.018203141102402
14.481345123597254
15.518503660766694
15.955157070704892
16.2535377244861
16.247628847520865
16.138059190606207
16.885316584723142
17.558723873260966
17.473753637390498
17.282297812636198
17.199014023789243
17.48487876790075
17.7577229326017
16.988401687035413
16.501080555874502
16.099785846016715
16.881889794268357
16.909510771256357
16.80040918567651
17.26691994866232
17.51429254499423
17.76653984008324
17.639863940378284
17.822857645437452
17.37834081635927
17.212551059281633
17.41916460680034
17.68816615855532
17.332141133238768
17.8478684484272
17.987920549435128
18.58320441081368
18.629975695943344
18.779920138705574
18.747525916594306
18.36687759683388
18.492603769216835
18.556931202658134
18.53053709446347
18.636465398731552
18.889793135857197
18.897257435006626
18.748482121314552
18.994061843273922
19.015214359893523
18.75142907723437
18.53346188556488
18.95165366287827
18.92802747366865
19.3662041368473
19.378602651286574
19.170411030684843
19.20267209203829
19.238016656166
19.18155693851199
19.571526448866038
18.437948086633412
17.891969369645427
17.204492566841036
17.08580002493338
16.079143564892682
15.525983501555315
15.74172098998646
15.437222075637223
14.497374777128115
14.025825118028283
13.920584208716333
14.543483337074267
16.445595720560984
16.96570256381478
15.41126616559742
16.315414604696908
17.389771499042553
16.571526733346875
16.759408794835633
16.254376285112002
16.155204713666887
16.368841898863266
14.839769102042872
15.244096223242815
