14.174693764577633
13.951707722891353
14.105047613047777
15.7303899412266
17.882180829161175
18.87001292351281
18.742519254247924
19.081482063525332
19.17290081285081
19.262198511025574
19.15581268974965
18.913237959497398
18.96346458707121
18.62947568351243
18.774786467160283
18.09366403310201
17.38026437659486
17.742425685162193
17.781324297401767
17.985056720052697
16.855374507650208
16.371383992770618
16.799111750054113
18.01276181942294
17.461002728138197
16.380723801880816
15.241822096274008
15.453542643071776
14.7517869451891
14.786529725730446
14.11632178079628
13.905604618585215
13.623413353947473
14.428265778030246
16.254010149120468
17.487040592839882
17.012553864916885
16.426540446048215
17.374328226743987
16.537852950879184
17.318139721712775
17.42291873225803
17.39912890467341
16.86535393343737
16.08444351844896
15.644442199738936
14.808917942684207
14.311386088860973
13.925058187223069
14.263792582318485
13.329541119698305
12.651112773498756
11.748378708467559
14.114329089397
13.801636490209678
11.987985970360038
11.950368076504107
13.109467610886115
14.428580929504198
14.339299603082898
14.591587415453436
14.512101390403151
14.595943352454949
14.862378513470931
15.15620185316134
15.623225619688938
15.442438774840415
14.862830683732474
14.370994050877275
14.891220440723655
15.039445714093196
15.401086233638694
15.823137040085914
15.402546907865345
15.068501793358564
15.52843087541677
15.265220649031207
15.899068326935634
15.960556532212992
15.530778361302467
16.22475046133587
15.776724855311985
15.586617532816478
15.64486021022444
14.872833146284338
14.86739649392643
14.893068642856115
14.786352348317356
14.639986860072101
14.784016429814637
14.927945991806714
14.966460376740589
14.601686064939845
14.651124785627276
14.595555721014387
14.917301807112924
15.011451638702466
14.657855111985965
14.745856212045148
14.536761408887756
14.628034124061811
14.65124579967844
14.343502687207543
14.405909685866296
14.167751603654173
14.182059898671328
13.43103473174733
12.98560594807578
12.327742025963285
12.673882670619369
12.250321330294266
12.012677733106164
11.672025156310193
11.356528168157388
11.270007904754774
