12.209681275352075
11.847767024334733
11.36688030354532
11.074229833435746
13.41097776948275
14.720382173988051
15.820009962159293
15.965683448727775
15.686865658717995
17.830264802737485
18.77259089443939
19.08654299003816
19.357526227379328
19.37255290666139
19.265298285124853
18.67963547000073
17.500018517781292
16.458754022810286
15.411810088194402
15.191637278499217
14.860395207211866
14.427120054992
13.660148209446625
13.21042569726725
12.309897924303472
12.208033825449071
11.42546737620128
11.321020171336775
11.029014396347916
10.976570131286476
11.869180533278794
13.500170736620474
16.19254746950161
18.387056630018183
18.504755435297565
18.560114725932962
18.324860203147168
18.10199804655426
19.146377986640264
19.236506252721348
19.41226147238713
19.44626872094604
19.333517513955904
18.218462784735337
18.21589059098289
17.442658315829554
17.476329537012848
16.747863871452875
16.552628589391663
16.510241538925175
17.056298846954622
18.299525324235724
18.996006996565033
19.632017908774085
19.558817781417385
20.08073028978593
19.965959743191874
20.387787144648644
20.00634773340684
19.630841075599253
19.24966924290531
18.65627730166013
17.955440084110037
17.915467806568127
16.873238199565996
16.24170775087665
15.917601078726046
15.587917327696932
14.9518820050813
14.06093110632632
14.221515204834931
14.17125802350966
14.720807694080985
13.84320018803866
15.997893443160965
16.207197161715253
17.196002437615288
16.084208807733756
17.21100375734739
17.595526405394853
17.326530638911734
16.647574954328032
15.801560031532082
16.833750750194138
17.960583593612352
17.512324660856567
17.805236530556108
17.534425280684626
17.306026920752302
17.38318259261374
16.46281914098853
16.825426201666648
16.280098770945152
16.59181545128853
16.38929301375076
17.222570057815993
17.502689549759832
17.565648864425956
18.0919101199737
17.760528861002157
17.71513837538675
18.25596554041417
18.331805411191386
18.240578455675113
17.69506349996883
16.78710270321532
15.643597608818279
15.661027029184067
15.604593255703218
15.17155137933904
15.425707243629994
15.458089986177239
15.529011414109554
15.713382260614223
16.04271877978853
16.36127132888029
16.438234626696186
16.58340158517729
16.668152883094358
16.638823720680996
16.616008190853226
16.179780888240806
15.740306622426887
15.752733483956654
15.927620266495767
15.152594038941775
14.74840536699672
14.165004636010108
13.397360044438988
13.381132675513005
12.537609690229356
11.957959284752693
