13.717143647199832
12.824368968197842
13.298363035418243
16.87734296994177
17.974318553759126
18.558653992945455
18.559138732625392
19.364380971789714
19.673350369143666
19.255759892759887
20.035597604664666
18.950553283690567
18.338663779997727
17.821354192664234
17.573831071279642
17.024955199749222
16.949854511685384
16.45379099830894
16.840228496484453
17.615120555239375
17.299590697025476
17.69093385285963
18.313691676373846
19.137753686911484
19.485573034564307
19.18422936441578
19.47127292656032
18.42075298871561
18.812877577294078
17.908298624756046
18.31651078348555
17.851507942931175
17.70337980550839
17.880714616901113
17.628824769488773
17.470328327589073
17.389481749832385
17.181249246958963
17.364744723295118
17.17507627752191
17.334786132218653
18.82889132666732
18.920019563642143
18.515665810663627
19.37203044531045
19.121176493431946
19.032430502380336
19.007895004642624
18.916791315012432
19.027777655120737
19.52380170288445
19.513074661848325
19.381870092394898
19.359409917185737
18.888564425847413
18.465147341655513
18.03968629475249
17.157969683059186
17.09150049873529
16.149666285306047
16.54547796915895
16.286394245412897
16.2026661491974
16.58560495897553
17.223761485776414
17.730589109138478
17.640520416883408
17.357851065435078
17.38248444200988
17.828553274347797
17.777644049651112
18.184436358684472
18.42414565954352
18.5133998275607
18.278019387878032
18.124159686323686
17.938558784282726
18.16139974289117
18.213729170522033
18.533729913854057
19.48202201004905
19.042342450317523
18.70791251830216
18.58272574048818
18.44800915979516
17.805844727917307
17.835207488786615
17.756484636881357
16.751312425081046
16.474737248191463
16.607585819811447
17.176349264859226
17.100658106191663
17.622817996359267
17.570241821534342
17.04710462399827
17.223780052554652
16.816507705784982
16.792197818078712
16.635624602386297
16.31087113624388
16.13843870752476
15.791100500882301
15.947724822980664
16.280457267109128
15.59493438555758
15.157921203628593
15.407585847616048
15.066862752248234
15.682653478305642
15.352868064412144
16.344434706903673
16.721057982960016
16.744052649955233
17.28784461661082
17.589174827392572
19.10837564516555
19.020457775276427
18.443517291090835
18.81703594109417
18.209450476773494
18.214348202849308
18.054038729581663
17.74346447484848
17.269820038344786
17.309906024242483
17.082348699050925
16.97500425776149
16.747410367433915
17.305371569559068
17.22153555779325
17.12109042420844
17.28626024854753
16.806049932917016
16.606408541388205
15.757735727675616
15.496775537486167
16.02601299291908
17.110311735242508
17.097881279708226
16.825506605242218
16.35729144554579
16.065604669234332
15.776898722792494
15.844104064496353
16.03456928921957
16.20395049161136
16.594221726000086
17.331462941980313
17.961892287469762
17.811124682053126
17.968379793830266
18.24232229149495
18.223340875787464
18.47237071002798
17.474459929865663
17.520472726727437
17.61322148813973
18.076530449314827
17.436833336375244
17.719717516269167
18.303766112689274
18.87117105253383
17.78807662161129
17.947651717828084
17.23713510334384
17.16536811417905
17.283621721134313
17.015475833032447
18.51057182985745
18.91567234477523
18.367229230403254
18.008672786096774
18.496927581410645
18.119527154801574
18.434238151426555
17.281638128194206
16.794001577923602
16.167440279032515
15.714115275584724
15.364358625891526
14.63832953930478
14.090283511936564
13.030876770710828
13.017296025204793
11.83288364399411
11.746066909437813
11.0716228486226
10.4490555391027
