12.7991245668805
13.054329177279566
13.323064411532535
13.570351788803155
13.999682793796742
14.426830672291551
14.561948637414385
14.961742017828731
16.326878857307097
17.88508376797413
18.562081815450114
18.689048462944093
18.964542238049077
19.2047259592864
19.13375042587595
19.16265214395656
18.997983824153756
18.424161684251803
17.560017677843422
17.122839451821473
16.236618241357778
15.714567185968068
15.900154617729351
16.143250105898336
17.214043893176125
17.905373352473916
18.699976890532586
18.470799850659414
18.526512480623893
17.8034971151632
17.673825286934335
17.172461718066526
16.452235407846473
15.645673648176231
15.459068455071751
15.492922891483314
15.65813278524522
16.06451015495351
16.19110570650387
15.993142597951705
15.243393645414493
16.182571935944928
16.533603774628478
16.781854125073604
16.21410069459355
16.928584319456036
18.182184090269807
18.37645294215001
19.19078554684269
19.291991508122155
19.22251383994839
19.711121040809395
19.653152273528455
19.909529665781285
19.88495309154202
19.071301454684047
18.186783064763134
17.455904542282305
16.894308001089808
16.26316308447954
16.438205778725205
16.006542521675815
17.022753285923933
18.080819563871668
18.854173823741753
19.344080398128195
20.113922295785745
19.686010354619786
18.264042539507336
17.56749721509644
17.730896781070754
17.433641799753335
17.026557193174384
17.219615416608978
17.770670260326032
17.89409711444222
18.260474060367613
18.703891846504103
18.997631539268642
19.35334337977632
19.347356399873256
19.435383860718037
19.06683648998048
18.622864131737842
18.064137959498165
17.314968045057846
16.66745136915582
16.062232407192752
15.460002963663596
15.067132224036241
15.12165468642987
14.380589117305277
14.61546797303888
15.079072951957315
16.485224134724103
18.02110367451468
18.220084301358163
18.51621679313874
18.836773547995808
19.27320760676785
18.77730754958182
18.37752524193213
17.02325800081191
16.592465818006712
17.08017228834954
15.707524150968812
14.888026068994057
14.254243975622654
14.314608614280587
16.273482455277005
15.582463408714748
15.459024073412944
16.180204084394642
18.148301663275326
18.50169700652596
19.059266373342112
18.500739389463966
16.558506576407833
15.596893382447007
15.68416077273498
15.367272390602825
17.987212216841826
18.43025846079098
18.926818612776813
19.14980935409368
19.259099159925714
19.298806562541074
19.40190788471023
19.251067055305377
19.1196935464896
19.3289623906088
18.66842336823518
18.68299480027197
19.17807156358357
19.245525329745426
19.3656650814238
19.355260538798163
19.312294355446344
18.966523307255887
18.345886568996857
17.20574398629246
16.569632761788792
17.242326422517518
17.746705998814768
17.443269503789054
17.320193448048784
16.793568737693427
15.939612745220465
15.69859118008729
15.478648024658087
14.68142524021715
13.806983476468206
13.387635787623713
13.286825509845462
12.928618629101946
13.897579213282256
13.434493942694269
13.906399715686547
13.31908417409812
14.610923969115655
13.384051277269672
13.334639312689946
14.296303474464876
15.510905554387325
16.388602111901704
16.564396713345264
17.120079941412545
15.461641236069742
15.572935859651151
15.54667971806099
15.473619883937767
14.799118492829669
14.824706365324115
14.431618138344893
14.915193832597645
17.696741048012605
19.936912792702216
20.063170914099864
18.911665061560107
19.631143578286668
19.011289894579804
19.548155238563396
18.552631535856364
17.545134023169435
17.246855276673838
17.859553511996968
17.10106637156967
16.35763356742017
16.45367511859244
18.017164982217647
16.708120041244534
18.507324805600852
17.17098507366217
16.707150523986833
18.036460572544357
17.00874333215431
19.15155712000195
18.27600077333428
18.15551100973835
16.682221013826357
18.064554728210197
17.768940809341235
16.623385888756154
18.19062766612623
17.587508130964554
16.76614057297255
17.360338063647315
16.63005432984406
16.406588707050965
15.622884970695445
14.900302485776582
13.987723604654045
13.854032267876248
