12.924624334165687
13.642930616451444
14.809578294174102
16.139008436740152
17.74524602648546
16.932502672538902
17.590483285406485
19.02613014786899
19.34379517531035
19.954662881353624
20.22362137486701
20.02799237604582
19.94549662980145
19.814304479117858
19.607636280483337
19.573731011638856
19.477112828644028
18.806770600265686
17.913763367196882
16.677868326047403
17.375513963773994
16.86441765130331
17.38194839743377
16.286906318752287
15.765952715000758
15.667955529551152
14.76217000430862
16.328694918339284
18.315372941190837
19.675545922326037
19.577391691256572
19.492092694625573
19.49729736854636
19.553655406335203
18.776512456769968
17.585147751179562
17.281457795982412
16.181743706221635
15.09656654861757
15.203603248255684
14.523568903303016
14.541956917657124
14.716231353618396
15.646559937878099
16.50162983025815
16.22831209889896
16.578987088029294
16.442102103980588
15.925326770785782
15.57067201600591
15.142283951087913
14.355084587887822
15.085480213049973
18.097354953733586
18.75838054938596
18.963957542528302
18.92667587654813
19.10730242218233
18.92434717140331
18.725607456426925
18.53334047493426
18.001572536444584
17.570175312707022
17.043775133750586
17.291240194419142
17.43326646829154
17.45974005949442
17.407887514231955
17.40248994524479
17.675573536070722
17.26490639180879
17.79064982614382
17.491753266559638
16.810587340697126
15.588850864633221
15.254669974157439
16.221066117547245
17.047533700392002
18.279262936717643
17.540688903409723
17.933302228309323
17.875455434481374
17.73327076986519
17.531458653961398
17.776443893919925
17.84489744696671
17.93071178827973
18.02139759156665
17.70708080693675
18.02239913259738
17.579901477467967
16.70157398812867
15.989892377557034
15.514708797167273
15.211915314937634
14.934474014833274
15.709494900403442
16.788521155833113
17.565990859636777
17.338550815311848
17.246387272954856
17.20343355308634
17.79527293450634
17.521911515998053
16.594023782395027
16.822616206896313
16.650634842896178
16.425343291047188
16.21101556775947
16.045072732828924
16.9513385805094
18.097554499565565
18.028639750096854
18.341159649396637
18.604423904741456
18.521736495418395
18.5921526762788
18.592793292257255
18.550469671593106
18.291547964869007
18.42873929098368
18.550034516472813
18.34609422342005
18.872851551973312
18.38436925457627
18.70843881747585
17.395588837278723
16.563033833164628
15.840712339462614
15.509000237584846
15.048581812154653
16.819874544058546
17.967534264054326
19.0932229033833
18.839149283818394
19.205884880555352
19.380389324324245
18.868416881513816
18.823697143457416
18.7480963405229
17.544613970063025
16.841772121897687
17.278586334533706
16.603318298822757
15.974093078428593
15.362006529087873
15.726502270810261
15.509227170774533
15.026971435437787
14.065388278113177
15.059764491487815
17.22856754337778
17.809564309194826
17.56887158731945
16.937929022907852
17.235588362848492
17.70503877309795
17.279799427948813
17.41984717750207
18.03489185055264
18.0144228983318
17.713979227759317
17.022021554779535
16.589937506158392
16.681935183171365
15.813572703727115
15.754872755169584
15.65060001438509
16.026233108660307
16.23898194619349
17.434338773623352
19.29517653712694
19.674306806992167
18.59007341428536
18.43904090914229
17.321918075046167
16.731196454369186
16.469315904237945
15.48183500623487
15.563667304652714
14.429187275134636
13.986455072228875
14.496043159626527
14.738510562773286
16.855327423154773
19.015230316740976
19.007949894301614
18.73485157229268
18.405868151042085
18.499858605261988
18.566758154905685
17.977177351474168
18.237366930562253
17.49131099906199
17.989150499712228
17.252767284548664
17.496247745072367
17.50460981005607
18.365504979057523
18.899851733416746
18.73962158887172
18.998631656894396
18.67472382421925
18.277954209199592
17.553862619192248
17.195473217284558
16.856318392693908
16.965990384998452
17.890988545392307
19.229626627437774
19.338673072115828
19.63532127941307
19.136465488810078
18.610930543505546
17.497028467354742
16.860882415542036
16.71505387401167
16.308802809917452
16.62696550550401
17.329625749506697
17.56272226350076
18.032608304841315
17.322498735962938
17.775657920884658
18.254739886804487
17.830844810288863
18.175556490019535
18.84609179251904
18.416398527362706
17.529552117390054
16.77414748519069
16.583956153261123
16.7672393516344
16.70278838677333
17.045998552523947
16.031434023718017
15.070050602562768
13.880894552611258
14.552476590566108
13.464932216339838
13.685373116299262
15.413169131354588
15.799750106719932
14.45728077945976
15.335776272312383
15.7032689619561
15.96533979013952
17.04319141864738
18.078900739427432
17.468981203015396
17.348163641563858
17.263797597244018
17.504139677971313
17.432707022077206
16.442218236983337
17.530365091105985
17.843512002667445
17.420540372393667
16.811358205366368
16.514320876357097
17.254470175441433
17.807873882395906
17.87770325226523
18.226314018485606
18.14959514110559
18.16226061447686
18.086413456407787
18.64409137335563
18.889038536660596
19.224078769732
18.505494718115308
17.924570127750922
17.871650269960302
17.91014119646673
17.91138277689778
17.989313809974956
17.930508234653253
18.385351163238
17.420744367039752
17.432604703478432
16.489177149601993
15.371241782819054
14.743358670372384
13.821509844979822
13.357492330721483
12.758065961650662
12.683957935872453
10.560733918934721
11.383335220311489
14.817267271837506
16.80486008132759
17.585072044325322
17.909881017373397
17.1514488065036
