7.568596846501862
7.669413372965798
7.276506171566499
7.9628482206207325
8.90784471454193
7.899243693356844
7.711760764165324
7.849115330075276
8.957299561433283
11.003391010021286
11.324992185969204
15.776212460700688
16.048035552997554
18.44310706038865
19.173715377358505
19.286759644470056
18.972987440658898
19.564152031383525
19.67367381586685
19.588331406214547
19.562087798340173
19.947853853791703
20.077378491812
20.07041840471209
20.213574046722574
20.04579699440753
20.17398712218984
20.250676478624314
20.236763071254856
19.977772446657344
19.949434312873986
19.326006170410796
18.91425943117352
18.63205330534168
18.461637735281435
18.51587629354506
18.167141630850555
17.137996195187682
16.0427720721128
15.899514648347274
15.722118236131127
16.603504894635847
15.26159358294672
14.903654854476724
15.69518257742754
14.197826507715039
13.206419342287711
12.232207646198086
11.489753886661608
11.989997116050208
10.97376695978852
11.220344284286721
10.433718089053901
9.64025599936081
9.044898597483128
8.462668977963162
8.037473945103024
7.9384719513804285
7.590285416620572
7.839828367468605
7.7051409980696794
7.628416017589624
7.829803705039533
7.49606539594352
7.599849465494643
7.608444951115602
7.775843441913498
7.54793769182112
7.412521841151933
7.866412774281442
7.7487804432142005
7.725616973154566
7.467565207557652
7.5024123917290995
7.659907373648727
7.806530902116836
7.4142521489161695
7.2964388951669585
7.632956258888565
7.6993282220142945
7.643683177604045
7.8961186582527105
7.581559495442009
7.549734174610262
7.437561943208702
8.000177147845125
7.717932181059855
8.449283859682984
9.83089561419041
11.853858834508095
14.086155740617665
15.988045071839974
17.92903203735037
19.361206129755626
19.756659365227094
19.919851691308764
19.78687388569779
20.030689118604556
20.359611932784237
20.074729868401327
20.453782259113904
20.421307409740148
19.47576723219444
19.057967410886786
18.699624816121887
17.779031928486287
17.288066505671953
16.965868353289544
16.761480088935087
16.419367695922663
16.11036636816343
17.04025855811285
18.379561385758056
18.548437712872104
18.507436619345704
18.35490691942438
17.799332766075754
16.79805093135998
16.4736805915096
16.40693695239736
15.718323972478904
15.118561574930208
15.655657327699188
17.239811160014128
17.650521321634873
17.215275014461085
16.203916558227068
15.951047410790196
16.057054598263022
15.386842616504314
13.757275196354644
14.607925241830944
15.530238010961973
16.493926255006542
16.50443369077845
14.910530354256856
15.224358652408045
14.839042185917952
14.815465029355115
15.572066673262322
16.711871166422213
16.35874958317029
15.682343398673739
14.232403265087347
13.965808573035858
13.388231880102124
14.399230788151215
16.07621711044991
16.42912568670116
16.494815493586714
16.107937789562314
15.872419874625356
15.838349544733155
16.606245765384507
16.77466143210535
17.4502111383818
17.098410370405286
16.785506608324802
16.026199084020725
15.004919200041178
14.696734685615391
13.904562014742165
13.131662144275648
12.597834156016535
11.474249434549902
10.606956832522318
11.27966894248593
11.883469058579342
13.822093553573724
16.577670497766164
17.20714226269319
16.619554614296355
15.991276717815714
16.21269887553537
16.74160598043964
16.823281318976854
16.731698030264052
16.76188301161241
17.815976459702306
18.83494082458703
19.616786653482464
19.791900499146568
19.44725999677774
19.477640384524666
19.345553160424245
19.258024548232697
18.80014638804979
18.12577337247074
17.541042627847446
17.513613281750732
16.273838737776
15.825981887870352
16.186372228194767
16.67069677565975
18.167572212183487
19.267747859407148
18.744663232480573
18.884981296450555
18.51095180841906
17.944563908282
17.794396269524633
17.381576780562124
16.250511514238504
16.699461544112705
16.127895592411562
15.535990152734584
14.998088644006467
14.590694282107682
13.679051241402574
12.97733888282887
12.957495725803193
12.421809685592995
11.891390303952553
10.77175983739446
13.009408301469525
14.483875681543395
15.471566389106153
15.26861964163187
16.203016170936653
16.517176748432373
16.790297101822702
16.31269530178654
17.602203457506107
17.46751025930774
17.24418814042062
16.880276494772055
16.966629433375886
16.377737348922988
16.797949419574124
17.323802634929415
17.385300855837947
16.27241264850013
15.886659439513164
15.704690187884113
15.173105129911145
14.784643171006493
14.307498914053584
15.309331573604286
14.814275529195251
14.593009228036902
14.645129428812158
14.808706220789444
14.168977778545527
14.77511023152128
15.35257206576632
16.433497704441358
14.583263293213786
16.304784186483825
16.25709580057514
15.678772404322958
16.920990834864302
15.974155817823204
17.148020610275097
15.857439294667525
15.509122402695949
15.083999443095298
