19.043362501184827
19.12864195903973
19.305267885488558
18.91676748927998
17.96288911045679
17.359826294781627
17.191856193129638
17.069916736359826
16.067979398567378
16.551298106615935
15.98793152049211
16.63918822510605
18.541715882629656
19.1833608104976
19.148060010784725
17.8901706152825
17.06311626834907
17.212059092126392
16.782193284795635
16.524254157060845
15.739961741362775
14.315228823761489
13.246929296254047
13.342968568431539
13.994186075252259
15.712232946288559
18.04739160600192
18.94181938698993
19.451900965108106
19.15849343986329
19.35023870383728
19.027887679782342
19.85080510272111
19.712347727440513
19.086497872788943
18.020031791447845
17.59050195798103
16.975365344457064
16.372961337990034
16.091646442314005
15.738646559559571
15.962948248345814
18.436932999349214
19.71557142297545
19.40869720349612
18.85272461283082
18.13336227527635
17.80727464676797
16.995945355168278
16.860980408887414
17.323152198584594
18.449078367840716
18.805111521754238
18.65115351117769
19.490545373297106
19.30340217964176
19.598031960720856
19.14952626203551
19.323276302102773
18.588230318951997
18.254107670518867
17.79873690356025
17.301414106071018
16.88762030204304
16.32642430772513
16.463428162156983
16.256688556259416
15.815604460620458
15.800449661145468
15.274588254866572
14.412841584779429
13.20670078998623
13.598413755232349
13.408822441499755
14.077340739427374
15.468964896822408
16.634709081902507
17.545884551626102
17.672196311920377
17.229163146756758
18.207580494640744
18.675345489803426
17.73152556059949
17.492256441017844
18.692510357049155
18.967948512852978
17.857146488083753
17.545706279902152
16.977041558490875
16.229345625542177
15.81061108557433
15.593561856766494
15.861598543010288
15.614466237390914
15.116131708298841
15.057039682665758
15.649605893808909
17.2152698843366
17.737588643365623
17.739685086320378
18.080248055269227
18.24062824801559
17.646296725496672
18.015623716308635
17.128515552360312
16.74498656728734
15.88283774423199
15.448219033311696
14.972735015273251
14.546075933146104
14.926528375496495
14.71435115901294
13.897437199872318
14.589300828317285
13.487046429930453
13.404318958938505
13.19436739780065
15.708430933400974
17.683571883558873
16.52956515073501
