14.213418463783412
15.105553303652215
16.023136524416056
16.17425939371808
16.38277976377934
16.186783201405394
16.75750446719061
19.420473447658704
20.94891507121324
20.860888376465066
20.220511171829568
19.373436515552356
20.024535187608407
18.336515470049317
20.091673665131086
19.9169123443288
19.379549181719685
18.55794719176464
19.025854880760022
19.359042590208066
19.06196992498635
19.35946757477001
19.27345520450772
18.861058319091565
19.175601920608443
18.794933876562176
19.428551921774066
19.88579269909584
20.562826277745415
20.729243153227287
20.529564576446653
20.63805754536206
20.690813215985788
19.806569865365514
19.532972333372978
18.628241548315124
18.54126470101784
17.885791058520308
17.51541448573133
16.75012110392914
16.847803039259826
17.315872191598707
17.632555587186076
17.06882794411591
17.372425666704775
17.671534273522067
17.031361015798268
16.682285557052538
16.274266937709488
18.36328475152878
18.579366868890265
19.22302953077997
19.67461272603627
20.219955402530733
19.119020027996388
18.823661359058594
17.860232276776124
18.445952147092047
17.842158623907714
17.663798258576538
17.301269043158324
17.840041828800707
17.940946133068316
18.760332374096414
18.671755423158423
19.25385637150657
18.068426796340283
17.920350855006326
17.914386587580886
17.704093150970234
16.742955884031282
16.20535459913759
15.868613061426759
15.654881681121752
14.959459015667141
15.142091475273585
13.637622425674055
13.519343901023348
12.593090955170714
12.2118766685121
12.01593614062438
12.045017579879868
11.654413742610624
11.47943185938559
11.474146479501217
11.257181288827756
11.003493471245667
10.936412285575138
11.489760272878096
12.087081877415345
12.662958663399044
13.582333890667336
16.891781250150217
18.451206982537943
19.918777732684312
20.269917276705414
20.07844850258901
19.60021702882096
19.8273740177667
19.670852624648198
19.012729453855428
18.757619283216613
18.769895747444565
18.76288036060261
17.099501977560376
16.991916587060036
16.457889959144605
15.812606329301055
15.000366754087924
14.637351806930953
13.852195901106114
13.779049062131802
13.996505688965195
14.867199067631766
14.849263372569654
15.47204626138952
15.254221262270136
16.493249075036562
17.214204918652378
17.92142593223544
17.875209028083717
17.05617457060484
16.743906521283336
16.3044412257797
15.760188197517872
15.744255216080381
14.57832922514014
14.714196932747855
16.235925528321935
18.021398395830587
17.856002863446673
17.322917253865032
16.721724740924365
16.76402608930989
18.444352892735164
18.267271119720558
17.696988773740014
17.442672469045913
16.85155244498814
16.625672495474713
16.186086258138275
15.705669449054316
15.656072680191667
15.959568754984193
15.924028389212186
15.914585503092663
16.185582564087184
16.149375751762257
16.253077057951106
17.02800558750246
16.804189768589143
16.448962135954467
16.213639695584966
16.49570928115479
16.700407917580563
16.55983988288165
16.069096386451786
14.425865178100171
14.512548352039568
14.408448160611673
13.583300332471394
13.36435520137867
14.007966657053661
14.812116224995641
14.971378346209304
15.250296757874008
15.304271897641954
14.700220200704145
15.88118195916478
14.138835908956182
13.902934752441617
13.504447492666758
12.811940250987313
13.02822190538224
12.533612482092225
12.603991117362765
14.227764196367795
17.039274031112882
16.50395946443049
16.19142598327903
15.89602633396858
15.140242311854465
14.862145367503144
14.262899943733602
13.847149327984516
13.119797179799635
12.750002886349142
12.290285492101535
12.311182191998649
12.142980729988375
12.197602760441539
12.632265409882839
15.42402950899066
17.207974243976505
17.922283680168857
18.573705036703736
18.35036167992756
17.86637470319129
18.101933762489665
17.700225298839236
17.9691159770843
17.826507802220426
16.701237524156753
17.090109164249096
16.78042175600166
16.6199161155612
16.414648175518053
17.053099442816652
16.138548831219275
17.06696320899231
17.938018494515042
16.128601444372073
16.3031530712076
15.377135362138267
15.179612139411061
13.713926642635656
13.07624215794726
12.788076001302857
12.458208559315725
12.752419677077059
12.537182975765164
