12.12832025063796
11.91131293625519
12.165706905846411
12.312072498032698
13.777937024948583
15.859578164422755
16.235376157846186
16.354619027752047
17.034430366069856
17.51518223050096
17.8224773087323
18.1188980583048
18.306265187901612
18.087601733986943
17.780349409235846
18.534771236596594
19.09650407595485
19.1622209177442
18.67764573960906
19.484069779512602
19.2256343875214
19.270614274670105
18.98489187820756
19.103231202856104
18.99535791310093
18.75845720393829
18.468760620165423
17.998410355037088
17.374581963967938
16.14953478960886
16.497318923744654
15.356750714799647
15.428018616346355
15.36211918713156
15.519196318593366
15.519097438177646
15.557511310939589
16.09333445842915
17.714341118842512
18.677758486527022
18.677958455451353
18.71697425198766
18.20136559746965
18.367010401481913
18.798295997774225
18.67650990600395
18.110037064066788
16.711405096366455
15.731538433175174
15.141877984598114
14.31621331190308
14.38925768670482
16.379055985616482
18.13688671328516
18.284155757284648
18.82449841902954
17.524868552974592
17.607840385264897
17.1057117565639
16.276656393304467
16.291274054913035
17.40285590451358
18.105202562252753
17.74354747614675
17.01697526696772
17.206550126153093
17.36444201756018
16.593743561490992
15.637073690158505
16.180316162978887
16.159479012050667
14.730054035745198
14.274228074549846
15.013000958913176
14.568702592543168
13.059739521019132
11.842680972713824
12.22209431355046
12.634192795099029
13.944039489572125
14.400062110731044
15.154917778412562
14.552844919239755
15.156204273344045
15.501137248496953
16.88388933813389
16.51052260804306
16.865240325861272
16.694479120797403
16.8348702876883
15.922361693673981
15.686169084136324
16.72369791435513
17.278421940019214
16.974202303005114
17.077600248445403
17.779196053204913
18.18069608436743
18.32902557532144
18.824829634448694
19.424430182317053
19.89769949060996
20.452323229484065
20.816523217252193
21.161675545652468
20.725729822568
20.94623845138145
20.83062841678936
