15.366149105750008
16.05079909828413
16.09421910787179
17.531280970533224
17.67954991354687
17.26311766333638
17.84078181105738
17.928079492699585
17.828425609179327
18.0542610604741
17.81784064687753
17.531572817444125
17.551492184482665
18.03168207961356
18.826951470524772
18.347680976554443
18.321861623196586
18.0113199567009
17.93145506926983
18.1419762855362
17.783969295325026
16.670639620540538
17.078022154842152
17.600514527550377
17.253612571982558
17.308883129169242
16.776680172283008
16.931673772582688
16.77464520679455
16.573369476888164
16.633635007803335
16.65213555517301
16.906080192648894
17.114524971098845
16.98147154916823
16.503012844817007
15.63624936969556
15.122888100480447
15.506895884826346
16.12893305538185
16.83805325463457
17.296712868763926
17.708955065292603
17.849053565778057
17.892570769959818
17.794354439373123
18.054609506989255
18.368491153945172
18.484731870139708
17.860824285191892
17.053224273416568
16.023432449353322
15.968699460882982
17.011823805782303
17.62284330653541
17.689600267004263
17.712807167226636
17.977462385437764
17.69592759541068
18.014074928712827
18.04116972539414
18.18487295251209
18.143568642561238
18.057880413472773
17.555508943706073
17.608548586977484
17.520868443704067
17.09574049238873
16.861298996917967
16.826699938446666
16.722821411356193
16.500112788289808
16.637142245957257
16.433679990431806
14.429872765914647
14.911450738456436
16.302550101653573
17.51529984256083
17.95968883701747
17.251830426386945
17.23042444136544
17.823923601733316
16.961059847271994
16.590230061648754
15.769624742901412
16.215449106955358
16.476211017455462
15.751371597915876
15.426064879435305
15.30286352109843
14.76223948022574
13.198699388310516
11.756485750459387
14.849215775585582
15.911759629920134
17.106406387579373
17.406046167655532
18.300639913751525
18.32711408478904
18.118827081541102
17.772972426344303
16.09059922700001
15.470238460429687
14.191806908320556
12.683348275575499
11.904875638504587
15.936550380973143
16.59353625734164
14.97822468081548
14.066237790677931
15.078609587634649
15.510680977294165
15.100034615836632
12.6725950938395
11.505366728599244
11.734021833212509
15.674580715169258
16.782593929878455
17.166135155268673
15.028875421713494
13.89965939256317
14.221284039855902
14.846651802414751
14.982294927930921
16.820571332137654
18.165611885852144
18.39229590116941
19.25725492570036
19.283519855304245
19.316522362853345
19.17957515156554
18.96229772483743
19.423879803048557
19.696097769088897
19.662327750748087
19.236097515329558
18.669738998038657
18.261330461574744
17.409810537420913
15.982224321352131
14.96420609331374
13.132991999274184
12.898328177182519
12.787477380915876
12.612187262994794
14.307055417417299
15.304485102619697
16.30561953167157
16.712530668393573
16.501030080821312
16.037563517772657
16.19044267963221
16.02882394804517
15.862687587308303
15.545403797655132
15.344668400840915
14.83644973252817
15.03113569534414
15.065473355491823
14.75178760722617
13.496770670324054
11.41661110048729
11.567336377177147
14.897328593032244
15.14342461039741
14.400222024365046
12.891845609418493
15.127616072400324
15.809934828152409
15.505541311449829
15.399811955573918
15.187253984096479
15.272672414460988
15.325082225814981
15.245332533409007
14.976374997941143
14.431872345974215
13.241391068484852
12.797532268507796
15.71062283755499
17.445977803089434
18.433885021544867
18.81743271366313
18.878953485513577
18.918661738659353
19.05367500397089
19.220855703135232
18.678515274945905
18.20617246116515
17.6866403202946
15.893761686239786
15.563529290807795
14.80259207705581
13.98059615975828
14.038947089540729
16.91976842011303
17.196628726603596
17.195588837315245
17.32570742394818
17.095923455040595
16.846402993505713
16.14792609996394
15.452575170775967
14.800973260620802
14.848902917296815
14.664493388199006
15.319415548684425
16.773536127391413
16.99934551593961
16.83181952276874
16.50005063396899
16.263107333181892
16.021503304317473
15.443506233532041
13.492762343095924
11.078986819894881
8.928456129267722
12.082487746058073
14.013309139842795
13.528931676334604
11.570364717955373
10.825083308808878
11.348505262536682
14.925989666727805
16.53701088778833
17.129717222649074
17.296212030163936
17.44868863974415
17.218417110726882
15.592889101779928
14.650658307665053
14.091215374725282
14.208361144873571
15.320703380650913
16.806632108432268
16.521372273775313
15.499597184548586
14.123772892172422
12.675294228404269
11.893752331470962
10.47797583899069
9.16078110866976
8.577554006159232
9.008492897636499
9.436960900219274
9.545783098602213
10.318550761419182
10.080470545500999
8.740777568083923
17.424376324419114
18.251352280199896
18.228125344442933
18.56333968902158
18.49158839000472
17.824214266012877
18.00186881207221
18.268349734241127
18.262115219095122
18.007519968634796
18.299682235728874
17.53213054762817
17.097352355133907
17.08942350358417
17.52344797736083
17.592589131126672
16.823574620420064
16.702513893073608
15.737251042054252
14.909291066010658
13.825995771043527
13.962276245308535
13.085614533715546
11.184819434857163
9.231158969155926
10.469653975507835
11.781806935914025
13.636583711748125
14.336248160703633
14.56609152690003
15.107585291882215
15.766549340834462
15.300643220504147
15.85922904634812
15.285787602692304
15.274325692992864
14.562380840591462
14.063361174187133
13.835159896881148
12.6847577166536
11.837245677228331
10.5249734566424
9.243629501160788
