9.195466363526963
9.036988530828783
8.837939133779443
8.274272850220108
8.067462212934421
8.034915616091325
7.197449703029947
6.927209156938328
7.0985808632048455
7.278063902437285
6.897546882381697
11.693957827355185
14.351666834860074
15.946472461647156
16.59365939232342
17.17054277292544
16.999475230014873
17.62350375100491
17.060703699120882
17.810550516353825
17.183033061805546
15.837307796112821
17.050252465580662
17.990987714317885
18.47402340866336
18.403351859833048
18.407995265178585
18.159664797653555
18.416440111808203
18.16701017877737
18.099967370543933
17.83601333625585
17.41038909081462
17.59765000369547
17.9828103523662
17.22443254857557
16.022296475159422
15.72943265864423
14.85327987042541
14.829711631343446
14.10464548385344
14.78647218103285
15.261620450341495
15.734423587064633
15.621309921682256
15.543914469428225
14.327848549972286
16.160994408861402
17.711698864972476
18.53999404040278
18.838989225375837
17.8347122765055
17.7030642160335
17.50065691442975
17.3537973919619
17.297897324252745
17.313528123970034
17.39012503536119
17.38989920149227
16.46551028052266
14.113773817557346
14.440530809264866
13.95502802159009
14.317112332100155
14.463883863622609
14.249903736442072
13.733046210330494
13.982927181433285
13.925249526799336
14.795281445316904
14.104289379118633
14.158665366157589
14.231419022671062
15.353006889239564
17.756973208530802
17.238126800476394
17.04398639264733
16.756089582378163
16.70752892201263
16.89557886359196
16.33919248308662
15.998093392006568
16.076047870908027
16.80238359163022
17.9912268057921
17.520385899677514
18.08744209280261
18.38412725454951
18.402301167749066
18.151934917463905
18.592692546736345
18.251583675979923
17.346896762851724
15.549315485352647
15.599997211859415
14.165055842350005
13.852062082030521
12.84282394253948
12.17697867213769
13.455062329691605
15.557286767503145
17.34382678518504
15.982722553605793
15.381560436108268
14.872195716576885
14.48837053563978
14.588921001588053
15.179985183214354
17.14074000527038
18.79374415403587
19.77569403125129
19.74194778464164
20.03453286443571
19.998864898608637
20.032456535551947
19.890851865952552
19.309021852344955
19.12898082722871
18.639272802059413
17.627376658659404
16.98416887841393
15.974078835782134
14.810475623598707
14.713839385859218
14.259146869723027
13.872089515312767
14.267991120983975
15.974070536262758
17.60482568464163
18.179052683791284
18.009654940271872
18.04190735336577
17.69290094216117
17.74928670295931
17.96412469792557
18.088533584818816
17.981980893703735
18.008527726397137
18.57617632000646
18.74363317835035
18.59248857035239
18.117773558618552
17.543481081288178
17.411076051687502
17.250106186649827
16.468629248781163
15.00906248724405
14.808147325355987
14.130300478735233
12.868292709031985
11.337219395210258
12.224394760822873
12.96264203795928
14.782654575160027
15.161721137584529
15.365731802069039
15.965211289681035
15.851847183234222
15.503988090048807
13.968693446566293
12.795967841341506
15.64300284862772
18.09136568956536
19.039278030638545
19.34148594329306
19.226961115798012
18.997814549439212
18.231722639131124
17.480621308399574
16.973509158295748
15.287827028418052
15.246294030416136
14.550219763779047
13.967370001593325
14.275669483294411
14.02527385531896
14.252261399809376
13.873898265142984
14.529475286621294
15.039921275516145
14.502013689417884
15.530273352754357
15.8104087419079
16.503122011337613
16.444555325526593
16.741963408031353
16.869385099024058
17.041946928177314
17.2759285050495
17.778441893981107
17.373677520172752
17.202118639532948
16.70176472838299
16.554421075961532
16.57678611118155
15.55457676848007
16.033869991996628
16.109799786591964
15.93530327498293
16.164599316403542
15.421816203782749
16.020039005865062
13.507513414089527
13.076143723814836
12.551729585256153
13.107514007902033
12.948002303530323
12.815189201525905
12.8380334647924
12.97625136129503
13.023546026914424
12.991654361922365
13.075138677979307
13.551763637303123
12.549952815128783
12.295163043652382
10.847511500701605
8.622819974574849
7.9131656594971
8.708589408673001
7.7723890176080666
7.467659100989798
7.320481138144157
7.392829239604605
12.424121522952273
14.054230953833251
14.849730838121939
15.721235153136286
16.959708036588637
17.303224706255598
17.354272681645604
18.02951042994781
17.326605654690134
16.183244425992985
16.008877203670586
15.754568710520045
15.427938975302725
14.569894480217071
12.986870281202727
12.183323243130431
10.99860651918624
11.80023391735152
14.86636341004065
15.326766495041184
15.375146811411044
15.010993731322564
16.380581867118487
17.98218093702564
18.62645889446201
18.79363012878383
19.80680229805907
20.24072122064362
19.53355027840117
19.163336569258608
18.102844551526946
16.813079329764673
15.232148651062491
14.226580386337645
13.92524549046336
13.326915567142148
13.405855844105858
12.097500090442647
11.131154186345274
10.528376163928037
11.062906356333086
13.15155331171538
13.959330679990304
18.68134770595705
19.725729763954085
20.377137605738405
20.0810270104351
19.973184240039828
20.034698162076303
19.832940595867893
19.292759669869014
18.4103469325947
18.608631327534876
18.936241717369022
19.227957125285247
19.3584119653296
19.398756902889613
19.430435408533906
19.358682688445906
19.243626750798896
19.29311998478133
18.876782494704514
18.843274582470208
18.462641726188192
17.824538554047255
16.4883075242299
15.972990511374626
15.915351283160653
15.854528021945455
15.783633650561613
15.808673682045395
15.744932674000644
15.72848314123623
16.240276008995085
16.20588384639922
