18.770874116664913
18.64777124202152
18.58909438012096
18.579289084379553
18.564134828856982
18.61456297405821
19.08965859029547
19.958314118181733
19.903345932753155
19.63771663093624
19.157292996782466
18.643834615961236
18.434527123398155
18.164627732916085
17.72802207672509
17.70368286334
17.599113586866988
17.345700878944644
17.325871607492928
17.39022333745954
17.766832516402648
18.04334848371159
18.79774226619732
20.151542302168245
20.378552132390013
19.495907174049343
19.13457415718757
19.321016279481377
19.612055827330575
19.448869744960128
19.339063516189558
18.79112697507514
18.62784314982393
18.9141363029348
18.40925730245452
18.55186889049109
18.411161799780167
18.658751570820726
18.595259869173628
18.066866717554852
18.058428130110194
17.476693010641267
17.32411639119826
16.69429822685135
15.64606755889004
15.97061693292181
15.4269144668177
14.296780693371598
13.554237939836929
13.860116895252071
13.956074841983426
14.147942336067839
13.814121781173336
14.768027975239358
15.746925181096834
16.432649563878854
16.861263546095177
17.06421063364812
16.94859230200906
16.731460710991453
16.394006437991784
15.629815705342722
15.703921243776431
16.135164680687605
17.118434730236974
18.22198252016052
18.355332030029146
18.442776671585907
19.02786058423173
19.228577655619468
19.00499606675384
19.252605764108136
19.38138372897012
19.29611045859388
19.153489419587512
19.530270675954586
17.503752940647896
16.62933218884744
16.904472376229766
17.140617405690804
17.355617215853233
17.01290485371131
17.344294426525455
17.480833128544685
17.612154858049763
17.910509336413995
18.789814148953198
19.309486308802224
19.576439549914337
19.52847716817835
19.163395227170906
18.548724901415532
17.78221536296548
16.856978381645153
16.11205517818632
16.45057330280456
16.305379777242823
15.993650073347915
15.820217745899546
14.835028207462043
14.655497028858964
13.774051699530794
13.806853760291471
13.47730067971756
12.777062226789806
13.745917621116616
17.606281433455774
17.959545968334215
18.294495147925662
19.060331521385788
19.39855764080836
18.791378138282088
18.154086601119566
15.358052768927909
15.120329393559418
13.710562613331847
12.873014809029227
12.195145330293146
12.309431062308596
11.075616684674705
15.265314187984913
15.85869758783709
14.857663143411644
14.56316296884254
14.077788303621965
14.07052815078551
12.842138845493984
11.484520539344185
11.37035947698496
15.857482835154595
16.91536491745947
17.574072269575726
17.883366478222886
17.794203856341245
17.904057471338266
18.00017221051207
17.550116755288958
17.165408997638938
16.954608423545878
16.773944145824554
16.108491621159672
16.515983205608492
16.22264786558652
15.96581340583642
16.319486769247092
17.087748159691746
16.868718997719743
16.855084253286485
16.938010705720533
17.367036959116277
17.996869720171127
17.54231429935199
17.47081631348157
17.44013487689541
18.53122049278728
18.22157557258511
17.597891952411914
15.59780758335874
14.441876892544007
12.754896137157388
12.293867510786624
11.78325187233668
16.521427503063084
18.060639915040586
18.43718226836057
18.419885527623887
18.457000395438172
18.43760684749564
18.14198125007966
17.850643970313772
17.167538780685096
16.70775559754493
16.421842198473506
15.736386047599778
15.134157665558188
15.205134311626551
14.831169200894903
15.592603580319832
15.556499167740915
16.20979450753071
16.204370498607208
16.24800496611823
16.08911454977449
15.8938440397616
15.724496604117142
15.531566787288805
14.993803596732784
14.312062608537776
13.738522676190925
13.859224864657914
14.168569959714755
14.42514628632754
14.113011860132431
14.533947308657599
13.826579674343858
14.320056192248328
14.746195524029288
14.975480686061676
14.500265949222527
14.779947621330471
15.060613422779296
14.69328720910715
14.480865778457305
14.273682370355393
13.742789958481744
13.081985854578955
12.471033313133693
12.490707047238256
13.082393730457945
14.114664192775296
15.328366161489976
16.21088661091814
16.684370230857446
16.9774287607722
15.702051601810552
14.878602160541186
14.572931149459924
13.97484720036691
14.042042000463256
14.80701252971675
15.51478044847376
16.549784700174726
16.414012116361793
16.515047486691426
15.126567506087733
14.974694797857644
14.40072289708274
13.812509656112118
12.868299004388284
12.254245694569693
13.088489374269304
12.891004667331565
13.025122599950542
14.097880929299427
14.058659452058967
14.094225482159967
14.134566338331403
14.24901936327807
14.17069329113844
13.395873603709346
13.120944318615331
13.289883965660216
14.490030375635026
16.481071284314112
15.793001297712426
15.94070595976256
14.07648119558065
14.606943018981587
14.578913935817884
14.514094044349005
13.556020585618414
13.794445643176582
13.565460241462127
13.788483736744311
13.483950435398164
13.597602930570538
13.22618951599766
14.216657800799938
14.140424232920385
14.291744857128169
13.364073663355331
13.099673233414107
12.612672802414837
11.360538050717471
17.455984871825212
17.994302578813066
16.792454380590634
16.703064782170987
15.418554218419711
16.219949295023362
17.19656454661433
17.021432543660687
16.212847777903548
17.888506081310798
18.11639808620285
18.339466895326066
18.401703134265087
15.924498807652194
16.380579922497812
18.25226013324658
15.084424503193151
14.058565257813626
15.629162408313197
18.952147429351626
20.17515794751071
