9.390220133949711
9.20250900792963
9.507630127001228
9.207762324576061
9.386867271097945
9.720496154100687
11.82883254731436
13.061186592900352
13.76339278965086
15.998740292382976
18.064523807541804
19.311068322207532
19.25474013370453
18.715570926276648
18.285823313966638
17.63402625058349
16.614129608363704
15.155669884292186
14.57657268132446
13.307187041732805
13.288900368432088
12.844177196627404
12.983345241133044
14.81245512538754
15.879127740499882
15.199391155472524
14.332118051714925
18.05990279299052
18.934671489574022
19.592021338845285
19.58405667881921
19.187703257675896
19.085673841577155
17.744790982367675
16.55017436020482
15.89806008559288
15.107333557133872
14.447551429978306
13.853364186874929
15.431823818606153
15.09076293599984
13.548010969101849
12.976778390095337
13.157646867679789
16.59646180962293
16.756184585342762
16.83661860136523
16.773966419012392
17.026454969159566
17.900738255084242
18.903331137816394
19.357908505052396
19.136989965624892
18.832253568050056
19.083403158101504
18.720048912004426
18.52470364832985
18.492114489472296
17.880833716137523
18.042742869093804
17.863407100937213
17.359131889690357
16.678971093286325
16.364844944309567
16.482020522443086
16.911995932074422
16.961457926577054
16.749550816032063
16.784780079101086
17.30140167398672
18.060707686960583
17.289316419886653
17.16054552883914
16.83394893547807
16.562171251720752
16.312885304777787
15.732512283978753
16.74490360887353
17.33424673237324
17.52791468612806
17.70164436825328
17.844632509710962
18.009084643751176
17.57722148134008
17.071191591440712
15.020766810096006
14.811988472301495
13.631574694873693
13.497744702212524
13.219692181246495
12.951282692927569
12.703772134164549
11.26013532393126
10.466930027242462
9.700345630358267
9.488716577512024
11.346175651607911
16.09952858673381
17.566110583028713
18.12428580352216
17.734234050511102
16.982764484101196
15.561686485542495
16.99672704307524
16.248772943161853
15.672477154733825
14.608573016951489
14.098733596233847
14.324691491092286
15.085254068517322
15.181459136181154
15.305381676237188
16.607667417287537
16.82916862259728
17.446205122347244
17.499523338313626
16.473373141548517
14.97923766906086
16.007279443723835
16.690340520402547
16.797973475700807
16.25811912848249
15.512889476790088
14.358477696076383
12.66917569203228
12.112870815914267
11.702991824902297
12.524336836114593
10.999022630931114
9.441485452455678
9.454420455543149
9.285270680713396
12.895694913665045
14.205741447688196
14.034358238182161
13.468833645320375
13.317145073241358
12.975599719130336
12.80567202845788
12.842914629063642
12.71766583958792
12.617914176665227
13.069081946408687
14.467378421839275
17.264335120182707
18.127938170008573
18.376843723373145
18.254683001930786
18.423982557730227
18.356318543715275
18.510760009768298
18.65274646722254
18.742144799480048
18.682296325578687
18.56636037811937
18.628070529730504
18.851345956808284
18.524420147423857
18.496415245947503
18.425429484448518
18.35229239027665
18.17322625658167
18.210088349374406
17.878503859376476
17.15652667637553
16.691750934975428
17.573618339362582
17.420341055152303
16.82879909330521
17.479149386146187
17.565689363260947
17.306713254058963
16.774953098767252
16.886870509384728
16.76793440184397
17.2949690624952
16.857320070860396
15.39156887190189
14.124747890790074
13.956089056173004
13.747579595792258
14.050590333511364
14.836594338924716
14.342269928647767
13.563127604544047
13.672067965424409
13.851305934899294
15.261592787711908
15.592161954692646
16.523705970772195
16.027921496045554
16.149088096698677
16.748632050036388
16.95933090570055
17.015899753540108
