13.965851207160227
13.155767561335313
12.131835819262614
10.122493922505587
9.033186722166176
8.330863070161719
8.031669312390289
8.288420400670983
7.770083117194918
8.17320149373534
8.094066878548269
8.147256424241549
8.461047994245929
8.002822334285034
7.78528094904067
8.313362642582558
8.066339857381621
8.294974648575527
8.233373501239008
9.78688566199381
13.09778131867774
10.65023066824831
11.671242276197445
11.252864913001263
10.400813715652086
9.335132551181047
9.270177402915508
9.292598699264305
9.108839906192609
11.822545943681714
15.69039434717489
16.549432527030447
16.996336722714577
17.538963366584078
16.945576715588277
16.495227947996508
15.441304208357261
13.853691545504892
13.23891862497932
12.449915323814432
14.328969344768288
15.885126427540856
16.117225296472782
14.874571035832169
13.76539184324814
16.797073813531544
18.14500919430268
16.534549701032876
14.74731338192653
15.046267571416609
15.071306696816142
15.101072919315667
15.385943892333774
14.932029509972331
15.467628728775216
14.916592566346793
14.858582158471824
14.918485322146873
14.9623687224683
14.739065944880874
15.053944273734329
14.738910594324805
14.905768138684582
14.709281033008365
14.801764037881252
14.019602990482412
14.616391491969313
19.44270621869154
19.246569778389027
19.24912426739393
19.100265632026893
19.679967207117237
19.650253358472174
19.458585927241934
19.248532944654922
19.553392076591553
19.685760292545467
19.328126648970624
19.31311148629376
18.9719111334622
19.574215813827145
18.74020401464104
17.26316821431604
16.687704888452302
16.508796140080563
15.675638878852089
14.538315986800251
13.131719527606007
13.252012803661973
12.051753380098466
12.638695260732632
13.315562761213595
14.837388180868494
