11.421751166137213
11.106987710153883
10.462681986714523
12.246387014957795
18.647389654249157
18.186671767416392
17.877918745153888
17.527521924243715
17.837785876540615
18.288579867181703
17.249931704720563
16.64232739493492
18.009141793763412
18.349852296921927
18.658568648782715
19.10848493111835
19.230613330195943
19.266461270811426
19.49137976208325
19.18350291552756
18.465975901012108
16.72891145639554
16.13399373317431
14.484156697278259
14.138035061095849
13.076904856953185
11.259266369140224
10.406360964934514
10.45562129035525
9.862543136073556
9.170660401469448
9.05729491763027
7.9562031403754165
7.6055308574526395
7.626411283244112
7.841967007552407
7.579318273968824
7.671586709165172
7.347385685136365
7.611101015405572
7.577494017961698
7.667665157432791
7.479338900007898
7.543996352496016
7.296199172366455
7.599087600106298
7.535323864485935
7.3469560089760915
7.389297791889284
7.386479570935018
7.3145953460883
7.1400710048134
7.396732534316151
7.1827816967115234
7.2662036732949105
10.634347443432656
10.412138369259463
8.972979819587508
8.975996509456131
7.595708953343746
7.800811317898492
7.194527703796724
7.33860657274655
7.410065400981301
7.680097303884673
7.453846734405674
7.717019010248037
7.343943786638057
7.323958826368988
7.467815722507894
7.454804735356518
7.361324483131505
7.213135871686545
7.141633225751157
7.386572710727644
7.4624084562101425
7.573258921197662
7.585605638413909
7.351568227914971
7.507029265489947
7.380812256173207
7.614997582756742
7.5737003728117225
7.370528980190975
7.425135620447551
7.4052860622548655
7.617687066470643
7.446164023084185
7.527160306390905
7.5290253722934235
7.379375885371668
7.632453923362052
7.7442179312748
8.771356556695038
16.134796210550554
19.02503995847623
17.9205035328382
17.052031619480545
17.17155952047569
16.848754460723914
16.040665417391118
14.875520202941466
14.654355116731546
14.51036840153846
14.274375137832287
14.575721234691365
15.009479169859596
14.73551608848533
17.05428512400023
18.617804897289
19.533821404988707
19.776291836205907
19.773251946858558
19.19729308837693
18.654239273634122
17.892321274991122
17.326777379388645
17.377608671331522
17.479794725333093
17.09177828702543
15.981374982032227
14.08971783977248
13.361822499313107
15.535214484836516
14.414280337908261
14.492607595695135
12.624508603020942
12.556452148335215
12.857762167359953
11.972314379523725
12.119151731786332
13.558781305232479
16.465496630582496
17.404184386046456
17.887559418222413
18.215293158985254
18.15902186358027
17.733313328231798
17.548040949697853
17.18486249412584
17.343366761561974
17.577552556776844
17.463537532309562
17.389797193683137
17.392075586514018
16.775650606259667
16.08924202457248
15.762339809603825
16.026894359578712
16.374902446307562
17.092484178841556
17.043642666830888
16.208232074933466
14.740487472491695
14.464309258353335
14.951139673850125
14.868760723490135
15.063105765659227
15.395648372770916
16.149520265691073
18.195475836362128
18.44361023946434
18.2893618721036
18.22358320339874
18.296719233471755
18.220405662905065
18.559730141025984
18.75714695300314
18.58628950184816
18.50841316566229
18.32974922662044
18.42545552759186
17.851275092339932
18.20813355359405
18.018876706338762
17.848542497170413
17.930196412573377
17.45351884479656
17.042756300281642
17.235520773490734
16.98993095851218
15.997302581731427
13.757977713339471
13.773004996280733
14.800064786808072
12.880011047224604
11.365661624952386
10.668274175352927
