8.641408348845797
8.055222556913428
7.843043214084713
8.282191669893102
7.980223495861281
7.900037322842473
8.061721469242093
7.856674885420348
7.717446978640172
7.86338535286532
8.040719036711202
7.724989081015513
7.919995955285763
8.79358193025644
16.5692054546031
18.296666216593014
19.28665117870023
19.288025829035092
18.43981493398155
18.042838346266493
17.155954387736347
15.908626264645426
14.08721773461523
14.044976124894747
13.653737649350958
14.446874218302984
16.93311954365799
18.03461180227239
18.688330975400817
19.342615166366436
19.58573394098289
20.24689017895287
20.299382570436197
20.11236862406484
19.979937027720943
18.617594380414218
17.525537431365162
16.136172409963553
15.193273919350064
14.825028108002133
14.588729873080526
14.491234939918845
13.931499544000944
16.380066759749795
17.293419959586288
17.449463515105062
16.73980982067148
15.478938028200275
15.515712926746644
15.290892785971073
14.713051834386995
16.08579421402078
16.459807116704965
16.028107081720812
15.538619800658974
16.475708178006293
17.239871674826368
17.619467609304408
17.671798227719687
17.951946709995955
17.619840003330978
17.091211630813813
16.98610831587088
16.403041362586492
16.068086764811376
16.035403504746142
16.416329780843967
16.719015965774584
16.089228810723547
16.430202874194087
16.424910815522512
13.925744278672473
16.827773678271544
18.106663409765037
18.78348189555253
18.923114847211128
18.86325668266259
18.792345551627825
18.06512880749445
16.807694577950162
16.850493895253187
16.105120080357516
16.213484098753927
17.131121170996245
17.283582367345286
17.09423289311308
17.41340887058381
17.125690592494518
15.71316997160686
15.950634661463369
15.795207369395822
16.163762490803347
16.382299756619222
16.687910858170827
17.021426757923138
17.106678333316314
16.944078569145393
16.903083143898037
16.30065240476969
15.364017885325953
14.940900082092998
15.017203768703222
15.90930948272453
16.917574149822894
17.463496949259408
17.779885403777516
17.636920151629287
17.84535671801953
18.047729261377295
18.467717296388038
18.20481317140217
17.61091869363849
16.82243695296563
17.393077617658857
17.088337515618978
16.912015067901525
16.52529765376414
16.548702524491645
16.47529336879849
16.278349950980598
15.910956479545016
15.66350388475148
14.852264365250337
13.977790544636948
13.067754267248054
13.320639154286008
12.990668075460427
12.356914459498565
15.477324616485136
17.565844311006227
18.38680741878525
18.276212359955064
18.82471413687834
19.09423609478097
19.346874199920897
19.70805577115895
19.743832791388787
19.75429837530094
19.893775610159878
19.52638057273022
18.77312913639269
18.8138680457657
18.856479170732573
18.841121028887663
18.622942774585507
18.871582197509085
18.276402272277
18.12778073629779
17.73802843819159
18.164067997888672
17.989877497920197
17.351541570986377
16.31523984515398
14.531848462850258
14.087392796985226
13.086403747507806
14.336864372373562
12.889501631580114
11.313330881511206
13.887421982792524
11.608372729788485
10.052309629594165
