15.743851201346539
15.97378221082968
16.274515260547542
16.425231226757887
16.489370444244607
16.22317759124493
14.939556638107069
13.445472371901445
12.56868764958858
11.927186971091947
11.212090112537165
11.295632600888073
12.640091640515239
13.265649705069096
17.886247690584568
18.6088778364348
18.385262014098643
18.50796767178272
18.360923711777282
17.060465230247733
16.186288355781862
15.226720308056636
14.887727418896516
13.855720186267982
13.059074558122756
12.228257892495511
11.468269020640125
15.10558468246071
14.584324522242026
13.533714071631818
13.14562066418318
14.159952368521695
15.968831331604886
16.979054345564105
17.653274218942038
18.5928715473522
18.65338105758151
18.762885017190367
19.021948062261227
19.15560907712818
19.673833208089988
19.33379380267543
19.41767972548673
19.453396974567262
19.136248859735684
18.16853528378054
17.711152957930288
17.40941903220845
17.46947742241959
16.75339399238869
16.589641224004193
16.616723299820286
16.253472595853907
16.316756975454663
16.494843773266478
16.64498865670123
15.973228015320318
15.005670240619633
14.101784331935253
14.608426530336304
15.01085719368789
15.060058439100109
14.933314435992562
14.438271790265727
13.977651159792511
14.571449213808465
15.24688549714882
15.527803030043815
17.516296427144095
18.417074162450067
18.504441211033715
18.61237052869212
18.925345313505023
18.701853426022726
18.498723885171405
19.12756899294129
18.62990330774594
18.845140968495183
18.425731200393983
18.638987404526148
18.871971619902325
19.289170899696227
19.62261214237232
19.64905328548281
19.693070708057352
19.707911376449786
19.407619995603557
18.84321078645778
17.749328316049915
16.855423704531596
16.442452262286242
16.09371515494492
16.151716762168903
17.316152592117213
17.728444952430607
17.528876387232838
17.20096852366441
17.227881065628274
17.20884616087471
16.65364060319648
15.823886327998867
13.804071387303155
12.987819680259044
11.585199499074731
12.081907030395707
13.161339704587517
13.224918371432404
18.2640667368725
19.123915384212765
18.668514987713102
18.333526004793683
18.574850894740973
18.582400180498727
19.17924858198119
18.277105682994478
18.334411841951102
17.64326249523333
17.05137799637463
16.7535699914104
16.40173630607849
16.281920623350338
16.4170376741497
16.628747513927195
16.885301692839732
16.64364866084881
16.991730051205337
17.280059403411414
17.110884713361795
17.107791161094173
17.099591925955632
17.146750216620624
17.499945459062832
16.859388152550956
16.10534412579511
16.089791189870013
16.441048398966444
16.896705104464445
17.073887852720652
17.189507381991575
17.159689236021062
16.869700058933592
16.417873452744807
15.88761763238132
15.241536497994812
14.414920627674071
13.38935492933351
12.740705537659473
11.998028523620446
12.877785407246849
11.103831861450534
9.632622704157825
9.240752735668623
8.750043501502791
13.475064110759432
12.488832166360455
11.955809580242038
15.873405929613572
16.145508898176
16.602176175776492
16.731445546636323
16.646414546648426
16.73121873678455
16.36712159785991
16.083607386640374
16.150302730731543
15.709548001325722
16.078501078726266
15.27589421404732
13.552918161533071
13.807040896373314
15.033673199432448
15.867937144333816
14.26091725907724
11.645026770282076
11.677591207252718
10.966197687071123
12.976077747547796
14.302301780785015
14.058471823691395
14.511312572800259
13.369148089045265
11.337650512747896
10.094470075386138
8.954176749197568
8.228740722285126
7.7580902734419785
8.242451021249975
9.337793269994897
11.945566293086591
12.302589387650498
14.256203761165445
16.158567230301724
16.42093059178302
15.988624288823452
15.684617690027055
15.793344945595406
15.54183412884426
14.782532919374974
14.944605873049172
15.119285673957298
14.765947106554336
14.820653716720976
15.040548686191507
14.988754123753548
14.551023834127447
13.598665869939024
14.23979636450267
12.289372456826856
10.972184924167335
10.544837803126631
10.081947245991651
8.784071910627658
9.548231734922288
11.444580739489204
13.084948078245214
12.460425397060721
12.656918603091444
12.440814423753785
12.720988422604352
12.45461351138269
11.859496747616953
12.05288641658568
11.110147656581669
