11.119527027376039
10.704663848493707
11.02076956742655
10.881512093534797
11.169146160817975
10.799725631554693
10.917468793601492
10.564753694013751
16.767271242504272
17.846851844725382
18.08540421697441
18.18058211828892
18.760759687095554
18.931184044711546
18.785068494541072
16.760336113776578
16.403442546784962
15.887443611291713
16.766247620782163
16.67804888258885
16.891482758963445
15.446646186885102
14.277541573180134
13.258528349738206
12.852228341316376
15.270943560484225
16.701627776156766
15.754289154718164
16.168257887133258
16.253518296703362
18.420182441381904
19.716113022526514
19.626580393332226
19.31692711772861
18.672104173713446
19.144845952308614
19.103087899594886
19.148512123692306
18.999817626298245
18.784766205283134
17.429261106877803
16.837459595930618
17.158240096831427
17.477696811099804
17.491079973124474
17.774886281170907
18.159646137092395
18.117457310097908
17.811686029759095
16.254120091429037
15.774757503851852
15.180357592973271
14.797596486299305
14.674930168630715
14.105304001347198
14.813382679994689
14.749958869834135
14.737084635023107
15.163352986719762
15.873460328489935
16.009540414336307
16.31293331355784
15.659576521774413
15.88630356802495
16.014342899794094
15.863663466107715
15.956935735801661
14.772880150473735
14.03721006977215
13.758585762442195
13.326964149431419
12.50925224142024
11.605261734705095
11.685467949168416
11.489306851707244
13.861380429666752
14.073933795901212
14.411989375592466
13.308171922374411
13.56252484466092
13.795330973558626
14.317560931710641
14.698092200399726
14.768518408244145
14.406866012167955
14.314543880966886
13.368861254421876
13.242270481306464
12.198608626770936
12.340021985241853
12.091992516574786
13.59903320486218
16.151337733263798
16.888044109386456
17.73136828684375
18.092024070008712
18.74323176301236
18.632297250355037
19.04382479773483
18.798799332787173
18.93873898683589
18.886385955652123
18.919897339891065
19.288275345182885
19.2194522046529
18.678760222934066
18.726550538186423
18.604561923793767
18.57476718659093
18.31974892088529
17.769363649259397
18.271237690174765
17.789908065968824
18.186552689990762
17.800892410422453
17.5172720080486
16.558525292038862
15.944609991055096
15.805058982656375
15.252512858137974
15.425471717612078
15.545926638058212
14.78873366280977
14.402141840769849
14.22201483929929
14.157686218366775
13.419166556345985
12.841290553051056
12.120549068553307
12.800945766298206
12.619377585409756
12.126680046147015
11.17113602616864
14.865882238291073
16.86564251386174
16.508636072238744
17.147746068033936
17.452512268189963
16.921646225422776
15.1706191165483
14.539250388665547
15.899605550271016
15.154156616673285
14.701051691751232
15.306301907840762
14.383201716269687
14.195104418196236
13.770317880087653
12.687759220597947
13.080716863188881
13.488278552384367
16.300395872386222
18.409924174358302
18.49754660504468
18.4240522990074
18.125614180999307
17.392806237873305
16.878165059208268
16.406839101714226
16.370796450341533
16.054029324583524
15.965091695889909
17.31681007349448
17.084333184929964
16.997031853397946
16.519796942701348
16.551788096345927
17.070606748720973
17.05023931489421
17.390352943495287
17.463819561702667
17.906750197691128
17.198479422620434
17.821590129708834
17.650513931593554
17.62150398321631
18.198430590509645
18.105160935700905
17.58001542825676
17.408802395483743
16.700066769225334
16.49610554153367
17.022655934012814
15.186433834812794
14.925510034632639
14.818395782328267
15.06790102121608
17.557082236189796
18.632212285736433
18.55973658909433
18.899229834058648
18.489696112367
18.55364964797004
18.481386042916306
18.2232857348877
18.220173488216087
18.10681974284972
17.988475549679535
17.739000168123948
17.27388591234256
17.41432908055844
16.362692247135598
17.24837704977394
15.820727941886954
14.686961515951527
15.237556504248277
15.899355399104993
16.382355719845403
16.958138205546852
17.034801022654445
16.99484729163168
17.603274340322123
17.611607912746624
17.9993433892393
17.759515711946953
17.647308030476285
17.60239442397277
17.732980088210326
17.283822991233922
16.837045268311552
