10.082950003722662
10.363871248897183
9.815241880907953
9.905594250034348
10.151148405175194
10.031394898109085
10.424565071950397
13.576805923504214
16.826436931909466
17.186162871339842
17.382887630003484
17.57331413338591
17.762896999757547
17.87754124748714
17.94864472096366
17.663607658408353
17.06684998001299
17.306902727386262
17.1766527265933
16.882628166419217
17.388886621784813
17.204584622087225
16.903318930166733
16.900347327460423
16.465559206549734
16.095670366877965
16.155665850261887
15.7869800591276
15.3646001036335
15.165828295666044
15.11076544106033
15.246361260450636
15.077968795404608
15.208362056831144
15.462287478693595
15.124143590131679
15.415067342522589
14.776015980279169
13.745019017445932
13.162455793122682
14.871092645598075
15.659595341093507
16.043287810339326
17.053302353712215
17.53775997283037
17.46849211864467
16.904231430071775
16.91142950954596
16.890849582395404
16.621416365801554
15.767434179959647
15.242510062943945
13.831156738381901
13.173465660463329
11.632672484415645
10.896835132592333
10.637695657079783
10.165844872185334
10.37808496283915
9.897679678069977
9.951203313718256
10.414172504267649
9.886619240120204
10.592998789283882
10.363546692463514
10.318085062574157
12.793957576915831
14.171496261980698
14.665278816511565
14.778824151788307
14.87487500649388
15.176021448963365
15.330379786325553
15.487305985562944
15.291192606616953
14.75207867663455
14.593294172920864
14.708734281918248
14.751135405460966
14.668901215190873
14.743214160114825
14.900427526938119
15.522534409554265
15.850343942758105
16.115421666602646
16.295187352891702
16.45012348820573
16.39770007050492
16.514538114997308
16.71510378270628
16.7785359685349
16.804266835288903
16.846844885078983
16.87030083142024
16.869934279895297
16.711551075673956
16.486801522626482
16.675044340713132
16.697559777041807
16.397072085719472
16.356054522765866
16.007994803457226
15.8577861320964
15.961645875459807
16.178658169544693
16.029260989769607
16.35996535107653
16.284185379306063
16.187015303845676
16.682309746059833
16.77966486651902
16.838783936977222
17.076859696003165
16.905084576995367
17.100833308269234
17.398849113815032
17.43368352791412
17.629962905504687
17.608341873133334
17.43078557100365
17.48584500832506
17.601367659185094
17.488168307777293
17.820713809084236
18.02643302244386
17.812488576037946
17.895230313364674
17.87747129834322
17.531612904478568
17.325300918463313
17.19966125403075
17.071010299470437
17.037155062129813
16.516253230912714
16.59037626357072
16.84786982725717
16.613849772809065
17.168443316851132
16.262415855151414
15.648991460680714
15.469597208009839
15.81359951933474
16.253075622857768
16.442071236615572
16.800835235587034
16.33168920000499
15.56836390285785
15.48279793104448
14.553505371678693
14.15259291313694
16.04978350444565
15.284947908073368
15.939883552928224
15.868618415223294
16.392629197897175
16.427822182083315
15.739972850668972
16.09365635762784
16.64649209674523
15.692427874569294
12.836152058423608
15.43761548185156
17.25323665260844
18.34827980685413
18.34362749430881
17.749808930512327
17.39329283581324
17.353883568676206
17.298045094389852
16.921588371747543
17.086470268237587
16.611765756365052
16.31965660654
16.849231666814678
17.238107096107235
17.199415548461687
16.900330434157027
17.290482595298602
17.551194649111718
17.880724754281285
17.91688371976859
17.439848958048287
17.585065132682036
17.2648228630411
17.06001178126385
16.472596856916624
16.370731695462172
15.91056086486639
15.648156659171695
15.002426303581645
14.16623478094774
14.77924476277212
16.0953164620736
16.067783039297193
16.223094129847926
16.595176699592294
15.919187227455316
15.953053583405714
15.891444658426561
16.04723249472441
15.85523868011401
15.727988891171613
15.083620305906447
13.999244019699784
13.087123569459925
12.358284077833408
11.80135025417
11.339888228822335
11.617434907236762
15.614144293115453
13.30720244114051
