11.284524717731536
10.841590353072164
10.554672821141887
10.250301123613278
12.192846521217025
13.78249657267615
13.818127932926144
13.581495273897689
16.92513679590992
17.59714286369853
18.33863674208133
18.872364441627713
19.035123381341048
19.12662507236629
18.370031032032255
17.301026738843756
16.584111447040296
16.485494475760593
16.463296499964507
16.184842433906436
16.332991375642038
17.692795530500103
18.693305246458017
19.607688688696246
20.125092919164622
19.86870485892952
18.98657566092332
17.570116005164724
16.691979944288043
16.048814880129672
14.28205286083398
14.463107365008412
14.060603632684545
14.484974851032698
14.846420698561413
16.035289608735365
15.333166829457266
14.624097833360837
16.253771886089552
16.469933103916357
16.27179728448225
16.486391427051633
17.06455831735824
17.311860163845733
18.17064945947868
18.456412098268697
18.823719544581877
19.15480402917727
19.38941572088187
19.13026022016936
18.707763468466016
17.8068117002198
16.704412347387333
15.756092738562947
15.31941566348268
14.477748504455471
14.32456541362973
14.003841900109364
13.941000697716634
13.443827108504177
12.733487499702909
16.230153201462215
15.334193438342268
15.138065779485705
15.451590372894858
15.386380357622366
15.283676421838686
15.054142650223156
14.80362131930883
15.442139414640568
17.325505098066646
17.46169646925467
17.553404557451948
17.48330696482632
17.33516166356973
16.668072248584828
16.760118371591073
16.974201608047846
17.111237412550746
17.375040008450842
17.35276480885209
17.573698250679506
17.753645786094154
18.14906437680962
18.235358709664247
17.607996787061396
16.15468093881957
15.366160617459249
14.607337786810666
13.647079419874986
12.637291854547188
11.064550309688148
9.923017615125968
12.530564619093132
15.138829104272746
17.24015379581548
18.35853968902128
18.049612478898705
17.969441711397728
18.29265161921618
18.218191595700137
18.41261975100986
17.964759719506407
18.25485330742604
18.30420634881325
17.90853611963711
18.001230999218144
17.819915718307332
18.288652950992308
18.167600396891913
17.931758171179418
18.14975482594918
18.172655707320708
17.79476270076468
17.60360114239954
17.617803259650618
17.841665631516364
17.799802150522552
18.116782143672143
17.754765799356942
17.411722394834563
17.10359870458719
16.761284810599122
16.359487927159538
16.25524077335264
15.387228379834404
15.190384648122695
14.756620356244536
14.463655121684551
14.50444524167512
14.823560924243402
14.778892322305882
14.834449825141704
14.408635279632922
14.374303583964641
13.581972678232805
13.734934512569925
13.898305167052234
14.042432231443938
13.669731454956608
14.436218914600248
14.060664130369265
13.98239586992525
13.262551052110348
12.217125845263322
11.958008337149131
12.036148929451079
11.346529921594614
11.296187954689028
11.35107214346512
10.068702611789488
9.607572413765645
9.2660130137806
9.296330472443492
8.79220472546395
8.866913094088934
8.949329641577789
8.631847252941709
8.896665604800793
8.395105271999556
8.781302921725622
