19.194777925485848
19.083545683142603
19.1552437127256
18.91829000429459
18.70848277355392
18.161300307039443
17.645961428050352
17.787052604649393
16.988546628325793
16.39144975678155
16.49704179929723
16.623552271022085
17.160246097806606
17.462746150334432
17.689741447057916
18.45901171296461
18.705038082638968
18.093783152840427
17.972702317228293
16.833940237460258
16.178800517331492
15.613314003437145
15.140936501371634
14.191405908300524
13.759778454984579
14.448480024852392
14.453264629964984
18.210038665426353
19.01205565717126
19.336599711595053
19.26536606915688
19.431744526737177
19.51060602723831
19.085787071392463
18.758085183635977
18.34339047788309
17.996782592731254
17.826574879104687
17.86435559775628
17.90200501943703
17.245685404468404
16.893105073973782
16.599134293772465
15.964437686051062
15.32541313664841
15.797371170739135
16.31009883414286
16.525857664381217
16.895026594120807
17.18041041420331
17.14275773494483
17.494492646282332
17.903904814783658
17.637791984319453
16.603340635165328
16.716753706047726
15.873121169979019
13.294343233366881
13.191477976437909
14.33840223701949
13.279354053262956
12.495769238426227
12.012142598587953
14.449452768207836
15.251117060333236
14.495808763912926
14.381790069739914
14.652150424100888
15.093201667265447
15.734850790870226
16.530480850430838
17.701232762143817
18.096378272166035
18.36752858667836
18.28164893832023
17.408690752753355
15.39074207730012
14.859653087708814
14.520173299291761
14.4493908682564
12.778299287915607
12.706020304406856
12.456087705443265
13.461331535714807
15.60019471762166
15.426143352762187
15.962818766928567
16.752398805132046
16.576393095049447
16.77524904373028
16.556404332898538
16.688155690237892
15.803957783296768
16.009019357912546
16.783700868619565
17.875107227013537
17.827222497072853
17.707656146477774
17.577874320070677
17.625070796805087
18.055295840350087
18.039369680718053
18.166480519251248
18.017202922889076
18.39815410208176
18.78398079817877
18.845678128868226
18.63600773839276
18.565565172279864
18.55839396713018
18.62220111108438
18.334772229032886
18.530073197356728
18.47592657234744
18.446491198905136
18.069641790151017
17.963864272340672
18.022612481501874
18.123340105713435
18.017776212454557
17.784925292714764
17.956567347355982
18.57454720147952
18.88757189567832
18.71054530666592
18.27377751034413
17.530033288907227
16.02342104649885
15.116481826810382
14.808870121154065
14.619632849629864
15.941583556021916
15.956390585446918
15.945303901683776
15.586115394208575
14.932072557842623
14.60270963351748
13.217171192558865
12.740545050965412
16.807797712660243
18.202670949527217
18.382463040163746
18.372957425918678
18.13217410935914
18.035699370732626
17.467381397041866
17.905924912089
18.039231390624675
17.54116667891881
17.916505969350514
18.389687302113877
18.204083346606332
17.523405500421564
17.992547746527126
17.635326563657856
16.883874295064015
15.271467841226633
14.689406680272405
13.61909439576666
13.366487348606649
11.894047479075391
10.709244450556763
10.513470970299878
10.719150814197937
10.485812434232217
12.181127026753455
13.9804769397651
17.298341151625554
17.022540008259163
16.790867951246472
16.623396551443218
16.636507611105955
16.637852001592822
16.306373619295908
15.909463648101909
14.966795523870704
13.714522324266676
12.914326781373367
12.181834622930465
12.399615885925913
12.064869500716727
11.10005855153616
10.216803714921529
10.952677262086508
12.959176948300493
14.856796329492061
16.24908091114164
17.11190797812542
17.35471552876053
18.03553452099285
17.580480637608055
17.486966668183893
17.552345145130296
17.40307873835832
17.425166472382955
17.289043687950176
17.06251992653448
17.46246514282943
16.929984930085592
17.279408567148906
17.45535282544756
17.713953649599766
17.989613914804984
18.005591214788698
17.899701839297567
18.064378062161296
18.02782927397081
17.649986275641307
17.226035183886
16.769794052020572
16.278120749247517
15.78259141599956
15.431625849525807
15.29569541751752
15.593516159595426
16.905630290273226
17.45424330969851
17.483551387212056
17.819004128840863
17.617234200500203
17.51703266174966
16.971064691065266
17.57717550135613
17.7784290203
17.30236061002751
16.225475764813293
15.560005242603411
17.513342875641907
18.00609538287221
18.093012520959352
18.061206443278774
17.47663226672844
18.29179398534529
18.126300574306395
