9.918498900733765
10.530253003136082
10.527586048428756
11.441474764813965
13.985471256403462
14.84233708916239
15.188309816734689
16.59986899894599
16.704996583647926
17.112787672776864
16.887278991093257
17.076523510313258
17.298131658459404
17.31475962929721
16.995177767877667
17.661308572942332
17.158969421383677
16.025030531112563
14.634372000773194
16.948556769865018
18.490488343880465
18.849689769574574
19.066879079373926
19.045859429668813
19.01495638352987
18.92271688652025
18.83658825402589
18.926011865895028
18.00547021742056
18.093768180052347
17.669134472461604
17.658257006608792
17.738238482592987
17.359251355928464
17.296833629058064
17.482242372946345
17.699240872514586
17.051804789392502
16.472862903626687
16.761403440419446
15.972386356462277
14.830719713640713
13.478507391145424
12.624770920932937
13.021487522367325
13.577493759962046
14.44154999036263
15.506741732791612
14.858674682572069
14.478631661319161
14.213824808770866
13.306017635455573
14.77923557977785
18.50532405912923
18.63532070324896
17.82596790119823
17.349958311992488
16.782105852861402
17.00776187542703
17.218451837481947
17.27431690954283
17.642732832488953
17.939095366283727
18.409972020288247
18.001294356896622
17.81119006206751
16.932499274195273
15.999006077198064
14.747755824843068
13.323058832808993
13.705165734859095
14.052853077196946
12.92794052228108
11.624455224441485
11.113469838575508
10.934713541895619
11.355565541732748
12.974140414839535
14.139150070498085
14.534417510138038
14.8425222442482
15.347294670381286
15.773337650973904
15.718090556657595
15.800196942754429
16.3224599474071
16.357407792982183
16.70465129439008
16.015944321122994
16.587884544706288
16.412532112768172
16.868234370288448
16.413278502788987
15.862367788162382
16.57604070916709
17.710165986813504
16.976226807907945
14.713888085849488
13.471612426040325
12.859799559530895
12.138169697820134
11.945197910881765
10.974466154295659
11.476855910082474
11.280386533830105
15.015595363343598
16.62049691210667
16.130982583497165
16.49815640705211
17.300584172940788
17.103827853712925
17.340514556861574
16.8509369505198
16.793588739842573
17.343863042533602
18.0310487695667
18.14965442378593
17.016639772182533
16.978297162771117
17.249456115917607
17.516162193411812
17.316879545071252
16.22610831678004
16.346035310260472
16.37484011491312
16.526598255485098
16.391372355569946
16.85049747532367
16.669892304695498
16.52679030076302
16.47804312423166
16.455131728503986
17.07806653576268
17.500260290521272
17.23537811360169
17.724108399079228
18.150880596005763
17.873819057116638
17.72654382692634
17.513971661351
17.267121556817614
17.57025556956262
17.36596464738503
16.65668857381992
16.57715878749643
16.786091650789704
16.741679622498722
16.904561195886256
17.128352334949902
18.63660812280889
18.218197249004206
18.45109236960083
18.71179486605681
18.521772865155476
18.36083562801681
17.896213410155074
17.111523178185696
16.449632757005222
16.775582895308816
16.064723597122033
15.586112643713827
15.537562029405725
14.644611109438825
14.136610969003527
12.854490407001562
14.035214403057632
14.850042254368615
17.339341432720367
17.326192350708798
15.669748233572008
14.87720423287593
14.143473935842085
13.431113692731564
13.33836997735658
13.229117682270994
13.0527609676899
13.444841359059568
14.16393315914108
14.336789761251536
14.049377237156408
13.256875410327293
13.183305127969096
12.8825963037179
12.301561070524762
