10.314571834231009
8.53323404657368
8.145218099459157
7.254232711050482
8.641058427276182
15.070866535859475
18.396084611970448
17.67994586225271
17.61786474049344
18.044299434538353
17.866750187385552
15.78112901560716
15.375998137168164
18.31701053274936
18.396289123076176
18.470467238937445
18.792920507615264
18.26259652777751
18.114415722441596
17.905197222604873
17.677413391881466
17.103304185677572
16.380814663971922
16.125674377098612
15.95059527245916
16.17136380942667
16.190750212951606
16.592390737439
17.910721621513602
18.285174968427288
18.20362502461971
17.767210840185736
17.95531735460506
17.944204926088766
17.296218471875523
16.811737277313124
15.669651148576085
15.962639605060664
15.4127260872837
14.131535245639734
12.886969870771544
12.331859035664582
11.628466701569376
11.008951054527504
10.586975598303814
10.847842369906745
16.814000686852054
15.248584424488275
18.248087911350147
19.055644494429806
20.327079343262845
20.203049751835586
20.242115408374378
20.372254555955827
20.33731904159184
19.816505345895738
19.4746080770681
19.45925227356958
18.302938842825203
18.911643870847687
19.253132235267746
19.005648032738183
18.679373344845157
18.81894630575653
18.92237696002932
18.036350346014327
17.605088873225654
17.678446858630263
17.415332587034268
17.6199126356753
17.965160250542016
17.939977510340462
17.500763112881902
17.611655963293813
16.80454160054011
17.432216228848393
17.995655484764804
18.701536796754496
19.08844597082129
18.80045938601158
18.91252501610972
18.62123629092214
17.919859648367733
16.75537142624793
15.438804993798678
14.749900860679743
14.223644911914615
13.024498054939153
13.133132477252587
15.037895436824565
15.963572781528008
15.322864806380307
14.18645001508438
13.17331271909533
13.389503178171795
13.698073681501286
13.561306280495545
13.63689065017744
17.32763066311364
17.923079531213073
17.653169261420707
18.049706293038984
17.890707868574893
17.56008310296084
17.927639709132357
17.656625237010058
17.511990519105954
17.522549049432257
16.891674556780078
16.383933882890865
15.770280281934257
15.367579480899705
15.344309198813525
15.351571015170627
15.488814365849926
15.92398580658358
16.10212628362776
16.284421008174437
16.058837888369982
15.657714059014168
15.609432190719993
15.38429414800367
15.371767924588909
15.444139526719233
15.21799945125813
15.213030077070053
15.481828794873664
15.874376309258036
16.273529621052102
16.735704892435866
16.82407151299061
17.546627043355222
17.407264163666348
17.310314452335856
17.286051520910164
17.158143809309628
16.581135748375072
16.467954178310002
16.186136292545488
15.758255044108633
15.079806457007432
14.858899514397118
14.972972654564495
15.64574737926726
16.070565110714227
16.268567992551112
16.29851811982816
16.044812330607062
16.32309175251208
14.557813411867132
14.36225656591959
14.665786110685609
13.578144237211868
14.026747060120005
12.965529093349714
12.416868050330994
11.84715742031353
11.220016499386306
11.078974281769296
8.844378307720755
12.17715100026216
12.482681411964064
15.410170725969042
16.094822726113787
15.854158282523425
15.563566064475765
15.558773941211095
15.760062982030053
15.84267146696441
15.753681474254266
15.610515323152079
15.416572360510822
15.363039309813322
15.16995342317077
14.955826815898106
15.111602240406569
15.53477366849768
15.059948559912124
15.006197364103164
15.495487522482385
16.256400366744973
15.866054268766133
15.62879383255892
14.973814097907386
15.892052504613831
14.653946314055426
14.924575057625413
15.893980656414639
15.306966635292582
15.435976139239926
14.565824198182366
14.930301032748375
14.257713812012366
13.93801354332232
13.587345067744446
13.578843513392663
13.384028747186491
13.157975133782019
13.06956764391896
13.628543603924625
13.66831095975127
12.118520451653223
10.836229267915584
