7.770020886113139
7.644793078203156
7.972336627822489
12.717872884004136
15.053635073568161
16.484200027944514
17.124808744079278
17.39952369506578
17.247757648882608
17.37105858143853
17.55177566038839
17.771168141988152
17.83102255162742
17.77605764810888
17.75090433097632
17.72558740505105
17.298887983695007
16.249188240204784
14.909656950465095
14.045391895634928
13.217633285105483
14.333033918556984
16.324712814469837
17.385720005470347
17.122956064832294
15.657976533150013
16.748594787947553
17.093028107877824
17.517291540039082
17.132441475248452
15.806761995309953
14.773430143700194
13.705720933711332
15.2646588206394
16.571864428228537
13.91505714667792
16.242593864490573
16.028281636227213
14.22721268319256
13.499360153677895
13.700846997325435
12.68391174530328
11.24989328672689
11.780708640846555
15.218008210246696
17.069302239760262
17.60752383282958
18.14121957049867
18.817693078460103
19.17438632904399
19.05713800739566
18.52297915246223
18.057890570859467
18.139373504649843
17.606079302002147
17.961698451848047
17.45700196071098
17.786884873786335
18.090221223086672
17.978513942492768
18.331013916826024
18.26135030362348
16.45308215773182
14.855585198147944
14.093823678351695
14.107901518248587
12.550522515490654
11.500596581830695
10.873899590879114
13.40136684516445
14.029728483217676
14.242706062619732
12.340899529003071
10.951502229735508
10.213611721385131
9.498673417557566
8.254071825548703
8.043746179150972
7.958149376152551
7.632501819982075
7.648063220410763
7.936455511565755
15.474020467671297
17.38718403012455
17.3058955967821
17.21063065532078
16.524996087576096
16.91641729419975
16.240641256338794
16.376405620998234
16.26176826781014
16.293199839564743
17.013378448450812
16.97995566361197
17.460953657343044
17.77853738447863
17.555458806348984
17.41388642420064
17.44547144956468
16.932009090480495
16.72162151073043
16.88860811727554
16.504229009439598
16.053222014187966
15.02942289690516
14.477675325692143
14.537202922092586
15.37971299605319
15.882588229115742
16.209354932949072
16.851293458491202
16.54690537909992
15.458329754843614
14.57584641730844
14.940534023276332
15.2212821309619
15.199834215430501
15.515791848397011
15.002771607361641
16.619656892330788
17.7117853857078
18.53334090901683
18.89383874905745
18.702265051042122
18.197544269231017
17.202979422552062
16.572692312588305
15.953563929645894
16.10182834987723
16.853952046138403
17.606026149850873
17.452214970952774
16.763852149497033
15.399901073483047
13.558139103128527
13.02424426513635
12.549879308281355
12.053239857252324
11.800411903606784
11.527868388190866
12.42689135396913
12.731974629332615
12.907996936138616
12.478449251597409
12.558434542209811
12.59534173192244
13.014301068004755
12.29562232450108
12.851158905167653
