12.619732197558713
12.655901401416626
12.676150486909814
12.282070470141685
12.407706422565877
12.128410241063893
12.297866082325301
12.382321398045313
13.73457502208432
12.879475093353006
14.125205618813084
16.700687869517814
18.02614870376013
18.323657444878577
17.807056436468514
17.14170469020722
16.043342427625348
15.305595223545106
15.456628155580189
15.558681532252455
15.331202486504045
15.489470873332648
14.718527797110342
14.923173636846736
17.51240175262893
17.853968979094038
17.852093525278963
17.679210435341574
17.76950912691063
17.598435441501803
17.703807034850602
17.296601711933516
16.69570686241826
16.819391205034478
15.34008317932696
15.426686523289401
15.219013960452035
15.359899786828493
17.533615479727253
18.57042742853532
18.058664753677718
17.867242968868315
17.804974118383306
17.84359680828647
18.01451963293959
18.174473995530228
18.72338821785436
19.090811124850923
18.696966530934656
17.77790419191
17.595459780443264
17.6043156035622
17.319435396962152
17.495985854774087
17.527536857896852
17.201421118159054
16.163371069635172
17.118606724371574
18.088105242486588
17.844504435240427
17.550737543237947
16.83183518100767
16.369643859743
16.2833775880372
15.841832709944654
16.641196187920507
17.508352557442652
18.133706567802093
18.355276269621985
17.904311666269287
17.620388261081672
16.900634285050927
16.752149627971274
16.767651607538497
16.28739532343596
15.201111003904776
14.182665459284413
14.071322951824934
14.065477281565038
13.9163319052463
15.184018932344935
16.002013483981422
15.228458502605452
14.815429487653589
14.445970730204479
15.934121639346046
16.735570181546063
16.92611833456025
16.884585082427133
17.03377292347696
16.813468196665045
16.983732949458066
17.11525442187968
16.1729642775008
15.773146671424966
13.731005242839311
14.083930519875155
14.5250889653388
14.632695026975716
15.209902892049609
15.602883397272766
17.327789929085654
16.496044509676448
15.818686875010107
14.550783074290875
13.849191155958845
13.827655176664344
13.906649615686707
