7.97201783487215
8.013182429188554
7.678817834382168
7.681845404128343
7.525996271588178
7.569532533435863
7.496758128727747
13.014647638559873
14.727824803330364
14.744296816442311
15.098681294200635
14.961490926371381
15.455787445882935
16.285677431006285
17.629122046303536
17.797565170285505
18.43516860634978
18.758206833577532
19.96253903385721
20.32446045981065
18.978342328571888
17.988255174236414
16.4452587987568
16.640252856980258
17.412317617628055
19.679176975237088
20.073803873906968
20.066629748005788
20.392114902315868
19.85036842371388
20.065693364565142
20.22754591061161
19.64914849368634
17.488678529286293
16.61299976335997
15.494492403366845
14.938008149178884
13.855474002093029
13.609370330438232
14.518449779943273
14.991872535786953
17.258448816242357
18.02937476344791
18.37423206014431
19.010028348923818
19.04736866705493
18.89369775199316
18.30263603606945
16.725634689385792
16.198932438735525
15.45438833615562
15.803024494599528
18.243409321135626
18.820784324943805
18.288661420053863
17.26735045754414
15.474686076356404
14.001458777445512
13.797210257615475
13.745738529112305
16.449094895971196
18.220554975181386
18.768833054556488
18.800098930133103
19.143898320041988
19.47567301168877
19.085931554882368
18.62176710770086
18.312638735426304
17.25847888216007
16.520824528742825
16.218265623584305
16.711998360012252
17.52786564264719
17.63435388703606
17.57760429700866
17.338992702063436
17.317526739284276
16.961417632914372
16.66156194446682
15.931458221139918
15.634832156436108
16.284730211792862
16.438488273836462
16.51541066517886
15.841111067028553
15.370615310409462
14.737742752318704
13.750717659083135
12.856956656486727
11.002889187739317
9.899533797303109
9.253820516034565
9.531837592914943
9.973353558135473
13.305858310147414
17.404444796603556
18.15168592995688
18.280232941803398
17.55649614998823
16.227431254079963
15.731753951740234
15.418135579669535
15.541317147968304
15.6901052146768
15.674591597875786
15.911642977092102
16.250187945813018
17.0039521350741
17.932748285394645
18.517717383540326
18.705259075613817
18.552220988241576
17.601610468531092
16.816361547863806
15.385384686692376
15.412788774392409
15.081304838368533
15.091047584413072
17.02689156550494
17.885717341422826
17.748648547213424
17.3963049206202
16.388602468976867
14.411838971696005
14.199539598974265
12.988964640085163
12.67223791055352
13.169484158664666
12.00983981251217
12.16807713842666
13.475132546267945
16.369378765365212
17.165982092980485
17.652894141718726
17.974789372726818
17.979844485972343
17.707744529560756
17.24243144717379
16.30987514075566
15.066783869062824
15.444874619985244
16.478686830355144
17.536655513917914
17.807001160011684
17.176538259752586
17.27741673999941
16.932481038136707
16.318006072161975
17.03776485582181
17.06189560216343
16.697928152205733
16.239423778670293
15.282943473162264
15.565961655923006
15.629381446045166
14.92156335111273
13.256174885452776
14.507377507933032
15.806101502056944
16.011585348352302
16.787573048517448
16.873834921182727
17.250660962916278
17.17455990881048
14.594037428077238
13.459078298322256
12.841621122550118
13.12822380366461
12.251919838103385
14.23094182835815
16.7178259912026
18.616864022923195
18.08078213504086
17.135909788056512
17.25350103095771
17.441670945872538
16.880592582061762
16.062737875946315
14.75479956109301
13.682257334003735
13.694280955193793
13.99288694594659
14.428980254978544
15.784702413117609
16.1842394754006
15.176456425512189
14.095983057102597
13.817066768668141
16.01338180499881
15.772775757764453
15.811205722746715
16.026124008335845
16.212121413552843
16.702125756847742
16.023900963819052
15.589870960890744
15.502886098561705
15.846486319925695
15.963989985868588
14.873565848088967
14.414363728723876
13.62706361359347
13.305372096457065
12.640581348264133
12.655001610662822
13.210771129210356
12.631813225570545
13.80434346228082
15.43053588050408
15.414401864617805
14.70209348111697
13.373699563842752
11.932138529602527
10.962363799781992
9.64363315302258
8.555341972420441
12.085776615721846
15.211171623764054
14.004092436464257
14.14244921408673
15.342135938169196
15.880992867723196
16.90115718728362
17.72455980977095
17.73557044517318
17.40986286017456
16.83193977360185
15.680825457584481
15.054162863534227
15.30898350329266
14.8929845399927
15.974875080550435
16.973209410699283
17.72714150684236
17.98307172452709
17.753894429955853
16.09319621960518
14.576809518013524
13.744405672152727
13.029151046249005
13.76720714100292
16.47762308731388
16.292425882008253
17.85213400883977
18.547374770143108
18.80721142147245
18.811511735509068
18.38915747164496
17.53179703357327
16.082377131846545
15.411306290281155
15.559383818743427
15.411782996910484
15.23526804171664
16.61565744775542
17.233564224208415
17.680950372158495
17.301293874679313
16.974008352122624
16.03333414730885
16.303806207398008
14.297450641663072
13.072768603907615
12.812212322542912
11.828055927822346
12.34379724459592
11.532051522379199
9.604422170739122
8.72324449956433
8.212082465851012
7.770997757033143
7.821806420548206
7.8333070173142625
7.739838904103554
7.806563397680849
8.695522031305908
18.61503009378837
19.70582628554552
19.47838059015611
20.16968743404048
20.12811429608157
19.380602791153557
20.08808872040968
19.240719336664327
18.943408592920512
18.627204971479443
18.568228054646784
18.1656866529157
17.42419978992794
17.49802586285582
16.719060057178385
14.316777788261644
13.820688129481669
12.819457418478622
12.703913621350475
13.322113096925644
16.519498320561922
17.718742081919988
17.67476092955428
18.147248795238045
17.067426704970288
16.718764145735975
16.263714641904098
14.533193696845903
15.970991908282487
17.311667662476047
16.29889952571521
16.0978069734597
16.395333513884275
16.706993283762145
16.847420364342348
16.644855800527225
16.098626318086353
16.116384285498867
15.844154639391627
14.5535375814114
14.215405756959095
14.03569333684263
13.923984936943866
14.776505624743548
14.815337189017471
15.204151271335038
17.094282090520615
17.668679292525148
18.164496384821675
17.441564343008118
17.475184923664767
17.646155786580387
18.359310671176168
18.413600530922373
17.50514741629519
17.228555225766947
17.884498370036408
18.314168401115197
17.26474902490634
16.890236351159587
17.42947943770502
16.659286078555052
16.685128379595337
16.085875474665663
18.01829398099909
16.80168822718641
17.21941011156324
17.217978035909393
17.35664626684598
17.34173708933067
18.32220304377146
18.487120662612387
18.41907404742337
19.10034494369805
18.99780933324568
18.32442649236813
17.592085401687726
16.9465871695791
16.290317143665373
15.369122646365886
13.439776749734154
12.729114454242904
12.706884648311396
11.896876856245148
11.129369050504543
11.58572506330391
