7.857969439972348
9.498594079246066
7.8072839060130175
8.031561529963048
9.309503482007502
11.011235992418364
11.99706428410951
15.714412636833758
17.740900029879487
19.03504955243416
19.419633634443734
19.238278212111933
19.70654709843916
19.54339512745144
18.34071159038276
17.332685042102224
16.607731171184383
16.594302185837698
16.081299189024133
16.759902560720633
17.389750092244824
18.140885872967537
18.754646950233376
18.130154124483106
16.956568442314794
15.920877521497244
15.586864094692366
14.963188980632394
14.845309908466088
16.394956408324855
17.227925669078672
17.638435060174974
17.922472372717674
17.908331414335283
17.737281647444718
18.404117682116308
18.58246299051665
18.490028732783507
19.08855588834512
18.813434428327863
19.260228584355094
18.932713744132034
19.740847721448514
19.85964976317463
20.320996082683536
20.485758655407334
20.16073239637256
20.03816710656916
19.560302450458227
18.186916487274566
17.847569510794717
17.386275554130748
17.644458275211058
17.077598852565654
16.785085764666384
16.27977365626808
16.27432177015625
16.414566045394725
16.809151787096052
15.752376705846943
17.593354679201763
18.168553352828862
18.15129556235393
17.31604940709641
16.474278208695246
15.427150600335764
14.64336036270711
13.883269217484019
13.769766909968348
13.188407447479575
12.98568748821866
13.8084697334755
13.52271121199168
17.140861251302713
18.52133853216728
18.69169260916337
18.893193692369227
18.5581932263795
18.490583517073286
18.485453248179766
18.361798353443923
18.241149731823896
18.1749542579166
18.151961821590344
18.221904173670413
18.568432178917192
18.65752727769244
18.11978447975784
17.564698690744887
17.85729533562135
17.76672289631582
17.62401947581531
17.895580375059637
17.539448579946047
16.166409853129547
15.583042217853874
15.29809661786448
15.989349693691087
