8.185196942832532
8.46068226892414
8.342908870757222
9.059846271321355
10.248910376606494
11.657271461813018
14.971149763880195
16.700156206330508
17.147895535109484
16.99252042713841
18.413862319267345
18.90640151341582
19.467483522208703
20.383134939222078
20.00147025507542
20.41468602626346
20.462524362840426
20.330967208371852
20.598970412352923
20.558893608980807
20.122107910755727
19.270891165315724
17.732876332433612
17.515067574236937
16.675786985401775
16.52656485549831
17.081672045485387
16.954310035122415
16.809813309530618
16.71104317074863
16.191963810009096
15.667364881029064
14.679232075625244
14.620047379784973
17.87490906695447
18.06653703914253
17.47717397239315
17.348491056024827
17.815316422893506
16.991552533453945
16.63952290414222
15.889296428807164
15.489867843965914
15.669220431139868
14.898132304091272
15.108389785914818
14.897012616681303
14.545986630623903
14.170860502108779
13.708295825911884
13.534010082476193
13.367898190127162
12.52350867023532
11.650142854006145
11.06254207473759
10.720463999144998
10.270095780259382
9.613573232882237
8.757481294423847
10.515187037507664
11.022344634166483
16.546352368855857
16.56967591012302
15.639860225573099
16.30655041707774
17.483900566809474
16.73351790960115
16.958843091114876
17.50995945215036
16.844473157702677
17.301807273553266
16.868224813392757
17.420240170999133
17.996944710528506
18.82902005266049
18.643413818360557
19.04249648298983
18.879260431442326
18.437010747087506
18.424209625247897
18.13251154291296
17.805796368810803
17.36718561426701
17.036522730008446
17.469683521206967
18.21961213060756
18.57580542386755
18.29007002173071
16.650103375963074
15.585000115605489
15.320656501445505
14.4013240730247
13.779614885929055
13.238325406981295
13.139239547578633
14.987520138832865
14.617135490870128
15.892210659841114
17.77918254911245
18.46871095337289
18.55269422055385
18.258198878848653
18.335975241154397
17.473710332055198
17.383804842752898
17.354739707907818
17.33843671384976
17.71356566279393
18.63027854685672
18.866915597732888
19.67640077770766
19.894794398649413
19.58131927097101
19.04349528937797
18.779177192004692
18.508933999220336
18.807980194403275
18.052509022332973
18.211878935943602
18.276644929330228
18.50248437826985
19.07470474516988
18.953845948450194
18.74723065871711
18.577649211950657
18.288831348166067
18.63933289882843
17.987514784037753
17.313406503707238
17.13700369971547
16.684158011555002
16.593366074235586
16.777130861018232
17.303205861316474
17.011224685965885
16.752136548324348
16.51933489991209
16.323951102304626
16.527593773750144
15.615645684664715
15.585540288212089
14.415070940317998
14.149785438543795
15.694843833022725
15.085492633412382
14.542027274364026
15.188519214329732
15.004183932039508
14.503191802112058
14.44891278494043
14.670567283974917
15.808933307135826
15.750988757142506
16.329035065772008
14.93026017124964
15.150075806418636
14.383807688221705
14.065914258494944
12.39438515492856
12.477896211438644
11.409904317359874
11.867070082637095
11.314020413711207
10.82817832969276
10.056741133701175
9.58618451251214
9.4092373432916
9.490602834808467
9.278637652965939
10.855971168891651
12.264103155290005
13.17958479920396
15.663151504797888
16.780215738922482
14.312042023957472
14.512692974818892
14.074675792708437
13.305923502143347
12.131366871572006
12.029115269890331
10.898027249071944
10.353793120755746
10.002250428741114
9.407525318501218
9.506296761667194
9.115684088512774
8.448576035151424
8.755607778458106
8.438980375474333
8.210318443166285
8.12254504013749
8.446745582037599
8.333888417594672
8.41969511082345
8.28945932662323
8.323770268078345
8.875136727593652
8.673437352733826
8.821608831664685
8.709626071962683
8.887091197850832
8.520843932624935
8.800389709653944
9.252269924477597
8.661174913771395
8.95193425010153
8.260735267010125
8.595185948161442
8.60993634830431
8.256788341112713
8.787594825886714
8.362083858236769
7.819624628199032
8.669872389312197
8.792279769970886
9.895331989319248
11.222801392399788
13.093810733564155
13.544737408750885
14.24778497669544
19.035760732804988
18.340757785385733
17.099688693441305
16.261665629498527
16.711137502114898
17.019318417910068
16.40721668788636
16.02008566008573
16.424139983534833
15.849025204945063
14.957381656440447
15.497166857893715
16.027009892335688
17.46280629151136
17.944273228418698
19.15085363913908
19.935654142090527
20.890625416563076
20.640061661397226
20.553823783078954
20.358933177164925
19.781536055962945
20.4555154835278
19.927531584262415
18.1563290363099
17.473142736475257
16.863746439285038
16.04007251579845
15.553481008227225
15.559364911979994
14.792413005768204
14.597164505478153
14.517859838735399
14.195342096313295
15.674193976106675
17.400284450327234
18.669053342169736
18.943334542879573
19.228003222112523
19.388826598568468
19.628529559019988
19.39644157237773
19.69482970605888
19.570913975568388
19.258562613500054
18.99794667957387
19.048865176340367
19.079874723579024
18.810105545334725
17.907231405157003
17.562593319689306
18.654471747573076
18.27361610697588
17.308462253648656
16.493624577500903
15.761181654016356
14.84645028331392
14.08256938139315
13.921186433570242
13.494122554404983
13.011753833342723
13.942357009484533
14.736505677507894
16.281056548781333
16.34357242386296
16.971423691245477
19.186912716928674
19.26113264052171
18.89084883070385
18.978438130331572
18.698114405897233
17.912802633320638
17.761554283825888
18.075908667739245
17.42680506305016
16.754921747673677
16.574087445359435
16.364899243910706
15.932356409980626
15.857761812227436
15.958566054569348
16.126490451129428
16.19076914123498
15.673698197436106
15.419538114725649
16.01783332500807
15.562350997938335
17.872763087124916
17.319253110227553
18.148503690663627
18.033430764399615
17.065623772229234
16.980988910888573
16.494238582997152
16.041874157557356
15.807827813566213
14.521784098521788
14.51378076793425
14.601077468469356
15.130267844836276
18.812176907705386
18.786096533201192
19.131850107511056
19.361570007777
18.8446677929222
18.394072834019877
17.9059360966942
17.911934968211533
17.0094637427154
17.070152399313894
16.763713815191974
16.241603418873005
17.13428865918635
16.523708065029993
15.379381695311427
16.080984787709504
15.647253437565412
15.574223562197206
15.715412220966964
16.114480996790594
14.89707380211619
15.685719048814216
15.715372253737893
15.490660564846008
14.470146949587825
15.062754698570602
15.397895131484814
16.226608634786135
18.452717161026822
18.574702058192454
19.084819892702736
18.809254030307226
18.53635477452566
18.027545600250228
18.426546044368184
18.009815984202408
17.602313310550812
16.936468872335347
17.46878665276293
16.823641741920312
16.026900757180545
15.429702420236126
14.862346439125679
13.73936210737028
13.462676884869248
12.780454590410974
12.546868877689668
12.075751598357256
11.559087775084727
10.782359774735424
11.173439736111886
10.36943355803973
10.206863479629492
10.53922266077894
9.775928230917874
10.242485169134891
10.79161003657763
10.37306636441741
10.406060478965811
11.361279545805884
10.521508292238744
9.504827244899793
9.693625640232717
9.32875339298692
9.023485627035463
9.479957700053019
