16.370851560007633
15.013980245436347
16.067703036096578
18.673233259162163
18.61367237444328
20.666208055918208
20.26399243182733
20.47552018725316
20.829255393862482
20.292571433681513
20.48170403770236
20.77353077919291
20.106391376001564
19.893908907974094
20.089994123050964
20.04749468028457
20.110986972097322
19.741628088430268
18.971214148781296
17.69063761401946
17.583954030641447
18.511945882233398
19.123551202037238
19.147327522406872
19.203107433315534
19.031547011301104
19.068501470035105
18.571491069378762
17.847885091141116
17.24708039506921
16.608867938016182
15.546666015504556
15.033353177888653
14.641820581035494
16.056034118463394
17.82660183449301
17.929558542407328
17.489257278186884
18.35101724648899
18.754161749769686
18.769082666300456
18.943822546214317
18.434494023203648
19.183424173267397
19.43014775576334
20.665195853735824
20.576615389632455
20.357515004336832
18.95334803619639
18.073729478282353
17.75978070656777
16.244530974490495
16.605003963032072
15.548519593266374
14.790902600954338
15.337952150992848
14.130477338108001
15.048710036229393
15.718452819182625
15.602857611546073
15.528123178030874
16.110624635034732
16.27745573579265
15.876442602582426
15.965917682299109
15.44678982599847
14.133394652675907
14.207009672268539
13.968989887852212
13.699857365093289
13.055169428479106
12.601743911171265
13.81697152516323
17.389952860901328
18.706044905428364
19.275774371352888
18.738057043419253
17.291346983920285
17.001445451617464
17.934602840282363
19.777886208037025
19.802595092369184
20.611768596573008
20.080497632978076
20.73984419460252
20.75519164548071
20.762249860688325
20.47642982683412
21.010105032665216
20.96889954483097
20.72630285970372
21.09207736286539
19.618934029748885
19.820697570042707
19.883090476762113
19.51636825985158
20.179666522115134
19.45462892652824
19.72003099248027
19.626075351375434
18.5673036588952
17.635269447224275
16.710525997241277
16.449579771923325
15.994827569432518
15.290626076617096
14.162156640566382
15.655139411475147
17.12930629892727
17.870409019421068
18.840179666977683
18.652419769094273
18.034173286452848
17.86237729543796
17.594187597081387
17.965392443137837
18.15315014525537
17.597630669490844
17.405238021708374
17.20112898438005
17.2601175774039
17.563264770958988
18.00387133844045
17.85597671689682
18.297586831964203
18.86509214394696
17.891782447799436
16.9619517018876
15.929342716836898
15.742759689928038
14.934420347050786
14.363258060620707
13.149955587627787
13.56416180346432
13.684429976983655
13.773831973451664
13.289217342486825
13.9016711390017
14.621997561994727
14.663879428343927
18.488828626911715
18.644441967274496
19.46118509966307
19.507032267387462
19.63174266099689
20.60618018827026
20.28480894777705
20.058149093426984
19.981211718044648
19.217623191272587
18.852278829763065
17.829036229634738
17.730086522194213
17.206924378311395
17.52739437404293
18.300085527398586
18.248045378836007
17.33793618953663
16.481821406984462
15.764818765034649
15.175876322362116
14.471045434987804
14.07989433618928
14.271054491054427
13.96203449858182
13.788584087207052
13.949479265521774
13.367450231486721
12.509335897736078
11.676650730410914
11.870914665974164
12.676032550658405
15.723013508114347
16.713937639801646
17.838379572947414
17.580818176910142
17.93748815021709
18.04085902605066
16.866463345284366
17.535671804875566
18.49061650725268
18.96566380961831
19.78970474303833
20.027296395422827
19.192094190591842
18.221301977457266
17.98303984778907
19.03103813577276
19.656508000737016
19.476458358877558
19.471153047073642
19.66871361743449
19.122207303413397
18.709972248516976
18.803282702318445
18.3003178872427
17.404182971285493
16.74146232289222
16.25961622938603
15.606247095787582
15.402625437596967
15.121184306979268
14.938386160193375
15.108004823791163
15.858972182472376
16.78867815646081
17.300547702895074
17.617927956569293
17.429352709116333
17.080770064365392
17.39251697685583
17.28654326813269
16.795139960451788
16.062967171659952
14.915596365378606
13.991937457074432
13.554950890440187
12.72722055344099
12.782386269498684
13.644392244191835
16.75175491109809
14.980911836130405
15.531611934576258
15.803689394012721
16.052582771370126
16.614128957845338
16.407587414903865
16.070080957742736
16.232132006704422
15.971299360903373
15.92284574526444
16.12556835338714
16.512564791278482
16.792243038888294
16.707379839536767
15.620680913622895
15.068144750909722
16.86727217756293
17.880679959912783
18.149701683604967
18.660978623153238
18.80325429990905
18.4610336347298
17.89918985146018
16.98386002198246
16.486206812898402
19.681770109387266
19.579122972274302
19.955728016631642
20.133254265674733
20.32067127850493
20.08391898175128
19.16648189808116
18.107024045227217
17.835756558686825
18.089577941520762
18.3504001162075
18.29749144604835
17.558169377288653
16.720911525174092
16.161684338482935
15.306543857373171
14.736358418744347
14.306260065954545
13.058115542335136
11.231154119837344
