18.927622065332233
18.91541827446889
19.318614825106284
19.78515705185608
20.63436833607613
20.444502442950768
20.289442349041327
20.04667470282967
18.454041958898443
17.496284418785706
17.126793657817664
16.202742307619598
15.64786126913538
14.710578700769824
14.706147455020915
14.75145374611502
16.436780201067418
15.210724179496324
15.15535568830106
15.072636994915163
15.145634397498753
17.532480984384886
18.069519213786744
19.19886759151846
19.104129039919613
19.168121881222287
18.780168917398893
18.37254861387377
17.994311665956076
17.4731347306608
17.014894979691682
16.447052612217416
15.003174475917788
14.64768377170177
14.493097823470919
13.857762235324989
13.806404152404287
14.589693566746114
14.619922256494085
17.0188556481044
18.04495765203429
18.676977722385164
17.86428395801352
16.651748833821348
16.00008192901138
16.108192863075654
15.956913537753515
15.034188912636
14.219463372895971
13.926751336358617
13.653356237783019
16.2362412540726
17.018067804378152
16.552297933966006
16.764977628180677
17.496269937861246
17.17099251980073
16.2990091406262
16.921040142654785
17.695399398816075
18.127164819684342
18.40099149021611
18.51798079755266
18.555779491882422
18.463324723929574
17.367390162790905
17.00485848133761
17.389515816802678
17.526616137674825
17.034996915490243
17.764163107969075
16.450907038099384
15.227250230399791
14.578304275837127
13.76433068720426
13.373360844419254
14.624746322236659
16.236325477458823
16.996900410648525
17.15524216188645
17.95722549533428
17.607951756302548
17.82317028232029
17.91882934358552
17.358095668107275
16.972202429049112
15.77576354302585
15.720380914562938
15.930357417812562
16.33383341717876
16.998001053692846
18.59969382272084
20.074880330419774
20.067640505147605
19.214024453172843
18.570254956668638
18.94153590657584
18.834602732700017
18.33397062832439
18.17951174271813
17.841809819148985
17.265078469858693
16.28061995387188
15.281713856513125
14.625398348865344
14.167307387351636
14.670752197999393
14.42207058739702
18.993357970692433
20.156502110868434
19.63782393475537
18.540814505945576
19.150460186131564
19.417621261428064
19.70397642927965
19.874725181756393
19.57432741773534
19.446096254816986
19.562993860564493
18.53796530559136
18.211188903229736
19.021209906699376
19.45002482152515
19.571767444158503
18.66786780566284
18.70778208549376
18.461623434835612
17.62923986223008
16.902144670932028
16.313906343073498
15.130068987216545
14.741644194627225
14.151984552722476
13.879385726669312
13.100459934357595
13.309602215439314
13.368489144459238
13.631829964417694
15.642180245991767
16.491131173813606
16.26403833804323
17.533891646090513
17.024177095708545
16.54746220665559
16.457245862863502
16.387739892186243
16.15952529230411
16.636868262099398
16.657885080758792
16.93930635364656
16.85496315162263
16.46999620545717
14.925013398381045
16.001225744771578
16.486506611987355
15.598509340862455
15.43166649616063
15.702556683157587
15.439925417912312
16.098071772094073
17.285238761471028
18.403415811618814
18.462517845560093
18.37036149813796
17.366050478694678
17.407159234625016
16.739876176448398
16.656399061309074
17.099917925422922
18.302262858887662
17.20211778567275
16.550146157532108
14.860426420194328
14.782031875628695
14.927649282912594
14.258553721784114
12.93084649055378
13.837815381823466
14.236593841002376
18.750686744367002
18.851757495520967
17.172478217360034
18.50380360989456
18.24011823522822
17.16412227458505
16.89040276489761
16.443971387669585
16.081492863475912
15.549996211338284
15.129235327055648
16.258138351785107
