13.417895651992671
12.732588215689043
11.862933096560694
10.56892791705754
10.650871722837268
11.290259462875396
11.571115434455711
14.932908934731865
17.777399643828765
18.895419852303604
19.495482797640214
20.287740580585808
20.42278120146841
21.066149098696442
20.72446213017637
20.023788584060934
19.17824411212813
18.507410086646498
18.64819138424169
18.789412002017567
18.730878845926327
18.76014575994851
18.81998759309512
18.99008670877047
18.821975470139307
18.525418346693467
18.04823589140084
18.94694907562008
20.327892670945086
20.1993751451922
20.372393964109982
19.788147834029708
19.43251772345885
18.70373613662397
17.79538594508965
17.09710899451703
16.778848382396873
16.315533250486734
16.273995439751197
16.863688200910367
18.04817853843026
20.38794480773495
19.55007772975633
17.61169977808007
16.70020701404784
16.525029201422207
16.176841803527182
15.679137530645992
14.952074508011625
16.117644234354433
16.08080996832394
16.581058280643315
17.948905189842893
18.245000372933923
19.60705024821944
20.204880087925254
20.157123274305068
19.911734085141056
18.803850220518747
18.443313790893853
19.446604310299197
19.81815235217784
20.611710154158388
20.057264698329686
19.66374838926429
19.21548571594403
19.69365268700054
19.79224733038021
19.237893050140997
18.07275203113928
17.643781281469433
16.655006536520574
15.498572679324043
14.930400859881125
15.016619769099018
14.76762889524867
14.346777671660476
13.92084035948818
14.31798497651365
15.25445034436675
14.082718691505265
13.729831895892465
12.991459615523953
12.792305887262517
12.350918408845073
12.76733423596359
14.906961344250671
17.415652422969426
16.606109973060367
17.840896858980013
18.071936823809537
18.10555491565234
19.194546574070014
18.905146432792048
18.260138454199524
18.56181024566512
17.84716539430117
17.297862368563447
18.202478034808973
18.231663293297974
18.102262528115546
17.68395030347389
16.591253909510336
16.50525133481849
15.253464386054945
14.991193205960029
16.035415895755566
17.309725647206125
18.76392578204276
19.81379287026602
19.60587047304229
20.02911896238433
20.38120869487933
20.022816235730037
20.36088336887486
20.25580388497267
19.814736687152052
19.855833793627863
20.371523823171295
20.07130841651417
19.978206049750934
19.6474482933222
19.385895179236726
19.045436682566873
18.12777925137043
16.97208107172181
16.058257868233746
15.322007338209893
15.01352768994315
15.940320247461214
15.536472191745505
15.245034746711125
14.602739341371244
15.849769160266039
15.270532844955893
14.582715658928507
14.691366672161049
15.023708696920211
14.478025752340374
16.223681768993835
16.16771911468664
16.05935488407561
16.02888810095806
15.46797046159714
15.704699684660316
15.8390938145584
16.036966974160507
16.66079789123653
16.82276771651707
16.816878841633574
17.187516282434846
17.619120397258342
17.73989471557368
18.180859634959575
18.422559872965934
18.282118815727696
18.029364945389432
17.76205227478087
18.325413359134824
17.876737358450704
17.351630034331087
16.67489861292163
15.68172011490191
15.477918162103267
14.939809362096078
15.640276769186507
15.532591639431185
15.393990040533804
15.733256046436644
15.659219143297909
15.784200901688306
15.474619673587025
14.20728246402821
14.086027874407387
13.687292327384775
13.044355083991256
12.25883526183988
10.755669927713724
10.34282081529724
