7.260162446306275
7.905836132234953
8.546242498747727
10.587199188540453
12.242237302203574
13.658960618664494
13.813479467504024
14.191286446328213
13.237497257763462
13.071866412036984
13.850075761573072
14.521211576984715
14.859760785776665
14.938957025325339
14.675617253594035
15.097665811206298
15.302388740353788
15.435396794353874
15.55341038505794
15.76766821977126
15.912035702309785
15.906409040597234
16.031818060505735
16.09052430170972
16.250997195283222
16.340051539855914
16.489505955701517
16.345770234137767
16.31488654314487
16.26499385206778
16.148180506156322
16.73876958557025
16.57236751981647
16.731903500294553
16.849587426355846
16.993351496729627
17.320755309978267
17.295000423521394
16.98829664014441
15.533937792209636
15.18711147438063
14.776970289288167
14.854754053082054
14.32604277540283
14.68845832187332
15.020041383718127
15.432151464332733
15.7918530706174
17.440655939683367
18.850292889355487
19.032648511327995
19.0619981634588
18.97076833779196
18.612792426630786
19.012907656580754
19.129248731069676
18.656010946933254
18.81494065989312
18.41153951804237
18.04609622561125
18.16560153177254
17.762706431544146
18.105284987214414
17.8703201575192
17.600890630832073
17.589819109081322
17.449924483697473
17.316464261401705
17.71287896023925
17.905315708232852
17.898648623388983
18.01436056497302
17.86765195715832
17.63675377157948
17.69507028520329
17.72334165775177
17.666016720336703
17.807133319637252
17.321158252967447
17.160222732890986
17.012938845234775
17.203345645662413
17.214934700217906
16.556129988935087
16.694237421279162
17.54575886721949
17.340051640181542
17.26848364877166
16.145838118329124
15.936313970007546
