9.06990383882676
9.331135540231392
9.058835648874028
9.442657714007614
10.270429676084817
12.009208885511393
15.686401840113835
16.77368626065527
17.379577851172805
17.85987996505993
18.1869046462653
19.950345265927087
21.799027015538996
21.75039907158764
21.732188246922412
21.679806059952217
21.72387839313528
21.04078680688494
21.03096567244727
21.00393395162372
21.35996471325782
20.66424916577655
20.380670211248802
19.890237729126586
20.192099273504656
20.108330845537267
20.11226395266446
19.960452941462787
19.267735446405943
19.54004103897795
18.354001773436067
17.963744253743638
17.487284040513636
17.984766256708024
17.93423103166713
17.040735233081293
17.424158933430142
16.673869479518302
16.939038074107
18.174357444403235
19.61105076976262
20.05055055908472
19.777433299583315
18.727041208697464
18.424651691241078
17.98355275806516
17.5734524124171
17.003836896493247
16.815144773767976
17.242195633319938
17.49550912302372
17.26627188447899
17.61570084569222
17.664002066429664
17.304916889001113
17.65474872165969
17.951403391225387
17.61080354157483
16.886742500189822
16.512940397533633
15.828511996947574
14.873139685183174
14.371503942193902
13.508886377932324
13.70169139157443
15.311185526661902
16.365946129006826
16.148891620127145
15.651531796352478
15.412897588241766
16.16502098577053
16.601711328516387
15.704641647613665
15.917127966774164
16.663899565038513
15.640218011252953
15.772786989129653
14.756988871202395
15.170556124708176
14.6780843083692
13.963098782366213
13.854131183406563
13.026633315156007
12.883136203653974
12.499894171686636
11.399210622067725
12.074936546901606
12.709242095898198
12.107684620821447
12.42408350825341
12.706761857226967
13.556124389327795
14.582011910383851
17.248673257413508
16.263781715948678
15.563067017765913
15.940959384578983
15.652496242886587
16.395038503696036
16.05358817053492
15.600337365560273
14.865184119573529
15.413899644418695
16.053263091402062
15.67367873311746
15.024656509298547
15.494985092143978
15.474682355833865
16.45797729074244
16.28052901925861
15.261466998896266
15.794690317555206
15.985472778658213
16.081320766202087
15.755144069182045
15.907920128008332
16.852612528488194
18.431212970157176
19.414096366666477
19.488822980423073
19.362980827783467
18.709472629386955
19.03019902461137
18.376647676805323
18.56164145461589
18.15810676249032
17.62183507377697
16.80561812551617
17.158012759889818
17.011578035260754
17.90325666629063
18.38489073060302
18.31778554815696
16.452076110663654
16.152392005059706
15.920681623458867
16.010202958582358
15.493301565666465
15.194818807828776
15.02874120891279
14.14093535760093
13.197416065112705
14.514931075210898
13.708832983494695
14.041062478530788
12.18306133265618
12.97701366623548
12.433116483559857
12.795127797327373
13.642948222500465
12.142842487697349
11.648651856597734
11.80451701773125
15.527989259915975
16.99176568552502
17.786349127138447
19.16644223484653
19.14848960111532
18.70024099192153
19.265379729265167
19.377479292064553
18.929695631172322
18.480916948972272
19.02724761844354
18.802526708581606
18.77521093091473
18.606181419964106
18.445661977390284
18.132134271812767
18.04691004922513
17.82699984705037
17.633495464710972
17.424225984956223
16.998323375268775
16.14243999562595
15.431443705358484
14.647681621265106
14.093893051854186
14.786083452593608
15.69607573884892
16.766916576182233
17.29293373983618
18.292827354961744
18.815626227741447
18.970485632069572
19.564085547330468
18.608614474177674
18.949492291693307
19.076047176738488
18.659436266946475
17.873419198256858
16.27639994880067
15.939024911514547
15.254766861004304
13.603963326948351
13.622625334372199
12.987702319938412
12.341280585999241
11.629811660045366
10.806739942698076
10.128724880439828
10.115467094691667
9.887536275387829
10.169254079687212
12.97980490866982
12.628697875823706
11.778990275700952
11.219774609326313
11.608687458067974
11.94715413115427
11.649529782794795
11.944625545315496
11.740857806088266
10.616765571274136
9.907192712309543
10.958507702203395
13.182264991842215
16.091475262621913
16.860834044260493
17.312232916501838
17.489481302969512
17.63688443307986
17.50991378830884
17.511806519306536
17.377027241736062
17.007974105353462
16.191941018441586
16.205716796092965
15.925478628126704
15.662471198865845
15.893614193198239
15.882523396718225
16.301857756463846
16.23915926516893
17.325774734298925
16.352459243408347
16.384479549033575
16.716348168474088
16.48218837718268
17.32657184094202
17.482871874124005
16.504680435968414
17.544733384790206
17.353139205320552
17.391685572526562
17.592627296196515
17.537632059238838
17.333196451953942
16.111786612027853
16.790809105494912
16.07114883391654
15.642315843217132
14.254756571674744
12.556581515220676
12.845534926086644
11.78381153404402
11.49352104535369
