7.871045579487974
7.6234394166295445
7.806465877209176
7.615600306073308
7.993348112543835
8.155441175238286
8.613294216977843
11.296431173425596
12.979042085901156
15.993136967581432
18.14347647163501
18.41517455773456
18.473435610203715
18.84930211488704
19.534836224124664
20.177908955396553
20.28301400087584
19.815955517450377
18.693039225839282
18.017716936253265
17.218704550967605
15.676016476052025
15.535808096846509
15.491076379581786
14.496550257179509
14.053760109806307
12.963181957765233
12.744132242207684
11.566373134925652
11.607594355421178
11.647411314957079
11.668994808331954
12.212166020928153
17.040502177873645
17.33059422111355
17.147204821692323
17.873400544050465
18.543136916594538
18.59250497579723
18.8265504678802
19.56267266130756
19.833297597708523
20.091755557070005
19.2678756349548
19.20998482138235
18.246955550716837
18.301339556390516
18.6318403175056
18.316487149177046
18.589305421507405
18.44888744607532
18.71587365436695
18.52072252663942
18.275317997330013
18.58076717699204
18.53439788801428
18.144733968487422
18.324096679973906
18.138068648502628
18.63800662429274
18.99848282803255
18.953690776365114
18.386745866231067
18.549693950319917
18.257139260984253
18.85767849889261
18.19340689626613
17.933197101716328
18.368416995729447
18.07092531195461
17.508463149368687
17.921868639052747
17.607023000799746
17.185866241816388
17.26635849894929
16.317633633105732
15.673319494582618
14.347097445234628
13.889520571036513
13.245000588877186
12.86330645118572
13.662751920028315
13.188170897218425
15.967336849801493
15.70366125823057
14.367439943203307
13.729679019638573
13.40591548212358
13.891575820538408
14.27818305761742
14.488333687350195
15.27083756807276
15.571960806036653
16.235248984803935
17.108689233476223
18.189322163770985
18.881432990263114
19.055025638985548
19.524015470187734
19.922998716253087
19.97833652741661
19.767961334437686
18.858780730469608
18.730517209785624
16.993343731231757
16.813417031775266
16.586954375470473
15.646796563729525
15.565259811224525
15.318098304005547
15.11830100573694
15.40239249637466
15.649455283001785
14.899879149422894
14.205227226465276
14.462011019219444
16.930840402923405
17.832437019633925
17.68980546045582
18.109968167086283
18.69464054057118
19.267384800287047
19.029060087900707
18.226937047173635
17.75269265168073
18.006502679083045
17.75914843137281
18.281649576902502
17.53906046799746
18.19231100758161
18.29373216309935
18.78899393609633
18.697713851355232
19.27425532676045
19.169953272393904
19.198143378524342
19.329127771251766
19.412531655797306
19.021913011103596
18.987129585018614
19.29804218921291
19.536557602523178
19.44306942501717
19.520549126253837
19.325375430946444
19.757551068785986
19.80806765833511
19.290152991767798
18.874923117450987
18.866594042372984
18.848517138714076
18.74989097417275
18.480541266209983
18.08287434998212
17.630860977699715
17.4840337006007
17.446400345009856
17.3785361816047
17.54427377347204
17.40762917746122
17.65374895726723
17.849790296952598
18.486869624576787
19.030244898214768
18.721370406461087
18.685074789400534
18.29854156598922
18.512352471257508
18.460304630276926
18.482049443863662
18.7506232547845
19.034696923498124
18.810290229582602
18.641468117659873
18.491401527219324
18.57773493610472
18.611358324721166
18.828508877788146
18.843792536943592
17.661197551111453
16.994574342168743
16.910474693420582
16.306433833001712
16.842799905285858
17.04287477823199
16.89204131694149
16.138169213385368
16.056087063782158
16.124421858532532
15.84169492154676
15.555460886561466
15.887333701202564
16.020311981229145
16.118444237591387
15.834444052703184
15.757369145003937
15.819824164609347
15.587328120537206
15.611278207738595
15.584977823923989
15.32678015873786
15.471759541835494
15.315909575596823
15.327071321160505
15.869425133668626
16.28113315479656
16.496853579280252
16.17567597594607
15.470449390075002
15.505431427050484
14.430327642783974
14.590522576193555
13.81677595126266
11.968519221774542
11.526446904625539
11.557029757695013
10.657751258439378
9.907893202649669
10.30515143874606
9.66524427496842
9.209595440716587
8.525572034919637
8.337312328298546
7.981334045374741
8.251312826271707
11.258079387990184
10.569624640183923
11.975465907306518
13.125260722939787
16.826300467543824
16.972889916852164
16.673840467068935
16.651398324733194
16.73934141983269
16.846214247885968
16.34427830402543
15.377596425608642
14.798789353946324
14.043871690816472
13.435221407131387
12.718967377404681
11.632112159759998
11.611874598333356
10.554988228213064
10.772497354219396
10.042105524063173
9.398424305425829
9.41273593980176
9.161748071888566
8.956376241939553
8.919581912111193
9.08214428707745
9.341934905575748
10.395547074548821
11.987608105672114
15.581727067468155
16.93088973979852
17.363934399148448
17.07628610098638
17.004122204216674
17.837852348483356
17.406106541819078
16.63951146930775
17.45180767236113
17.855977516103092
17.084603754385665
16.657313330680065
17.232042568583893
17.12770229090378
17.111777787322136
17.28461042350732
17.320455905928664
17.744927843160962
18.122761877540825
17.84234222703557
17.270487968053374
17.025227500096594
17.053317947067008
16.03913599271068
15.707298356531455
14.917644121707484
14.541615584962056
14.39863298991984
14.320755285560566
14.418703137813717
14.315571693020859
14.668697431053829
15.236957640411232
15.867698923807195
16.039926332715172
16.303910873759776
16.01014323227301
15.72681469528686
15.882086216911874
16.072464253588706
16.160930122340275
16.479852280037857
16.36799193290158
15.643200947005987
14.784248640590171
15.805345599767131
15.984782040975134
14.740346675660502
14.802548868455453
14.588406643370028
13.955243478112754
13.354735592673993
12.200108761407636
12.304125808221896
12.324665376685289
12.272818637521185
12.362804771048658
12.236300084696962
14.026832833793481
14.49763658388232
15.837759532532097
17.253174239887063
17.30371783664236
16.46844586354503
17.057311245794367
17.125840877465066
17.241658303717962
17.276004732584244
17.807637125459088
17.275016631154717
17.312507564767934
17.37009022463556
15.585762053428788
14.708691491563046
14.228381914184869
13.874128595148873
12.914248956082476
12.11581106460083
11.80034677220599
10.414277270141877
10.015674598532012
9.17100482286857
8.495278330184702
8.19714543148023
7.970327402375452
7.8152774202932465
7.398058148605652
7.283841009287688
6.825995352028053
8.35728679650591
9.72553511887982
10.860145746683905
14.272466475258947
15.724573621198616
17.824118860168323
19.26249866115224
18.849224383120447
18.701121674779955
17.696825405034343
17.004618498138015
16.302947290198723
17.85237365661021
18.735351705919594
18.867261024415825
18.95516738613616
18.750061602048053
18.621346786270326
17.538016207252774
17.122261945532546
16.05351919619632
15.155812586928748
14.296021122592151
13.423110078773474
13.600761265732526
12.635564439528409
12.625086274049544
12.858554779415767
13.621900781661806
17.046591499091818
17.889981057923737
16.652503999245482
15.951913818001394
16.09461008095731
15.574232284426131
14.89507237116506
14.621013374485795
13.813717739564412
12.710463310496372
12.309454899088022
11.560030833108025
11.270232522521665
10.871298433557902
