9.594573602648175
10.779253328439795
12.019079272886549
16.489424437460414
18.551362808155734
17.560034914148545
18.25807245683556
19.153644462952432
19.30283623881356
19.068346912048984
19.405822766133724
18.748473704859816
18.543188365040557
19.055030700272127
18.841122998320362
19.374023947514637
19.406666933710643
20.166305186320642
19.978732307976387
19.85835281518067
19.45202383522394
18.825759757370253
17.9403441678516
17.556724267040032
17.606893526700816
18.036297055199775
18.154811915711925
18.037207392352585
18.370609254860828
18.57865159759308
19.349211192893485
19.144295346396177
18.603918531624114
17.854165608273302
17.020752576398866
16.505687349631632
15.522055568039795
14.604766906366494
14.165854899036152
14.016490771513677
13.377923092797456
12.389091940756408
11.706363148494209
12.937867015213325
13.359827811684434
16.307204371375352
15.994793138185663
17.00356935624899
17.653083484763407
17.45617225902473
17.430657226855054
17.693595739022022
18.389091425788475
17.972490572328752
18.775444493423983
18.645223743039374
18.452965378331694
18.64383216218608
18.65532731302187
18.360506850018414
18.04046273630803
17.942949347480305
17.566077014813434
16.631863034528614
16.51061350663588
16.451709950150324
16.285283473150187
17.772161272380718
17.63269507974032
17.497232231798534
18.160291701579602
17.67085730064055
18.367169310787986
17.97509649263221
18.146897562344275
17.967888129841267
17.601801949737123
17.31773762404565
16.216818834967953
17.01451022053239
17.22133876290726
16.473464323149454
17.73086662813332
17.506467053277767
18.37716768900329
18.106818574718
17.948619377180968
17.734540666599734
18.178125572282266
17.317105997586946
17.19711182572803
17.722400939684714
17.617921132758504
17.505262028326527
17.617632776839386
17.572439683204724
16.96126706741299
17.557010714686644
16.856826541650918
16.777169229923228
16.795438280277615
16.144816470911387
14.796301573092988
13.858713903660519
13.815625386312654
13.341735634916908
13.581264449158814
17.306239715928992
15.94075610484894
16.588065315045068
16.5789983348555
16.814993089207004
16.60778860224504
16.100607212332346
16.596363642919947
15.95367904728487
16.73422751752945
16.157484301676405
15.938785755374846
15.986339828925074
15.845341529518237
15.204421919336061
15.433415576197007
15.429632129769898
14.973413652650429
13.721509929957008
12.670773719490905
