17.787191677149295
17.963826570502647
17.50500519270901
17.419766186170293
17.001677452053794
16.765007764869868
17.20135566837951
17.354586305017012
18.618438065567602
18.346575178967548
19.23301234062735
18.9593527739965
19.687854942968265
20.253220888932365
20.350600824984628
20.32099135690655
20.248461560313228
20.168618565238365
20.448846146754644
20.400498041582352
19.490728443683555
19.530324904304393
19.37962666097608
19.41017422248411
19.973549295822615
19.108293588542093
18.732491711569622
19.309000068030656
19.361321927777084
19.947321665738453
20.119485093032086
19.38392911291009
19.88050997217681
20.45964948069682
20.970985977593827
20.509698726829892
20.30995436590364
19.99884254079208
19.680485743331282
19.553333806307847
18.808743622043334
18.68557686232225
18.77832279151184
18.409887454125005
18.44501699361013
18.763195665491317
19.88486894905785
20.323111389885586
19.877098115135592
19.890661808614613
20.373041883925428
20.297605313693424
19.933649919260425
19.35441009754617
19.93809172974653
18.686456291954546
17.446580043115357
16.53188779269281
16.508841106606546
16.130406580963992
17.477706710889052
17.591248566702767
17.672971301781413
18.33806489848197
19.34580391861696
19.758793700941936
19.80122534737785
18.043365780248124
17.83618350347091
17.31650769831177
16.919004412804206
15.754713298111124
15.282922741586983
15.147754062021171
15.294870497929521
15.220787840742085
20.796885739554472
19.895185093763427
18.73486848488066
18.335803102624762
17.58995592114765
18.179179462164345
18.75022146053333
19.412251368874646
20.622097472645642
19.86555531985359
19.93861324072143
19.063380084157085
18.891872297448398
18.67975014721653
17.736929257960504
18.36294370690535
17.607571203941003
16.82049328909009
17.32971761247432
17.22531194953876
17.424606494846792
17.55744905743865
17.336886215218808
16.949134020359285
17.172682847955535
17.236640423725156
16.647609838086858
15.179312685713182
14.98601703229038
14.223679872711356
15.51682036478308
17.380299321618832
18.749877197035747
19.61218642853293
19.79397542629212
20.564342596933894
20.546486252489725
20.665440379998415
21.256491744377048
21.327728591827647
21.308121357203575
21.14595017112827
21.1897340427283
20.984323919256443
21.416062308711894
20.50915500607893
20.646146604572746
20.12249373974197
20.17505427021974
19.411870768583483
19.259188397612764
17.580031515913383
12.416318839651066
11.950463127710421
11.757221882363744
11.86258001930413
11.857905554428196
12.03407918347167
12.175002639593744
12.100002570587266
12.198731270980634
12.181856732276106
12.277869316843065
12.378163661223759
12.978385370893376
12.635330114505944
12.646276105985313
13.33923224448611
13.448787129700415
14.080119717638857
14.564297715730145
14.61522464739482
15.117433095005937
14.736882318666735
15.016366492188881
14.949641424701346
15.181420911536765
15.476888035306507
15.134575942848267
14.885626406398014
14.184141613782305
14.003484201517928
13.539888673333976
13.994155873892126
12.962653187270991
12.807574240639855
12.282621307299213
12.406982966752258
12.538074923709711
12.3978526795679
12.573045085709815
12.385943379897876
12.528554102206874
12.635707885705926
12.518120387779028
13.157466477075255
12.648855300045259
12.836559436997993
12.829451273025073
12.421330957575936
12.245969590973178
12.432077759906075
12.31529581777152
12.576478454958474
12.456745859602597
12.098160959542248
12.17163571593977
11.53166115491068
12.119235354610407
12.055017728362634
12.362807565147946
12.001601693641796
12.068493255806134
11.687554781051395
11.690043297852647
11.829386777849352
11.926749007256891
12.052386217330143
11.813330554594605
12.098932778691113
12.096759823941138
12.085938190100991
11.77491189194984
11.767998011095946
11.726843921454662
11.659524135775213
11.962561613538506
12.721055858995376
13.841084399457918
14.42802051972484
17.0369897714008
18.260473064044564
18.04667286389823
18.39691146143264
18.013435053832826
16.675612237558425
16.003212379182447
14.927295597077055
14.61753900906074
13.784228322326966
13.374081107440812
13.248816209046517
13.021471533476666
12.804544606077588
12.59011178991904
12.694424505701285
14.270770289178698
15.128722990343388
14.80819102440067
16.02612229991282
16.616907630527283
17.056770877303407
16.750897935753223
17.231534410647548
16.78273590318217
16.408780776347392
15.228681886652431
14.42047900456616
14.631127769669595
14.338375623774247
13.184943588987794
13.194679419459476
13.030295509406466
12.528171909778964
14.582797005159692
14.115094685230478
13.857354154719404
13.76163462823684
13.73356706521682
13.510916733684347
14.007073446734939
14.701767784514814
14.653968559907966
15.198943344487837
15.784918678754952
15.091356229836373
15.173011418214415
14.055454153176505
13.980741473888354
13.702883768752782
13.616603522560515
13.539621478534775
12.894244733049598
12.631838176450556
12.755762902419475
12.808846547168672
12.991234884184086
12.79462024752265
12.800311002512824
13.514973544082775
14.570970317338706
17.159379594135878
17.901455472757988
18.497818715941428
18.267775112270165
16.97856759110695
16.270694821298758
14.983706962945321
15.16977697630207
14.09236175428707
13.701577046414249
12.991880893477258
12.601935329187475
12.770628624966715
12.062584621648929
12.536517039895552
13.346885464584329
13.5468422490958
16.80634196545134
16.565695395779127
15.761973123833675
