11.431810324392163
11.666344070367362
11.765244901876278
12.269837552142324
13.531561348435032
17.499558329506495
17.47294626490213
15.667181801568912
18.254273769185087
17.635880954737285
18.551599224375092
17.75436506857894
16.17476296150911
15.034829667329376
14.841795648012784
14.307823075417796
13.245095575513696
13.402026197314266
15.035312706742516
15.820504687835983
15.966339326201176
15.576697125123562
14.830812301313241
16.690416585913113
17.869090773956497
19.146656784318715
19.539796947176303
20.63771498721205
20.459495690046293
20.35597517938772
19.852589260494145
18.931266685232913
17.41371143911716
17.748544488344873
17.34267967578976
17.361218979402338
17.281279047974927
18.007075031693088
18.049737715551558
18.226639141243837
18.69814714708273
19.48680132985105
19.50506110968427
19.793425841887856
20.509997342909195
20.711941160872666
21.122479122369
20.38640293366481
19.342249947826225
18.659190249921664
17.619699046443007
17.083012679470112
16.139236593115925
15.730548624308947
15.627224344061402
16.230463968973712
19.182714040632373
17.770004944794646
17.903423393735704
17.654640496877136
17.728973344550642
17.97368249309421
18.08441057257045
18.18911197132188
18.54475677044159
18.86572075331087
19.874352530265515
20.42470392048986
20.337383532031986
18.528733723001206
17.669641730314037
17.74677327709572
16.78333129426155
15.943954195827024
15.42920895062604
14.966533568463031
16.864336161491167
15.915979028326413
16.636151211506032
17.875837825715045
18.14205138919697
16.99598591496875
17.340041022771914
15.718574986730516
16.124802376664395
15.38401950861326
14.931411826447151
14.909046218947283
14.633308084854464
14.141170225900836
14.04700340105733
13.890722291624144
13.75689353799631
13.851669853100944
14.722933076040892
15.833455847893395
16.8202315456589
16.643289773086952
16.85082119390577
17.246295621867187
17.25973519605685
17.033881943637976
16.208816355744407
15.539340540696195
15.523845935771744
16.81576189409565
17.94020094626731
17.945474980362214
17.983536897472476
17.36136874928111
16.453485743022217
16.06683061945034
15.209802710431001
14.517453636432448
13.917635158575205
13.124357922094536
12.647906025684645
12.983836741009268
13.308843673844216
13.421863689214645
13.919101993710186
15.300949417893865
15.478503341251823
16.849999469631058
16.1844840664077
15.510791523398108
16.755370159860995
17.907755321555598
18.301470463328076
18.522697047004982
17.52964019725867
17.236075771467124
16.66667193754926
15.603214303300215
16.424824300607714
16.95664458589518
17.560663753989036
18.124194261041914
18.186325056824863
17.691985627913553
17.63380696204566
15.353197583639359
15.39415565817207
16.617821651523954
18.936918045575396
19.740869046782283
20.097428699415048
20.689607819965673
20.342142980644173
19.078406159929482
17.611667404174355
17.464352343497353
17.49336874111609
20.282250864493413
21.19519182219275
20.865201185474227
19.373505195129173
18.248884669111586
19.064093617974066
19.644123581296505
17.960354677192463
17.91069127395477
17.349109926817828
17.470654809393434
15.711173664099894
14.827783103215527
14.812015310257845
14.470338030715967
14.730429578146493
15.662092549104106
17.18115889232875
17.156438696656807
17.287684975710047
17.209229444939147
17.487866820497068
16.067081028372385
15.494006433835413
14.51672494767926
13.786565530213116
13.654347557555676
13.016269714730903
12.977315993516493
12.984643357559712
12.739602976162345
12.509656955994053
12.485882658458175
12.450579196607015
12.438224063356293
12.004963217239457
12.132954665293946
