12.310668148062133
11.600104380083092
12.032360367582875
12.591689013905127
14.32170507338221
14.267683381542426
13.222504298363571
12.64590823337483
12.05486311444654
13.38543955111703
13.471405888888508
14.43181721008389
16.691292894223544
19.65371010650848
19.996334904792928
19.516389151292525
18.15909624733916
18.25740019817797
17.87890823167211
16.260707260280462
15.751287929020815
15.194293091300494
14.917394493156008
14.823342777694236
15.463107747599835
17.013064341058627
18.825625730446536
19.7644206138146
20.121787904221282
19.621824920068594
19.74586902618816
18.25055291857917
17.56082526578686
16.843274215426568
16.886211218289066
16.412581635832947
15.82970826369033
15.948107957271395
17.500027536049355
18.88963157022846
19.455594880785547
19.24182859250009
19.260874217831017
19.803340076753
19.232573806002673
18.748953945708717
19.02604311750682
18.37025974640207
18.127414500490662
17.45791584331636
17.917865184271818
17.66174479416696
18.01316457944868
17.68229200985438
17.358534768007747
17.110328089773112
16.3595151273623
16.20431357866993
16.294649474082398
16.644291514807126
16.28563811080964
16.107133664491275
16.53375041200965
17.118324203938222
17.698316809233752
19.052404769400553
19.37809183685639
18.919175031421407
19.058643594704
19.019272236868648
18.210449699033962
17.455375007999475
16.669278364970705
17.409368891194372
17.45014132133079
17.498499758094244
18.074138104117946
18.178823613838546
18.739892685288773
18.848996518112603
19.161961826472737
19.25837460342656
19.068610316286424
18.866699460230798
18.40855164338766
18.19356441703127
17.528914753590858
16.958584084842688
16.786099027097332
16.738214766365335
16.29550951048731
16.417634227238096
17.22112208157716
17.61350418693834
17.830537779668752
17.748967665160546
17.83536353393754
17.57297845002633
17.869536028117977
17.505717779588508
17.360281312712992
17.491961183043347
16.991733541382953
16.688369103196372
16.239423343771087
15.805534287855757
15.945137866986173
14.991095791182726
14.082841474811321
13.813862388912757
13.12376995683641
11.565760055044455
