9.973405344661195
9.704418440229489
9.705650724952578
10.842309679410004
11.93464887305702
13.950985576531062
16.001959248267575
15.746306707445116
16.64817157055708
17.031704552567227
17.3438372338173
17.374185498116788
17.043736694949327
16.975331678754866
16.54900083574252
15.569756978598496
14.941783202423544
13.953988052562554
13.163583865723133
13.158391434833801
12.865495535456542
12.978403506801506
13.384557115585446
13.86204013700032
13.583618991470699
12.940074244206912
12.59105774338359
11.732429025831154
11.440334015018927
11.438321873884922
12.771343115216133
13.09533044733491
13.126972504350636
13.894780853464356
16.654336653432104
17.688535978062447
17.993527897711264
17.983519476983098
17.46046711380842
17.17340752515289
16.515574521176582
15.946196623549993
15.079878129795622
14.820018759876318
14.08898123458744
13.632784482877812
13.847237449606009
14.682031709238968
15.405463370612951
16.45875902891093
18.160340714414637
18.488623487247906
18.221201743388786
18.83092024157117
18.65795024577984
19.255766229068023
19.262030557749622
18.786698941845245
18.309686440691127
17.390774304573256
16.87315870377199
16.78546832762618
16.451406510389372
15.818632810394542
16.050135753803552
15.908194107606507
15.422409361502053
15.65124981052408
15.626728721797061
15.852233745258918
16.00485993073004
16.96917845156507
17.801039640816928
17.727797768821688
17.32122412164759
17.2806001112861
16.076947588608533
15.583252086082927
15.341397449281173
14.903594748469072
14.864052834804376
14.175698606009206
13.370414027910506
12.988871188583648
12.903588011200366
12.96966256374149
14.004509697503359
15.52797780478106
17.005741885654047
18.220497412042373
18.0443423495454
17.942691632347742
18.24054732112272
18.73604201028953
18.41882581023884
17.491042553513633
16.37662405175544
16.632052731184572
15.961465304059693
15.786172345041516
15.293471980982616
15.401466589683194
14.716092271614606
14.657979107104547
14.170736979422545
13.947318877050972
13.559520387102582
13.383244555639616
13.630606405785766
14.664660414936769
15.774238988674025
17.343670611600768
18.23611791555136
19.096242958150665
18.985588945401393
18.213028496183714
17.6514658606257
17.468556067925107
17.84707856469713
17.859700978130103
16.485319812663914
15.674512819536734
15.173348704069193
14.164078770893614
16.03862321477899
15.793916443548493
17.493811799459234
18.569381602883013
19.278438757200558
19.427070371498964
19.3751623752174
19.182902390124365
19.48619809890709
20.129657247244207
19.386277206483886
18.97247802750533
18.911517506845005
18.040331389206816
17.08148724778383
17.542629399510734
16.703601113210386
16.302735474120404
15.938490442609167
16.5562993393129
16.919670407520087
17.367720599914186
17.618091864850165
17.503449303289365
17.710658988524823
17.786802524578412
18.325988981133555
18.71428427730043
18.612310546398447
17.716340151041887
17.928058010302504
17.809934744604988
17.722256623118348
18.50906280787372
18.223456667226483
17.938347649986625
16.848538356579553
16.608993111825693
15.679477382928702
15.340238439846166
15.675591532705061
16.241837864522296
15.785502809067676
16.827178329726838
17.45411416244548
17.664242800469967
18.624581821752926
18.433201169682206
17.966964208559688
17.510450133121907
16.615961891568062
16.116129501182726
16.123780415138913
15.962703091801624
15.277276833590033
