12.948387300762164
14.620950757164627
15.584979624976453
13.248231320280302
13.799495891264439
13.291343621730721
12.657808624134045
13.102195461556274
15.939502031239787
16.395032478526876
17.710656552540808
18.694199988183566
18.63285707544656
18.64056681559537
19.805125984550923
20.09045077664196
20.172202272482327
20.835455734555048
20.496540546774053
20.12954977628806
21.008390412146717
20.180141695758948
20.72984541172773
20.432369065128476
18.79118426025516
18.155791904397045
18.158151779308003
17.11114042128673
16.819696061849527
16.998334617867812
18.2534863315585
18.204734954815248
17.7404118198723
17.40960887272849
17.63917955094933
17.01263488626382
17.144989700222173
16.840548194831314
16.946281666903566
16.25426035652789
15.118471667240266
14.41593120611084
14.683508644845276
13.379483856066154
17.317515316168866
18.746388448491885
19.450878916216176
19.56224224846843
18.389778412169665
18.345265544261935
17.350678052581284
17.38935446862486
16.924470672613744
16.16497318304777
16.55495421478889
16.98228545720699
17.928699147209826
17.030082740213803
16.97326121013628
16.80062735584055
16.831683354196404
17.233217301241293
16.676492138766893
21.38665778161895
20.1665379126378
18.479297279386238
17.711342420963646
17.37128343138484
17.12494386433972
15.821671036003947
15.54287705679427
15.35834484786097
15.549945416733609
15.550710635690479
15.408952122023626
15.447328956424014
16.178659253314446
16.785683045942868
19.862331074620414
18.160251173535627
18.17756813462596
18.378871128957414
18.62420026899448
18.57586849189121
18.013928015886194
17.620965805858656
17.630101812642092
18.11051686657229
17.591929066661223
17.913288684650052
18.071666488172983
17.958781024502443
16.609575267957663
16.264716788190526
15.152135840730846
15.039315002267136
14.932043234013015
14.706621913974695
14.502255849352338
14.019014830198126
14.167202459844715
14.323428095136697
14.532518768289357
14.108135803671674
14.03672143193913
14.705565120452906
15.855298253782026
19.19981060441128
18.268317282205466
17.782491578315362
18.406100695692693
18.106470235166537
18.429447138760988
18.03299230557398
17.303740753581693
16.29828454055751
15.532560255390411
15.268458724852927
14.648680882640313
14.646812430192107
14.244473367617221
13.454300088024766
13.876718829350994
13.633535774106386
13.809988667205026
13.65036357160807
14.032654292992422
14.275216691618429
14.499501792568333
14.552493314714274
15.20134116511545
15.115012524927124
16.203435815313302
16.375096092773465
17.81461999125642
18.314709612277927
18.116924014209047
18.646438182920186
16.88155726624485
16.57801294338391
15.807804044917408
15.828974010134742
14.90884875324573
14.819212625816064
14.541136479626026
14.81157613658572
15.022278260594582
14.807004868873944
16.859331246069065
17.022081256649052
17.02223712001374
16.716903089463354
16.638486676546663
17.235473616592753
17.494788067100767
16.878752436696068
16.73072646152774
17.384248705748636
17.505972978699553
16.84089542185987
17.582534028475553
17.11285516359291
17.25034966801126
17.221580204107187
16.587099258149248
15.959453689793436
14.806552118586485
14.869277852620629
14.922208524930394
15.0199803211343
15.878430431719663
15.241230107492552
14.597459542611361
14.222245524969614
14.239295782557294
14.142042493419767
14.261166343392544
14.311762178321954
15.11286463681116
14.842067776658952
14.547423850974374
18.61236115350613
17.827229599885413
17.938007437787057
17.075941172112547
17.360555885130893
17.145910365549632
17.127058504843486
16.9294717283678
16.47559134727143
15.819900277047742
15.479654581593552
14.756143961609093
14.2164661029251
14.823668617478562
15.70304757513448
18.990069639144227
20.047504070837764
20.069334821524738
18.05195447112181
18.06967936840332
17.36908495971375
17.36589626764842
17.638915748286916
17.633480462368567
17.564327168986782
17.20067393383133
16.890328199058164
16.432075031224702
16.51538555112579
16.312669767603836
16.011947009860197
16.11296592749456
16.17705002171947
16.11835712101056
16.361137633695662
16.440354445030557
16.226192606595387
16.089253274329185
16.188277561026453
15.799726213154981
15.822383553589908
15.486817554045027
15.69385878959859
15.21808734939727
15.093065937488538
14.855458153889444
14.711600958524865
14.49438836429256
14.326966345012975
14.26631070189308
14.426982886072476
14.130422631130225
14.010243831981905
13.658627227205349
13.888676120272185
13.997757623775835
13.86537693123792
13.93836090801457
13.99563276351551
13.887708026809547
