14.467715392869735
-8.23490081862287
2.3989268392275256
3.113155259975384
1.11273600834876
-4.656307271027019
-25.656010889648446
-5.056567632908748
-9.738447653280886
-17.675821217574093
-20.093995014703406
-22.377045774452075
-23.372377209988127
-11.431346219540956
-8.271248755846894
-3.1777502717552637
-16.633930137458574
-11.621582117994544
-20.081677258633466
-13.749131871825714
-14.274664404839662
-25.072232813935326
-13.735699474383287
-22.856925385664148
-22.028930430029693
-11.993828439727668
-23.417428108751288
-26.270728598700728
-21.284822374962644
-12.717767440108107
-6.898296106107247
-17.337662402875093
-20.092713455148576
-4.485073523696329
-4.999369033449888
0.8997219824778202
-23.19627769209054
-9.32605676284075
-10.82239874861186
-16.71957824496785
-20.799946508077106
-14.688857274756474
-3.794688692814645
-16.222749064150133
-30.791314166095578
-10.447688394739666
-23.312973962153073
-16.961587904297758
-14.03443351844723
-7.1134996328582645
-9.290750475027831
1.2763530417279707
0.1502390829225702
-2.253381202744449
-4.3305734448895175
-3.2686564777863056
0.2709546425390813
-2.0591630698443133
-8.399507146017548
-14.097529825612426
-15.049804795901967
-10.175923720456943
-19.808133990606688
-9.849079903377511
-17.813035240123032
-23.708972235828128
-28.66106593295193
-10.49778253969022
-29.954021163277677
-23.475407498578104
-28.165757898151693
-25.493294874367407
-15.680585418869164
-15.378796859228105
-6.559126542440975
-2.2115518514465293
9.902544511404583
5.148597553743982
-14.483341520007102
-11.146597656422216
-23.157916166181717
-10.467018869620254
-7.589305678740486
-18.69984162193173
-10.434837315428
-22.107016306057854
-16.625197217420045
-22.17037060832953
-28.285975565587016
-22.178685518962908
-22.94376038943233
-25.744293069090485
-26.768614186445607
-20.880622371426803
-13.568983415818545
-21.95873110563248
-13.814005542290255
-16.91611430377338
-13.973854522437053
-16.62452186718573
-20.832813240087344
-25.251146000211182
-4.532624848897728
-14.418027636986539
-7.4728437364892395
-1.9875824170729104
22.398167708588087
21.479357105258092
26.2236470012962
16.458825424153368
28.64353062086125
27.40790273001632
32.13327727593078
39.72796754252779
47.126449447034645
42.79428884261868
30.87435947347082
26.96255692160119
34.419084040399625
17.943310082253337
2.5402190052364104
3.0106925853175825
19.135860085827442
15.32269115223177
28.144874726990427
30.72576966046745
22.837256417862193
20.045131064583195
34.81100021390647
29.80766582767887
21.133642821101226
21.43079326545419
16.028845647224472
18.568223611262557
2.8769845257473636
12.744036626072884
19.74483919509252
18.0465387231944
16.469312017035925
5.72673716179989
6.021656867464254
9.36993326615977
-12.03617592350354
0.18977158198035585
2.8440522847127854
0.7092387093566938
16.75933137747374
7.2418548076538
13.425621399213039
-2.282768458498274
5.023820242788434
-1.1466282255963178
-1.633117914057694
6.935742768632887
5.087942866393644
11.993378478457705
13.688131563681285
2.9931450036829044
0.35628314730916144
7.825295999261158
-7.054395134059981
