-0.9731641077228228
4.747435554657312
-0.4766252948318567
2.162608106519201
13.610363181224324
16.221688092047586
15.40217805789742
14.769793441817
13.050282640389351
3.5716557913221743
-19.147867496702926
-2.8008612243510247
11.643380341076465
6.5687651631225314
2.6111999996196906
0.5995183889842081
-10.253664461558458
-1.9126960886339623
10.813694045453246
8.362336679539986
9.295303326823682
-0.7150731037492621
-10.149355635569322
-0.7665607697656396
-4.593643700386622
-15.425396352212177
-24.76849268064407
-29.125960946215283
-39.31452211561099
-39.495242461685024
-39.38939907005536
-50.541463126399705
-39.958939299754206
-35.85126567636324
-30.25160478837245
-43.58047832920021
-33.055514780105604
-50.07787169606252
-31.89068971897988
-11.646544443597493
-12.280381275112546
-13.771406610367775
-8.767717208752021
-15.311197398659374
-11.969085815930901
-9.333562619125273
1.7073399573731898
-8.633963449163915
-5.549804085416183
-10.572794246496342
2.6389884721804266
-2.910850628342985
-5.963883057581994
-6.332093185463567
4.100955778214016
3.003809426775727
2.5731209466689493
-2.514721674826084
11.639036719100115
14.955966270359905
12.160119937691286
9.643431929261329
-1.0746513372648536
-3.4793550643227475
-7.257941465751103
-17.21071488132096
-28.775655583462672
-26.46111158782684
-19.029084199710677
-18.80939241746801
-24.577279227014184
-14.57790613773007
-16.25904002156148
-12.067720414769786
9.762785476868883
7.4960609990648175
-1.0012174779334846
-9.779839715089514
-8.47695607869389
11.280437523696856
11.821283351667981
2.464247571315889
8.796812965352313
11.987223105736124
-2.4559953186398364
2.396742013030346
1.7975848214004124
-6.60892255634589
2.3311281033266167
-1.1712468248763075
-7.9049330176032475
-5.629890493900156
-15.905930673359366
-20.10537762113572
-16.497661266874022
-14.046195591992328
-10.126423696046523
-10.698609247298904
-13.417779655547333
-12.891099474755206
-13.040709969062307
-0.1822211749256363
-5.1031066058960235
6.949193562477395
-4.9942492294411815
3.190482913092941
-12.813694147679524
-8.070700912139838
-16.77943544155081
-23.637402258027784
-23.21489804820919
-23.327128457089525
-18.911334897041787
-33.66983592060156
-21.418916114087036
-6.725511486297273
-13.434414574135316
-5.627201928371906
-9.91463594756764
-9.339982965634325
-15.132416850119045
2.11327675832327
12.176584705696573
19.912230085568407
23.46524781223044
27.400327554323066
15.860173511704605
15.16429359724058
11.760428209282189
0.4871599407079106
3.991907533198978
-4.3565487535803324
9.542992905715037
0.08697055598241826
7.616632780243076
5.534362828268577
-5.2822320887736085
-6.587042102240264
-28.160586868093816
-29.667712039963988
-24.197886209809067
-33.60483185678226
-34.50536737081242
-37.659139557861685
-46.01465546677135
-52.216181549061105
-59.555956874132384
-34.35072141803854
-35.764524708553864
-29.887508337947875
-24.383515753508945
-29.046772716475534
-31.03531402406712
-28.634222829750673
-21.582247382779226
-4.07622259500758
-12.70610648395207
4.364339006346129
7.4400792808302105
0.05432184244548355
-7.979684044772379
-3.2892713299847345
2.3560160369922523
6.7341021481032595
-3.4671595068581302
-2.384135556047726
-2.5832307683929856
-0.3551038926874435
3.5743472081788985
-6.6532841445472455
1.1136650296435977
-21.01425882551121
-19.61403836689
-13.311192369923313
-30.79262357908696
-4.344677679067201
-20.170195099464408
-27.53547704482659
-27.139305192829852
-27.961413624583912
-23.833697248527237
-24.285049020233803
-30.08106137995253
-35.088346972975515
-33.65346715927906
-28.153898701734565
-30.069311895356392
-30.213438111655996
-30.71538119159211
-20.375304393898052
-20.02693612204364
-28.386032982747835
