-30.164200669321733
-19.527681085194963
-18.10652187831776
-25.503392265121608
-26.11154018367261
-29.93973262790836
-29.249277997164914
-6.541158206738605
-17.04091803394093
-36.39052411888925
-31.35416184678863
-21.53815825457463
-9.298290761834185
-24.851907101575044
-22.70237260560825
-21.6723847753262
-29.095725078745442
-35.29643663181765
-23.51154479917455
-26.396278428380512
-8.44688905829587
-13.682864400446519
-9.975806773121796
12.286708299945744
7.158649194151334
1.3879888935209594
-0.5045985136166317
-5.805236667703527
-8.16167273373576
-2.3937723955323635
2.3733858342575083
-5.547819627948574
-6.305009331741128
5.111494166640815
8.906764700031381
5.092703732106519
3.6837044561121184
-1.030951358681174
-0.17584355981112154
0.034016138715433825
-1.3890850754663866
-9.938476126800865
-9.120603676944727
-18.72375234479892
4.4194195973029435
-8.351990733676423
-16.730685998709784
-5.961215438968363
-13.02786285603722
-0.7388554905163912
9.785126368750431
4.79644762972222
0.038283661506411895
-0.9492467691381784
-5.514393695687535
-8.904207358212377
-3.225268417692352
-6.9050531861397175
-8.766313690661143
-8.534211959176456
-13.618227258895836
-17.613022258904248
-8.020450413318057
2.3999215607725453
-0.24486610723715416
-2.2143655007622485
1.890753495811272
-5.077525691498869
-1.1795519990795582
-3.3679104326559743
-2.8694526590334526
-8.420090406528312
-20.667169003134077
-29.817984666810933
-31.701579103933692
-24.309176491734
-16.565650222761807
-7.052365995313022
-16.800807252982747
-12.79588464013576
-10.571044362595122
-19.099110405408503
-16.726501999085034
-21.06092079202634
-29.82162084897357
-25.373424160693546
-27.763432479236137
-20.33732384412854
-21.65946447961185
-17.478950637215807
-17.928716350623958
-10.784828899082852
-16.056190403483136
-12.10135528070644
-11.650299591411125
-9.120020731586253
-16.940862699002775
-11.110817381909676
-2.456543568026577
8.432111884946307
-3.53541265084503
2.124178629776044
11.372134239312015
-4.049047240407371
0.4439713078759945
-6.820113330855889
-3.2014009032587123
6.994335347851847
1.912584779516316
0.12181731853155925
-0.6331318402144841
5.116942854109767
-6.7682315774502335
-4.20576993326195
-10.480192238549938
6.063195652378401
4.6695853723313725
-17.111854988617853
-7.207872595753637
-3.5376083226357333
1.173800781057042
-3.729673259232225
-7.075753587552474
-12.719639840218608
-26.3885791347091
-21.57834859402765
-30.50228166563957
-37.20544159268551
-30.31817342715414
-33.96152431158582
-28.405191792921148
-39.50638982090229
-34.20985671286162
-31.78871161689969
-32.54565170943096
-23.61203919864265
-31.62543250505529
-38.32291157357359
-13.598829233068766
-24.35835176430247
-22.24531142357912
-32.599044657842605
-23.609281613061288
-33.64962876518316
-29.596230421949414
-18.087494473074006
-17.58464294272217
-28.16630860007581
-7.500595347502871
-9.02150480937288
-3.979046979575611
29.882100979724658
6.950841167503656
6.616388503309343
15.640732481986447
14.071340281261001
5.150448787065568
15.82067759555438
14.521640147655368
-4.018388772880105
-9.990839806743727
-7.9339040336492195
-6.232342405796938
-13.045461433213953
2.972714533569185
-15.389423913304446
-8.85056835150164
-5.530035981279815
-2.8072742486120594
-5.93556004524275
-10.759961774590302
-5.850544107234375
-3.8256907104345057
3.0352109906868012
5.195601360962711
-9.456120407576226
-9.074659557163796
-3.706928491340201
-4.0256029235061535
-6.534214211406122
-8.246178218428518
-8.580728546219277
-4.576604877682909
1.961958268100118
-10.321900142155826
-0.0030942924517302003
6.0802704965437995
-0.017213270446949057
4.842794387375996
15.440246010156095
11.403026025509458
16.985018130128623
7.480758640024541
12.870477833010387
-0.3855991320267776
-0.3249978824063293
2.69068709453024
7.563084320420566
0.7777640854002971
-1.9721373505907176
-5.878135961586804
-0.4598908694680393
-13.927227940101462
-13.651691935760464
-3.1587295797079986
-8.978333909529487
2.759274815047769
-2.9240375080775665
-13.047951435005956
-24.274783102135896
-6.998445837483614
-17.574057732150532
-10.048483349016994
-11.376211660519276
-18.92631317267538
-20.664556419406388
-16.783184538834718
-30.20718637209477
-14.388178106207665
-27.04069283050454
-22.019328262168028
-28.7914946961282
-13.705587669359273
-29.16559034708847
-26.780108173254195
-20.438302499882727
-16.125877163462473
-23.291739053849426
-24.36276358279253
