4.484496952862708
-2.3182205340665667
-2.2737420288763266
4.576880241365506
-2.140745835974527
15.420226312605251
16.069184926674694
13.115169950585964
16.03920987218999
4.049974667940036
14.31182444652935
7.194998360060474
13.94755641932358
13.508778354142326
7.037273121953998
0.21905270928020665
-11.745788586096245
-12.999168175657857
-15.419451238053904
-5.242987224050795
-13.030720810398831
3.56623369145146
-17.42080814857315
-1.0805820266521369
-10.24462377752855
-0.40766880537080896
2.9633379915422515
7.010850050478251
20.932114148095078
25.611302938509976
21.92617998602633
13.642494771398724
35.31626609246341
17.78711751405361
24.224980689872748
36.620847396705535
26.09975628553565
27.399321712420296
20.27605845659456
12.783977776368914
5.967830677488808
9.66326636790882
0.9032227915452976
2.7758025463203313
4.3483914947593965
0.2960993686129421
11.173125895962293
9.396603897248813
-8.238638181287932
0.17834838307395304
10.685261879722662
-5.9160903487426095
-2.7352184613276087
3.2586769220263645
2.7262939442330474
18.452394874681016
22.092820027624374
30.445677394693888
20.8093492352613
21.639374435982266
20.483042856851107
6.677021052454034
34.590439517317115
25.065874811677013
16.31311129493825
24.86956576184485
24.71981502200117
22.043924278433717
7.4798838833933035
-0.9600717955307524
24.43710983389687
23.12201559443995
9.647146860786464
12.669395060145009
12.883585324385713
2.75470246803401
-7.44069064550506
-1.0237266819331572
0.9278405456233434
-5.069196518217856
-2.9053249099121925
-1.3271405768043
2.644018692172021
5.406412272252719
22.84183990849431
24.29415326826067
17.055403488748894
25.36102732518453
21.35180372451584
13.036777975224465
16.981171032377418
24.835129050216942
19.15141527410885
21.431930550748355
20.32307941672969
14.222065847955667
22.269326758703823
7.139167632954086
5.354635421055784
-3.9563066712128085
-3.195971430850609
5.145950137415367
0.8667209202291871
-3.352149354006768
-14.770989240207868
-21.22559670713708
-9.059452741678696
-8.265958939157189
-8.241698423322132
-19.79106825650398
-9.524206276302175
-4.241120307489768
-3.625509018582669
1.404833229857641
0.10080698713669632
-2.2322336749408143
-4.6435843049549135
-3.3799836444708413
-6.965419842332974
-6.679103473719965
-12.654140041877953
-13.26314203170486
-22.115859236099148
-31.56716598382637
-25.808668929877967
-21.01394921897634
-14.31025556543602
-12.0664498649961
-19.92520869132366
-19.979500791339852
-27.863947560099525
-25.02375514185236
-17.02808415817397
-23.54026615203801
-26.384520250662085
-21.18279121636595
-13.654325228185007
-3.5071987109945635
2.5394500400798536
-10.89513440147733
-14.189614847780962
-18.780078530731412
-16.345598327907414
-11.900215958829145
-7.949739314762579
-6.6468166086092495
-8.456376015289527
-12.752340202265264
-1.867082309093328
-6.791468593262478
-10.262229385254905
-10.048207904278316
-12.340456580062694
-11.97389671498615
-10.089616445632927
-23.95848539677101
-18.262436689488656
-15.480512926552253
-27.30449088729199
-16.567148785726552
-20.247002794074085
-16.646997148919976
-17.588422472047853
-12.70427241133059
-17.40171523118734
-22.36935921331713
-25.10005143622951
-21.107435291739584
-42.72783072688281
-48.092634088853295
-50.91205532210149
-43.89705838154415
-48.38843819258479
-48.99677660569164
-30.438558514505853
-21.73256823160897
-21.187120760962067
-13.856909053836947
-19.140205875138694
-13.998623388213801
-8.218488482436276
-22.294279478995207
-28.53951422196099
-22.317524554359284
-21.622297140932822
-20.499445648747038
0.1820959049281209
35.292356645364094
27.10190108899475
3.609670831289209
8.794563184268409
9.955656332604043
3.8766411899427835
3.5016439867185545
1.1856586217384883
2.517827760580611
11.876221054929713
24.059067788093195
18.78112717643601
6.783938947267363
7.448874277126668
15.088974600150635
-2.999935114813797
1.137489114470685
0.8032467976940956
2.098487110283632
-1.1050370020099607
2.5786517724312796
-1.770294981359389
6.099626400001888
-0.8869037428360218
0.4526595130604867
2.9499224277209093
-1.4906151683275006
-6.602692411882537
-15.880290554587994
-8.905208810660254
-3.5944845899417244
-6.02971330790121
-14.062631931048035
-27.240957147583494
-14.939326242724992
-14.654398247174887
-22.76409152353003
-7.847848687763442
-15.256424322727113
-13.815678341989887
-2.8052863013775737
2.1224877601411243
3.9671111157718553
-0.7225809817488241
-18.065184693976928
-7.518756447925584
-7.879096208619366
-1.7980289854788725
-0.2461107704351111
-8.057052711426365
-25.197115347025875
-5.333224941873663
