-10.30189346467728
-23.900821589846373
-20.216080854200523
-28.482665703147426
-26.85995159665313
-22.01437947141489
-22.11562102680222
-20.831448026283272
-24.35556991646843
-23.77394893687047
-39.373393982174285
-34.65559243248673
-39.46421458617479
-45.2647889378519
-42.70103433595352
-44.7596282530647
-43.631415241013976
-50.36090825964289
-36.635117815234366
-35.83424108716048
-41.02934832622553
-48.0169727337735
-44.08108955632753
-53.228391472799466
-48.08873922955907
-40.40214777372334
-53.23504180300723
-47.07548796136403
-39.58418741216408
-40.69075534813189
-37.57128164183184
-28.985178248572076
-43.845661984078724
-48.63680801562706
-43.17666780552224
-32.288758227360965
-26.9830042954806
-27.38496015433084
-24.012911892072143
-16.480696051568206
-3.994973763889953
3.6151862868842835
2.3128136592761366
12.862898166990357
7.698344824375472
8.665763277940034
9.743175981525669
15.848852768874318
14.496439891143034
-5.946194831781438
-6.927779080179531
-0.7319068481957071
-6.665940579652626
-6.247122674563777
-19.49423462449304
-23.491756404089852
-6.0579975254034615
-23.418869006785684
1.0037216626867969
4.326871538271604
-10.036834784476813
-14.741677588352726
-19.352304580837274
-23.80173226223825
-24.283389360946945
-17.648698819310038
-26.342565821419978
-37.74161033154246
-31.432824680539174
-34.881649111819236
-49.67414365240989
-19.831326610569924
-10.900296454716882
-7.6951433295220255
0.8851648182285414
5.281359246825326
10.363356399451359
5.5101056280984215
-2.31286798976079
-3.2549383249563255
-6.491419275884977
-1.7693645796822874
-13.924178807345307
-13.734823659774676
-10.587226150357237
-24.28712851860787
-45.15996376676385
-46.94713876331258
-41.089789688368654
-50.422647214447615
-33.844786163106434
-49.2603773997861
-44.857439391526775
-32.246931041747516
-45.53634046619828
-43.14957256523688
-53.71367982806629
-40.19062845827796
-38.20126921413562
-39.65225868709629
-31.479793406947866
-40.64075771158068
-32.645626011518395
-35.345595299395725
-24.64067327829157
-27.292748431072674
-26.073891392996998
-15.001473065326593
-13.14790852686658
-25.888361526043887
-24.228365461164888
-24.84068642014773
-15.760715563114074
-10.24803922378165
-19.28951907316301
-24.226251523546466
-34.22188042311786
-31.31811123848273
-21.913290087200057
-38.02797756863732
-33.93577343101952
-21.62807642755819
-18.875684584400314
-18.809118192447475
-27.60872852510188
-36.801002876079174
-29.154563593407868
-32.70878716940699
-22.486708951144664
-30.533438347741004
-29.27819875127293
-21.12219326627396
-12.619360587649467
1.5044697849529176
2.0278080785515518
-2.8558438346940385
-8.43603020934514
-6.335103048992598
-0.11747984825078568
-3.022315475664323
-4.8266489521397915
-9.717701453452085
-8.541822107915642
-4.100872373383349
-10.587300217822524
-20.61734511898261
-8.038532554478493
-8.265038356045508
-12.394550954726446
-8.34826708402528
-8.624882841225302
-7.9172417042402365
-14.24149124507998
-10.244806825036758
-7.47180832973916
-10.20491073155851
-1.772185667276614
-1.9795597397863616
-9.335383306946381
-8.138850318594251
-7.182541166763174
-15.869994290372672
-13.654375885701329
-19.837928395368554
-23.325450317302842
-45.71358940662403
-27.4477296521017
-30.41485354323291
-42.4799538679915
-35.619415881929555
-16.136464618805107
-19.294230453016894
-30.247035598734044
-44.764424044259826
-49.75871759180876
-33.693818243554404
-27.750998074383997
-17.720736601603367
-7.451220502198037
-9.47748533896694
-19.49256565373097
-15.673980243209481
-31.356536015862567
-22.566916104202964
0.2915850298622541
8.047852343419088
7.348071565119928
8.678087272571291
-0.4515796760465088
6.808783212251416
14.378565485339545
0.5197913811771206
