-4.272934155273053
-6.985033966480322
-14.078545464611311
-28.71768266943848
-19.815259335349914
-23.7161266240207
-24.014396191188787
-24.48185827802225
-19.22358938199129
-2.5962551981975794
6.628659649168909
-7.359656882138567
-6.57857067625578
-2.2330466121721297
-7.835599178674013
-7.1413934463558615
-5.306553835947242
-9.228916339730123
4.703551612548077
16.376368159967214
13.249092886249548
12.758091585710071
22.330659682409973
14.236281669387973
26.763946441793703
21.05142983493981
9.11321083376532
14.527565919175176
22.308175774972455
17.7919253378901
15.591588839733564
-3.4159868846264714
16.103745374459347
17.35082186274536
16.60739292101193
4.151367832554908
13.404968390328937
2.968984546691813
0.5481242629150448
-13.914976574485685
-6.855629066057182
-14.356427567016087
-36.024611031116606
-15.62816099434253
-14.611467360926024
-28.377470647136725
-18.92447535157335
-20.486036481930288
-7.112267365431758
-4.273832607349266
-9.166992888526693
6.132050836800071
-2.1453112539842847
5.333470494637917
18.339249540239848
7.289483812070987
2.922435121089708
16.180145514466826
-7.0260160410846115
-10.014447394137676
-8.009602561788288
-21.014845473757788
-17.764791965222567
-6.147438626502657
3.3226215057999133
2.3072431678644243
3.167635509270755
2.634573384977551
9.800217450263744
-1.5813544343308996
4.115353088950857
1.6366487953705542
4.822164332616802
10.55252646728102
5.7686387902202965
6.91637498133454
0.7657748477803871
-16.324217619652376
-10.2057339526109
-4.853532977881484
-11.103596881537774
-9.088948519408463
-10.826193032955127
-16.10102074827126
-25.387344697371642
-17.67799019811573
-22.095192739892692
-38.74424708770687
-32.51125806128675
-28.838874431281766
-24.47830337216144
-15.033008388639116
-10.271227561231317
-8.023961437893204
-18.287830693842558
-24.479825935060806
-36.603631262126996
-44.09151546772171
-32.52918980257031
-28.350400724109743
-29.96912725855932
-22.219558742820624
-21.075508477481808
-12.918152120873506
-11.027236741188196
-6.973136267449996
-11.363890028640487
-17.864037665787748
-18.190938192072498
-19.191022372263703
-27.827024745943014
-35.778499834897474
-44.21589148938856
-25.45902690355567
-20.978168442090357
-19.74966460353271
-28.194405545583813
-39.2413535531646
-49.330863543176136
-33.465325108745645
-28.00607434196816
-30.172113051247344
-28.930723236543933
-30.163331765717807
-36.04016714310849
-31.078362155547644
-40.322253004571856
-43.45704036856677
-20.96321136098065
-26.724786643816014
-19.590911381721227
-18.00874446071057
-11.554225836376727
-16.75220766900128
-23.245579662585
-26.57521147762968
-24.696118389439803
-29.96641142583228
-16.640604941507295
-34.949287749436465
-29.34780112523281
-41.80906641012144
-29.29029093231965
-37.24393092646596
-29.979973383459694
-20.01167031037453
-37.512389826997826
-35.42469809537554
-26.926002394631954
-47.22573020718029
-36.252444403989855
-38.56102510267201
-32.583081439659466
-35.98221773586556
-24.88369739584415
-31.157124334968678
-39.45502929291537
-29.03765832656513
-37.692921853104885
-31.301552303974557
-29.111698001627865
-33.60704067211448
-25.163915734976932
-22.75649744502556
-26.14562968947884
-28.120878196746684
-31.42124746356267
-30.64391714836686
-22.881559044169894
-23.592716848003498
-10.521647905336962
-17.472979392867796
-10.38554047998902
-37.25878171211235
-29.651668133719344
-30.578175751556202
-30.94675705931864
-21.979858821697444
-20.126603217839726
-41.25908381677716
-44.296528276097014
-40.811149234007075
-32.23109136199976
-48.90677393943089
-42.4333435269939
-41.141901134997404
-43.329715255151385
-41.01972756038758
-44.20899628669614
-45.04756014138157
-41.67013949862753
-35.40959102241683
-41.84015329294881
-37.68072193899839
-30.19846995098927
-20.621838663048816
-11.188408809034646
-25.45763935162686
-24.84787731984534
-20.014647685371347
-17.182555569663464
-13.375187025028884
-11.169365928589725
-23.176153186851444
-21.447834390683433
-21.07700311514956
-6.518801794274565
-12.658600637997294
-21.9188301613239
-22.00053508492681
-23.223927488380088
-31.78199915032191
-31.769825401942484
-30.27923214930767
-27.431168682637118
-31.253423125171448
-30.52977859413352
-28.031447001497177
-28.307740267659906
-39.64935382637288
-36.526794684457506
-47.4504057930517
-38.437104106909096
-35.33708674128348
-45.896111026656065
-34.89847197172136
-30.750747317729417
-40.65273683069396
-30.798204889856486
-34.55581977210815
-31.26298239457995
-23.205334226843423
-16.23136245170154
-27.27383849126037
-8.023612090346752
-13.912483386914928
-1.5876490988120038
-11.646858627317457
-9.059679889005343
-8.470696094107733
-17.127733398769223
-6.028756540811927
-8.401507559081763
