4.707075955460391
5.3518161565945235
22.81285920805429
5.92104868247121
13.984674249363025
-1.2844071963716237
6.134110098808074
10.485729477919127
19.540323041754238
2.389497813467837
5.331934167253118
15.698569167462336
18.923548428275485
16.185545776748594
15.712514290234955
-2.015553287281785
-7.563697777852652
-11.49763926719434
-9.733189518176776
-0.6773851641382335
-5.967379775512617
-6.9921719603956785
6.026343586380308
2.8886202017683744
-8.196387328151745
5.077498505555488
6.414911774338383
13.037365467734293
16.38825985865008
7.444038474065063
13.177919083105381
23.09272154575493
29.07781867848249
36.51056014363605
35.8335742920055
22.38427289399497
25.451447034667712
12.510340780347875
5.800760900544616
16.069443163703458
9.534174658456267
19.535628743318288
20.818466471349467
16.685768462835586
12.31316710182496
7.722427892388695
9.407736711327203
1.0998708474746988
-2.334206613580255
6.960885899116947
1.3749568432615746
-4.566902133313968
-0.6190031273863272
-0.2411848995392387
-5.862890559367258
-1.1536065618808595
7.908097016452829
-3.625788772058717
-3.051917764186701
-7.4982778386902
-0.5988237101808843
4.363703271365572
-7.285193403620367
0.5739080815428238
-22.381922438723393
-5.760370860312682
-1.4889407228121505
17.15424959542252
23.722625256507772
-2.435645271840393
7.561412790031296
15.598059140691914
0.19461414848741024
-19.176841070472445
-7.2100279822089215
-15.119684864290676
-14.350239060539455
-9.964047212912847
-12.505296188121363
-6.5354581440102955
4.579449017929588
-2.253354653287816
-7.955949905266388
-11.548882034775277
-11.722421211545086
-14.864067293099225
-12.574678787504466
-7.5512775851891005
-13.360637233862061
-10.157747863554242
0.3655274464705746
-1.26265035489901
-1.5143594991185143
-9.580689579380614
-23.541808929507727
-17.068388602909362
-12.523761420270471
-28.37149521700864
-18.677390076730664
-17.442836432623956
-8.528509285054168
-13.608678184627646
-17.593378599446467
-15.698055562680167
-21.368223762072613
-18.550464623357573
-14.656233023247998
-19.62556217295207
-21.19415425266806
-4.616582035677481
-10.454679591530056
-6.140177967611878
7.399691791847242
14.078796379941833
1.6491324098321274
-5.958489817445807
-5.385524242519463
2.4796854315856542
8.514192987440241
-1.9538284744939376
2.038992142898361
-20.723117453360725
-29.144020205026674
-34.381724198059864
-36.16461861062111
-30.706346346067622
-32.5774171222644
-41.298048629216154
-30.00822242074204
-36.39042665758373
-39.81086955032472
-45.17095436597012
-32.93432822236752
-46.52145036024165
-41.040800746915075
-42.18759669113624
-36.72131468238196
-31.704318160050267
-35.649144941894654
-30.252267631811637
-31.71298118720661
-34.29763891380941
-31.52319484648462
-27.98063171322199
-23.650861038852373
-5.678004010565448
1.0350433515842123
1.406366938311678
3.8659730441351234
-0.0530670991419862
4.908221220131151
1.1956054927637685
7.837866397344003
10.742577317164367
7.339181323882254
-7.152908269980943
-2.5909289374238633
-3.5534440698092027
-23.556058533191727
-9.835620916489823
-18.07833552872096
-20.356391904547856
-16.67447856489246
-22.89396529811565
-30.567819112391373
-34.522789825118146
-21.574031798118014
-34.947212449719984
-33.09045570154928
-25.572207071756377
-33.81395778310358
-35.41009768587568
-30.394980800674787
-38.81171512349877
-30.653650304496942
-31.513749583317274
-33.58843026629595
-29.463450594690148
-44.33309174707326
-20.936197663665155
-18.19995595590321
-10.813913256881852
-16.28792617006598
-20.11978718327371
-24.73809736290307
-14.346192597718119
-16.201828464452912
-23.409684979922577
-30.213167742370075
-46.0188010296167
-21.117659761638308
-25.665363815840603
-28.014325696522807
-34.70874534069861
