-24.74216743966538
-22.373924766725086
-19.946664190973692
-19.159118111976813
-15.346381192663207
-39.71479728652472
-25.696661688860182
-49.507339324283784
-43.72051488707958
-35.92534978625165
-24.302533589219127
-38.55541118160164
-35.59505601521784
-36.67748121240944
-35.61597632294261
-30.203587542595603
-44.2309936496638
-45.694970503518036
-53.72423631076411
-29.67154595184764
-30.192310687111522
-22.86836071183221
-22.56508374109729
-15.261865391011824
-0.3776973433235564
4.564547976085331
0.7987662196482558
-20.644366765060244
-4.692323337926185
0.5254220519204187
-7.875281242183512
-8.705987849903492
-17.218258646141678
-20.579376932564184
-6.294537312399568
-9.457541048242136
-8.90949368238727
-17.56494675712474
-13.042782237223749
-7.872494082471034
-15.750795850758548
-8.420946009370741
-11.283943177980776
-9.098308155481707
-9.81694333927794
-3.1115879131801973
0.7016262587571429
5.1909361663574485
1.9564845096460213
-6.331789859496022
-14.651674521385651
-5.004467558873754
-2.110602414326727
-6.905301586669055
-19.655835352518398
-15.663430755039473
-6.133825318569475
-1.4863803567825775
15.167527565641329
-0.4808977048246035
-16.433141216844486
-4.843820749643912
-3.093253753140881
-0.5093309959990471
-17.23522515073487
-16.182224514845828
-17.337819128104297
-13.845649413433778
-20.699553820489477
-14.675296143057698
-12.412937093658485
-15.095270490176931
-14.825557277331676
2.38265825900879
1.34013716313653
-5.629927838141312
2.4794966590335497
0.5732146200101822
-27.12194629012659
-8.478533584404822
-8.063116531120476
-6.048758928780434
-6.9959182257684125
0.7224607718381584
-6.305787428757963
-5.7188788861016455
-9.912333054638284
-6.411465694493862
-17.309411216546668
-23.226969647521578
-16.134875492991178
-13.893507464050725
-8.006841292718768
-9.920795298706269
-8.895018207590482
-0.14680918243699012
-6.67193115152304
-0.5754998677126035
-8.154275170326068
11.988946440232644
15.513401740808284
8.025402406388714
-0.015464338063515541
-3.1739121311322163
-20.139690531440767
1.9071457897120032
-10.609558659153056
-10.840107434963837
-21.43482196754228
-10.920687513190355
-12.027290924875311
-6.24950429799365
-9.296969392665419
0.09546233043814788
1.407486945856393
11.695523814155095
4.126646112329141
-1.661744496260647
12.931088333062284
-5.5121344903883305
3.243571849776674
6.202116290525536
-9.064091511430435
-6.052436147307417
3.1762923905177542
-2.4823577859189268
9.252970206416476
11.622877835926348
9.101282267325207
11.611063720229492
3.122854042778437
-0.013690564541055337
4.967466722465642
-11.768310416597593
-6.783042047029425
-0.9251974392832916
-4.055976702127064
4.340026853228894
0.4512284678750943
6.81433996001382
14.692563224302072
-0.5780036879336905
-5.3769726152453385
-3.9091083618342335
1.9201705622417649
-9.481922636358597
-6.749745002795062
4.8683388582173
26.20544201077423
17.70743073721027
29.019522445864744
36.78103432877885
41.52159038868221
35.46297645955607
33.87598754091343
30.529520800665146
32.44062836004996
36.318746495276535
13.226981388642097
2.539184654996731
-4.206949605428374
2.7120677708768763
-1.04883509976005
10.841944697062146
11.460938046716675
-16.43946282795114
-23.48371844324901
-12.353180980323328
-4.266715629098417
-5.508832274430427
-19.48254998256932
-12.76825164227534
-1.0237535502799051
-8.39842077463872
-8.974087853738952
-7.0991992093667085
12.513204616050832
7.7705561819735705
-10.57539362578206
7.907666717617693
-3.4439019947746004
-9.620671074949225
4.044390312514657
10.255016996222187
2.146008182968658
1.5072200075065896
5.653770672917383
17.117191736820278
10.79030849275013
3.66491093480492
4.484016395072799
-0.3790059283851849
-0.13168055171472473
-11.503276742200686
3.103239197427268
0.32579710407037715
-13.90671650963058
-6.233735332339983
-7.8446156259805075
-9.341510848478835
-15.724163070607085
-13.083705643583114
-19.3467083034367
-15.695121028488028
-11.60565214805512
-16.195242205253006
4.648985124438188
-2.2170590785460824
-2.3049449697535427
-2.5282697454941
-0.9069313299452064
-4.962216472405377
-12.645569321186295
-18.25644293498017
-14.659404512890207
-19.683817026845343
-19.69444091532671
-13.143332436621636
-11.337718543943938
-16.201610820005627
-12.041454255688677
-20.934761211010553
-24.60524604340917
-21.87731969082216
-2.077318409846292
-10.87482082099514
-7.160928319234401
-6.315214557778415
-6.823017712048367
-9.039250327416145
-9.387034230749482
0.2826251365220989
-9.788301880952783
-20.51511797729676
-7.782420471388098
-11.330214560332044
-24.919325418506308
-22.05757633487269
-16.94047190016653
-24.530638750770734
-31.56014595113172
-24.745825912031197
-28.73718358650949
-19.26411790619036
-21.11521733563761
-6.887896725021345
0.5638999140225668
1.3443134200248998
1.1904092261703476
-0.5783277258121927
3.738284699925031
3.251600833884368
-5.6152765489983025
-27.320430844460827
-7.331866109473972
6.833194585280293
-6.022457681039578
-4.463619127597057
-2.0727522226006827
15.155962788329262
9.080667460941594
2.6567783093390287
-12.318046372735633
1.393877159915305
5.656607709939975
-1.8098887181120131
-8.724643089623928
-11.307007797063482
-2.6183879739219256
11.909777623894586
1.6803858792154822
6.689740624268613
-8.845032342697303
-7.7510112349117986
18.509978776669797
6.4100435250361905
-8.39202875856434
1.932803585324268
0.7227163811435496
-8.732500888896263
-20.39958495892514
-25.901625003960792
-25.24454087924082
-14.048598095227904
-2.8603187947500914
8.956216021980762
12.51247083490977
-3.4545139261128988
-1.8802558362583053
-9.421335413009556
-1.2967434178775368
-0.4915396193644316
9.083913750262463
2.150516999572245
1.5171394046078346
6.6748393292320625
14.084476692926822
1.4857959615128769
-0.5843454931794101
6.972624278589202
1.1340286733308886
-12.588971684224925
-19.974457494676976
-19.46447623793018
-13.929700253153086
-14.5858875431408
3.792913572856482
1.5328481839751393
-30.14123136376939
-15.031515968549646
-16.110978540770713
-5.262594974976731
-7.742053531967993
-8.366224749811103
-2.4565625530513517
6.539086591840639
8.998255085231689
1.6050454105276102
7.967089720174854
1.9030520280600682
-4.654534879715215
1.2069672749328355
-4.923276937618566
-11.92827869053524
-19.63558600962934
-9.834100882173145
-14.954600566086445
-7.6262594767465535
-27.93634911683209
-28.804436127375983
-21.60946724733739
-24.160657612452177
-21.481186196545274
2.4500838488179397
2.9404526052944098
-3.1951807128725296
-4.550883652772695
-5.306493595498592
4.0219780401830265
-13.937777520480148
-25.032269471831533
-13.962821480052796
-8.552474571945497
