-19.597227426680448
-21.179772556706244
-34.42786519885634
-20.63417356085214
-23.98792033639076
-29.31451895421381
-15.022455985854494
-17.56544466338853
-14.548053558179545
-16.482379298388892
-19.886892101985303
-26.174448554045693
-12.239074779469242
-18.027061824263324
-9.705317382063802
-15.440606984945994
2.450038274763989
3.2946770164964745
4.636623123398543
2.325588405710453
-14.29897317981519
1.8830481112380502
-15.829504438702367
-20.128736660483526
-6.817257368779173
-19.911486002249394
-36.14485798112344
-18.40973114118916
-13.019139566287807
-17.930389372907825
-26.306730865214966
-23.437661434308833
-18.47706488313768
-26.424963160267733
-12.186005458349971
-18.746320283194915
-13.283311207031655
-33.39844089419719
-24.606651914273662
-13.909741026589794
-4.942556535739973
11.163816109260088
15.785311122920902
19.297291888509843
10.500429722237675
21.764792939014026
20.28027321583201
18.313615809227414
21.971623561106046
15.452308233121189
9.173766692443088
11.468953967558422
21.693535754259926
13.709823831252987
12.829074461447453
10.289566996865828
0.6117840366656779
8.691245008683655
5.910877539839517
8.505944307830829
-5.104158573562653
-9.120684511027902
-5.765344517074842
-0.3939308035467709
-18.170382738067623
-18.88469850332061
-8.446291640498018
-6.944345044010484
7.841628115187984
-7.048346895373423
-2.5483273385946466
1.8888465119036253
-3.660080032462212
-3.853430294222677
-13.970059900087394
3.1196812794053863
6.781720972201621
-0.9279237691575202
-13.389840177038224
-1.4430024611328405
-12.80884739866879
-6.083851051690033
-21.691291904605
-36.70715460945184
-30.958752013211182
-32.99419328397473
-29.84763099593464
-19.90280637121229
-13.086786105349152
-9.478560656302696
-15.108946266013351
-11.477038750785912
-2.754587370375684
0.6542279812423112
8.067395781260641
-1.2258816069316805
-1.022331495111648
25.58829065202739
33.16145277147878
17.762696884093074
18.31085751225739
8.021841925906639
19.418161108740954
9.669586991341397
8.747147213601764
20.479006157605603
1.8897154022939355
0.3647531917413374
8.249308192991812
15.40837426217285
17.264851833206862
14.105672418811329
30.012921578806196
25.146743978126498
15.1047589478533
37.955565005071115
57.1516078724871
23.560312299894107
35.52986415857019
32.579872669331465
46.46157425225218
41.90371725549168
23.250749775200845
25.66413534359276
23.47300327698341
23.963192372262643
16.796194418230723
1.1757001226640529
16.842105909762015
29.224292457500315
17.172870708038307
7.860584367778263
10.721500132700543
-0.13540938690503596
-6.0662490123437935
7.2701379236760095
17.795825873864892
-0.3496820693451093
0.3053479759272725
-8.967448679030609
-9.220720348181084
-10.063689540591833
-8.901536044463887
-0.1185366778305599
-2.262054885662453
-6.607016960459801
-0.6220804444574608
-2.1006705396087506
-5.670179034781613
-3.754834765560648
-7.234235521955331
-10.053712937739228
-5.883738231673637
3.1815291165684374
4.671066234354465
9.804755461634462
8.230547100290659
-0.9494077464966142
22.413060045807363
18.58744712955848
28.348770250509528
15.422727226724696
25.92952498509338
40.614855157467524
34.8779680097242
25.339494444354987
29.83422402941299
20.23738302652145
21.748917410989453
24.2080643872548
12.5181816780515
7.676976944574393
6.565783983739446
30.048045500498123
17.260747002496693
13.35800561223979
14.303738129423607
9.778754314410989
20.896896828927986
16.369321298108765
9.882016764919792
11.905688014601695
10.275000402260208
8.441851260307235
13.32802234882422
14.15098061948894
-17.584050138027642
-5.57667396627239
1.4334680729255969
11.138488231611149
-0.2247627678739798
-0.6103310405297724
-9.023584997710692
-2.6012796867368326
-14.527181250172644
-4.039113498186952
5.8854565967316566
-8.71488732384355
-12.732568758048144
-21.874253408622664
-21.51220752605969
-19.2222954124242
-20.928914727718407
-28.55503215269421
-22.797038798829256
-9.92435767650393
-16.34804165067906
-21.981133098418244
-15.582245852299266
-22.08485207254848
-14.838694486268535
-5.31055455702958
4.024314692842635
6.134583939714784
9.52447427399222
5.542071638645243
17.487003530358397
12.99345871091123
-0.8093368463730283
-3.550302568388044
2.7578379742929124
-1.1480612876909708
4.4810129485149295
-7.901258827664447
0.04264515771961615
6.5908169517293524
0.30589586182176265
2.6223347054530173
-3.5736877050546303
-2.3608471087965808
-9.55567144921292
-5.9471651673800325
-12.798855576524053
-17.392041667722946
-6.60467353544659
-12.073997907511746
-6.953996013973933
-3.7105868479748794
-11.060551470010886
-21.849694869119634
-30.547033769219546
-11.75426491458014
-22.31655203324327
-28.185693723927002
-27.800897487080423
-24.677395680978
-23.424132905343534
-26.038485921912013
-35.668546381444116
-28.087202348831553
-19.170491614540683
-31.12217957935856
-16.230689702087215
-18.211214423665584
-2.8205351052871914
0.09560363024458153
16.321172297869367
20.327565776118824
26.35926001315199
-1.4108873345123347
-11.330433914021034
-5.209931920069588
-5.486290451135398
-10.293643793262714
-7.493825027567754
-26.052036421753265
-18.35347696146756
-9.796086072657372
-11.775786166937685
-12.439659349773546
-17.1310168186316
-1.508384468585233
-4.204978894173339
-9.797477909776275
-13.630514326512632
-23.093135365387894
-10.275094497989805
-18.05917261233014
-8.068009863886447
-8.384215641186737
-9.97809252712411
-2.9083580449603983
-11.641212087703678
-9.281311420363561
-13.149672919889063
-8.269622340610562
-7.902961052109226
-20.08862275907489
-20.816659257639998
-31.75444287691103
-41.461724947102816
-26.78806115902576
-18.11115657228136
-20.664349407296754
-32.37775570037013
-34.80703455871417
-35.9357287736258
-35.73610529799142
-37.83728960450402
-44.62162445159936
-44.19034805143336
-44.06364600959835
-46.838539256272135
-27.654388532562226
-29.958689419763232
-26.62684351122353
-19.2571512587515
-19.80756423956848
-4.564681105821543
-11.094620188163516
-4.4380941117381525
-14.163627601585688
-25.47709188452933
-19.2407195203671
-29.357584043455915
