-20.392157441108434
-14.422383943224805
-10.414847852663005
-1.1377758028043088
-12.350022182630475
-11.862254749931273
-18.67980724623684
-20.78000528306769
-31.90255457253654
-28.793415865899462
-27.662185310372266
-28.977922426007105
-9.380601724545413
-2.890274528496769
-0.14602343654772834
-1.0396090074941673
2.6431143514663376
4.157343262813585
5.110762818442181
7.510702053986282
-1.0590917899057082
-0.961869458968288
14.571755159485814
8.598592704885949
3.767745253805349
6.581496033853012
-11.625459690421787
4.847185042249913
-1.9373250132102082
0.8038478282209269
5.260743678936387
-2.9485592250716697
-0.5645651982749431
13.228696813732775
27.299680217394837
20.060778468867127
19.670309928440712
15.119521680481654
5.220237238684755
21.097207226076748
18.607866663535873
8.524308462066484
10.994056190345423
11.638500960552864
25.319239866734858
34.31339699218081
30.865048341331526
18.90169983941937
21.99874551637407
7.743660380229568
1.9989533939479371
8.177875284633958
4.701221135577876
-1.9294382767305147
-0.9864078366265491
3.879059239712608
-3.6999299406619817
-2.9974467084725545
-7.3009943544494735
-11.811921443512787
-15.750241395846846
-24.54154258997839
-27.788450252316707
-29.705457919747037
-19.876422571840372
-12.98544155262715
-17.75668138133602
-9.941435083580796
0.8609696672711009
-1.1019634165235637
-8.019791619686494
-12.077236208323647
-9.568493463540248
-9.859100760758263
-9.723136602412618
-15.709866884195844
-18.188649201194576
-25.818505151664766
-15.503069396257468
-17.912559758339906
-5.018756209905469
-15.653378550475011
-9.169600814091565
-9.970374891541848
-15.211550776183007
-24.529061273025746
-16.240236314553663
-9.933791254157155
-9.044681224781957
-9.391363870041797
-5.986080346067838
10.235129877563605
2.5056245333285108
12.238880831970796
15.052347960674856
22.538142400883004
28.47285407663733
20.21840609641453
13.901725336318517
25.61201068848364
9.08468861285975
26.128122548214826
20.773003541022227
9.3449221207502
20.258639235143395
14.885538084774876
5.75906846695132
6.337626794590403
20.52592983348137
22.836761928800033
25.636432389185234
8.586680074924523
15.091977060584831
18.253882300031695
14.683502651808732
17.950067838379738
17.320771987684722
16.679495014054776
4.968862752122604
7.6892398699000974
-1.4651051576488658
0.9898261548535716
-2.6925443665882764
4.206682923641291
-10.889252237870885
-11.883342360769394
-2.601700603141254
-16.793207744760775
-7.570126134733571
-1.2640378832480337
-2.705149015570835
-12.01220678834486
1.9301866469144695
-3.752856312184541
-9.734407905008274
-11.21623249328892
-25.712171447912816
-19.811542004202494
-27.32169320174153
-25.14531095461573
-20.39789088358092
-24.108318714511146
-12.444551016602006
-9.393331101948037
-14.953725725854273
-11.399382909157012
-18.260103713672024
-25.815043015659136
-6.123004764786336
-11.176261572355337
-10.45238312661158
-21.194805379343823
-18.231835533334
-4.6975059954685685
-8.293292674660178
1.1371367977825908
-14.99329149435676
-8.38610880206671
2.03944352347399
-15.367933561666243
-12.985401434827779
-29.90773941712345
-23.17475294059857
-10.706756520190527
-27.417349448612786
-25.32204526331411
-26.86241036695188
-32.89787792168929
-40.322104039309735
-42.68342266149956
-31.72656420033023
-35.95363639430239
-43.046031347256005
-25.248337953929962
-29.16659493256571
-26.131035055662398
-28.190454933092603
-7.664197207353991
-10.11464011480012
-10.3821179939319
-15.13294615629826
-11.104836243417363
-12.959523214852009
-19.627297600906804
-21.470345572305586
-26.639127140552894
-22.8792379610198
-14.733135348194173
-21.916090712048973
-14.273400515586136
-14.466504035711171
-8.227826522228419
1.3491850683799491
1.342038482729134
9.141390772996496
21.850699426567875
24.38336560401595
28.51733182380116
21.72468810398233
5.673320682472571
14.621618393335895
20.50167393347852
14.610652887254838
7.162351500827786
11.059157133185396
-1.2123213471393326
8.394348412738783
4.684121888138229
7.447877524410773
-12.15432131807716
-17.97229554686955
-6.505127865420043
-5.345324750433359
-0.7378344444607383
-11.446480467774894
-2.400948199861808
-6.123520902755406
-9.375744224433866
-31.132401164677702
-21.56077300252702
-29.57892805363643
-29.575074343324818
-24.065616713505303
-28.244484539200247
-36.54766651799121
-44.80914239716918
-32.11061880948325
-30.39373788138364
-33.38474999550316
-41.8940561174479
-28.189039763921556
-34.33614037194819
-33.70708849143927
-22.742304173004808
-33.082326450565354
-20.760814481773984
-23.059967431349087
-5.889035762962463
0.6287550582903332
4.354376006628388
4.214566279058014
3.1775547461881146
7.027161786805982
-12.588820934893805
-15.966467632330533
-16.049773938088038
-2.060858530163651
-18.904963104886534
-21.517820341390113
-27.48094149910067
-29.631435530721593
-31.39193102921659
-48.20189587436175
-51.11308770504947
-41.602779270274965
-33.383462755586315
-26.76146267143363
-40.159848383999694
-40.415344924882
-15.068966883973534
-30.33700780093812
-21.330217305793585
-18.52623723830101
-23.641149192343825
-38.007231993075855
-14.248301304298474
-1.8428654563959728
-11.033104692285207
-24.1998576318261
-39.485120623750745
-33.54560410871951
-37.97665917871654
-43.00297585864645
-44.40972068129357
-29.59693164788505
-25.541314398791226
-24.41322118489219
-35.273708448438214
-35.34966345919528
-30.64868875332
-47.289541643089244
-9.97046066608176
-9.217773869509507
12.215711529602828
-5.648661974629851
10.535012264010337
17.83065866616288
3.495430000645655
12.69369326372709
20.427197165642106
12.873723759716695
2.3031429533581065
-1.0653125248538258
10.867451067566297
-1.6059849138580409
4.573110255109532
-2.8523759114861917
-15.367647742734704
-3.465381877571396
-12.803067612972768
-23.881565696207506
-34.56871945318194
-33.51464572942645
-21.612750020713307
-46.127105124486434
-36.74736022590546
-46.372545070214116
-29.765351300667906
-18.090684443712234
-15.309474690327807
1.59916282626544
16.75505301115142
22.157977844122733
18.16847153178697
13.31788497229967
9.837329337658687
13.94211756117501
12.096190739340566
22.8215692233393
4.015205610731022
5.083912582578763
5.311112337349714
2.4808468581498304
-7.227130902191689
-0.29644422208557264
-5.740623034450342
4.6909598055077515
3.0136994635344645
3.429714498333769
8.246498246350844
15.242717455133993
15.561534489191818
7.574043990493434
5.682466895459112
5.855485733026426
12.237130796031874
14.966885411821213
-0.8463478332311968
4.357936952893014
-3.5906066116402435
4.474885003231505
-7.809430750537664
-10.67898121886658
-5.797704146908094
-18.298301889539022
-15.460481808867355
-27.870945200119678
-16.896327339073082
-9.805548824344132
-25.775265905421477
-32.876706690920265
-15.758661239931435
-15.977429141175516
-2.255065895769256
-13.879038885883094
-22.392008981180567
-22.38262940018416
-25.889532578343356
-27.209078590207614
-24.47899852323265
-24.09078397316448
-17.150427900057306
-12.795452099657524
-21.66203552361088
-25.949965116048197
-27.515582347882106
-26.693365753221542
-18.34866531445405
-16.225497014707123
2.854061482611034
-18.781903681026584
-7.711011013377915
2.799047657107418
9.289318908208474
-2.5465198407619587
6.336050635388858
1.907522583749684
9.476255146695346
13.653222730936356
-5.5172989247864495
-15.261888578642395
-8.72670166940921
-5.185474692542093
-7.838471546910123
-3.5622236374394465
6.134376150690095
-5.717717513614433
-15.950230323710597
-15.948855215982563
-13.394687749390314
-9.3574307924985
4.09073152084796
0.01864276500330268
-4.4704025500348985
1.1521697199952126
-13.864882492060294
-20.153285988607422
-13.581692599778659
-27.395436033871857
-31.296625219419575
-10.194978592038247
-12.30382760032939
-2.8735699879082786
5.90159825422287
1.5720511869444669
12.834418164687786
5.169341186550845
14.717537886492085
13.091895730678615
15.835326086641395
16.718310730877118
11.59955244263118
22.231641615944877
6.0105396081449864
-2.609601666835489
17.649802193622843
-0.9848911133622188
-3.71713519425375
4.254308782519819
9.498041595426097
3.4321457021430817
-1.8849873479127823
0.3195200211610913
-9.45630197023157
5.207800874433303
-2.2155560430083634
17.611775195161094
3.761798168955636
-21.961840037518016
-19.5926719534224
-25.57376749831627
-17.17790736701542
-9.029547768212847
-12.783034512103225
-2.5974587403642486
-18.28838556135056
-15.278040931308965
-15.613651611381895
-13.79363419100459
-26.23233901348091
-10.219577285030613
-8.611109331679302
