-23.51625678503945
-30.055417098900488
-25.783765017498396
-15.781644032238814
-31.10594663787493
-13.052878269912243
-5.527840166755503
9.709425311908712
9.044718874545152
11.869955857575288
13.284045171426792
7.386602426794307
17.793164903681262
24.214041566398652
16.711940944484873
-6.179257056360406
-8.041384133303692
-13.525451478800752
-8.746883066938544
5.239778802473904
12.354368120368006
3.7636365235148324
-14.430570726914006
-16.072309528741208
-11.087926385615132
-0.5017983549904682
11.907837781134193
5.617644947934767
-10.575082776038435
1.47190466604981
0.7082054796894983
7.333743674460488
11.11943310201034
6.059619837088533
16.227309337073766
10.939294825942929
8.750022028870513
-1.8429273071062144
10.242175876259974
-1.829851949630824
6.8826321717520775
20.385065654618227
17.360891404943303
25.163310020618873
28.735491645906787
19.412764001297308
26.612724733654012
33.91948455629335
36.13801946504514
11.65124374978826
15.445328580683082
15.75923194894036
8.36015677947677
1.3465466295876154
10.054874883589537
8.381953208311282
-13.43129008623399
2.998179165180177
5.8892800150030125
-3.18620252815682
2.766131342109832
4.8874094078633465
0.8243225104179419
0.8673073442402807
-8.636090342683536
-15.940677812873965
-29.24543437249732
-34.03104281409345
-29.075487622261214
-29.9697049366637
-10.660047999860813
5.754484521013378
11.488087951935801
10.287917813493417
-0.1946521585870731
5.420308943038463
10.543426771442675
1.4057118408081706
7.250235768461249
-4.714645558945092
17.279945784541233
31.97539313081016
30.729792902213173
38.88139561122887
30.352793915833825
34.868523774895614
42.36388882241447
42.64679543713408
33.33348243302385
34.4354915704109
35.10554971123839
26.459315935252032
12.665751611237345
11.435223572328225
22.65808124453281
8.829302463557747
16.11781507644131
11.91967915403685
4.253064826112838
1.1022043184103545
6.187094210553066
6.56327289613429
3.114112308662265
11.27428408927197
9.891016477930094
-17.188049198527082
-15.650337168587551
3.390035890774109
7.184984863056707
0.10628487362183793
1.1439696253768932
-4.076010236028971
1.5859765851037522
-3.188058922958068
-9.657649318682687
-4.7939122624944766
-3.6500528914964288
7.573500653960965
12.639133249923455
2.0758966463123443
12.353232495496002
12.061321002352464
9.994428434760394
8.091430376683093
1.542617935928422
-0.5870004697370568
-2.208881601087401
-26.3197249240402
-9.395891785543412
-12.167220385378707
-20.948165885576838
-7.653888822466463
-2.6366678675965503
15.634030417787173
19.56113863587528
22.922100727102237
19.043031983541397
18.160266681340246
11.821423206897538
13.145456816805586
13.93201145322298
-4.386611760581107
-14.071346701301325
-3.0545653606002587
11.148587399094083
3.3051197392723783
-1.3423036920059919
14.876236714004007
1.3846304119554815
13.769789161072366
11.596077933004224
-3.2256378671022725
-11.247805659448204
-6.545048960720826
-20.148589601582874
-12.780582554418617
4.132647939062374
22.419571890815984
26.064092729428488
19.74778289935117
33.305064311356105
16.70998054903265
17.23061975747687
22.62320263268632
13.786092515855605
5.81122290684358
5.104054201083542
11.528152735950275
8.430340408322412
34.677188599763305
35.23856018345028
39.8702743306228
30.11112191310785
20.682038130795227
37.894605600736774
26.94666022399775
27.424369309948105
34.64349590281251
24.68748560795126
14.028715802832544
9.937128474342373
12.315264194639935
6.530901108180773
0.13008281719422718
6.9034949559119525
13.778840154800939
13.089202157676873
13.362425872919989
9.476749808855748
14.249489327811371
17.23781426477405
24.724784958658404
31.624516703976266
33.43959244780724
36.02751978512031
29.78032458559554
7.347385861404885
18.89604635401519
10.482365285387148
35.501793728494725
18.56712891169827
1.9194738281239756
0.3103546032749594
0.6652701698612834
-3.4945674163712717
6.5437008204294065
-3.983417737198983
-1.7481180821732656
-11.029101688692467
-2.660714273537157
-2.1518752102083054
14.065824947431187
15.905610729818285
-6.084492543382714
9.588983217932578
-8.588559741449972
18.619296690503518
20.670452652570685
29.07539792695957
28.95262180316973
29.964583978612858
43.4804631741469
34.142678114370504
27.752386651359576
28.96944567220566
12.355362535784733
-13.130634302061631
13.7260944250946
13.327978122920305
-0.465634809919967
5.822523453618968
-0.2520234964509712
4.891872760802305
21.255263939279754
13.34727366794735
11.908211648298387
15.88196825255786
0.9400809854150778
-23.558189239733466
-21.42125428394792
-12.628310799578676
-11.715932301170412
-4.118643871765822
-9.138574698336273
-12.298973619152779
-20.347972480118813
-7.4562645705222845
1.5967325865781394
7.401158583968347
19.687224883387607
25.21664981280125
22.30933273583904
29.907706661149934
34.80322469585022
21.472399972992203
19.075438402602128
25.850825034913488
27.18668073545789
28.537745104766003
24.78993817420942
2.9186909350637427
30.37270343838168
38.997179015838
45.50371851275074
36.68155770112169
34.88128986977085
23.788771837948126
9.14127061163108
10.74883548864009
-3.0839555427577947
0.9072114722868112
7.974720456987621
-0.5933967099604762
-0.7622927971914578
-10.336991873666827
-1.3914927864864988
1.2865894559374773
2.5777938406746443
5.851380518942728
-3.7275425919564418
-3.7071795500078766
-3.4184490663875478
-10.053325625526881
-10.349610733885227
-19.642098174976763
-20.980669181091603
-13.260483109146259
-3.892564011482885
0.04301186822888805
7.9554338494134305
4.06786284675386
11.074166128320837
28.853554191523862
37.88050712931832
12.699200333880059
24.578530144403068
33.06261593137419
34.52979798336754
44.33807917331338
23.284624645903467
37.83411224757193
34.39738189322246
35.13537651887898
34.57637023059234
32.088423811095524
40.075851939645155
29.36240975287762
30.95476242528781
