-12.723668651249218
-11.957967693049655
-8.812012859725506
-17.10525404935473
-21.289280876386172
-32.475941790591996
-27.37605587899302
-22.194592566962687
-20.550080981356455
-22.5586709376791
-25.33971724006689
-32.83744513600419
-16.131273472046686
-3.7932183795541214
28.646551615197996
28.26201301976103
18.294989806643354
19.00218107272884
21.84539367774976
19.159645027060808
16.937325776135573
27.683823205598486
20.159870990877124
12.585103182875084
5.369966485297331
-3.3530282779924203
-9.603787626247096
-9.576068361449124
-7.2742656013126465
-4.527669864204634
0.7675776736236681
15.689784288452813
13.516225035215767
10.786069479122784
4.1210389388411235
-5.713594595196388
-6.419671380937741
-6.189466898722495
-12.221041754805475
-3.796508239943361
-0.4269524639299777
-11.460130817572358
16.82943963467285
26.602538733785416
31.12678700725079
23.61448535017295
20.69755619286353
20.235654177988092
15.050357880652015
15.740139467271753
12.094925158326584
2.9503932812174902
-3.3035425097780107
-4.8077095088302215
-8.622022043549386
1.88207191916393
2.152740633346148
4.569177237389141
8.567443063218906
12.026314266876645
13.586668507280116
13.872618789688726
21.561783145519748
-7.377576919505558
5.2265832785904935
-4.305572735657097
-0.98500153453595
-9.561303320210998
-8.68253185396832
-8.871642932370293
-14.79318117928517
10.911053593065354
2.366536197517952
0.04467039889357773
8.935379589374193
-7.993795892123483
-10.701937670813882
-18.31485580230764
-28.92782334409183
-33.608971166424716
-18.348053774022286
-3.871010373538831
3.041135839082325
6.281646299144257
4.144715433527612
-8.040857229719666
-9.920134407820973
-5.482428377293927
5.602554216444519
4.4582553677859345
-0.21681702008291476
2.053927055945352
-18.500657765360266
-14.326007216731618
-2.3171662902574988
-0.18908850267709576
7.8238863811615476
7.045026833587854
-8.289255505642048
0.9719535264750536
11.093339812969143
10.229470248078735
14.154457075330287
16.07302279576376
15.727911944151618
5.310609480271905
19.831085527417763
0.4448474143713284
6.342575778869906
2.3469419808124785
-1.1644859633244742
9.169194319084033
19.585237307559353
29.339736603237487
36.027122912601385
40.83709366677329
39.70672206675876
47.658444433541405
22.85681061562939
22.661233777469764
30.076382814067802
27.342123873705496
30.313061547815966
18.91736822449322
28.090798777405485
29.444847964075585
20.925916738753184
6.118271755769657
2.3638519220862446
2.2587990113148586
24.96211097985313
29.17258148226481
35.18441619118755
26.03185142701738
24.59635601988411
23.03550128378965
19.888179179594353
11.158220058456061
15.079896985227432
2.7966222262076785
12.582997645202427
30.42470391385335
22.253524281681038
9.294725254277221
1.0151544869558031
-9.421296678726328
4.509002041101548
19.98842478674732
33.858616522064196
34.33731638146853
25.830144992817125
21.094264850789166
11.460197950343964
11.76877883021041
9.983020504159834
11.301386271301595
6.076194084408562
0.20173529766329554
-2.4259235890179154
7.428543291739952
3.1871973224880645
12.110318854442253
-2.50881455191513
-6.745854314030847
-9.84109639362686
-7.880290819767108
-0.07538411593578169
13.30187378827601
21.38265186594753
7.679533931638435
24.446395262591487
18.86593550426819
8.45799257669317
-0.9397312940837644
-3.849713812712032
2.2569282353360354
-0.9261926125835724
-1.5807586530515223
0.034335610626751376
-4.837903357438151
10.127801661333567
15.447276515632195
12.948635362058216
10.74246386406211
0.9990418886624072
-3.053739063114308
2.0736174629373374
26.951806817151514
27.17418584198643
26.588393310341683
43.29554588449368
39.646369973030275
32.416925801889235
28.23865775307869
26.143040861321964
9.441517422833217
4.7136414489729415
16.213386296632613
7.425752744838882
4.919854937239187
9.82910566240529
23.34188196189971
14.750561392973756
24.88166516224277
0.885281650109963
0.7055605162652231
-3.899077106635408
-0.66382000684131
5.13594877701184
-10.602430623763954
15.071298923022532
32.43843607617802
31.151907958557462
33.93737243542077
27.55091876170167
21.43165185247285
15.397226628865877
-5.736093941754234
4.72914994076919
4.140292225201675
10.078534088328563
15.154275127972085
9.970426522829056
12.595497359019994
5.955611609045496
-10.352539647094929
7.33217552120158
1.911795060933153
-13.606600600475067
-6.038282905223648
-15.283803201192253
-12.246108869792806
-6.360405361542556
-4.132537516748603
-6.8255801178459405
1.1425075830198048
16.666048266619526
17.057858013774258
25.391376951724826
24.89910162125675
22.180159144142962
23.450464002283784
15.231677560495243
20.227708470078408
11.282028884479036
14.083593352775551
29.23318514419495
27.783516533886534
26.765058327396254
22.072609454798254
29.602921601031696
22.23899426156441
23.430335244277142
34.031484170359505
21.55718095807189
31.484350216603797
46.13218443389754
27.500489899946608
24.871985822594663
27.180469654053354
