-10.757685302803047
-11.206449748655453
-14.90594139596015
-22.5428153575923
-10.300890556388326
-2.759129660332424
-13.986511758332345
-17.819619508284635
-18.4420484946717
-12.579834942691374
-2.7265074305484465
-2.0252659760626845
-9.957314378329627
-11.42703066634676
-34.445673121016874
-23.33006784568507
-13.599577504506176
-4.5354295008568215
-1.5559319388798485
6.047024852642663
13.084011822641363
15.940413762626708
15.337510684239595
13.373079846879847
2.8743882991247847
7.410927992994707
8.099083598086242
1.060815668093441
-2.7601451453268333
-3.4952451918156013
3.0795793855372438
-7.835948904000485
-8.07083013390883
-7.194684199897162
-3.81941098645941
1.2130121275580217
7.488302112736442
-5.755988863423571
-3.55148065881724
-10.841328195380036
-7.895267156998124
2.2673186129365988
1.63388874518996
-4.053973934451024
3.682464094809497
-4.37125202415219
0.02383567437185865
8.751736945039168
13.424653099508806
28.169078923277816
7.327258373855975
16.077385389014946
22.90590742885009
10.472678338064243
-3.42898066285445
-2.3019019745668743
8.421399482414822
-0.16889430274204092
-1.3522689468065203
1.561211024172242
8.611227336888776
6.735319096715488
-15.180069499937488
-22.461233678810178
-5.486418251443051
5.376086015668206
5.999636008906608
10.484275256379552
10.775495915271524
9.488784457900149
11.408139427601574
-3.69394894756397
1.3516673454501291
-12.251279344324189
-21.704701128026024
-4.8560283359126135
14.395539987506547
23.55303182630184
21.996600994677667
19.275309127914795
4.695845807834579
16.938035458966837
10.553708670787675
12.185175010616751
-11.62367447101949
0.1907295899409338
-2.5385735020469373
-5.004808601262441
-2.9878939299991094
-5.791016762504612
-2.2609413845081643
-13.387537887803841
-17.72385866607973
-1.2805817874099388
3.8031132477802987
15.01079233744884
16.650301877278096
21.838921884613136
20.290614234898605
25.017124969086904
24.208006591309555
20.838394996179712
16.90588036683127
26.517305448625468
26.131444849543463
14.201266948816984
19.087824255884104
17.491239020008624
11.134015475217144
17.431214453366767
-0.7767584217466004
17.156659018969695
17.381007886855183
17.058440056250635
3.913748725748657
-1.2861438066468172
3.7943924011604984
-12.003671312133624
-7.704495915975745
-32.36897500015837
-19.75399002470324
-24.888882737804558
-6.02330357837963
-18.80581315785768
-8.519564920682884
4.795845234772798
6.232536738262374
1.176555286486821
-11.783914528370047
-15.105181769995985
-12.409520382429367
5.1732693880536536
14.703206828078823
10.718554342029616
7.379614745627251
-7.28781118076762
-2.6674480522311748
