8.321338872037503
8.923486221989895
7.997900103011472
17.987662567273176
14.632610377977285
10.914837593977893
15.46596057066018
19.218331580034008
16.76606924062245
21.061598021971324
21.62852553317101
10.701673080382523
10.475880910958114
26.603319731445474
29.993846482640997
26.346393749927554
29.823301243095433
22.06240326088099
39.392927427817284
39.490519291909365
28.99031539837643
14.116269208097286
-1.101096151257134
8.670269932772422
9.944315455526649
0.5978047510901575
10.174320851599331
-0.8341774123846823
12.231107155681086
10.818165019706012
-4.883777923875426
-13.548545233795036
-12.941317397416006
-9.135766240947738
-3.904538488688615
-1.9229291351211544
-9.139668298757783
5.200574877299655
-1.5703170681868017
14.998603010267587
6.363862166383092
12.930295478439325
7.454686951109575
-2.7489592095297195
12.341490354593668
8.650078828845023
5.947867653463392
8.099701398097741
1.5834567474421315
7.131958884450269
14.327291543426144
1.2178688057327411
4.712093783604008
7.4625344109889165
2.0470027706544918
5.851873919795069
3.3683956662836465
10.299346487797797
-3.566994544204603
-0.3049038523656341
-3.663257805104042
-11.489050686076867
-3.872233796271376
5.755135707987151
3.4838185296981337
-4.68034772958479
0.5166513313926847
5.673835771996509
3.6219029623058665
11.921635917034571
9.474770720512362
9.75674592303099
14.971632165824538
3.439202695833891
12.251701647570293
21.853112207698565
32.66026143702389
20.43972464849882
12.05331110477461
14.115785164427582
6.1362625751247775
10.768676502381666
4.4686315530490734
-7.817206979909928
-0.4078338944567041
7.479280549866967
-1.4668008396028331
-0.2950324433861513
-3.9075562758838034
-4.738189181542767
2.351667952149698
-4.879406840038472
-4.015360181790505
-11.585926841836882
-16.36076342175284
-8.055263761674807
-14.03931307333838
-23.32349333133143
-23.95466643444486
-20.395153458026492
-11.466522448037152
-1.4643995032452422
-14.998578287617672
-21.022704199546638
-12.97940260807491
-7.242768522641388
-4.855883704900565
-3.9558152149332497
-8.016085301581843
-4.460014931031751
8.667611944547923
12.1189743309127
14.820013318145485
23.44407661785209
35.96624887918797
32.32690846652618
21.429415464972447
6.743588659174301
3.348957586524774
-7.083927147968785
-8.567685956850747
-1.6563153878378951
-4.0644464853247815
6.698197064788814
-3.438729929104252
8.319019703423113
11.762955634036546
16.12241645661572
13.479113876257381
23.178701779642314
42.358283906506536
46.643217971008546
39.859812706640334
19.164989421488432
19.97448152951548
25.934803549729253
22.95229316308753
12.230042274285259
12.800465970745636
19.335201117940255
10.297264832380405
5.11745344244058
9.464122006245026
0.7930431204823138
2.4213449686246054
0.4618846227397255
-7.183615921078057
-3.497875780732181
-0.6550042360983035
-0.9135938092702198
-4.9818841876773385
-4.5107936928166765
-1.286840423296762
-1.3914978583558282
4.98421181329442
11.745071714837415
18.84854199521444
15.166477839926426
13.590254538257994
18.226953042317398
30.977600095832877
