-17.786175389430714
-24.234987092469893
-17.04079150982309
-16.56466920077503
-11.824057581426446
-8.84246412253902
-16.085397201979795
-15.474887914437033
-4.917364801037206
-27.13851140379911
-25.191098937916195
-9.625679645261744
-8.245605947199918
-12.71179343494208
0.9636484675592376
-3.125666705667527
1.6029705415573783
0.8705012579328153
-2.0901338262743416
-2.789465139310682
7.312956593283367
-13.561922009635431
-20.977236023573123
-21.218522682105466
-4.637918684676816
1.5730955359603664
-10.345159027170595
-2.7640864985616163
-1.6467596014547925
-16.244718536684772
-11.297061248148974
-8.766840666605338
-21.038416388982803
-18.875956418209213
-5.354367738875783
-8.995874682176991
0.21239795408357892
14.08341205199898
26.271417904994497
30.125625903367037
32.20139309104928
27.17229392373547
24.95207930405961
22.79602495672793
18.764636344968466
12.558142358205009
12.320677418762164
10.969262252893898
18.292785022223036
20.12361777223844
24.034559384314854
17.55684679033497
17.541588469610712
7.669729345933164
6.270760291686728
27.000101893202494
30.9066447057323
33.641745141430675
15.620745930107269
-5.774875635093068
12.387275913776325
24.87988368309609
28.00797562693132
34.104042556231974
35.33614725060783
37.65447049670503
34.741387209477345
26.721613421441077
25.60954046311597
29.478788637300855
19.826579403021515
23.5887685566117
16.883881833578286
19.600489584976238
14.035064867098866
11.121898305509848
15.666068973848693
28.492816979078373
25.870388637306487
22.60605951975459
10.840258012946997
-3.3871214476351894
5.311601612295707
22.54356997497971
12.34497691443208
-3.0669309169987504
8.125846376581496
4.13954211489374
9.635311202322773
12.418128603835402
16.909672282042745
19.074987575259666
15.42044833560975
4.585429338898408
8.323697796960252
2.9130215865553235
-6.699640350253119
2.009920561246559
-2.2723494652952474
-0.9115164373109717
-7.999523369629557
-2.1612149497378024
-1.8322244678431168
-2.1188281645341043
2.6889906997350828
1.2278885879844483
-3.910513339977613
-7.418004772780187
-0.2534683371297317
-0.2424240214179149
3.896932147581905
2.2822989423279663
0.8218291708141454
3.4667985949939717
2.80460976402292
23.894088197171307
29.64201180838479
7.64948305055459
10.140657752877487
2.663250667452888
0.4634564737566569
-11.606575018704465
-23.292828425468887
12.455148719035046
6.315977738616747
6.9960124515012
1.7554123629502396
6.957917604194635
7.050352761954723
12.034132297558198
5.743749000409423
10.150532721237708
-2.689463266905044
4.847404921691064
10.881453941377783
8.840798272841386
2.2733771176524042
4.504613294618063
5.0328008711280585
4.6341065120607325
-0.20741114992809695
2.0389623702329063
2.9293174361207415
0.011741974063007171
3.66462991384831
7.317513992788777
5.62126791227445
10.800375947478127
10.029487580856548
3.5732087491460987
-6.783044756900368
-7.764661071973406
-3.7241282796547015
-1.535115565417979
-5.297966644399028
-8.59594257623781
-10.045047035909157
-10.806663777019427
-11.387967446632425
-13.240237374241445
-11.87019293220177
-18.668069110859253
-17.089414232818132
-9.49475898547585
-4.126872936723648
0.9689535017599984
3.1341265151735684
18.808404276724136
20.922625113709024
19.24897706212979
9.505568890084897
4.925991229991356
-8.740165846234015
-6.671702850291354
-10.701309219182408
-9.529567087843043
-6.099408234763647
-6.966150802583697
-3.8005465909317606
-1.1923521050417485
-22.030585896460533
-6.656447099613997
3.7512289359332414
12.789520838072601
22.288102494061047
29.773174963485808
30.27695995377032
31.14223065813827
32.372884550387894
24.275150846478237
30.109791716475463
22.76632323548253
19.598887328162228
16.605350000077113
26.26981003558932
29.11313875774455
31.26384328041993
40.116090057557905
24.70197416197629
20.16296959642023
16.063735498120337
0.3898039621257629
-0.25923501010272576
-10.708863823048068
10.245516576112363
7.905103146844586
3.3345197354838882
-3.952855728953976
1.3635992963549028
-3.890030630481653
-8.454140319613746
-0.9079144509997238
7.030397224868477
8.55823889454789
8.125052806114192
3.4195011159308377
-3.4981232647259315
-9.035524948211034
-5.954675283569866
20.870541048604775
25.504524347539128
36.79962122914401
25.25520054778259
31.24235951039596
23.234565242653698
24.65790490002432
15.355237580095663
19.38822173557238
20.40948963263788
25.22675138768437
13.766402117206042
16.83046496787182
9.363457458864767
12.682439874262116
24.89516277004223
26.500347298651953
28.58489676404439
30.41064909255362
18.320255469971816
21.332921851406237
23.379127443663744
26.652434873660766
17.203842734460334
27.33082184394861
30.122057103705266
26.94741336018637
25.467317004521327
26.380488821503647
30.349814888667325
15.568714663331454
20.33531958281426
16.52351687787964
13.306740971759904
1.7509526804305169
15.193188997892518
8.169713807369451
14.912103524490519
21.32554895012825
14.202087952354256
17.6172681773136
7.302746538384545
-9.37095028720719
2.4690989205477356
4.402314005984287
-5.425943997831289
2.5605110978993313
-7.698051276262724
1.2097070899098703
0.013172247547033016
2.0360726093712063
-6.1270466421323695
-0.9038301165828494
-4.247374072089149
-7.360005641761407
1.1533782396018524
16.993175988004918
13.3139041519472
9.414716100963858
9.730655617428852
-9.635608298647226
-4.9176846606204965
-4.38134728434164
-4.08376389876521
0.9399501811176406
11.639949440437752
