-2.339327443120791
5.495228565964181
9.210595631850717
-4.829181006732103
15.867568845366135
6.9094546158804135
19.876927670875894
10.028019707073152
19.57187862389462
16.54647262518549
15.544957108898508
15.019412961439686
10.514825593500573
11.836938576811955
13.585561256723395
14.838307102593912
19.653513120522607
10.147349153931172
17.182026816838707
8.714727496535916
10.677174270001887
7.588838140738982
22.211610185363806
23.124127296715695
24.88811415056746
31.09577543107915
8.682516010577768
-19.80513536521168
-6.4278369159315165
-0.9396171248078382
-0.6004466451327896
-4.856126448452788
3.9357168638945534
-5.879926850308318
-5.959466991027048
-1.2210899595106923
3.4978585943364444
-0.05884505459373411
8.383136649188241
7.332739449452169
5.237083929273028
-11.42176329804109
-11.622729914565928
-11.72527473289924
3.9338267441948074
-17.794316903181148
-2.723337012767028
16.616157525365214
5.723319627760593
2.905184667192087
2.496994412157429
9.717505194293231
4.3843523186960445
3.5098842369596066
7.2239120132499774
15.848879007221653
3.5735713247040715
-0.04967803583189223
-5.21401980553398
5.984026054796179
0.9192352391632772
5.573246075474807
-1.2817547609984703
9.731763568582533
26.978057460207424
1.191845872850636
-1.2310521325773005
0.20613198571884964
-9.406130605085085
-10.41389973368574
-9.239520982841029
-12.503062380606954
2.351995200999453
0.2237902872105716
2.637765585213009
-1.1574138341165765
7.861396874326103
-1.8285454221714013
6.634147952631285
21.535385844555396
22.010948428164845
12.075904738246873
8.785131399188053
8.524348973527093
17.823898552059976
7.018905345825172
-4.23907454506944
-7.460082396543012
2.8113926959959743
-6.725650046459258
0.5146258881970003
12.6575314017195
1.5739689248647526
6.741299467778168
9.40362545311959
-8.792799585156274
2.714167320018528
5.898324572315112
12.466799619037614
0.9206121342189624
15.560881881806054
0.19035599594079788
2.209424256565873
7.151120640615924
9.352853394360144
11.738172692157411
16.57184874276836
9.251166224052731
9.274932347079083
19.716281119762314
29.22621903185967
42.774856627391685
46.93463022162507
34.21616641384098
34.004396009398924
32.2456701636893
22.978231508393808
36.09402922080992
41.89698334715309
21.251483731878995
24.11313709899447
25.54698333640627
45.457903680585936
25.23585955339836
26.85153428309873
23.379905349221843
-2.7500413978439644
-6.503137217174895
-3.0832786368931098
-14.6416625235249
-7.5070181322160385
-10.173847873110057
1.9455626559214396
-2.9609450673514712
5.398944195183284
4.849680775745321
-2.339105593242944
-1.618517917058475
12.601433075608004
13.98686001151948
9.479808197184337
19.152338149083267
13.960037647471509
15.227445010151019
14.801993942932615
2.4230827232404777
5.118438487257862
11.736268492870334
