-10.128125497224461
-16.988373992557015
-3.87007654498364
14.701437312968427
3.1797469930889166
-4.809219713921914
-0.3215604393577096
11.878940558506212
12.934712046057156
8.214572363371671
4.632348526750282
4.873934727505868
4.299379729653707
-0.4506247282440395
-1.08365234779926
0.9109963076652886
-7.33946576127664
8.711194607911418
19.983347925218204
12.947425995279215
15.996811256865591
13.550163320855631
17.079807659682047
8.798031985397023
-1.2275250983598407
-1.2969357102422625
12.171684985122175
22.46155438835805
5.094289222610809
9.570247445152864
20.895263034166675
7.922474048684569
5.755328249210424
13.161335048917833
10.248014264385212
3.3803375161982485
-13.741421128482509
-18.601973062855187
-11.404720198620591
-3.3911992308296286
-6.599382591947148
-8.061612747693662
-8.84227631450468
7.685276341468755
15.617109400434256
12.088248336620044
0.05770839441001119
-1.859729863347479
2.9873570583809705
0.8312771123635673
-5.528951428162083
-5.424659536991961
-3.430466230016429
-5.530458864676475
-6.743792345747634
6.572800853181254
17.36472181783726
13.417153276427364
-0.9589130065062272
9.35208013269112
12.98965696191865
0.08372907109994125
5.932986588924277
-2.5316828638643907
6.910887246192192
1.6764604014624038
21.68648742986452
-1.0054396983856235
-6.905588043038181
-5.949106813777568
-5.013853739794822
-1.252252953918324
-2.6329854374257757
-9.497369450902797
-1.411311893825539
10.816712547617831
3.4442582131291024
-4.488846560405611
-5.480968190665218
-0.12120559198037367
2.8619070527387525
-0.21795386088014287
1.1018330314546234
6.680653295256289
4.751888074080866
0.7048448334388213
4.843834284352948
6.558609634827733
2.0333904028842147
16.351856048510633
-3.40324010654145
7.238654829509128
-2.7656134636948178
11.634829619573619
-0.8440864863307707
7.556071354815574
9.606141104676727
1.2379621693334273
1.5174042799159069
4.881653867379295
-1.3440669372954557
-6.093279334708978
-0.6897577673839499
-33.68072394578376
-39.48620398448713
-33.865619001611854
-27.261484740915087
-26.527541172855926
-4.852430561330227
-4.668125226633391
1.8074354819869207
-6.76772574156398
-1.378239207640915
-15.00921459036784
-8.762862804982838
-2.956707774586468
-3.3441927770179536
4.5363510145350645
-4.102448169008297
-0.08024361197741245
-18.04939869042912
-20.90923309252866
-5.191249572490926
5.637357299863025
3.3814362312105364
