-3.521225869995233
-9.56830501700436
-19.40562418166739
-11.592171984370015
11.580952731812825
-12.309719894112707
-0.38238732245251134
-7.786400684776164
-2.5492847231655253
-0.20170764306624206
8.365835446516263
18.63125835668382
16.34078344100505
8.17623710528406
12.069576033017626
13.736025969969853
9.730837114523641
13.746278956886435
19.308698909597364
16.06426980541715
18.590020630367135
13.607278409547039
7.860355148041623
14.333049571643116
3.7466440175278737
23.583950603054127
10.564731022889829
14.132501420935677
4.8384512298781015
-2.909800918610616
-23.711988762636384
-16.262910025388468
-6.396994064630399
-0.6093019281952073
4.004752199217353
6.337128335778827
6.842908040515088
4.602011669911331
5.262970722644915
17.559797941149746
25.108782026456595
10.856205959147015
25.18911442637138
18.87908014618453
13.827633327620712
8.714162340269397
11.735443393948152
7.730701839217277
7.483640346314663
10.346741366718252
13.423456524691716
15.76765642740308
10.536001464857698
19.240683642201475
32.686998879330176
23.774144467864733
26.005658214335643
24.29568472479599
23.31264031808898
31.062042103220264
27.025312548594012
26.56506623973165
18.83295416209056
18.3421993332488
30.05514717301686
30.705003777012838
34.91382135010142
29.40535090970773
12.135119310080373
-2.7101078530403324
-2.7150724080959945
2.191795110906365
4.216127135088777
4.808588201246944
-0.4481098773788101
-1.8687565897445344
10.768206645100028
15.25333203882233
16.13661717824128
16.67089849246403
10.231037612979176
15.812846509367635
20.320320430171893
24.640388277242952
23.268831992932878
14.366190347250129
21.615504594924865
13.7749270039121
14.564309829297288
12.854583330524695
16.996098266181804
14.675913687325494
22.140257814254195
18.222991243319548
-8.150142680719481
-17.63587653735354
-6.714509381838412
2.062628832753504
9.827397966615292
4.050902147826236
4.212571917042277
10.917505326833536
8.722776500581476
4.004945484931148
5.552104482967721
13.558309634541265
1.5641563636479008
-4.044221893859427
-11.677623215480873
-5.023628659383212
7.558259771627662
13.105736321476188
-22.94925785220913
-5.997430827726389
-15.696768353215615
