9.095454404981561
13.009016802225485
8.567277210990799
5.165186475693091
20.576875227450603
23.667662093647444
20.192141677040368
12.206613650315502
17.22117609380802
-0.4649442894923006
-8.367008958218094
-1.0238247957272664
-8.75654638477519
-5.986095749698065
-3.2119153354359162
-4.8889862254887495
1.3031442630762955
-1.4279995811401505
-6.480826767774086
13.064748050869019
11.86397317777459
-2.583862336956817
-0.9748717295766413
14.454547789084256
21.30742885543715
20.586324425427478
10.4620810332407
5.431013900667852
11.309781578121624
15.419958916253623
15.906619253331515
14.078900646106186
16.093095276220822
5.640206018157659
8.770094175602006
11.086583545684023
8.422122750508978
-5.0421149723831045
-7.588854683060903
-10.306541178751845
2.4989824507333287
-10.440189523125095
-1.4630830512428412
-3.770456608030434
2.0462645700411426
4.165083342076657
-1.4513420044776792
-2.6161229434620163
-1.726848074098713
12.47840395750994
3.8374068382743887
-2.5433945646288865
5.995411301527346
-11.136949645366764
-7.113315072126605
-11.721873532891903
-9.054447360112174
6.326854023680682
11.228033011893027
11.455719079823007
20.084684932352268
11.472758406343761
13.2133757491892
8.385831627253642
10.30556150526476
0.4449070991425466
-3.1006789627467133
-11.457827107174964
-5.475044195328672
-8.372478360100603
-1.910526974098622
3.1271915782531075
-29.570201339710273
-23.75595500675426
-11.900620266281896
-4.920145576034273
0.9413886857978224
0.7817583886251783
-1.0016189092718382
8.667769855146773
14.061986103842466
-3.1717051351384824
11.302964408560955
24.766333934154638
34.76347833465307
38.693406988759435
35.12105233098518
32.63859336210427
29.082399329248194
19.822118634194698
11.731823477363331
17.209532984818964
15.642137292116606
7.707112136149162
6.808554626559334
6.507430713021037
9.500720127810343
18.684235661609087
35.80484803871724
26.484322704499675
42.130736684651275
40.062549375998785
41.767337152955
37.172485578946244
37.97358572931153
38.625887055995506
20.052726996400526
16.126008560819454
4.04003343850481
6.95998168536263
8.748500715657448
11.015581986633622
18.753261792630727
22.875516368247048
17.594077978328823
14.330169349066365
15.195113427122244
21.063919032523337
1.5778701279151166
-11.834792205941374
-9.480485670242329
-12.366152254770306
-10.485891737903321
