1.77521409686621
-4.3441687799837005
1.4541178818710423
0.94394752028877
15.468274007848153
7.194175699063628
-5.927105514080296
-15.078454880037315
-28.36836174736477
-18.530554235982844
-13.73999939461635
-13.365872933501384
-6.157298719358393
18.510940164384934
15.796058731791792
13.418507981330606
9.705657601424686
4.475715539919468
-2.599067649369258
-0.12631191194395694
-1.8880526262455015
-4.404402251950648
-6.714165649412947
-4.377461619805871
-2.0873341410553135
-2.1425658417808857
1.9723294526534163
-0.5214450485326264
6.767073739850416
2.5909194321351388
-18.408643215603732
-17.586609963348188
-10.424480752975397
-10.649718940295626
-17.945301730424603
-11.645530466505651
-2.337736636823819
0.6084757832177173
-5.066449581011509
-3.2252211842386633
-12.677504865135939
-3.930311680790589
3.695119445348075
3.5035051479583568
-7.764611630587304
-7.100622838855963
-2.0715850938740488
-0.7273000094290536
2.1627505358744683
15.212832366204625
7.028683365525964
-7.146945983258738
-10.124227783841693
-6.518561758068332
-21.413213540088734
-11.341059320791983
-3.906116608297931
4.016406952434325
-2.5786537463347483
3.8601303670440252
0.6652667270594766
-3.995785120531093
10.644579451707225
15.245907001110751
20.993957779187397
25.160701168191604
24.897430930573503
19.30619191594359
16.220245716621584
13.006120450872086
16.814026095007698
20.15883860175189
15.533667461484244
16.46067580678391
23.60605496738609
16.01104918174764
27.13345338461276
12.493019037468386
19.411717041002905
11.16026893098454
19.817049008071038
20.527679978167704
26.468581257430234
19.837724073227513
13.290302733911822
6.834499963344136
2.139718457371701
8.67812294378012
2.603669502305894
0.2404423520065692
7.10522859809456
9.165270005969369
11.365261572816577
4.365905832309312
-0.42548627644641696
2.172130347948217
-5.596459470827299
-12.8425206100984
3.3546378982696043
1.3468984407979572
0.9559549136100663
2.083978143659241
0.2446749380475936
-0.6484018173361288
7.267309024565195
14.381507873646006
16.51818158497579
18.84731654015176
28.03984691847722
27.170588103939014
35.989375497046865
6.200196558352034
17.028945667067866
-0.8901726209871522
-0.10160215561946408
10.14116032961121
9.280836373359598
16.42480943459532
8.930104845416832
3.2635158350832816
-2.020057361062794
22.031975553215247
18.112070595875206
21.698836323823517
40.568289356110355
48.71533714774112
25.85654940641791
28.959367319536003
30.880850009005666
30.319010508231592
28.661416271242466
22.881984504688553
32.71278386539969
31.619528824336754
28.6800354290533
33.44555256699475
34.631368149132854
31.43333423652792
24.79026686176043
29.297496656214925
32.37928882415002
33.55923702135994
54.33962372283214
38.04426878848353
33.442597209954265
29.626057127513214
27.56730195903541
25.800347869525925
19.144110526128735
18.786086568742697
9.40053786890465
11.692615922128198
13.817101450553036
