-15.991611351511938
-5.153338281975968
-9.169971563083145
-14.204579528039448
-20.830391266031288
-31.382469401152147
-20.054348129167995
-21.511786705247108
-11.856015811555107
-1.8473840734729619
1.9781745828691095
7.975980795590424
12.95612671226024
8.860996121274386
6.093208611712744
1.6284110964878662
9.545059963899382
1.0077562861306282
-0.05387317229265498
-9.53737595015915
-3.681515899740945
-9.608612867100923
-18.381294898262194
-25.58862707048069
-26.01624564308913
-14.085966850506177
-6.245163980717655
-9.180666736314613
-1.9277120961833851
-3.75342257724971
-5.205559817894383
-8.113571236331822
-10.323933405428065
-11.895478391790853
-4.444672694955882
0.7104078546863046
-2.2301853517536543
6.4655972697821555
11.864316199346936
13.565770637643295
20.30232150923842
21.502397028785982
37.252958377056935
36.95945114487629
32.78955694191179
12.013240161369973
17.88557741607053
16.579438707965487
13.210500758986402
8.294907686630722
2.120398729123912
6.6551634031825335
4.045496546827773
-15.39843268515002
-22.19885427283909
-18.245479867206505
-12.49334622170594
-18.85756259095548
-9.794259709530744
-18.68752418739116
-13.83642915540618
-24.05394176134721
-17.003635045556184
-5.8020475752028124
-1.3242444495748242
-8.272410871991804
-6.9660861906626685
2.707243582852462
9.52732505353228
6.2302396804835904
10.735178006550576
15.012752521774845
19.249350136462727
18.87539855026613
8.406180031525015
11.782164640583632
17.05144463600695
20.916646426681712
27.070162395573163
20.57025184958785
18.246315601342946
22.740975096411876
17.782505904800562
15.96183176573058
21.45898025896534
23.556363403086127
22.712913342613284
16.53476030240122
18.50185418523497
19.952604888944364
31.811883942738717
32.297177927084824
27.757902482892643
35.03192390050796
43.41168697389643
45.662224192993
33.50786772426928
31.575672426783033
36.38591022109277
26.565980049406928
5.380232671958308
21.657118292629804
22.673989542835645
21.803691748145933
13.038583958961734
1.0776280012260084
-2.893071685567612
-7.389637110154196
-0.4314174257634096
3.904245047667356
0.6148407295468687
-2.2447042037741536
-7.807102699975839
-2.8789140131483624
-1.6034459761845816
-5.992979227318896
9.837459905921083
10.972324299297858
14.367455737138659
19.90557444704828
2.6923289704837656
-3.970915467027975
-0.435371771223877
-7.705765724460861
-14.522508051081484
-15.317074132717151
-3.939775521318437
5.382909620434287
11.351168106047366
13.968387835197193
19.75207491508217
24.16222225484448
30.241364479543343
18.670578205972408
23.192352325836488
18.918706984733177
16.126455666742903
8.878511951803318
-5.485219407215727
-4.185797338629473
5.042324350243521
7.1962319353900455
3.902927583587743
0.8985186066944073
-8.0206819010835
0.7726526522385236
2.983898978398773
1.887409432314422
-1.7995793052880222
0.6951190564235595
-1.7747284946036035
0.6236202841963202
3.7984786890658
-5.823693800350164
-0.4061432162731684
7.1651304720770534
20.162727547184442
31.65693614251492
30.42549067941973
31.661140164751476
20.446948601575762
9.461453107742182
7.587646732452166
11.048579400252638
18.638690190164766
9.070791626319037
10.21395390776599
6.285630262578817
3.8644536180605074
-3.8868903928710687
1.0309672749898922
-0.9627579259805126
-4.766999824916962
-8.435147186197286
-25.154666075931182
-26.23453570027151
-35.93517894006104
-33.87918094916895
-18.128536692596928
-10.214580027946925
-19.832362776557158
-29.916492515274182
-23.569514300479156
-22.55054657874637
-16.063903582709493
-10.205648531709327
-1.7804642526429544
-3.1389566670480686
-3.947091026182285
-4.28821705674641
-2.6995525552982165
0.3537984537939278
-1.4642830565597258
4.381908943210761
7.128013530629794
-4.50208451319116
-1.73463838438979
-14.646170374088328
-3.784582927935364
6.9733244506712975
26.09970016323836
31.446812830332483
32.581609299962345
27.33940351518625
23.338946897529894
17.496192379372474
20.27845855308081
16.766358361320286
8.630760208294593
-9.926027677614165
-4.897816977961038
-7.135770254447259
-5.791893461690627
0.01941438596809676
-8.736246157641915
18.467158432854237
10.429819445560119
9.934788355183448
3.815021035536661
7.375658333212509
-1.421218643948348
-7.233088624837018
-4.938707407086602
-14.693449587400524
-10.278702266140364
-1.8651054119516437
3.860611866101918
-2.284096254136195
-9.853400500624572
-10.073801572751039
-1.1019768763052726
7.111366191533066
14.93913960379271
-0.2607226245996215
0.945736944973986
15.743969598671697
18.394228289852034
15.891867741699135
10.453855819357527
10.207445838365562
20.553630944608354
8.938220363770828
9.259781451361363
5.316877289783856
6.2696342402280285
-3.687813946623456
-3.4470271705023903
7.120599820784219
10.166184203797032
-1.9270238021428143
2.445419819932201
6.487636391993156
3.215755159735757
-3.28657437268223
-4.936335879390484
-3.6822241798824753
-4.726080852658908
0.7515545855811894
4.414453693914156
8.559513925478898
9.75931588839938
15.891590366900608
11.476404056785233
-0.9840097065962574
-1.132305255443198
-0.5985801895308325
2.87021958511233
1.1733408380758032
-2.431253533058688
-7.597769744975924
-6.280328203085233
4.2496104978507505
10.755677170792007
11.408967874513026
8.582972502868843
9.948309477245562
8.831847013602273
15.911673852370406
15.138945411460496
9.366038198617174
9.51893610025532
2.5755118179482057
7.282156728750134
10.807987483445645
12.207715385643086
7.617021842696982
2.8342415356781125
-0.4724056327828903
-3.017123339110352
-4.968009842836336
-12.377321025527682
-12.242220778887054
-3.4600297514612137
-0.4501214052886466
-1.2146564782307083
7.8621960678644465
-2.3456384233263416
-9.045649228620881
0.9171072461088368
0.07056139762322318
-0.9448897159496121
1.272382050369066
0.6200111694964633
3.7169434431824775
2.363822071589192
0.9164714934718506
1.1373590480957412
2.5422849933802225
-2.9870464364157336
2.1159499284324967
-1.8955332357708528
-6.199763034941098
-2.8635721150989135
-0.3442079038615602
5.108108572489122
-4.026859008305067
-10.905041241942444
12.893868004623073
5.0195947530795095
8.761790184205463
5.737271952789991
0.5630582589115799
8.60763835241252
3.831111661566628
-0.6229670981516152
2.2528058339539334
6.437549211062493
8.653232618972485
9.10111663817426
4.07001771022919
4.1558382720511
8.743442817631934
2.7189901909079337
4.628184286826693
4.8605813843164
6.530160504283002
-3.2010600274314034
-3.1437496389062103
