-32.369501288732174
-23.01764085071236
-28.87023926237093
-5.723274277860702
-20.574505584331234
-18.295939423185594
-14.683026681273885
2.0998895569728107
9.349229297414748
7.973556837608919
3.7586057125398513
6.987084528367792
18.354722886933068
13.31484609343825
20.032948798974463
7.430557375738295
12.227546163718227
8.897272657340073
8.937261747665945
7.134928485025859
-1.0556564656315994
5.288671878598565
1.880122947853184
5.401857478987961
10.745524869318167
17.047759797334315
10.933700449024077
21.182219929407086
32.34639684436358
22.849370569550477
16.103281979423908
19.02952514498797
1.347607900657939
14.481264604572857
14.593540123553995
20.865865733782773
23.839804229841928
31.812309898495112
33.343832489266376
31.20414255121263
22.347492278781274
29.758509980389785
16.62091125894263
8.681788093425505
7.4295374309522755
5.300680847568193
9.960030182946682
1.826408389224951
1.0071054428831163
-9.12420317163498
-12.771906234486735
-0.7746615772368903
7.422533713439741
17.708589155003907
27.975816242862678
29.910899699890777
34.404498813261384
34.44291325557262
31.02277519583335
21.73247427285727
17.250285753495323
15.116815875949571
4.524805237315738
12.557399363623784
9.4089814248005
13.842286627884402
6.893499208228109
12.190588046539194
17.38460529427935
17.267478269137044
18.411412737758482
16.468250121923234
7.495056896885778
14.407361125377035
30.22585878923786
30.079908907387576
13.904274604903016
4.7436439531907055
-2.70469540353355
-4.7278295112843365
0.2271007186159551
-0.5017742309100738
2.3893423543230425
10.032777529372384
17.95393396095383
22.061092574691187
8.986780637286758
16.986154222793406
14.899871237034668
18.086542779051737
12.909848593752525
4.06805554189819
-7.882087052795668
-14.746119194995034
-13.812678759584546
-15.158564548653375
-12.19530674557666
-10.486748687064498
-8.324178656350288
-9.797701102972717
-4.5846155046373624
2.7394303506291604
1.6827172421865175
15.152886317767743
25.189996131540962
27.672342130525635
25.29347308090093
12.069155400101339
12.869885888325994
9.898048614166473
12.098870517342991
16.38433808462752
14.088261554740882
24.550856047858595
20.052685853126675
21.266192041560885
25.132164671135172
26.432811903771448
14.450280694267347
10.096076817452564
3.957799361596149
0.513501623217651
0.3687921296547063
-7.450740801992747
4.374007222567354
3.2435654967405614
1.7989766401585097
-0.20756129048377395
-1.8681755101072708
4.482086462128397
4.2893580464413565
14.118964189467487
5.630375725371466
9.63573339208605
19.952875950967208
32.65655886822299
15.191549201966698
3.497094408519447
2.2445214796591544
4.696213863414362
11.90240057566101
10.585346774173363
11.445294563692064
12.847860786014586
6.79917294928214
9.239970264278037
18.925274636198203
7.068518727549307
-18.527271677309574
7.181590025911162
8.876972144100444
1.5709110969350333
-9.352328767107307
-1.5108144678945437
-3.3403075615708686
0.06472017543273648
-3.5589718959544183
1.4625457743403096
-5.2083084537071365
-5.265923881246064
0.01915235497822114
0.20321719479390046
0.5540223969972131
-24.770474830047487
-13.146191474757492
-6.997861026489137
-19.403481936669774
-15.385784932252307
-21.686404305230393
-8.198363473919134
6.956347306680881
23.65038556315495
33.45636791924434
25.066900847332796
31.56831791755039
27.969931663004232
29.068643108912806
24.932950781066488
23.37823589417427
16.490505115416383
17.10568029642472
25.01372484841825
21.905453771736912
14.166742370763435
16.684465418507827
11.013505532736922
-11.857421323088445
-2.41966328925007
-3.903410437385229
-11.298309687597426
-2.2368301601910567
-1.892536727930052
9.56197962969818
10.808528413038456
10.288367829717354
1.6149820792087688
0.37713374314706416
2.683163663510169
13.997170482398195
19.29116090426384
21.957217457129325
23.225914877328247
38.071033978305245
34.439390448626554
29.82832684370697
23.232801902436037
25.817888779102642
33.22870631729447
36.20454131190717
36.96482870733721
29.804225686764887
31.583844323695928
22.55909070282075
23.13157693592441
27.128690719470345
25.50696374639029
31.37130843623009
26.464489251612374
34.14693193089023
29.08794852940823
32.2477632801928
39.51648279163122
