-39.96433053414072
-35.7292415340702
-29.527785638535324
-35.70333583969527
-16.746728387676033
-23.160380509952837
-2.516753667598936
-5.110556704751441
-4.428580335763001
0.6037872286295677
1.307711262811426
6.4075291288240175
-3.0252446901575074
1.8287716567898789
4.280966119461978
10.349348399378304
5.9606154798869735
-3.1002922562992783
-10.107827978821398
1.355351957188057
14.636586536611984
18.879758944230133
7.536920075763133
6.886405719704545
-4.522919514614198
-9.73521489371107
-4.921993171945842
-2.624845804693498
-13.166895664488651
-10.035530441896443
-6.772576206399786
-13.595274494394646
1.0201289553260915
-0.8785580763560458
-3.39067641774305
-11.355000721091427
-3.9554166253107566
-17.39706740965281
-18.93290202303333
-14.368326612215943
8.066217721678104
4.534944564888212
6.368194927706522
7.805616544240893
-0.3320194457525293
-3.4977448262328243
-0.11443426502743292
5.716677340652377
12.934789806029675
22.028638415603105
29.561566957245798
27.4769729173878
25.58232349803181
19.27717481510952
12.138093154224482
17.029781061943492
23.232111307504077
23.995240675801163
25.179069478497013
26.911688734912648
15.726087564025507
11.655777419867562
2.580715502621509
6.592727318638941
9.998322064443524
1.9218891625332115
6.242123733480091
1.8180829934690204
9.427918013110208
17.869498362164016
25.24271253074625
23.54272019569817
18.190649347931725
9.16141077802706
10.562520057220603
2.2793414940479946
5.352156225439918
0.13366391166003705
-10.767895476795802
-5.507057830714177
-1.6269816800506178
-7.707181733421482
-10.907124705118283
-6.5456000044710265
-4.831929634599478
-1.7330265169982308
1.4034576318262428
-1.4646313413386969
-18.554614254691426
-24.089312800062146
-21.875416860722922
-16.19538308372819
-8.101842939470275
-3.8344088553749143
3.229059977597269
-4.1057793550727055
-7.057321786337267
-7.1702294912094064
-0.9715087941160082
-5.855825474181738
-7.55847286598073
-15.000854533346956
-16.961531625901866
-21.15596248293239
-13.589565140600984
-9.312512971241784
-9.604977760066225
-11.339729270900614
-9.987324977267537
-7.752134050656661
-2.412279142381977
2.7508847492286717
2.261116309488075
8.025569180096504
9.443779747067827
16.002438215100614
15.074830750272202
9.20722354950752
10.03404580459689
12.168283323897116
17.978901397079927
12.031071180691473
11.552141266448196
18.772317330430468
9.235492551933648
14.879866986974475
26.38641923550703
19.915013671674306
24.388031541986827
31.147482332216548
34.02819121143851
27.538719086200786
27.51515709321279
6.738714468699504
