-4.202410513930569
-9.759129295714695
-6.177242087468383
-2.2901685803385705
-4.448969432051414
1.0985443810829698
-1.956399024475455
2.5908688816675323
-11.807318896818321
-0.378201791954721
-16.440403192935793
-13.119937628547394
-12.862108627369526
-7.361243978475961
7.356515671594582
16.626941552532188
17.475968973361653
13.527943983655147
15.224747833116233
21.77541873284585
11.78382211441345
12.656577733678155
10.205165932403194
9.326306072385288
21.262816657746157
20.958245922903103
14.885453015950127
16.59757647845811
2.0976676474815767
0.7137013066728908
-3.901524777906449
15.923764301426857
34.00161585979631
45.6101521244032
44.49869592993495
38.732120976493796
30.5421780923274
24.528507643164534
17.697354019909834
26.70642549018604
22.369355449864525
17.574056769137766
14.970331245743706
16.33768128665504
11.81780885068578
14.388170717748721
3.2580388528742548
-1.9189704414639408
-11.506462459361039
-2.9304912439043678
-6.587183583497287
-7.860076034407487
5.427031732956011
31.65508950750609
25.240470119484087
21.926766446787976
22.216064046773607
23.30872919529793
19.78382885542976
14.06595352317352
18.346923061997074
27.136997841937298
15.535183671736366
18.613992924552797
27.40146806581019
23.52187142339097
19.33003052554025
23.526587080579876
26.071450312555836
25.57255079971634
17.554929258725092
20.68746620419139
22.103062098393508
23.55020495889123
21.086372483295552
1.7954620040452929
20.43545945110781
21.209445450887767
3.2975819826240125
3.9121214797558017
-16.71257277348304
-23.482341822937798
-6.52981622028258
-8.713403057474043
-17.646362291600347
-9.690802671799098
11.176225019375872
5.252797197667525
19.22622616288397
11.821643222131586
6.546945441824168
-0.5993682941603773
-6.805356264903878
-9.341896168665274
6.440029959000553
3.1818433872131835
-6.1717001457509255
-1.6495543453940746
-6.923033195847914
-20.817548329200484
-13.156234245902887
-0.5381550672990472
-3.5051520109467496
-18.169213454236353
-2.020661895290917
-3.0941139435035296
-9.671672501759954
-6.328698449724617
-10.215304247260194
-4.914615146357577
-1.6565134325589737
-3.6332785665457914
-0.9270776204882376
0.5526796158081233
6.961025864302906
13.372602914787368
11.456964285090839
14.646459305302475
10.030014753644156
-3.533962429761712
-7.992858513991552
-4.262785186440434
-2.5567016936738067
11.243538047991162
9.824037414626405
-6.461840450088363
-10.247946323005337
-2.6693422090206957
-2.436957894364248
5.800324733222348
-0.016995330311202442
3.3004210094065214
9.873073952096057
-3.3042930886972988
8.133402275789411
5.523538372007974
-3.1542681734959155
4.680239047968619
1.3743942461800875
10.304178820387424
-6.772622405286447
7.132785935009017
1.1049566347223514
-15.502392922468124
-11.347409632101463
-17.582432222672278
-12.462436325530279
-22.73204443685125
-16.229270392300037
-3.616366107074093
-4.484132140723286
-4.537477276467546
11.657344727350882
3.116973499434892
2.8333911545457164
6.499264652149055
-2.1120272692241957
-1.4966972432562848
4.225432914678216
-3.9446171986987233
-0.4206251807078428
-5.204430416530523
10.528698935936417
15.533034442791916
30.23785303968104
30.817848975438146
33.364435497684674
18.93241648051372
18.305399815928432
21.05559543689488
12.904797440128268
12.471769390575096
1.5020709611939658
-1.802713622581168
18.96644077699301
34.3828728601616
36.223047705032634
44.05916214190626
44.516071507333635
39.644800686370814
31.948638738318444
43.212455177793245
39.48286487429689
33.377572387566104
25.131073294147114
31.986870784194046
23.60012680621551
18.454326965551807
14.668655524603755
1.6453513677007376
11.701454646611404
-1.7094822034104324
-12.508088223548164
-10.27648058339651
-8.419488574425731
-9.969094954665863
-4.626096004118772
-6.069195736590473
-8.238433714465044
-3.093496640099043
-4.707679138043919
-10.558031920257188
-22.84016567339941
-16.771134266576873
-11.158799321232808
14.081941965909786
17.872146815383342
20.628260642641877
20.185615012314194
11.990924063073466
15.542976122513045
17.269570918408125
-4.550268371237597
-15.875786096818409
-20.40052864413085
-21.89753416217644
-18.14133567807488
-15.3959796043927
-5.999410178153214
-12.761758036038074
-17.999512269904436
-11.983439139144973
-10.155773082409496
-10.083020148994198
-7.653793635650757
-7.758949078201024
-11.958211160893445
-8.318842296823096
-3.029520731166404
-2.4250168154822087
1.1903602745738977
2.884486150232513
3.4668601619025448
0.40388985040023456
-7.664019367003737
-13.112319283032221
-9.779373443689577
-10.815774098243788
-16.53846034971763
7.638026840623418
6.327556626313938
11.409763679221307
-12.689003813666847
-11.098424192666807
