-18.819802299199367
-12.846807189551065
-6.5071530327093114
-6.7095308010021935
-8.645149691232834
3.599881247607416
20.98475830312588
15.641951324574185
12.26790290387584
22.03916090565513
16.16245095678216
17.773485403913103
19.210401772485856
14.192636138942134
11.899230267840988
12.945910925747334
9.146787740976011
7.613028622258833
10.943128457389784
15.324062753632646
12.918398431241085
10.476722250864807
1.8186754431640133
-5.360224127226094
8.432320151792231
20.499807281364212
18.90265058324941
2.6953524468644314
11.428456534177144
6.754753386811242
-5.482751810083625
-5.7216800947442055
-4.209731610141952
16.231291326754242
25.629845949197048
14.145897111610351
9.581014982859482
12.545766163548185
13.090728141127842
11.81739019407866
18.318002931183056
14.004142581583928
14.150235420591581
11.289614020721565
18.01305465430467
13.948095029753391
15.92925931326195
20.34311183492288
22.514929762096468
17.974172863739042
23.39012401671176
24.37856014156821
17.34108178416167
21.4160400758632
19.612053685684987
17.150754001568338
12.469809583383231
10.787355580035854
13.17359891750103
11.32618940775601
18.667024977192614
18.15235907098632
22.204773742544283
12.414744043700265
11.098959609366124
-0.7521860123361308
-3.4228592584152877
13.554776801608567
19.189544370255664
20.94896456062037
5.972659606427188
2.5101660055480663
7.273951261589075
13.768184987575767
20.03242236147797
2.854854044467776
5.359803276432451
9.897065575841092
9.112042506514301
8.250429265918218
7.225776405762201
4.6870820202399885
23.500649030939694
25.747873005039853
22.580325926027058
13.218330919458435
13.790953877225068
7.547413941834868
17.945037419825887
2.969995403530007
6.1807885836163745
5.9332527969507325
7.325911115832803
8.490138952771574
10.802488853074166
17.05853542374091
25.017692182878584
16.295193421818887
13.953247129411462
0.2894072575650258
20.342718914015443
19.150274601927205
26.163356713395533
21.7795417720393
20.94865848582712
16.23881488553141
9.211937908344412
-0.04009414737824758
2.7032948907718723
25.411493801320084
20.063423697516704
10.491349599064344
-11.386188383628271
-12.273382824970136
-25.289694032246924
-23.28274909594075
-19.939030819544865
-26.610769570295325
-27.44241348219152
-33.798921009672945
-33.67151359661682
-24.701718593588915
-23.225096133444506
-28.604052416190928
-21.111661373411483
-14.210290945449149
-21.801147011855008
-17.57113180386093
-9.143745606261136
8.08459108775369
15.432034220759311
20.386580382363235
19.50327819172633
7.674569917443299
7.546586217360088
7.5977756057942045
-0.024205016233386285
-21.50359506371453
-10.96325261359206
-30.17715400985019
-17.997518637674148
-5.555191372306028
-14.42228546824082
-6.913612116954628
-3.1002880794014978
-0.9713644674363444
10.738036778708755
15.766695772392024
18.757570883740215
23.41553526403213
24.40562228231791
20.977420637054
28.198541378675145
28.3330928975528
26.64937686218589
28.026439951125536
23.031821393624433
15.651489331188474
11.434336068062626
11.41577736438009
14.845720544909927
13.158856786093892
8.35609001126835
17.287519323815083
11.708087040995135
10.543209879237306
19.84363368457389
8.663685157376237
-4.3856363834879915
-6.69013523631268
-8.710507847576228
-2.0730178380760864
-1.6616486564040482
7.2253992898271795
-6.184249210582089
-10.2516196711595
-0.29847856789764965
-0.9253617494238462
0.5424568600350921
-9.444525593761425
-13.641983056055494
-0.08876608499015917
0.14385002330829805
-15.409127396064337
-18.87915573217101
-14.767332534578106
-23.421753654799605
-1.4416929429332317
-9.13104373839882
-12.419106880894644
-5.316462763204661
-23.66074393498534
