1.5736977984505522
-6.799409680565867
-9.301945647790356
-3.901412315701084
-2.8691615649163285
-20.447312998593517
1.4903275111204817
5.14251917017052
7.293380789362309
-8.727666453251281
8.89602847263352
-0.8419650337618682
-12.204506764899996
-9.625658802186493
-17.320018492917388
-33.13607182486609
-31.86232856397487
-25.764363073992428
-35.307583165624315
-34.6401396048054
-32.37107500075071
-15.990712188810825
-16.130393621642153
-36.35669478555061
-28.528694050932216
-37.395008801420175
-24.406946718277226
-10.599325546781174
2.4039135142963266
-9.223933809727543
-3.944265162901519
-1.1211058471592894
-4.137404072118655
-2.9834705116178215
13.391678261081305
-3.4512024969912285
-6.602033059042228
-2.87641238856268
-3.5113855768504783
-20.006046057463184
-16.7825580162873
-19.34360575214355
-16.885866830206
-13.25139413773723
-8.176067765652446
2.8448216968294013
-1.3390894206095174
-8.473324816502798
-13.646934375096858
-18.215775647865367
-11.546515813474267
-22.409519194415413
-11.255399816935745
-8.071517238431017
-8.465925474435839
-13.179940430178592
-13.171695500526429
-18.06701282925488
-21.58342429229279
-11.380930839801135
-18.874213523247004
-21.88172382093812
-13.094869800687507
-13.651991437021362
-25.691578157818928
-24.90826902678902
-26.67918548868793
-19.277417193878733
-5.800541101292717
-28.96497522189167
-26.360015532210518
-16.8226752951392
-21.8308572568262
-9.683786176092626
-25.558593813002826
-17.39280577704308
-22.8323732019633
-25.709378554436334
-22.597627350701746
-23.716078055407728
-31.24780988008429
-24.07824567471283
-21.51328378880528
-19.13641042967259
-26.575410030702976
-25.485413894190955
-33.58691087420899
-24.49682495356455
-31.59734678192287
-24.45886860142221
-14.972973773893347
-18.28702161215369
-3.4545681373128434
-16.23106111015083
-18.12715034936284
-21.35708723022052
-5.905327012077807
-13.912149903738374
-3.9648571277809213
-4.8071122602152885
7.2857942651387635
-24.729297161634637
-5.422332140056627
-2.681874229658998
-14.41549154717078
-14.548763878859232
-13.849495904756566
-23.029941708659678
-22.06950713021102
-20.635372063267962
-9.968025364575906
-4.8801170998951235
-10.282419417406805
-12.505089770720904
-34.172476636488106
-28.886767000974256
-29.092990635910734
-30.353617969979638
-25.431727298651854
-15.237361261423626
-21.924899999626692
-20.110303074657164
-12.209443026747165
-16.495302103918227
-15.542576441075356
-21.38436597397677
-15.115737255328831
-3.0715770010844867
8.559115163140996
2.1467539594835268
-11.525123173315587
-11.749961279041289
-9.341633396262495
-15.291381538916824
-5.4877351431398464
1.9651790639019928
-4.559862842670305
-3.4460062951057315
-5.628589120283107
-4.657983360247829
-14.858385808080534
-18.558108623758734
-2.3728010515315625
-21.074411101527183
-16.052479479232073
-18.62374714520985
-13.3996865579277
-12.258059906224434
-8.690871532577804
-20.87667535860097
-12.526208041869689
-19.041209153532886
-24.445870424294917
-18.97405695103911
-25.983077427119042
-22.74984271222976
-32.960268652282345
-12.282152877952086
-16.621864655823533
-12.664304510861914
-21.644366654639192
-16.222666883497862
-3.524708839738885
-3.0836026813821524
0.6203510459266715
17.516612680385073
13.097386227700401
3.4615013715479286
16.40233440257424
17.90873861104548
6.862313361572852
-0.8845049936034809
6.78777735671723
14.147315451318152
17.1122029424345
21.853681294710583
20.093546214712802
24.724351280774346
22.606791367552763
27.33773619940343
20.34049285223732
16.214401546415438
25.870327561605396
10.447388274189649
0.9968819308266782
9.171045394201727
8.166586102589294
-2.0330319217556254
-7.830421810394419
-17.860700645658152
-10.685741912817267
0.8287620224203219
-10.731086849006227
-15.290570191235066
-20.180649674318513
-12.171614212144766
-13.711055137816384
-12.523685138659205
-12.501708945179693
9.124778887948077
9.050250709251237
4.686703638860181
17.488259121550968
17.26984488787462
13.458172113598454
21.591381767059566
26.740195185798026
22.688633459917522
19.21046403255135
37.179045046093115
26.67340910682596
31.79411772554369
27.368846395781087
