-17.489494360651513
-20.207865587411554
-13.602095054620724
-15.526419355450209
-32.394432578097984
-37.96946615974458
-22.454451132238454
-8.857759131299236
-8.859589135796856
5.010359196583128
16.377703158864726
22.686220164489285
21.49937284925336
17.696189594836554
15.207977494096408
24.68616808152844
13.343847332733414
10.177927669618377
2.574059612203853
8.937806292469595
11.173769430049362
24.55715780509953
10.37861413338188
-9.538412184398974
-10.900109135446018
-8.956293728318975
-6.388579549838402
3.6411349306696112
-9.097055695994284
-15.580529783326984
-1.5983524186888625
-21.475394454781853
-12.630743917907337
-3.1506073330160147
-3.3131777493770778
-9.063015862051932
-6.353420094502139
-12.436759344834686
-8.134252566415173
-9.733450634251831
-20.28300744045012
-2.7452177005569096
-2.729906341535832
-5.842888872891094
2.503166328794156
8.787573346741711
8.295112556295699
12.303494614495685
-2.5078523586564807
15.395476828175841
19.068939410763818
15.472752489723193
10.466577357426727
-2.972293550052835
-13.161918780851732
-8.891159775942999
-13.155390220833226
-15.443822253909635
-22.940096538944612
-18.771089087361243
-9.97939920091985
-10.023942317147409
-15.202854531648235
-14.339118314510404
-2.477259827945661
-7.462936190511822
-14.033933647910606
-6.358004522630424
13.64703036833051
13.490860041674265
28.947985954124302
21.837372907112986
24.37774561865193
34.27336842555345
30.290706020575513
20.977468338183503
36.80471344776436
19.031571975075675
22.459201294786247
9.876331180488538
-6.274660348817116
-4.5312974988964685
-7.530153188677032
-1.8600509796737048
13.870196368176622
12.168311855924971
0.7113775055895991
-12.580536815073097
-0.6581718368422323
0.37900093957571
6.439471371131336
-29.372170250123453
-4.359692178953916
-26.56798077969845
-17.103165057231017
-18.873390094567288
-18.228447133888864
-25.423112186151883
-31.760048568413282
-31.140673142581765
-23.29224921094293
-26.24953473971961
-26.728735287772302
-28.535710857976536
-28.71203265539637
-18.99984860236334
-13.151988790494144
-10.297204794847607
-16.514853864278685
-7.897891874302322
-10.695456648593336
-19.6826155619612
-33.09134025939187
-28.145346255577458
-17.16616164442205
-29.793380531682345
-25.55052884419643
-29.258241946257712
-5.75462060078213
0.4852534389310848
-0.4626609038415193
0.009601624704013772
-3.5811926124026523
2.102085192019397
0.4971078081047454
-30.149123158974362
-22.198608520218944
-26.31337588855937
-23.763994442382305
-14.798795872950047
-9.834740157676608
-6.759462183787112
-18.99315423413572
-28.10602543683865
-19.391216201285623
-32.289248468131014
-25.134755723088933
-11.035912913683806
-10.993918634047999
2.503281497742017
1.9288042262624376
22.176975703680572
20.183934354696728
28.118015074916745
21.53359602166393
27.70950259674058
27.529561220270253
16.491441792721837
12.363298672238873
12.067757658775212
1.5765278536140688
-8.225498791143107
2.422713659572656
-14.426777928046993
-11.892780360682456
-10.326038488257346
-20.254676265449323
-9.557398078833515
-16.561099697046572
-12.473451373656467
-13.808766458261385
-7.760177811692513
-4.0011611329382335
-1.8047320958041224
-7.560138293982542
-1.6584572203848154
6.301162268394799
-6.950447983316753
-6.7359989707704555
-8.968440892764981
-25.767968372818174
-19.35882356454055
-33.05856863955966
-23.47802558033729
-21.446758907671367
-18.990727217763066
-10.6931476680009
-18.588541449719123
