-24.695294471150824
-34.29009739625055
-24.785542196563426
-19.124543940234553
-21.355506067474533
-10.886024225334758
-23.38934696416436
-31.189655471553827
-18.97887778010905
-31.024801254287997
-24.18281651482389
-23.522330159598894
-8.00193557129727
-11.099595365537873
-7.7516844749036995
-6.733237617662998
-6.098891871675863
3.137873118682744
6.515414621115254
8.523826744721259
2.98780715678016
12.804854233773556
4.855904166714102
0.076653679874067
3.1604800576959944
7.337534809384255
11.094120063842883
11.681118706461492
-3.129392344168137
-0.8676523487874301
-21.75988833606759
-12.8278400582494
-15.976407700352249
-22.687871443669025
-31.238218063999767
-30.160656166519164
-25.380832329823626
-19.26847898291766
-7.235647197364514
2.6480406040116944
-1.030466407453315
10.450740269210343
13.374725189203346
10.831306956724195
9.070701878351104
9.078594893027756
1.2960389917408603
-0.6634780818259857
-7.946576123845952
14.365629640958222
8.489576639131682
9.936391139051693
-6.0436112445489965
9.056878509756038
0.556026431563875
-2.8816505254346962
-12.851724888710413
-8.848135526255795
9.517181273043859
23.03400304544941
27.137764728226404
17.790729455299164
9.232929725384992
14.754795559648034
23.043216141554137
7.147527335481128
16.77264490592994
14.314698514494117
9.362600214810312
5.200127290857992
10.252161410663039
21.615192452570533
13.384259869225517
10.473952623500669
9.212258217183109
8.228334290042307
10.992517242891132
13.287879666471202
18.828510257699946
13.342019824098404
5.692232527352477
4.6682419970690425
-6.310937997705595
8.703059947851347
4.114157488914023
-9.101850820234127
7.0198973803166504
6.105446720715302
6.313004256482944
4.829090320791574
10.635333900747833
3.1958550112511923
4.686912614434554
-12.500093805672982
-19.918237497550773
-25.217726774583568
-41.74502356607236
-37.16926958075491
-33.55911438131857
-36.27422007027904
-41.41773976276141
-29.851392091733715
-11.186594028647576
-8.523427967237843
5.499914793564939
0.13409831057097513
7.302380526586926
5.998942034492256
5.891970224038213
-5.7738892781883875
-17.037600787442187
-21.43370795810191
-9.232006983253461
10.9879873961932
-3.092335120600347
20.81123984649351
20.098874078244126
29.128958738942213
13.096744712992425
15.431290199392107
20.76079928411961
34.03877377927443
17.203858715256718
23.616056853869285
15.328360285488612
1.4157791429328326
5.712483925201397
0.9204769744121102
5.938833975266488
5.278261468774716
3.081150623220648
6.439060450520644
-1.2539587715830014
-1.8323691938324231
5.8283859419049815
1.5706112754545418
8.050267149111276
3.030885126603223
-8.182730219299858
-8.221866048672455
-12.179856276072655
-6.065012207672999
0.9872583396516392
1.3795613233156916
2.1709203121887657
2.5612570502770753
2.349724826388088
-9.47347322267415
2.8362657435110665
-4.088214450015456
3.1298436157821787
0.7559422161865503
0.3101676148046285
19.825642309992574
13.756174885262125
-4.393797325244297
-3.1600969565774943
