-25.01300928796235
-19.841951545839514
-18.744901871203197
-22.89055751731487
-22.495969621830028
-12.223145713500873
-17.885999253555084
-3.2927271267607563
-8.777412300713674
-8.598360105108826
6.580741161862596
-10.83106703339262
-7.8433928413736735
-7.878863459433457
-11.382429667473199
-10.206119109350206
-22.251983549826413
-15.718204002127043
-6.759371068928442
-24.293011330896487
-17.957461376711592
-18.811942243989808
-7.841251348525791
4.401176629467848
3.710851978593825
6.198347471158318
6.5556304180587865
16.526910993861954
10.566756663527068
-0.010854128819795623
-17.005672765350994
5.5604547527986625
-0.5246263677862965
-2.267192217164842
8.54746784276334
21.47346028208568
11.273471062752568
35.650922417705004
17.000336657292507
12.605867416655776
18.35233400118284
17.27822713084066
13.738443272176594
9.722214104850034
8.471276266244121
19.390722654419086
10.96441319128632
2.2110875950329847
4.21324986434204
-11.15169790932393
-23.44485246613574
-4.8818335643620445
-4.404514888232138
-5.58203795552217
-15.1537905026213
-14.251499083054275
-14.98360862484345
-16.44404640429624
-14.960881353564305
-24.270583469675664
-23.42001571808077
-19.304264726401104
-13.973777328484962
-7.865145392345711
-22.084861028390137
-23.88854263428495
-19.740888645103983
-16.841079472319795
-6.9251001578504745
-18.100846452707387
-8.415642282393499
-18.025752580440628
-25.381919062404513
-34.03384882600857
-25.171942571028534
-31.97652186578713
-27.1262527754944
-9.183444586040777
-22.46564399744977
-12.656801398185152
-28.424271165483564
-26.348255080947514
-17.666560406397807
-7.119759560237965
0.27992346940508694
-8.421803895857053
-5.853217115862145
0.06573245376244861
-7.307829357460567
-11.660301441563393
-6.934488318668898
-8.372613350777891
-3.607405737448055
-4.93339426665419
-12.4876042827909
-16.274396761648582
-12.115906296535465
-6.5854578781073485
-10.147834063254358
-2.5571133211286763
-6.3144862559646295
-13.308454508869175
-16.78907981856333
-10.279221544815561
-14.316291807846556
-26.882611862635898
-13.545921620256465
-17.715090992717755
-10.285238239230225
-15.904506282103355
-3.2292184762287044
-9.563931524276622
-2.320875590926802
-12.404610459599178
-18.01884287497048
-25.081785643941213
-12.903216210429521
-8.890885382454124
-7.8721014162536065
-10.863089770254543
-14.31833951598085
-14.539370946854325
-18.25963923347189
-20.60653322999171
-26.936449587510246
-29.148332575776077
-25.441249401943796
-16.1246104933986
-20.74480648139709
-5.9823606919872026
-4.4893322939605005
-1.4951762456034376
-2.282953234272853
-10.961636817354348
-21.012223886059832
-11.495968300087412
-17.400174521337036
-11.813682356999305
-21.57277442642344
-12.901703875030973
-18.51784003140633
-14.554844385343756
-31.280194269518603
-22.054557990509206
-32.45369343800529
-26.976168890513144
-22.31908333264502
-19.786047270612205
-31.22005387343311
-16.410018779248368
-30.27404234098754
-17.7757934794624
-20.604929519890273
-14.175192469823218
-25.135940487181948
-33.995335766055106
-41.89203305905177
-21.74614935082213
-17.666640378187864
-17.74824372366951
-13.483799893186875
-23.52607182817782
-21.803764736099637
-21.341290024929897
-8.56164993929789
-10.040787978140138
-7.10705542501131
-14.284602231043166
-19.066382360776668
-30.192850143287302
-24.994955470167646
-23.565507136490165
-12.334306490628641
-8.015548559168991
-23.856014261049914
-31.439219541748876
-22.973301723646177
-31.04814787500853
-20.488252733098868
-18.676268786700085
-32.42684315485372
-26.720811231103568
-32.788294366098626
-28.63417055000145
-25.768759663801212
-30.330686071959825
-33.427289652305184
-37.95762527499855
-27.242297936428965
-29.93586777164669
-27.37173373880596
-31.43681270275578
-36.5883104207644
-36.09451602924772
-26.10642487946846
-24.039157668222963
-35.1645663127333
-36.39995027560891
-39.84524951172272
-19.80349326704205
-9.540753139375145
10.269351892712463
18.532006117504253
19.315257556612192
11.714340740296075
7.8844717391549075
3.631364508453904
-3.2464932755090468
6.758005676872423
-2.3919597018716736
-10.677377950982605
-22.848035314244715
-19.98990939080656
-12.792064075475867
-11.46865065971709
-31.751826829949092
-11.805694367239893
-31.88778409138369
-19.989846692209877
-26.243947369215523
-14.678259541974475
-22.24363800846128
-15.509857133204187
-18.376061149275262
-28.95145235035159
-23.974912098448733
-27.313185521446535
-25.29274615860617
-20.918598855469316
-26.72386938149084
-35.34031616318941
-18.283651018073304
-39.10249579381241
-33.63488977517063
-25.89060850314257
-22.95281740077485
-21.572132593232265
-23.205782277902475
-20.376284365053746
-32.240754390323204
-31.531830126186414
-11.74131837703493
-25.13357684968814
-26.234246262641012
-27.706906562146887
-33.6048728407194
-22.301512363262066
-17.874595432051333
-23.25697591322089
-17.696430901417717
-26.492771319804675
-18.822476170592786
-33.51658793917628
-13.913711542303036
-23.80095430383421
-20.28673776033155
-24.842530617506533
-11.831810849494406
-44.98790321787963
-16.385838079192244
-26.096306858510186
-30.28842595912318
-28.13601968520276
-17.897978169764396
-18.381737168078075
-26.519978728374163
-30.68580675304596
-24.774991000616694
-16.635029248112428
-23.211138833647887
-22.962593280421228
-25.69298101489861
-17.715009856808976
-9.289068944714703
-23.714031001043644
-36.758541650227436
-28.58020387051621
-25.24042351744945
-35.61107557820694
-20.32453945555867
-22.02461963959297
-32.18884806644376
