-24.802523394413143
-15.684931346654036
-22.01157694533391
-12.278026467266244
6.242874803557197
6.276173361514665
11.462431912644492
6.064041353522584
6.92663447458396
8.701452390639819
21.340443930402774
3.51104670498996
-0.4632542330119535
0.6793706540447708
-6.879962005785639
-8.935899213720434
6.461373547478073
20.22236391506417
14.280650089806453
11.119549336353977
8.073728663109645
0.8604806221082143
15.54853475507551
38.65509143896279
21.311236944770325
8.384703074451446
1.5948306079984176
1.098493781120648
4.628889275337026
-0.7653873791063207
8.938375144325846
0.8337934695831452
-1.1091132858421542
-7.8531323636167025
-8.275443998511237
-9.70482481247718
-27.34116851708091
-1.5685631826987736
3.5447413841574438
-3.8505062934222
3.2931352649665535
13.840188831812243
9.532368515360757
14.977918255435135
15.52652240440612
8.644947342663572
8.059869154475207
9.768781210971477
11.97937722184968
21.859477404644185
27.28648343372114
25.7572635281357
23.39882806195334
29.987062866117128
31.74144427572464
24.938960120478363
34.1242400386278
20.17475540194486
24.06759741858304
18.376025992244198
22.984029715329736
18.786438141845213
5.016679481131377
9.423060308216186
-5.7063175917389914
-6.232992745447242
2.057414999325532
-3.9974232487828987
-3.972155521486602
7.593445995034896
6.047367014386997
9.690992675736007
16.30349677538598
17.955585716944547
13.011411834882994
21.767175640835557
12.731537636664227
5.564188610510493
2.331065329122165
8.517803795204587
1.0698414567744818
4.711476349408504
-1.8386464642797975
-20.941140588101565
-31.51139151916556
-24.007298956674386
-26.21595049913891
-20.20618263788225
-8.257832167438156
-16.330908007008837
-25.0136312629697
-24.72282428489212
-15.840348868880241
-19.3768609309306
-12.61396715662273
-21.40838364894005
-14.635945871067037
-16.46618066775646
-5.4896202753572165
-12.549901671866115
-12.36343567635799
-15.662485030877063
-14.167010131457973
-7.4597058280662685
-14.889448644201414
-8.75400429104126
-4.447773280065747
2.0176084930903966
-6.642148140092847
16.801923713038445
10.584076992874891
12.902037283391195
5.722977479144068
12.182082750198912
5.064955787081857
7.376511704745691
12.226359224519724
4.862831901315603
3.2366091272565822
11.503969484837
8.554474878891474
17.078871639852686
4.529692275188046
-0.27114252873256184
2.9233483738950747
-2.103058498149015
10.346947726273466
2.102931981117613
-3.447554413287834
-2.099577853283172
2.1507345656426637
1.810386161670759
-0.6304454709830359
-9.021854097245418
-4.238331537805101
-2.7295292148763375
5.476945047785199
22.314670344637676
28.886621113115787
15.861059738545165
13.56224204789596
20.93015753073484
3.777726789921023
-7.9931163700926975
6.483745838546565
6.386109682495697
1.7194842786585696
6.51821170163212
-0.14890963195025236
-2.936504723198004
2.3858263329471123
8.236705655452125
1.1226071837148617
-1.4725493341072442
-19.59452925705243
5.415280872590312
-6.653459868487356
-13.994261168923256
-7.670271547960135
-4.759931914177353
4.408793506080116
2.3124034472298565
10.412862906839988
4.2481342970771925
1.1106785464582534
-14.449679798311687
-0.0894837440382166
-1.4543139334281867
5.955835512937199
12.06075161469497
7.438094062655008
4.312532528855138
4.285685120202114
3.0422046400353127
17.264953268147064
10.96142211607158
13.769501035524705
14.376937179988811
18.738227017617604
-18.15905273176693
-7.909528021410239
-6.6647307594005705
-5.539411123292843
-13.991820939560695
-10.65197268381757
-14.066149048407427
-13.416706452012944
-15.599179928468141
-12.362365567812926
