-10.725004058509814
-12.32067894031735
-13.774764715106151
2.4699113305393574
-6.019612747624106
-5.168549972589688
4.68687496513879
-6.094175250399124
6.304131214315327
0.3659219919853125
-11.57339199021633
-11.87165898355242
-3.0009149011212544
-1.9484914340025177
13.338378532817526
8.895954235540325
12.301171094279725
6.115567169118191
5.9412956158111925
1.92068925426444
9.291450670079284
7.4219675402554754
0.33834220092547845
-4.732613185547284
-12.651282695842244
-13.453642309601946
-11.958947110391223
-7.466960209882048
-4.019653450279802
-1.1827740242393576
-7.380305136080668
-10.26989598982451
-9.451866405096178
3.207649356153825
8.385145628016634
2.8390176061238033
3.3548818074133746
-0.2903898275715446
-4.551978967559157
-9.892729313530788
-24.690766676454945
-19.135750255499943
10.606092058115188
4.757556259011723
-10.0756144038114
-13.864984369197376
-12.019855598544614
-0.9463426909361852
-6.344834065163663
-2.116044682929098
-12.589174826153519
-10.915280121695227
2.1326025374633315
1.8203267321702608
1.629102932209152
11.471242452845429
13.264279003650875
17.213320521041105
23.3344851522969
10.009945295867443
-3.2429068505895318
9.350881817086393
8.6389752828846
-6.35217748523292
3.27629502987139
-4.922147863719718
2.5402675911414785
-3.8159994978399294
-13.585349113718515
-11.184141263700614
-8.970822309594993
-17.91359084690418
-15.79213889500741
-14.640672645813856
-10.763626095425641
-14.355724692585255
-19.60560086952796
-32.900521908079384
-39.974303742484004
-40.15049157412305
-28.757251270601873
-40.147835525073404
-47.44785639965869
-44.180734320480354
-48.297984303644036
-44.98407023795333
-48.15070688431789
-47.73378128450263
-35.928290489133595
-23.337333676845077
-22.6801993848359
-20.612025147982106
-8.789043336608103
1.2387723689881411
8.495381580595252
7.7585063180956295
13.037513564071224
8.656945824915686
10.307349466862489
13.99751287693548
9.866863399754203
0.656334261469105
-0.31148433685459004
-17.78122458289358
