-14.600863235004015
-12.863357910721634
-5.858372605844576
-5.309225940445585
8.769467068427385
-2.3447268369913568
-2.9620106671545736
17.283913206275134
8.256556936978523
-8.530214104464964
-12.939156597446544
2.940765313575455
3.5756487859358006
10.247006094053305
9.161655723971034
-2.1690185122828307
1.4806246731069148
6.853219950140348
5.940935757005263
4.150483470534009
-11.092103207951832
-8.964984594431234
-9.284038585389276
6.430258296043992
-0.3616113234140829
16.91651836775539
14.489137650575257
17.269180849308622
7.025921371507798
3.2014047522099123
8.009528358738205
2.01888595723001
5.924032613310997
3.406160137416317
-9.661670973810011
2.57547024297254
8.27595534562455
6.076790091205456
0.2270253441381822
-0.362495106797048
-1.0927892673592838
5.657003622964607
2.5155103934549685
-0.8286960186638436
-18.360235390637648
-30.069957700380524
-15.98843635802551
-14.357835222309562
-9.42007467972215
0.9148349892093316
-15.440675739734216
-11.451391788350728
-11.250010098971131
-6.306146560692888
-16.403774982710495
-21.474938736438066
-13.624079325175373
-11.648314751853428
-10.414456700700283
2.303225128719076
-6.923926233387778
-13.30877656977726
-9.460059615307516
-19.89040983703181
-8.50687716544023
-1.5432737521014015
-4.1968847765514
-7.57118013015168
-5.72729005305793
1.898156036549284
-0.5418707725662464
-0.29926342537133177
-7.481942547382142
5.850331840671281
-1.9102548903905447
-3.214590445768959
-0.6581739345257235
-5.322216230111791
13.963897090966864
8.141330997872048
8.041681938005437
0.9717504054251834
-6.457119390391847
-7.379620898040359
-11.883066566812724
-9.467869154899931
-13.639474223027012
-18.993444557379533
-19.122658758855934
-21.870241146132607
-25.57015785300893
-29.651531898487782
-25.847054632899727
-30.66267455375986
-28.59622604495895
-29.775568297140588
-41.37720134421904
-41.730762293166286
-39.77822693112973
-27.996522178866638
-28.374224688698487
-22.30550864454896
-14.422204161134095
-7.3076406891197685
-3.3199087122016477
-11.829446645179855
-16.354016591240374
-23.15193648269659
-14.943528142687066
-6.9023677913577925
-4.871880022580204
-11.608051295664394
-17.01794449828509
-12.590420787011242
-8.735518016861736
-11.715784078723516
-15.774664832767522
-7.957575632607513
-9.30021382797738
-4.692120088144584
0.4579176393268706
-1.5139266842921617
-10.667832510562004
-9.625340322766
-8.248506314323311
-19.705720891784047
-0.8877878495789882
-19.278738186707628
-23.77023926843271
-19.232132288996194
-12.480721148807996
-0.3559889831824413
1.5223847382547615
0.4832058947598585
4.697493955789661
0.7898271989129796
-11.699845694150294
-23.111363229803924
-28.492707329945826
-25.810438349664373
-20.247590745742592
-13.475487114679437
0.5067733787120703
-0.1924709097396977
-4.644762108102792
-7.861991844733303
-11.8770352650916
-12.507810551966822
-14.31198737675764
-16.97165884661189
-14.808070962424507
-24.508236917143606
-30.564553625379094
-26.51345022397168
-4.7616341646314
-15.108740443267909
-8.635310569791185
-2.919482383490497
-17.067885527574653
-8.791867677492796
-11.857728848978374
2.2813911548485284
1.6391693427131342
4.306045387614262
6.957120878709175
10.857146922457359
10.065681866634273
4.315539978166777
13.609440488743674
17.342906852598507
4.512164653451012
5.059921754125519
4.657133509717052
15.26895535658711
3.910966904623834
0.7372159894229898
-1.4986309060228085
-11.289242663806913
3.6899906155676354
8.594282327673259
1.9564111945330516
7.734859815806472
-1.163198059063427
4.6525755257860775
9.830138770069768
8.71964356759491
4.4675329541911
5.205747214730812
0.11755537906944152
2.5414121859126526
-5.489992110218867
9.658451478285736
0.22422877102297697
-11.359592474625092
0.8469978628369764
-0.6654787120888725
-10.248389901440675
-2.7599374331174045
-2.2504450399121194
2.2716326769689896
-9.385500685791968
-10.258224410295147
-5.959972478513566
-18.707103409388466
-10.336133747599488
-24.96895092623416
-9.144992908504944
1.1117053475198009
-7.188642808062753
-7.342143133585224
-4.163763864174847
-3.1193539603163796
-5.175230506107068
-12.608490787929703
-11.455626563239047
-11.90608811736952
2.8262313075654237
-12.450874193939947
3.4996025582123726
0.05931043296935561
-2.870647205961017
-12.393925625216825
-17.534052436525425
-19.304057948498155
-19.23478815598357
-22.723172624756245
-28.367812068286966
-25.833624244848213
-8.94219906825511
-15.683151304757342
-11.1427500038684
-15.62517638827041
-1.8939183823150465
4.702626378938219
-8.442587434683363
-2.2390148496839046
10.175216605750842
9.455212232113897
-5.319125412724968
-14.042639474560936
-17.745553776968624
-22.746978084064374
-23.299401016169785
-27.53946716347907
-30.31918005091805
-29.34200003667241
-29.71475749422429
-22.05845781124372
-20.607682661822146
-25.573903299017395
-19.607163767533176
-12.557538087496825
-17.497333384246208
-44.08659006683436
-16.488100398569898
-9.630052053540766
-8.814157587125306
7.127292108107787
-1.987294432810371
5.195959279148426
11.433535859591943
18.678596682965406
21.28213476462769
17.518906499833967
6.911786922373923
12.382042763084533
14.604243185732756
5.627889613173487
-1.8676973467526905
-11.1431062195419
5.0635741372988115
-9.336831013886966
-7.513066161606346
3.1460655030838782
10.714120361782363
2.338457419618418
-4.526781067442032
-1.2857354534674612
-5.427410075056794
-13.23728780371248
4.050689737689356
8.661114028216126
6.345465225519276
9.697803528190224
15.916322610703784
5.5434277141758255
10.792807343423164
26.007394528215734
18.415268719841205
4.575712929775613
14.746498443360087
16.992742605636426
