-26.88152937951684
-22.850379904263814
-27.110052107799678
-29.892393926880487
-24.65680484162157
-23.482924963988218
-28.65527183747389
-26.886610246690964
-27.810475795296398
-24.352366359475283
-23.92662047408362
-30.428592228880273
-31.27790775246285
2.514273527393006
-5.658793991998467
-9.562632869114335
-5.415723000194761
-0.5966800540872003
-3.1582282534400563
-0.3503715806130529
2.931754725628345
1.0850155739048108
9.07388237475625
10.048446392862331
0.4207685924157684
-4.4121993830822035
-18.881492499923933
-14.618928779690346
-6.052174272383041
-15.400774843106243
-23.737129987144748
-31.59912607429553
-38.549633012384064
-22.920629040175605
-21.19411128522671
-16.738819386497212
-20.245903859988797
-27.668556316428923
-21.184158304551342
-24.52805885321568
-8.856218486083513
-9.474897570779426
-20.688715617611226
-7.004495965541833
-21.547495812421136
-13.765395450164212
-9.334371930337566
-24.79291754187016
-22.597657996194997
-8.54108604245979
-10.523655226022576
-16.21962443385006
-6.175619889044016
-8.937592555619409
-7.898995187707881
-22.917332171790928
-23.454124181231553
-16.64193741955904
-15.438602003016731
-5.096266006786329
-12.721131544497974
-15.099361581618636
-22.69020234234087
-21.198031284571897
-16.913174658047918
-11.570832074448187
-1.184302157858268
7.828917040574669
8.075361547653156
15.190388872278097
11.407191660269211
12.265334804749315
1.9163702821706197
11.573517211673837
-7.504446924286274
-0.42563592902831504
8.913977604182541
8.973414326070266
2.5284764032544227
-1.6325661361320982
-5.194170745423131
0.9190916591773656
3.240633107009775
-2.568057462401214
-7.979409519405358
-2.446740453725037
-13.18260906394523
4.0272166897264015
-8.716541065185968
-13.564797303171856
-4.529850407345293
5.5258017741154335
10.343528477439204
21.156477952317992
16.416354913083428
9.751429851660061
-4.983421153605051
12.392924324796095
20.246964083537023
15.15216625502044
16.323744122948934
5.748753106249571
5.346267796402126
6.464218317989247
0.8042509782001538
0.17041540419489973
3.805843461003484
4.690484527233258
-1.819146045806211
4.475991050173611
1.852882643856214
6.525377425486594
-0.30337103785041136
1.8607324525469071
0.4595128192351191
3.7616497473793964
13.480227475460822
10.389413308739913
-17.842994646740564
-16.374449755949822
-14.26653321596392
-24.75646754724617
-28.357928683499605
-26.88743872034733
-22.9021794549371
-39.66772561328689
-22.205348255968318
-31.13184781838368
-21.47623346012732
-18.880407794022897
-36.17238361401212
-44.1220435977184
-32.588968917981326
-37.52268603317716
-27.551484472075376
-28.76551643480441
-28.578867530140037
-20.79959069816908
-17.445249055324314
-15.414578978451953
-9.543566425053893
-7.659473354645662
-0.3781643964332285
-2.13254852066211
3.3409168330103465
-4.2229508375142535
-10.975543085519133
-13.237069772567176
-0.5184592995377689
6.196355165151056
-1.1542768007043356
16.318361875691075
16.258616262113136
1.0003657842556877
4.032229010071692
11.076859239651457
-1.092187677176925
11.532898877623118
17.868881843749204
19.54324348285861
7.271573206414657
9.931200680156149
10.211621121779602
11.385181614238215
4.8063508108982855
6.385204763695249
11.488517575858822
9.017393683865297
11.719529932818926
21.190915051835926
14.56619528881359
9.869440910266896
-0.7284296294819259
0.6188647605972696
9.39817485148335
-1.0541912825816055
16.860212792282383
18.162275881355797
21.605376569288783
34.90696181710135
28.58905384367839
30.073345957195745
36.57420367441298
27.88935260062066
35.70522999856568
32.43214266919728
34.89237703032684
19.866917319297144
19.329524603273455
26.122044048294722
31.96643322154341
32.667529608208
20.72904846781689
8.763933355933629
16.38039561239588
3.612487847892728
22.589479459555253
18.968487845106925
28.264721905336064
24.14739056761789
20.973327509559947
21.998156113140134
20.565972829003464
31.13843631130386
33.70717353841052
32.997114470995676
31.362711337753442
30.436765822952793
18.948022075090485
