-15.763498720292079
-10.92985647784717
-5.958402932257547
-10.012422725719
-12.591034545749444
-10.377231044018638
-17.28306550525844
-18.156762587308602
-12.322190222129898
1.3363913079346348
-3.5326282795425645
-18.442046575434613
-14.371663766549352
-16.72525599480984
-24.21437921699945
-20.119852719337157
-31.205345895817967
-18.084672979898773
-25.3220555947452
-28.771329853923742
-26.07951326962866
-27.180552884196693
-11.097124608707334
-2.134936073395016
-11.989779669446573
-10.937804613240374
-2.5464304868325875
1.1742630289584643
-18.23100870961263
-3.7754704200337863
6.860013194979925
12.442438165455465
17.936236507188784
17.177783900086723
25.36546668647906
35.22887309451865
25.245838593848767
34.8544228012757
28.31893246052809
26.638004502958513
18.066638854285916
30.31765828245979
34.612746213827556
28.27458643488973
30.12985907534689
37.74786743618173
32.93070973048496
29.946553022937447
35.071280028940656
18.10028392597092
18.964943186088355
18.371641627994443
18.849758806458656
25.92578020973885
21.518501040369067
18.55880295274977
14.920411101558232
9.969949343254047
-14.102045678564467
-14.557782971455998
-14.284484799671464
-13.174589378842859
-12.159652720546598
-7.113849116225481
-0.9429528633108198
2.8593463505166037
3.249871606585645
-2.8900764284785514
-10.474443521847355
-20.479955934936534
-5.6762667697593585
-0.7049973146374318
-13.771856336316668
-0.5928573266694865
1.6410750315927538
-2.4079220230009977
-1.2479260675109862
-11.33811410443619
-6.1168898272674275
-4.991771046888816
-29.192861817454137
-26.523819539741076
-24.86432325652611
-28.36332155293395
-12.04052553948286
-10.788272466835956
-18.381793904540213
-9.756915421840992
4.255249692790734
1.7641210420474327
-4.0702333653564295
-8.798100153668742
-15.073412494271047
-14.305804216056783
-7.82178807217346
-12.53699805901091
-12.487085458860095
-15.347080181731766
-12.242555807785408
-14.412636527706855
-26.296573087547088
-16.479998605748413
-11.479695483925632
-14.233383661151604
-10.569840617620935
-18.206653619413284
-4.055742337531165
3.4502730397412518
-12.070506048204706
-12.357899466776745
1.317087487660666
-0.7439652146117168
-2.171588031730918
1.16577665974811
0.04856302438130738
-0.04993987596196895
12.706354408701632
19.11116218365139
15.148664916788885
20.073964270304085
14.465030026797756
11.45489614504025
2.7559287306978253
9.353970761530856
3.3777217509668547
7.7829858851640665
21.207698855829
16.039562938891912
8.960355587504491
8.817601809700465
-0.3031088664826456
2.842591575759895
13.402180696534138
13.757469165547668
-3.6100785591056015
3.067578116347629
16.385380045014596
1.8363655710207425
1.9564121880656624
11.88261004952716
11.084555552552505
11.010148579275313
4.426814064533351
11.40577574764703
9.919248347232816
0.9447609194349718
0.8964535615412802
-0.19573649793248216
8.272724666387006
5.376734189096148
-2.6444315318725478
5.545961859219756
5.083318077664504
-0.5071230873328314
-16.0360567344826
-2.6092638811753885
-16.36367094413296
-11.540151308037185
14.696455089330998
12.387997499686177
8.611178756353072
17.691779943301533
3.5318138281709337
5.05228335961894
-1.622163966879064
-9.072363400569019
-17.87344411703227
-3.1824559969033297
-2.426121361458679
-14.832606844979196
-33.64772090690228
-14.596425735456755
-16.568785007168714
-28.010082959181343
-28.175866690748833
-20.887802889243538
-31.154428910666986
-20.602743667688667
-23.38795632409977
-9.219010306429668
-31.360509637251464
-21.40894174795445
-18.074449876974413
17.780165302732783
8.278037191836049
8.017601581216951
9.934815935653946
-0.3753577923758243
7.560383222180205
4.835750246422075
-5.2267744452690215
9.276038665785741
2.639238428761028
7.75483795936705
6.284275679172982
7.393597936510912
8.370248429098854
8.98115738322106
13.188408836172805
5.781276830369142
12.641951566230038
11.232428215126813
13.816916435414601
8.848437669050801
11.594094615882911
7.7360375371329315
7.847899528392019
7.85391350457772
7.643505673744332
14.567327294767829
-3.6173559579192363
-5.987440004013472
-5.382171979894898
-21.977321452638268
-14.731939922855366
