-1.726741063732152
-2.042071052467249
-6.724663252644778
7.1417134667417566
13.172066273523724
5.3982272850935065
-4.476141717299903
-6.382523931994712
2.2656378939464124
4.9380437107542665
-14.467131849994885
-13.991966518652124
-5.85043925194155
-19.823277073267647
-21.741937090653614
-9.517480587288665
-6.977893123078768
-19.194757850373414
-32.388922669204305
-32.407514594420554
-40.393245414976676
-30.00098893563255
-18.941068172005085
-18.253619427767557
-20.988981758048297
-21.63889398939109
-19.536775865737926
-16.938844449366847
-27.99040425815191
-20.16232849790611
-24.268176802495624
-18.34922810542952
-14.422253671122382
-28.258694279743715
-34.4192558381595
-28.497686472041845
-28.11121169017559
-33.76411186664465
-36.136662153143504
-48.10982726056488
-33.15999228091633
-38.51451804812069
-34.43346035467907
-25.280968278304076
-25.36159870354753
-37.27209792948084
-20.744807301347386
-20.400429699441574
-27.089154129877443
-20.050192217574832
-24.67930492490725
-15.454061524837046
-33.63620984085617
-35.737326238843494
-22.455501901396225
-36.33874314523249
-22.099243333902866
-10.899458004053027
-24.390035197241072
-29.048312551264612
-24.19257764476385
-17.90610328292768
-16.040074276803487
-4.848109466611905
1.8609811348005936
-1.9738485366292493
-18.35294599481504
-8.348273182269281
-3.2609535060080663
-4.433016660846229
-11.809795382427525
-17.42668293869141
-7.646523560675956
-12.400350750247213
-14.726827367893671
-9.95571882224226
-6.848256857775165
-15.573022360583401
-7.425701079665825
-20.270292687964808
-7.3803556364392
-8.527025848525719
-1.879940592543256
-7.227446429233622
-2.8043188894811424
-10.820475141914661
-7.331506054366959
-6.87508451837816
-0.16524065942873425
3.1828959585038765
-2.0511213620951163
-16.846336820790086
0.8513389812506329
15.874801362599976
39.134552006605226
28.09937819249485
21.7285717295294
27.480613213576017
22.64841972152541
11.457176731279054
21.460954830119
31.062537716808528
15.661985866818302
10.687471051615088
39.618657496202815
21.045489477087035
15.840946759745385
20.551434208251788
25.749304649859763
44.178888927766906
24.95976363835625
10.051879530667437
0.17888227746648636
3.810670521906707
5.5954919916668295
-2.354395527574573
-2.2784968020880227
-0.673177300276495
-10.703248937380314
-1.26357770194171
-16.67690749117196
-14.035757171975806
-3.3739475868363784
2.414905404446543
-10.489733078076062
4.875101248864887
5.140910523564883
4.27588643286664
-5.456762923849008
-8.589272517602677
-15.908347417750358
9.02278868599239
7.779438651632098
8.994406000686189
13.679148804220224
15.178553526876831
2.9038806838624773
-5.99751291217016
-6.491893982183075
4.584792409162117
31.588415921118177
26.39257101552135
20.68463924439096
14.757478187600475
-11.788341383453588
-6.190984420228102
6.255884752908949
-4.123670443323633
-11.52592455906028
4.079111108805243
-2.5703928164986984
4.051124783887592
11.100627505985443
24.52336720320505
15.630506632958145
8.87301534354786
5.896587393269075
17.07348036755349
8.110213357848803
1.3764265638239257
5.934986830111757
12.827024720674947
10.673624025081084
9.79395167738642
11.795751697805708
-1.0661505220054253
9.368263363477013
18.012168879323212
23.409859521843266
11.481477784248025
9.683111104757181
0.9355364259830872
16.459700996111525
19.88193726026697
22.837487755443444
25.313463630608048
39.259973289726034
27.878140904838677
36.6750606087824
30.641969968790768
23.459563745175423
5.352350728372807
0.9578977486404524
1.7726116309321744
6.295841140863511
10.489027965577769
18.731279391753322
16.549553113962922
7.704472201794816
3.75680229945224
3.50856639342113
3.707654811413213
3.5436455092875585
-8.002588486992684
-3.38137593357421
-1.9782253677176669
-11.32597066733309
-8.199762584982798
-3.670216309640988
-9.852335657920543
-5.381991000874388
-12.162256694999762
-7.8273812097849325
-11.135539401767456
-15.415701177715794
-16.960971550787953
-20.342820120998784
-20.936850931157643
-17.08356805493244
-19.353303985989754
-29.34900272295733
-32.541494001695554
-28.695162204413275
-9.902700443857599
7.132899763166258
-5.937773003587296
-4.951909119733343
-14.508518016371383
-14.18021373390604
-6.765495697023604
0.964577215105028
0.8281921176897588
5.3004587232612215
19.724429406988552
9.218746804684576
13.371647319546065
2.9409229695547627
7.1753844321383005
4.116989353651341
3.1062903787752485
6.042245203616486
-1.926300099955216
-0.5163000491895444
1.8669391681390328
-4.654838220992624
8.98013852001074
-0.8711078021751514
2.83375415240826
4.879755193520007
-10.255316079888043
1.9473324799873568
-0.8519353248296172
2.562076048463458
3.564242674215247
8.240933942493854
24.689774685147423
4.819719581253548
33.651873639164826
33.64504927924364
35.123523790786145
25.036133284226764
17.909779049997407
30.463361323850783
20.82900027871694
19.492229313283254
10.819809006379227
