16.624709509505852
19.294498154200355
24.25742249837568
16.49818777822447
11.175820477884024
12.649167712890007
4.453673538130907
14.148204217242244
12.46055505616462
25.15351736813668
11.429761438299687
5.27950028237755
-0.8995315920280044
-3.6022018321748708
14.827028444446642
-3.348232074841995
2.810619059481604
-2.538297845240931
-1.0692686333342123
-5.773552274361219
-17.771977831648837
0.2235281775371213
-5.802278222384585
1.890282362958564
5.374841724692018
-5.08388815776041
12.984277254095952
25.665819221678962
23.743706253277324
25.76614039923543
20.26107162938727
28.16490575316035
15.68558181235591
3.523130088003239
19.33909031084453
25.499173750293604
16.566883924465024
9.9482140677122
-0.22238580625663795
-17.099782988813466
-3.76449650557509
-17.290636963456087
-6.4480513098994425
-10.536074578359507
-1.0750441071057366
13.858256930326133
6.524984721436188
19.622715121047186
-9.781822790591056
12.930752957508632
12.223985918550309
3.425616852020461
11.25280810822427
15.508806365776222
19.64433596563952
15.292934801938
30.58763848128038
16.31215507124672
20.344796969162548
14.940391240258865
18.189518670354207
12.775498583067485
12.445282858543385
2.579619425351813
2.719403758909884
1.6528257956283423
7.392412662885975
-8.964140099302059
2.231264589091384
3.8112441962228636
19.929459091758748
2.9703247462233406
5.6995425216113045
-1.73145065598755
-8.314206436691098
-10.558898437283556
-4.098232280363261
0.260427748715307
8.640193054710087
6.072712192105318
-2.0929101325570927
0.17586677668229997
-15.178819869113266
-16.54153623322431
12.643788761589711
26.32017072009114
25.923203096999803
20.2680676731414
7.850747086892562
21.10182735011447
3.2476330237528765
7.086175395657418
4.436111123668018
17.87831549940252
10.476497006406213
20.009161231208264
11.147503838573694
-10.064262630921876
-30.288719508625
-3.1502528478029572
0.6106224898808983
-13.58306165330382
-18.657034652927166
-8.088031921309605
-32.93185889837312
-33.513740661507356
-8.265274316756804
-7.047481133489957
-0.8619081676528709
1.5769852173488297
4.706019476989876
6.599737277132155
0.2736091283848821
3.5800857278700837
-10.609523474057182
-20.06257313977081
-9.033453483239636
-12.867141621904821
-39.87052199939811
-38.305345525458655
