-7.471652512243392
-16.46702941882433
11.617607283236856
9.30278173847062
11.362708681613732
1.9448241397043318
7.185555091874066
4.9715096003284405
6.063670228616585
18.13430066578701
-0.6435512105789485
-2.09212995259219
2.898452008614861
15.666045094312608
8.026222755650295
-0.7512515278231153
-5.072795229951142
-12.965925731590323
-6.518606214446335
-11.707413448289484
6.911156475139205
11.104100367817052
10.619654604266024
-1.266697918980945
-1.5161108145561526
-2.152166480608376
13.019712182972315
18.990914576492308
20.142151193288623
20.051978783853354
10.94990245085012
12.730023853206305
14.451733119322961
13.538074088855572
19.87850205195162
15.066582576326963
9.147308989443513
6.256727777994647
-4.064978453539057
-7.805248868120418
-1.6837093724163876
11.580032966875196
7.2016559040945465
6.221246055654758
2.5447418377438846
15.87417314846895
14.30911725621706
-0.5981956289530054
-1.3995163957700782
-16.43940018037924
-17.423476828552534
-15.660819167688706
-25.24923197518504
-3.1376292373852857
1.0001241813699553
17.286491812971757
21.63364584540949
11.371229025130999
11.118659617580906
23.846421645800444
20.982955541189284
24.074382327818213
1.59536534375597
5.582072074581264
27.415716709966798
20.6087727289064
24.17245105106076
23.47718502195735
20.66660211504538
22.35149617130156
14.081568816210954
3.3680535174134403
-1.7530553205223365
-4.906559503194608
2.269500323245781
-1.3595858278294024
-2.2754438823619045
-6.136660655135005
-7.8470155270733475
-11.33158145782915
-15.188617925873336
-22.914612249938774
-15.9802337746945
-19.29225015716512
-14.478634799139126
-8.613397202045894
-11.431343687627706
-11.95747259482077
-16.146028812821505
-8.289638373011131
-7.4370051955281555
4.2161416024363545
8.81348023118738
10.850693707415063
19.28746737465722
21.196581883434806
4.303213750094215
1.6327277830855342
1.0229321610504796
11.787020811387134
11.05693735582314
-2.301677939282691
-0.7026595663688001
-3.15000318677941
0.4907569748279833
9.649003757442019
9.328368489872958
13.161281718767068
9.71423707236278
5.909943127171654
7.8179432293521245
2.0691877020497627
-10.977092482134104
-15.186962633466372
-20.775012540569573
-14.431962912727544
-15.637397499345369
-4.809631167339059
-2.521741637608353
-12.350734564540222
-25.311774488707194
-7.305002289196988
-5.247413943873006
-3.746769985703656
0.3198156096807317
10.417269572223741
14.682514528951915
-0.6117391336892165
