-6.343952098230852
-4.51969710769365
-3.9666459577242406
14.394268290095026
20.364382742785804
12.671553188345811
15.802547282144161
13.218092566415784
13.482814900035233
11.23635442247468
10.63050001324941
5.371274890855889
-0.6529391862058392
8.004224696794612
-2.3514194570879567
-5.742302734490645
-7.813162612101751
-2.4367902150488483
3.6617748998249318
-4.229690901675432
5.10483049091198
6.8139055669782325
1.5519506970462404
-14.078394559368975
4.351269650016067
0.6970488516141229
3.8447308622163816
-4.808592086760099
3.8668880938513817
4.053279061764903
0.5357344302712547
10.303679947856596
2.328863086404318
8.098066606879144
13.102977109142325
1.0330759890412158
-4.92777106139331
-7.457395170233022
-14.693744469314229
-12.413130017457075
-12.113308188845119
-11.625669484668222
5.4143454559693875
13.685595606763568
25.587302819477838
14.036549941409858
17.7265937809515
23.23686280677422
3.73393757140529
12.978499005209073
14.173704495190792
4.58277598083697
7.524019317101982
5.417254771957984
-0.13375853434345525
-12.259973563393213
8.56502740558262
4.612057200191988
-1.4767170787261386
1.5023942002466657
7.204238373378705
-0.6669342205146128
-6.1386112447112176
-16.696717953730097
-13.831354464802727
-15.787941167708905
-28.44048084801357
-41.047132028903796
-36.569483403196585
-36.755192868357746
-20.105687638352677
-9.099536662418254
-14.776312785358375
-19.810954132256974
-24.834378647988466
-20.721014396634875
-14.866662373329612
-25.493769872426792
-17.681509769286468
-18.2003188721088
-22.78051346395956
-23.483691643688694
-12.871844228545669
-0.20720072304720985
-3.089589500085937
-11.13881764461798
-2.2215446981401485
-13.07522258537205
-9.643621457066553
-5.049079028257767
-5.495467355534627
-2.5031061544799043
-9.954967822640347
-8.158131131394336
-15.16308855571276
-22.493236283447427
-18.473043618946537
-1.7234202756579382
-26.26107354083021
-32.083726318280696
-25.132985862940718
-13.606589361548153
-15.986063244396675
-32.12497507394607
-17.819638624934363
-17.60386775770279
-21.5528795263123
-18.811171506204296
-24.51494410371703
-9.734022496600645
-29.078376978025666
-12.179677426643815
-9.90122777001943
1.1209102061668503
-4.66257838035222
-2.8788057091095216
5.446079016320066
1.2249087964617886
4.769538314067667
24.46501883278464
21.384758419385808
34.750452370070356
32.606051679588106
33.70880472187125
29.39795691337465
34.49916581037447
27.088750686456073
29.676233788182348
33.843782157777355
42.71877476687654
30.22385825740881
18.48633828243826
12.205200958502651
25.245245787040144
26.911608213503715
7.703311466594207
2.1337772958188896
-2.499679775710271
-2.317740835018726
-11.624817677460802
-9.332328580492607
-1.7767745903853092
-8.684251909831696
1.3972346654674597
-1.2056367019103351
-2.8680620449063894
1.6619287912145704
-0.447107389989178
-5.616555252599107
7.897397744651919
19.25196211780679
0.3033288718233858
-5.739163604171913
-8.00723277437637
-20.732666294001426
-20.141565815875808
-22.425669904755427
-47.7207633529975
-24.83720615407145
-35.41876371372697
-45.47434028743381
-31.952923289458944
-27.32508496920509
-22.06433972695681
-23.043633413338256
-17.262025565539762
-24.137475698004042
-33.14907163871925
-22.65709867489172
-28.339973854897647
-23.32481134917727
-2.788693455873524
-6.651236376508164
10.669796962820984
3.0153768284211604
20.43629726584584
36.54158420573761
29.078845735810123
46.6044293524704
41.83423851260069
28.599960798675774
26.2794141866078
26.7712911412455
16.64844775648535
13.907577323798856
16.827021717253057
5.890747253136859
-8.962896808696394
2.6212711371710173
-0.9126561235650188
1.7700105273124844
-3.1292163648039617
7.970006222387136
9.833956170480636
4.439555089141782
-1.1821135707906745
2.8940250665728846
-6.495649062771722
-5.645726374236853
-13.782381536212936
-30.700068952434048
-19.87906516726964
-29.2714783126651
-31.74314013396527
-24.67898745708743
-20.04164774871294
-15.830081793142345
-33.090154008137304
-31.78079729661727
-22.849076923460608
-1.7476518421922274
-4.1077715611225685
-5.297091346726212
-4.912599337159123
-5.683900425541093
-0.9795277036611084
-5.836479284244661
-2.7431769299400552
-6.873758711058495
-9.15073767974505
-11.15727350266499
-10.320012579227962
-7.567981106134543
-13.923506323793307
-8.065431240400738
-9.710248261820622
-18.640031530816838
-16.165590478750673
-12.290960047572765
-7.694424667293537
-17.72621602192874
-9.893804678949783
-19.037653469642013
-22.23310633971095
-25.02559221793373
-35.406700672106275
-32.852296966254286
-32.050958029141576
-20.15568758302306
-10.49086865858576
4.771746891709941
-3.159291825389851
5.075239133247743
5.506991068969714
8.166437855166452
13.911561031722247
-3.3307146195329915
-0.21824734678360466
-8.738332580655204
6.523586565052189
-1.9529715735053996
-19.38928511175317
-15.530623044372218
-7.760463178729213
-6.4002025037928565
7.61081496929024
10.315751184611138
12.69528368046556
