-2.004960185485781
1.1226044681437846
-15.363191932489865
-22.872447426638985
-17.062071025418714
-1.4533197854593245
-11.078741875028486
-3.9230233319458727
-11.107739809411461
-27.233440004582494
-16.068839982894193
-2.094273450731266
-4.7623354803505835
-10.901548431847973
1.7143892476387497
0.23298432745362235
1.3875680501651917
6.058890763166069
0.094855784266994
-6.6754136307896355
-5.045869261859607
2.88793309856169
-4.657350450977432
-2.19965443926546
-14.334011253601673
-23.098901097295904
-11.845869060681572
-7.845664504781849
-11.203768211792408
-6.887492811301091
-15.806957938065384
-23.64916598667438
-9.654138998604378
-13.456185040675313
-5.761988592995005
1.6194935659217802
-10.561436866249759
-12.49289110646856
-12.249584504448958
-4.765494199564688
-13.15569296173692
-10.649209677226107
-6.007093324094338
-13.305638041640474
-19.921083623078193
-20.135028798949016
-21.71493762472366
-16.296020289671315
-22.179399098375985
-17.909720957389915
-16.680285337131373
-9.348015069247763
-10.043193040298672
-13.61579924665043
-11.544798977542976
-12.820200637412105
-16.350010524787738
-5.795012083895813
1.0068154078491822
-8.89785432139086
-12.602855716720937
-29.18250272594291
-8.072935866407647
-33.760816147501544
-40.071961604514854
-3.1437207664009787
-28.411972803702263
-29.645062212589256
-10.405492548062057
-19.934588043602407
-11.740604350613621
-23.786126189166175
-49.11469986678164
-42.94659618195253
-31.986787751128197
-47.500271871853684
-48.243441105627575
-45.439669264359786
-29.31652384484089
-25.36792163644289
-21.077396486248368
-39.69467864711646
-43.2445070571396
-22.884593592499126
-40.439905154614785
-6.411045702062942
-10.691589578687065
5.035631356241252
-2.6397024275339267
1.434981171067011
0.3361612017547513
11.334394720129847
5.298909300698738
13.273555920959554
18.017191845962483
5.852036385552098
10.630427648343025
0.3616812807127243
1.807471065422352
7.982891139794854
0.018065302249056232
-2.6281224133487258
8.711025236763483
11.384075420511564
1.1276000046219798
9.535917985377619
9.111500139171296
15.518392026708849
20.072012976375085
24.675211834347007
19.760796569834596
14.04466940880119
2.1528620741164897
11.339043578960093
24.533576132068337
24.83689944991075
15.736406348956516
26.35728192742856
13.67323937451046
12.222482613293364
12.13519419570904
18.719073418582052
11.188088535505388
10.123951888279151
2.2240188390865248
-3.4105145626160787
6.6408240677335195
5.147536940177737
8.384828290211724
-0.9796177575441948
-11.755379723447685
-27.352159445806763
-33.19186131270233
-20.08951510068439
-12.10857147580959
-18.64152721810331
-14.080675033892273
-16.874142720367495
-7.7262294464085555
-9.680931910276751
-28.10084491091712
-25.36660561466749
-25.557774493153985
-23.8227503370329
-16.454617083158666
-14.449629215153895
-16.386381648789175
-14.050947403540855
6.338995255304562
8.115399090636673
17.38771810254521
7.385202054162312
2.6053411182724906
-9.143851314920841
15.783551968678156
11.406484176801444
16.82306597492126
27.14496957660717
1.1873085435238353
-4.258459199940138
10.834319827530848
8.40322797834223
-10.113676048975922
-14.764678445694944
-27.298048753872337
-26.483719992322808
-35.60899799319089
