-30.987929638175128
-10.801520727987974
-26.207518000998764
-19.08339735801824
-3.3553156975784963
9.449490528331882
-0.2527473954256361
-2.2450968349250116
-0.3808899673190909
0.9556179452311548
3.4444268006533503
2.5306453907498248
7.327479446757853
6.991673923293238
16.091224775381438
15.880053299262292
21.960716498251013
13.627877110062869
5.0786559795609465
0.4254913411496909
5.37098772980083
0.23329499954404564
4.506381350355493
1.4063488569386051
-16.569185367702115
-24.368686604439173
-3.3762312631375093
-7.811365087008277
-12.280214648281
-3.7684351268425487
-22.440595500445298
-32.09445374175172
-32.92011469966122
-19.962092414107943
-19.957954660484518
-16.57329302953967
-14.533077911674702
-27.04855168704908
-22.16588785296753
-25.94023036749257
-29.51864902137991
-8.640489925958658
-0.7252860571303913
-5.572646580429877
4.3559403887892785
9.789699755606195
3.0455996254054183
-5.898507355293287
-12.234786503632252
0.07444798042847915
9.533479225025589
-7.782037443769102
-22.028784051500264
-21.885868124155703
-14.570944527731914
-19.1819362450173
-14.352107468499332
-36.20040519796074
-24.617756839284898
-27.206097718222555
-27.09821340621704
-17.281596257357247
-15.702108962728733
-14.349972190070613
0.5810658483491229
-4.85255875460517
-4.353764798613657
-5.0642563419161
-6.503782164858722
7.66275061657995
-1.9893673705629735
0.6424478409874975
-9.542008702523963
-10.817352545928903
-6.401353951751847
-10.062950369119015
-9.551085283546154
0.5588054675715194
-4.183273439636372
-5.435329829968135
-4.194648287158532
0.02981122071868745
-8.694700917334353
-20.51591834879603
-16.203165881971714
-5.4670748690260025
-16.127920991488175
0.4228235525024335
-5.542565604543055
-0.04377996704110458
13.597024318940964
8.193055956975048
26.00569237179809
9.861088128217878
5.826636504974314
-7.064055710634246
-2.135965411877061
0.7908407546768375
-10.387679051569624
-6.938779588937496
-1.1060279923632197
-9.644475347737966
1.009947173323071
20.07943529049552
4.56459788431415
-4.15504455442052
-0.6382916709458317
-4.750275996783597
-0.023330960875729573
-12.719213091272696
-10.816153100149936
-13.401928799219329
-7.894638685971843
6.200142097532409
-1.0242506219714056
-1.4129123885741055
-12.037972781836393
3.4705182136639112
9.716928843080467
18.509048774629587
16.11814203816522
25.14968303386617
9.962918474793996
6.657458979923978
13.177591560099527
11.017432852527367
11.59052373918149
3.725931342374333
7.5911526254037325
0.13398663339911715
3.738817968582957
-5.6074551357755755
-9.046282021785307
-16.713370763227562
6.020462226204237
-9.675687658972882
-2.9291493490606864
4.722436190355541
4.768102688913127
19.714944000727264
16.11395476910006
5.727052559769089
3.1701563703745226
-9.47589233210347
-12.026742276647049
-1.7456797177422008
-5.699353998689718
-9.179247865169396
-17.263658548330937
-21.690966076485395
-19.801019413721928
-15.388206307583339
-11.565601042220221
-13.979082502871421
-22.361058937276322
-19.894861722052312
-26.502235074114324
-10.824182305855107
-23.399826793434354
-19.24909379236359
-19.715983558926865
-23.621926573722586
-11.496757100880167
-14.298769285333039
-7.961305598950106
-13.35015996488439
-16.306855455370822
-14.202633013407798
-11.17671795554639
-29.351434432480787
-23.10367389962402
-20.329839134198046
-9.818952645896962
-22.758396088544487
-20.150339684630296
-25.322999547068964
-25.4462913096599
2.2105523422391027
5.107489925134551
9.87830108259069
7.11788728341411
19.20785567549207
13.135258569697573
3.0558691975249435
3.8751959024409537
-5.846036029038963
-6.701304165580367
-28.41884982082855
-28.943335852920974
-23.617423318348827
-20.863859653823084
-26.089868657427576
-30.879615233539763
-15.390834312896494
-15.855445601965188
-22.407972970004483
-26.7309169461371
-29.48381449393151
-24.974567766971642
-21.128146465011586
14.00436214150707
10.091977088059279
7.087473672192463
8.959100167325317
7.677880473349216
3.2984406890688027
-3.9724145557669712
15.667620926386435
26.76776902296895
3.891100576663426
6.028190323941924
20.40415931991533
18.02524967126744
5.22668395170073
-11.93418483201031
-10.532945421269961
-1.337636894656851
-2.321284101148418
-18.872936735137262
-25.10939425519226
-22.763436865640248
