-28.758455877507934
-24.777945536274682
-18.9128809030484
-19.166228255092033
-19.19114647660084
-22.01021081996146
-22.31733994672066
-7.493894035152178
-3.50819320009204
6.644793420546779
8.168348179879315
-6.388812087500121
-6.054211533657617
5.7176354291561005
15.09090203642358
10.63282592876886
16.615917445841063
22.468786354187976
14.45715529966017
13.05392275541266
5.532810432187953
0.3554672419558449
-7.009087491152176
-11.275565845957658
-1.853270887464656
-3.3069248735493386
-7.419289425318454
-7.102186806380375
9.357944761663537
7.741963880712367
8.177272560918523
13.857771346210255
-2.19161811178696
-1.1471405816549431
8.893941021774523
5.05561292141859
5.67431501489095
10.489051933884447
23.032174221624828
11.830212234087679
9.013629651051206
15.873550886404555
23.874850796265488
23.928700404824454
8.076819928633174
4.134940395450114
4.3991345313882055
-9.637111602729787
7.392326638541614
9.530883987738001
-3.0465830405331813
3.017007247080838
-0.7471974204958596
-2.0339202294748717
-1.959598815826045
-2.9564479745868257
-9.166581983120963
-8.946410606038814
-9.587748443261177
-2.231042883624992
-12.888913895266972
-12.319244664852375
-19.827155731806787
-11.367887088945613
-8.546664853058907
3.3975862263246954
-0.5602604369313134
9.386685416451893
12.40474713222048
5.627957193837334
6.639679373851748
-5.026849273580287
5.727741542046973
2.2040553549323354
2.6559303714542737
-7.565298486534291
-15.640170093438124
-14.648741195220186
-15.075376232388024
-20.381607649013397
-21.372204310752274
-3.5626017732583937
-10.783509440843243
-16.113331473037483
-16.159364479607643
-11.98054791334584
0.18070241195079625
-5.347515126150657
-12.933229304360712
-12.719674501030575
1.9682441650085247
-16.16477413230559
-14.768371258568347
-10.735069194181722
-12.507395396441364
-1.9462814847017735
-13.992798479006655
-9.384303156014283
-6.866477743505872
-3.240067933833972
-7.496294074467992
8.248544929849372
12.667057684557632
7.587472191119986
10.619904689860467
15.010202251323841
15.796883637409762
5.443821441635797
13.387536813562805
17.820556334653872
32.959084077434404
26.957287459099412
7.734501120827433
15.618960858522126
18.010648379027973
4.37272472173301
-3.169932892036264
-7.6689134083632275
