-8.104227996197723
-14.181326420234734
2.831370574046401
-15.631050179647751
-5.2805269534551105
-4.938302752953303
-7.3984245312172
-2.2164684189996997
2.4217642664388808
4.753014205451324
-11.05953313167794
-5.821450398411151
-8.489266341784182
-19.15565943414548
-26.90367700547911
-30.931089999118253
-41.31416960549028
-43.66196353966043
-39.67517204604661
-32.41595724901841
-32.54623877901043
-25.19750955149887
-25.671892301494328
-24.573749161333524
-19.26513394041117
-22.80317406194365
-29.62992787723273
-26.654040052684564
-16.28200926747381
-19.887334997523734
-26.34076898308731
-38.59708862893483
-47.73069215858654
-42.34674564030029
-35.01376489915239
-33.99650870179392
-22.439926349250364
-27.514103138488032
-33.81608848371295
-32.88165479387729
-33.6806961576041
-37.23370371589732
-49.48131947509772
-43.06898910051047
-47.8525192680465
-35.603224070566355
-41.391057154604866
-34.79191977498684
-29.26172828391449
-27.48880112024885
-34.94347062743178
-31.870439287250385
-23.793269606995594
-36.86052781518758
-36.3798472575704
-26.427304288831273
-22.338974957652727
-31.41598786810793
-28.640378304423198
-28.336183141918784
-19.418835493476323
-9.929842744385326
-26.62141850317786
-27.556534339032194
-23.363100311057643
-38.25679811828433
-49.27500365094407
-44.76166249408265
-38.576545031038215
-43.35729180198489
-39.64457810365707
-20.715332839117824
-14.689434925586994
-24.40054473837295
-10.601478708995325
-8.706953335640195
-20.1969706911032
-19.667810665153148
-7.0757807410027835
-10.55831971851934
-9.545354777855836
-20.09966169352639
-16.76897284388243
-4.837574809853713
5.508445306090008
1.4904869084849741
-6.912000523440613
3.9430260065527394
11.974790853622219
-0.5982478477180478
-18.6385668213915
-18.09065311188845
-15.65619560162015
-9.618660734955975
-19.173503689206182
-14.53096241872886
-26.250948538632173
-26.79591574803885
-18.64080606861739
-8.929778576680057
-9.436078226658461
-2.462384682128792
-22.065934536099
-21.97530879876786
-19.991422102174724
-21.353500430724512
-5.5056263213942565
3.2087972408756995
14.420942720866051
-2.2045934502890443
3.186020653853939
-3.3930126668064062
-8.476968353096888
6.907294152686428
3.3986714193316896
-19.857236017493058
-17.234042950518948
-1.1811596764705214
3.274501495167677
-2.252149067673608
7.059726559693996
40.435464873127714
44.04304113854287
21.70249638412801
10.541999033114756
10.262388217994971
21.416041250314837
26.904070420942418
17.299651051555866
8.481495931465222
9.51472280516063
7.1829046937860666
2.7409820667292557
3.679721795809688
3.3666038789118904
2.0057924864667416
6.97530382034377
12.65269987376011
8.128896090528048
-2.0891805377089048
2.3493554835080173
12.063301550499409
5.1212853320790135
-5.745689542747798
-16.427728838055057
-27.248838558562603
-31.022819909155675
-27.59336645201032
-26.37297651786384
-21.04315567350691
-7.174264351969818
-8.36801917087986
-9.608821781345515
-15.396403970379946
-7.4443956459089495
-6.347083571065793
-10.196630909520774
-22.41192790493761
-16.521746497735
-16.678104629443446
-28.082913968700446
-28.777414839801512
4.441619638101577
1.8961600332133275
13.747165144180705
25.877573156819306
5.130384934569944
15.981875544052913
-2.113802509158761
-1.655759290834488
13.130403375412072
12.413835467881851
9.089501585248378
7.708213255280234
-2.318030935367334
0.9240147009645151
1.2614196202646766
3.266441038780321
7.4823061754000815
9.865614275800482
-4.2723141529365805
0.3907033191091407
-3.6573911635948373
-1.7147807483694388
-1.5199200196770286
-2.704819274416222
-12.98664785936929
-11.206403114498908
-8.960966825436596
-9.656008502734316
-9.334488490865947
-22.434229180959
-20.363317495449255
-19.50244187145109
-16.21868604498956
-31.86901461387673
-28.11696882641355
-11.108262566976347
-11.710717382816465
-12.545771339561762
-8.796392834045689
-7.6891065230446305
-19.33342505970096
-23.32068713667361
-20.62845737238763
-20.723323972658843
-39.48623069426026
-33.62990829817382
-30.723360951128363
-28.30789792519807
-26.0828773048249
-20.29507612176873
-20.891643319300822
-17.325199752409024
-0.8556213910430468
-14.813874125282528
-15.428072285003061
-4.0070044495924035
-25.49381643414389
-13.135411199794495
4.20480692685161
2.4867326064102606
-11.636527693077664
-35.266068804739646
-37.17866712982319
-27.43717612385103
-10.651657526196477
-14.642295148487651
-21.87758878897656
-22.307466220598503
-34.8559431476052
-30.05253535389925
-32.82789770334242
-28.95778733782336
-10.771555276274086
-9.148852658701083
-12.713387144682866
-14.884534460859028
-22.069927914728066
-29.158256143447947
-7.719696072645545
-9.440996989907967
8.117056925101148
8.380625367279164
19.592744328998585
8.166321814261329
10.204381395570383
8.780340336310074
13.025127763196092
5.372889550083064
-1.3807160591072352
-3.576147379064356
-2.152495042635427
3.4592394047992028
6.0037151786618175
14.505270283569073
1.9052341977235099
9.29516797770703
13.032372487885688
9.858570431651604
14.466613226170654
-11.216479805751458
-2.7045290655958683
-9.101731431177496
-16.019991027160593
-8.720999976186368
-15.789644100892751
-12.516059828772635
-10.037973612019943
-19.5670907648148
-18.230639613506728
-10.290652934849128
-11.203342576419177
-2.568904683069392
-4.835678793590668
-2.078363519142655
-0.09774471976704144
8.05852439170923
18.343985502895734
14.079313112654033
5.171740959811139
12.687636086964496
3.3633696721896653
8.839082799505894
10.003482959003696
16.83909118446173
13.925949619630686
11.47178386874974
1.6235986860294933
14.13283787963194
7.50062923704319
6.804190290918527
