12.803222340693734
15.842091136343534
22.958911507019877
16.975074047797598
13.088802412744592
-0.6641229377584962
-10.47569043382427
-12.386195115787638
-18.091609958228013
-13.668478012105643
3.211678792658025
7.413150664169626
6.857501354718285
-2.2519617778194743
-8.365318203479212
-10.268803873483208
-13.922325982608335
-14.121340053558875
-7.947913412553848
-7.91186867089132
-8.882523664417768
-13.726376853265185
-23.956393587801823
-33.93049783401265
-26.74246544234665
-34.54971213086009
-21.05965959978686
-15.703543792433011
-21.00160612534796
-22.97117950855759
-20.022069055249148
-21.80199953379484
-21.540814811015238
-25.28188930216793
-33.00053992365017
-20.44779028275095
-22.748197696499425
-15.538113258429663
-11.514476725845974
-16.160239336076707
-14.83834902896109
-7.89524595911327
-17.733833903847643
-3.7488307983920506
-17.87321197685192
-18.898569649876205
-18.4794861424304
-1.778722942412801
-0.7572822576335547
11.113009926054232
4.472198990828584
5.112684402606943
17.0887282530884
22.478712063366622
9.969413903865453
13.302731246743924
17.980390851497372
12.68784212299308
-0.4459911883687063
5.521993235412749
20.6606195352378
-0.8627888528655427
3.5940203541141096
2.0552913495133205
27.58641913279478
30.224501936429878
12.725484546800134
22.847947772600524
5.093666602372732
3.1332269022179244
2.633096758269444
4.621475671546375
-20.07185373421901
-31.78754483183141
-23.971293636362336
-30.764472503780777
-33.01395407923201
-23.829791069313355
-10.22608393940809
-21.53115601078826
-8.552283321901314
-8.833995764912789
-2.712077630591349
-6.48494811383736
-7.079946212344088
-6.003630201258942
-20.333778136374853
-4.439381893612864
3.663472525906743
-11.973509034770467
-30.13691259529591
-18.5105405089646
-9.54263807670149
-9.968423282192257
-1.167604279551402
-2.6764947943293698
10.09888134864576
-8.191380675779193
-0.2810562761175345
-6.757886071497574
-7.984292208948872
-26.82579721127802
-14.265915789992686
-26.03399525001429
-43.90717677280547
-47.10486790602395
-47.64649515905139
-49.8638869069374
-37.47009167382475
-27.68334999624761
-41.47808333589281
-42.55772235294199
-39.4774440573984
-37.10641513280584
-26.754770283177706
4.677379150305329
-16.23163623388572
-24.813072838121123
-10.08526537972059
-13.51103857446579
-11.123117267937653
-7.070689007908753
-8.224375298999094
-3.836541307414766
-18.423326251882447
-7.853198061907742
-8.714875623121802
-18.11088987774624
-0.16722818114669447
9.77088272953714
6.794905037246831
