16.821186629910656
19.59393915715276
15.209518537340081
20.602596298049523
6.9754052511979605
-2.099516803872904
-2.8141620524360857
-7.278471291420026
-5.276291009295637
-14.006419189785829
-14.856317253275845
-12.26503320155723
-6.9595775214936255
-10.87035642916375
9.735154098971998
-2.379366789998992
-6.5404545295122425
-11.286391637740516
-16.423720934804706
-3.5678229173486877
-11.684283746326521
-10.981194981421023
-6.363432666155911
-6.405092749974518
-9.24537019094321
-8.243838320866391
-5.576436672566613
3.3261373049435004
-2.29216124958556
-12.212007544825545
-11.868210034911511
-4.6801401714535835
-4.591561479566049
-11.083283394538594
-35.2940466460081
-19.922261862225405
-6.859208023926677
-11.555026412151433
-12.34313071888597
-14.083578629346793
-11.719784830626786
-3.5752179680184084
-22.016952450988985
-25.70337883173048
-18.80972816363222
-12.754480389837491
-9.980787078901008
-9.823131751241505
-17.109635731626447
-25.451855375626906
-9.714468552075061
-10.771706883162937
-12.494599327295358
-11.75711709996098
-14.554074279005802
-18.183589840777728
7.567795876863617
-9.754809431866066
-3.6059760457227097
-13.822434215981355
-8.881237931149348
-10.086673247699547
-15.649798409618487
-4.771636167543823
-3.011547208713208
-3.698004659676239
-10.584908642375867
-4.499849610704393
-1.1664473654553882
-2.8126118496011587
3.5483231828713224
-5.880875217344197
-4.6479998745207185
-4.274822654351859
0.9366730791993872
-8.316041097332517
-10.37375250149292
-25.444207881215487
-20.5355895612154
-26.08498504821321
-26.742488218046827
-27.899888699704128
-19.769755043251322
-28.652915704036698
-17.63714371356802
-24.66276686256635
-18.43819325582925
-27.365201498667947
-25.4856778312138
-8.289877336068615
-1.940266179492672
5.130285039356469
-4.79539782195835
