-7.1155992972795525
-12.132815218824895
-19.879562928834453
-13.112417943592215
7.907203796676549
14.997685995566153
10.697491208732195
8.562875522534117
10.901181521051367
7.897900622618162
0.25395365048194546
-2.3369682494678514
-8.888587361870423
7.560142013116581
0.3276431153472409
-15.627020173542444
-15.466743669768913
-5.0023355759367645
-2.2220281843630785
3.4302579707930363
16.410533758367034
7.9479260976099955
14.298297381754715
14.066203568536654
18.524768976378574
3.801007908275612
0.32453214525565915
9.03176674239818
20.004268486431705
16.639958855260065
-3.1952229994335823
1.4572851137943263
1.201784892156729
-7.529320317725705
-4.172127241240208
-16.57783115430259
-23.288507933922983
-14.780732556225194
-13.934972301351705
1.2815200148707997
-14.416459191512075
-25.858281695832968
-13.097880603260707
-19.297653539385852
-17.297617692264964
-9.571713408438752
-20.44953670445229
-6.9852792374009445
-12.741462919976208
-15.309933397098195
-15.610737675673285
-1.6451106440588572
-14.309340725616643
-18.489243193232788
-21.894232264449524
-26.39197232628323
-21.88881897939222
-28.984390534578434
-30.039876100453657
-25.701999265226966
-22.147903424031114
-10.383116135542243
-16.759762063272387
-20.675494928301905
-22.18141397065465
-22.71338168249569
-16.49282601941273
-11.528789412163913
-13.166706704294658
-10.54075332971245
-16.70629349432167
-8.77255033104758
-14.527268931008296
-13.991769420080654
-16.19139686837175
-14.58381293791909
-7.075852362267593
-13.429329778286883
-11.552703872133046
-14.481274929331555
-13.152603152662142
-12.638586766090107
-7.0784752836208815
-13.579212243324115
-12.995647966131433
-6.325706253432436
-0.27086320656520313
-6.577192488686401
-8.944305588931527
-8.190249949735211
-20.258988741986407
-9.500935318135946
-19.49341612481507
-14.780379750715882
-8.696928116983138
-8.250739969848839
-11.681139731276984
-11.495815594431637
-19.430913908655654
-20.036735134193297
-9.072505095871962
4.15027948455428
-1.5549174305131799
-19.069043142175204
-3.727395579655476
11.200828318591276
-23.796061681251263
-2.424896667174607
-11.776876997744624
-5.906845081361537
-8.082215656957809
-12.05101407232162
-0.24197839595976664
1.1678076419472554
-0.9696357083274556
-16.192116690272066
-10.419135760417737
-7.6089319000921085
-16.360783091377257
1.1032427358382129
-17.905171431659728
-6.040863637847256
-11.011124046848051
-8.8963395746145
-2.8728672892877336
-18.60331405514802
-9.825920731756632
-25.505709951465736
-23.61388232542777
-14.388070359230914
2.7727353813719944
-24.019740056038245
-39.59525425795793
-8.995896569937015
-7.084146167226469
-10.348061598094901
-3.068844842839094
-4.68145592845226
-8.3827068569085
-6.463373606720557
2.2541429586135733
-8.592145019696357
-8.16470917146732
-1.9628887506922168
-13.318375852421221
-11.35743500202024
-8.299282957971835
-12.8430787183116
-15.13680269697449
-25.94178659155991
-13.696166915324454
-15.17169886870546
-1.8202054772177731
-13.046294168780255
-2.5173580787209
7.523661513521647
13.897948597777011
8.262330310042566
6.219830933474287
-5.108139458922944
-13.844346145489395
-20.027243597671568
-24.22141849513156
-27.588594221646485
-27.97734704283237
-24.533193572339634
-24.216803601005516
-30.693162834854803
-25.820614244498874
-24.477573164242877
-25.418695256967112
-25.12503388779111
-22.314765096102924
-12.526587163535561
-5.058950225700929
-6.947039006065637
-15.945264841619124
-19.1052201988066
-5.2678424060689855
0.4932151520830336
8.351969654228549
-7.722681902461296
-11.132012339496374
-16.775295744468078
6.8991437105809545
11.355175109697795
5.815616907105138
11.119431549397293
