-16.533913265419574
-13.638541412935352
-26.332265058708085
-24.420179565573346
-33.81917197672894
-29.309849819731184
-26.427251898122144
-25.823512015441064
-27.14141745853696
-17.72992559306239
-6.888514918403258
5.58283187877344
1.0352933394564148
1.1674887035019927
0.5591550468510665
-10.93169269431627
-20.164282901560192
-19.50079328579104
-16.534356247112882
-23.316360111202965
-9.546712740769543
-13.968935389889287
-16.441704551111883
-19.59784673899843
-17.998459482364726
-15.747255444513488
-9.07604755030225
-11.30930609476632
-10.776139130110247
-7.953767556150527
-7.878274001186278
4.588735685184504
4.7188548228705125
9.217198978451476
3.701313059908007
-1.9988935588062275
-1.902919524443296
-13.009152222963953
-14.650179249647787
-27.703454767310124
-26.16646002700311
-29.677854932878518
-22.845023328588447
-26.852872592042303
-23.307765232871514
-16.36080135069344
-10.106657339099602
-5.604381434494225
-2.3422674124975185
-0.14658096618258815
5.8551994974577175
9.55698931394634
-1.4946705199456354
-4.852833057562889
-0.3429997810168981
4.913192062509093
-2.361564700150483
-7.982169744973413
-5.949956465222133
-8.345843360432669
-13.873982341912994
-5.895645777524593
-8.012079749845421
-10.085544967730856
-8.303732633752526
-2.4635185211996387
6.601987027928227
-4.7103555187066375
-17.800909210111413
-6.442773450383878
-9.77565897420168
-19.799090573912768
-17.421957012961983
-25.668501663955983
-3.9844686535974536
-11.234885139803165
-19.257104150583626
-12.548683038856378
-5.05303861427147
-0.3622296340294648
-0.19612309382632606
-33.13156386929422
-19.11617299028983
-9.981832938654797
-13.122957307933511
-11.12941842002482
-14.691568226367387
-12.718063507434753
-22.246517682601514
-17.435083926319727
-10.766324093697731
-15.82087213097928
-27.19840230828865
-21.519579490238446
-16.216341556402895
-22.954381978110966
-21.872446600717687
-34.60045306178175
-43.74420899240272
-45.26570014327638
-34.45365914052091
-25.867503647590194
-21.598308550446482
-43.952920065613434
-38.402372250378825
-31.250900547212485
-47.0092006789966
-41.56493162660684
-40.9779132106333
-35.076603489940574
-40.16571922626017
-49.34152340771863
-46.07581212229349
-36.66116510592015
-26.465456802901336
-19.69373560843705
-23.181437246010326
-20.766225049342193
-11.496707943058453
-10.205573762247656
-4.7962529334732995
-2.14278026528265
6.241030984017787
17.596621098810626
-4.7499532969561065
-0.03012884993313262
1.6661577459912764
-5.326366818341952
-7.441831114359138
-3.271064094473905
-5.408431048124479
-8.390194300100438
-3.3663389584438423
1.9827958028775845
-2.1020343244426005
-2.3273436181944462
2.659436702934326
1.0016925350311416
-27.472083379046712
-24.617529780929466
-28.892216236120053
-23.23843920547416
-23.81415074855508
-18.672164907235636
-24.39842976659968
-24.817202581374627
-10.180966048523011
1.1553377632592126
1.8645791237282003
7.8281810968312024
12.647666040392327
12.709603140587411
4.697881363573282
1.458090964056375
-0.8258855716845737
1.3510039061106378
-22.430311965737076
-13.671897107568245
1.243619820854671
-22.97049263610458
-7.4138915497030675
-9.22132314988126
2.3045830092297965
13.916737055988332
5.0104240642039315
-0.6931245125146336
10.113072359265194
-0.2310327088652532
-1.7181524978618783
0.9853201445281096
13.688598486614866
8.067765441825982
0.34156612709272643
-3.938767716728353
-0.42255597727027133
-18.877534873157426
-28.213050635563608
-19.734330008787534
-11.785821578181968
-42.00779999005763
-38.87157390395581
-35.08012669297761
-34.872265851371154
-17.999581788711414
-26.19992266491261
-24.975771298120407
-7.293057155083028
-18.679923756558523
-5.9882457600780095
-4.353775438584739
-7.9427315379673855
-1.902262137609829
5.557125543351215
5.3119996370024465
0.9062170290680344
-0.4376822940791505
-4.138918211517198
-1.8431138522271142
-2.8976920723088933
-0.6634569474321673
-5.956784773581322
5.76845494521021
-5.933583419283716
20.984552035703963
20.47023777697923
14.728565090017035
22.681481636210584
39.532766640413534
27.091524547454352
23.99175667398781
15.388819456929125
7.453164356974707
5.467572169021193
4.498256663593919
0.5683793579638334
-6.8694999569072985
0.09852019428195252
3.9588127476388815
4.5277044909432735
13.541126333414235
