-6.137251818635197
-17.76667999488124
-7.282330470454567
-12.652417038712473
-0.4181586141157153
8.789533649129359
-15.38006569015981
9.676768599374508
10.609713481662553
1.5087269848704663
6.607693590461871
4.975670061483443
-0.1625477048910123
0.2173120303604627
1.0752130429900295
-15.992773471159436
-20.358065664432875
-24.30430465708375
-21.907371257556296
-11.736586960148564
-13.263465792443249
-1.802759765168925
3.9071647606474103
5.565640747503584
0.18594903661920767
-3.266346621216508
3.7071992510296106
-6.783322255792714
1.5517920209707283
-4.7076014728070295
-10.263962325164627
-1.6930211852516786
-0.9113977347811468
-11.856445973673374
-11.833114951555133
-8.9261130651153
-25.883036864289107
-27.000109302747955
-41.36503761111413
-38.360174756472844
-44.81070521242803
-55.15508697489675
-46.24195810974944
-35.740266582920825
-22.940978363441022
-31.756950294591718
-20.62937003859732
-17.234432429220448
-17.654028256734435
-29.729798622687092
-32.907925475787934
-40.96015771815049
-27.206405418495045
-7.379612490400341
-20.22467754534386
-24.464259838751463
-16.310617822056606
-10.77056581254555
-5.566258625666295
6.998406250271692
-5.40899011351391
-8.60647955728076
-2.3228524010580665
-3.4747182665875216
-1.2669806487057655
-13.209913574041007
-3.938127056758564
-9.365863334614128
-11.958907690668635
-9.810437902184496
-15.379289761699667
-10.067176315305208
-1.065606698668586
-8.550688955252992
7.635028192291991
11.040552638479156
-2.011217025288749
6.256320665027799
1.4055820491076352
-18.153945414342154
-9.763888061724597
-14.309649935397802
-15.71412373571942
-25.84896525731401
-29.513708946122808
-27.475434974187888
-30.16594011642168
-20.475907855900047
-31.485219630063305
-29.021541502418305
-22.35820035974447
-27.183997383104053
-28.478185752528272
-33.98186491296421
-45.429013922973176
-46.92729411094685
-41.57723768860288
-39.868359527218
-36.81859034268393
-15.113249353702885
-10.724414565656698
-13.713159019319729
-16.051958778341355
-23.872543720943533
-13.627176657836662
-10.234104834289576
-0.6889214599627591
-20.30026586435703
-16.621976472760736
-7.562096569180528
-2.246359163390483
-9.240871245181696
-17.593819445201078
-10.373317075977218
-16.39241889739542
-19.655848130620452
-17.479410276872727
-26.983264054961452
-25.453439863930136
-21.177071898061133
-21.798474535487703
-20.577543471259123
-23.034720249940566
-22.081043318120923
-24.5935823669066
-25.275105368762453
-19.985159578353425
-29.619766675735498
-33.762975029121556
-26.51759378646895
-35.69262674993168
-9.346100049446651
-17.114593965938347
-12.282847928058374
-14.332027899198275
-10.377355950357805
4.566065879871666
0.036007699737450924
-1.4157535182418812
-2.335126016974994
-12.643489399197376
-15.649498501268289
-11.079075445546477
-9.45834278156268
-17.732613258790515
-11.452820803991976
-3.3766092747892924
-4.2945432706194655
-9.6935982501901
5.534463398830709
-4.7656032163234325
-2.649321318123695
-9.18159906324014
3.491425680728165
6.450898200156562
11.032386676896698
-0.5006987038417811
-8.725506492567405
-21.026220640005207
-14.010200353931856
-8.476452171156419
1.587059267386537
-10.872512697589466
5.035383798416274
10.608423026680224
-12.278281513866096
-34.16873956326447
-25.95340246939802
-19.958530528322306
-16.905379263377185
-1.1718282216981568
-5.770209741737758
1.2231807642093897
-1.2115776746974756
-3.679169388184163
-9.45659352036058
-7.462941071561432
-10.671048381230587
-6.147684600281536
-5.800252003545491
-6.889454019607345
-18.239416327348906
-3.817661019251181
2.6112140360014515
0.4951337227813618
9.030801150382317
-6.8833685911802425
-20.159795087418534
-20.701832835733804
-25.751033624601703
-28.59492548907375
-32.37955477052218
-11.671793776401
-5.6111555261258514
13.438854584372027
-7.838420943071964
-5.643528225036593
-6.974142833000503
-15.538356801531314
