-10.879442847475907
-0.9342663793412521
-3.011896234868608
-8.598928245485606
-13.841857705163909
-13.555924561131814
-4.737913424864101
-5.765556093177273
-3.4562182206577834
-3.690076595370543
-1.461495697690042
7.996202785493952
11.656836783138699
18.240679749273085
-21.251978191565566
-11.795908899999215
-14.598383494591337
-10.466256674656716
-8.887120552630234
-0.7476729816993052
-6.263170385274201
-20.217928952879127
-27.61638165065261
-17.45544575004903
-20.298600242597686
-11.381509398879562
-22.43365870184628
3.50678804825293
-6.888143026838603
2.213912070570538
12.24574618489708
-24.657216327415124
-37.429180762810304
-44.24381417031046
-38.191409832019
-35.97271912094463
-45.013259680919724
-40.72584537001285
-36.90422976168849
-26.516644342195576
-16.848080532589613
-14.739633411455197
-18.051738828180312
-8.775725013409977
-10.14807035282577
-6.400276897906334
-9.038285034432588
-2.8569149440685204
-11.360563829858274
-17.05402157798467
-17.60469923119329
-20.79269113305636
-21.607453515609077
-23.452346231037094
-25.230154573565343
-21.426868174473654
-21.60470009379145
-23.670769215028052
0.3856361111254583
-9.614375196996033
-1.9047682886155501
5.706803711301888
-0.8712406762745907
9.526219783512822
-2.4774141677322885
1.7953680108540253
-14.670758564214935
-22.64015113076335
-11.342758874634852
-13.933223707611866
14.878948312168035
-1.7931029987073206
-0.3856452810765478
4.323221639515526
14.3239089032847
0.6647158868096305
3.199758720757345
-2.2595488381399624
1.2532341584090707
6.3668595973673145
25.771259182183737
13.83105701493273
21.40488071407885
22.983161043132128
16.426391516997853
10.587643825208255
8.260678916546714
-0.4247550231053635
-4.783936331703666
7.5116663288067285
-0.4184415967454026
-0.2607061447263077
-8.775360293443713
-22.25412131116737
-28.208257701862035
-28.886259208477934
-26.158481917710024
-16.6955011931948
-11.355863650358744
-9.657596275747707
1.4042021837865004
-8.233609052475783
-21.32129792679327
1.0596048054268976
21.930476795999017
33.72816823557193
22.454824290733427
-4.290329925671913
3.987599486941898
-0.3482039448905337
-5.2000822380616265
-12.939036159332373
-17.561605561614016
-15.208295890863269
-12.112197158444935
-21.085525824815495
-41.40424585691344
-32.08684891681886
-34.907853041423365
-37.62311287711094
-24.569330087084587
-30.189419484151443
-36.52858801447682
-42.40025416647402
-37.828338926581715
-39.987239205527246
-24.130575333141064
-17.440403185434526
-22.97796711390685
-23.489776625410624
-19.806431994188305
-30.33423013918475
-30.273214285195362
-22.958063350498215
-26.501284803567103
-24.443148572142487
-29.670909932807717
-24.732970004817872
-26.337832669274317
-30.010038817657318
-27.581755882162284
-28.628465415976823
-23.437347937504807
-10.452034492293288
-15.877930825469258
-5.585884773665812
2.398097155277963
-12.045739135930528
-24.629971604601604
-21.024548002729134
-16.65569329426502
-30.5492477147083
-35.09632116495523
-13.838875973310945
-12.500374943810327
-20.98029192189308
-37.89600786038736
-23.94680709930793
-27.31752003693797
-22.596028918422327
-33.90482298809888
-26.174199533534388
-29.979157741279764
-25.79207901829453
-23.39709153833962
-28.587447671197964
-36.55479758986037
-33.989819827945034
13.451130120183734
6.7407049383159565
-5.46350067158018
2.8698719846043343
0.2233810090835881
1.6802937735118078
-7.1178080780970285
-7.092323387152549
15.159506871946792
14.871544968754533
0.620661688580756
18.977093009913105
14.089341141919414
0.22226520970183525
1.49166541244459
-0.026696160830424632
-6.919272927332232
-29.806628783922488
-15.447191063208175
-21.25570200407657
-8.856814233138351
-15.743238094864044
-16.063293868160287
-18.18915297831084
-16.748343106613884
-23.152642368690266
-17.256831904382118
-18.94623089417113
-26.971962816883934
-25.420003859741072
-23.04406345359623
-26.74274630697381
-20.16791462589882
-25.495011219588626
-34.55897034174994
-26.151385135486144
-13.472177263276295
-18.403748394361628
-35.93250485668342
-18.60268298068819
-30.6047651820708
-19.273620271267685
-26.868962576792043
-8.3499852815071
9.552388285272984
-4.632176204239071
-13.924413061445193
-19.246017618620147
-10.344162049728713
-8.997400749203269
-4.09539921614418
-2.4434591990738657
-14.369625479625777
-29.77360387146297
-18.197702777074337
