-7.865589042914058
-27.64096139833241
-26.68862008776403
-13.681482341668275
-9.625438198963344
10.010070651595877
11.616440368340006
14.56998078381272
12.7916987784061
14.690885323190017
19.345415884052187
15.195541577820391
12.928851587634856
24.550090748863067
8.972005793984591
18.99592270993168
10.498056308835269
13.323732054788055
2.4180500595961263
-23.641691495462176
-21.519089738312694
-27.19569938051103
-19.03731920042853
-8.38187183210155
-8.810592837722332
-7.189146620752065
-10.928001348005877
-8.237151368935367
-8.144636223741367
-15.347596415232868
-11.11264718597391
-24.91822258199829
-21.41835911335768
-22.338972855880307
-17.087307186590852
-10.691122389335275
-16.9470349772844
-21.38544028928207
-22.325832249311393
-18.407249070530828
-29.545824216473303
-26.094899621989864
-11.70652809379867
-14.035004132936278
0.6702439879636543
0.4797624718368417
-11.065270554671221
-6.201555484238793
-6.308922873953385
2.3562886544604837
-4.789803173270563
-5.242122946016527
-23.170317317446443
-20.286387852503786
-14.56657940536957
-10.1679024091138
-17.443565457362226
-2.9142615196872352
-0.14119554764297162
0.12763316532477045
-6.673464967576519
-1.8411542994279768
2.9014912753785485
0.8733234537044313
-9.495443575849258
-7.769275484146527
-14.847504586534985
3.432083397250004
-2.1951464620603907
-5.379860503116912
-6.015072069306071
-11.569789050786815
-9.305874883568029
-9.82325775742768
-16.921669383562854
-23.337677474976072
-23.42260570280392
0.8898381876360247
-2.71403858696664
-5.189179334001187
-11.464830546277796
-7.512615646087661
-6.0852928966496185
-9.709676008233203
-6.0906157477560035
0.1995166822610486
-2.051981946600455
7.165382422253715
-3.5156716673537662
6.9103455640048885
-10.127834251453748
-2.739255757537427
2.2142218284936326
9.724414732950006
8.472797398833649
19.005720914423737
7.398709899187584
-0.2489100620567801
7.951632716741163
-0.8571859126808525
-11.573603426644436
-7.0845686152541045
-24.50855399182517
-22.37213032132944
-15.643504705777051
-5.935709553811519
-7.739656004593117
-10.820612828875207
-11.796240176169338
-12.498778833277145
-7.589318195364479
-10.863418895379796
-16.817255653559574
-22.899027213057998
-19.088097594111304
-14.937735723101374
-19.15999814694208
-31.29775252537037
-28.78834280755629
-25.290525751482118
-33.65127233725821
-35.946159653218004
-35.80429650979469
-28.707994240233372
-43.281108772634724
-33.95542261904952
-20.7054521765767
-17.307541051444858
-10.016544191246878
-7.786749528942772
-11.225223039468595
-10.187689568422362
-19.64195761698784
-19.44909009007495
-38.42688222654565
-52.27049701466093
-42.77963843843371
-38.232872352497466
-33.714989628328496
-28.131893897029535
-7.249013389040695
-1.1218302373988824
-10.45959778029432
-0.41812589344664586
-5.107652536667701
-3.0330560674344134
-1.5079859656016528
-0.24007697054717164
5.817872032318452
-4.917210688242463
-6.357261234880659
-14.358075771702357
-11.088960725810525
-9.879964572845823
-10.329510444539892
-19.989909914560585
-11.639302605171164
-1.4846255127660082
5.7753540880490055
1.137244494390394
7.092528178686777
7.765532866124102
12.766232831149859
19.00064914536684
8.122749010120842
-15.06292956725312
-14.273810517767643
-13.965675015026102
-10.916566536802067
-19.23415141819587
-4.213323615854707
-10.655225238049194
-1.4694798072218735
4.780403737022413
12.548693339602305
-3.3174743413617227
-1.4482941612568294
-9.291849469187092
-17.586259596603018
-13.50301534696273
-35.967166449558185
-39.706445719922044
-30.868588245121718
-20.696388480971187
