6.874853170050748
11.806017945082484
12.471227457363716
16.001572925915383
8.241518442926774
21.787850544501072
10.578977678770556
4.705786548067213
9.423230894244933
-5.022593145776793
4.97586841141047
1.3946807031989898
-1.930262426419833
-0.5192633015050705
-0.8852366619007799
-4.828010958142536
-6.141756306006143
-1.961939723095372
-11.856428315491671
-21.45569062524433
-14.165280516771624
-15.157914087338682
-8.21659520346817
-6.574666858733657
-23.57824432976214
-15.433507189938593
-15.671714318074978
-11.891746329771307
-7.673090747233608
-6.37886103112603
-5.469278552949411
-20.39148086892724
-16.839449599914552
-6.615619701282903
-10.517332507085564
-20.92498180441142
-5.4169203944856195
-9.246262287846823
-19.426471735374673
-17.20501444841656
-20.61619844623141
-9.967793642718838
-14.964616606080115
-10.495848763668524
-19.479694162835923
-16.842586575048813
-5.285462794221644
7.305819560978955
0.18411622025317664
-4.173670072664836
3.8736037814071
-5.507852051092891
-12.051229402425427
-12.524106653129456
-3.705646769044447
-10.856081973437583
-10.665858522918294
5.957636500168308
3.6803586975645937
-12.754967223274605
-15.00901773233814
-1.5661579992495451
-11.63158767803098
-3.5732480471389265
-12.252462478203453
-10.982314974636946
-23.01406747668189
-25.329690333169133
-26.407283841888933
-28.709927072524962
-19.560032025214102
-12.811302724067467
-18.996636278124896
-38.262491309315
-31.121452541096286
-37.978043600253756
-26.08327976223933
-20.37719772309791
-23.1118794153026
-26.680557843670893
-33.419276413394144
-26.060142028894703
-21.52640244877305
-19.733865767634736
-16.9503937015675
-8.324716270561732
-2.3160789269345083
-3.4744383240883474
-6.402711928121742
-14.387013385024936
0.8921801974497611
-1.356599442268397
11.130134450056621
-5.635766799705187
8.387490668666661
-3.1966148303791635
-8.913927124380463
-6.355897863860028
4.5751772544894695
3.4232327072368287
-12.820972905961044
-6.230711181492145
-6.1772711952507855
-12.139836901291973
-5.634332285700222
-10.93074430773869
3.888193783229684
-14.070175061510177
-25.992555838283
-24.970464118073593
-13.211209524918822
-18.84763127344819
-6.737287966297238
-1.7499783091740455
-18.7528755802918
-15.967875015617432
-25.892540606245063
-21.443306941356454
-10.990779168749011
10.864623847546618
2.392139368830331
-4.2849843326322565
-6.250803709841043
-3.3702510480234777
12.130007906679873
8.325866073010657
4.481526928782558
-18.006275459823637
-20.555182851700533
-28.661645924892
-20.20588778535043
-6.116171099451875
-2.3894384236835124
-17.105684564419015
-4.423083374137983
-10.285437821961613
-3.3670252679904067
-7.42605360131441
-13.729507647264773
-7.7399302794052325
2.636758325666156
0.7495438578076004
-8.630928337308966
-0.9303677779007667
-6.20226106135115
-19.69658872904259
-24.990304628196146
-21.855328740291466
-32.877653985645196
-37.55311318316525
-32.203868504761104
-25.81348228896191
-20.60290377896661
-35.274875345559785
-42.313582595172456
-43.96870314797696
-38.08782817834719
-39.600732439881966
-15.457800894819096
-24.313340021554595
-15.604739482329345
-13.55685995065324
-20.345601927252424
-21.35233451937114
-28.136663583008666
-25.468636119708748
-16.807537965331548
-19.85944419918602
-16.356818648454926
-21.146188496469435
-12.896822367212213
-17.837827012215765
-38.240173033274225
-28.224601131992106
-19.30418849011156
-20.845573948534685
-24.638886378984605
-30.29653679670526
-35.667911278407814
-41.325203804527824
-26.21335170814601
-25.763328513432842
-36.60127895957485
-37.27990447048357
-22.61633181427761
-36.029480881530866
-38.79651641408717
-35.53853253050829
-21.31726224800603
-21.472822928838955
-41.238320785622456
-30.377129418750247
-4.440249482497965
-13.538644523437073
-6.442282460326254
-7.353822425820992
-12.391803051975346
-6.259821571361206
-3.0271777458800906
-7.854165443944919
-10.080512101044217
-23.581354538809837
-11.432175571744162
-18.70563749668114
-10.208853461020311
-34.40601369328428
-20.7139716017644
-28.87353433322936
-19.457242965046067
-19.65424072700869
-21.069563787104922
-16.686174335700347
-16.358122980455935
-23.93091003052384
-24.83918816422792
-7.815477218383554
-12.004982034817193
-10.653533569203214
-20.21422886249213
-27.092290110047713
-20.236851672036707
-12.741259684228687
-15.366292158226425
-26.463317638821014
-26.134477334479183
-18.621194344836333
-29.77904337486242
-27.81999571411487
-25.79280069932487
-24.67152345059271
-22.78217272931925
-22.570288045789525
-26.72011873333011
-29.100876751085018
-20.801143334643285
-30.610161543496584
-14.4984496546491
-25.705370935161763
-15.562030267672913
-30.106236433002984
-27.394556807312693
-31.346107857352525
9.060967537430352
8.600398677082135
5.261010602794872
0.6385054173352204
3.724344668337768
3.9271525442748674
7.438324800692199
7.613226043094554
6.129073660732112
3.153274636100276
7.8449512146447065
5.858650346309268
1.5996569599574226
0.4506613070327137
4.959239387383159
6.224199887706108
14.099588259443095
10.58652991275232
3.9325303249422032
15.588457076216535
15.880447017932015
11.620530488033335
3.794658863714497
2.2089664577549324
-11.910863462452411
10.755157795238304
19.425265287917412
19.299319297010594
30.6876565009972
-2.3461206824537544
6.732880940593381
22.929734040255603
22.08922903238997
4.23957922521217
14.352678870389294
10.908896112409195
-8.864465735327427
-2.177248845042121
4.415384995004328
4.594692424202492
7.7874269938083955
-4.419781784563209
-13.824988018386733
-9.482961545770443
-17.623205805273386
-8.351050406374291
-11.624534796688645
-17.096410363251028
-21.488339192202982
-19.483447753120803
-15.390561865332035
-18.274936082601105
-25.99635817473955
-15.200914354993019
-12.061456667041304
-12.463516811223435
-13.560958101687751
-13.303675838788777
-5.38387836141993
-4.589197800997064
-9.367014599077216
0.05264349971747207
-10.179499194908457
-5.675763826267834
14.587368499427203
2.9202802796121063
-1.0724953338282
8.142489729339076
18.789348600299398
27.90659721268641
14.595398592382088
13.367818526524696
13.664808799528835
-0.2268154191210264
5.952927841350364
7.034311285277332
7.084415589995366
2.9407411948436915
-1.2524418133112385
-3.7208152014895486
-1.7629141839623563
-1.8060132673004092
8.24203717159739
14.232073936434707
17.00134524590915
13.844301680017786
5.065365958180607
0.5718890490081447
1.1791553911868158
5.6522151729972485
6.563661303134898
10.545936287290788
11.02638591950021
-11.671597995593405
2.3048240811924927
6.2635034009307375
16.506091379510092
12.020285091550102
11.4270184378905
0.9230099520466132
-3.258615324416249
-3.1469164381087924
5.2136975898171
2.71901288686314
22.031015626344782
11.537070261415806
19.17852720160797
12.765256067893347
12.450856330739471
10.770014435526738
0.01568515102931332
1.5797484134257276
-3.8454336895630514
-4.327581950522912
-32.73320661263591
-43.36719745918297
-45.01412260736577
-35.15288388164167
-30.205337784419914
-42.154349249805655
-33.971638679642425
-25.220714702758876
-24.448760989282714
-29.94832105136886
-17.434951456870834
-6.284051273786766
3.2518738451064846
4.613032734414776
5.710345432193017
6.075248689202108
-10.66947284322388
-21.827587377890435
