-7.594561321931316
1.6770803153802811
8.309223787996277
4.538542774624658
18.073007427373327
20.605350501085766
8.542731075213982
-1.9419999709611109
-5.482183367481884
-17.586421093601437
-14.03956400103688
-21.11198852583578
-24.423858311203645
-17.218507299131474
-16.133650301210768
-9.374404579877996
-24.93165634509663
-16.700937533786078
-10.59461896819867
-10.97899468137793
-10.656982145196514
-13.193012660827494
-23.634576688094416
-23.97364644101573
-17.593952319433562
-20.30016158108227
-16.037035705495256
-15.044114497884236
-14.271047202824981
-13.115170508047655
-10.669215601955363
-6.512416926055916
3.3901148058373027
-14.629100661089563
-17.51442247412056
-16.074319806407573
-5.827435094311515
-3.2914270766137985
7.655565405854776
-6.4882843122805465
-9.019249402284164
-3.1544763761831653
-18.482056848210643
-8.331542660379917
-6.11541793634241
-9.344340647096613
-15.522832709526204
-12.082766971579227
-13.715509850639545
-16.039993342066474
-29.193449781028647
-37.28273084475829
-29.781493395763718
-29.230292257482272
-12.754953934448752
-41.92908630787013
-37.40070210672597
-28.191389245773482
-37.73481814733293
-27.445763398151822
-33.73325977882661
-37.902318434181474
-30.06252750110691
-25.79303783562189
-14.805183174845595
-20.832264766007906
-2.4910658212087937
14.363825005040042
1.8046967695924199
4.300665140182059
3.22105871654327
-27.3330144586422
-27.537868270328296
-27.647189255270074
-21.670137131011835
-23.530972742623003
-16.812717147550018
-16.204244946713015
-10.348601286882824
-10.302129511158176
-7.034257648657744
-6.380071906243402
-4.732272640754436
-8.720337244057706
-13.773537233161626
-14.743131506367108
-18.51811764022893
-21.83412393872685
-23.74197503409999
-23.05203558697584
-15.770251909837055
-11.046066858967615
-22.326905317509304
-20.66586457109161
7.677162198560972
13.868797411473935
14.23153376666217
-16.94331302277826
-29.48062884679838
-14.505058727867125
-20.178284304283146
-20.69175678701624
-19.640307591237182
-25.697424052428268
-22.156305954429804
-20.918335475900346
-21.62555152891139
-21.956185309255552
-22.36257137666909
-26.133917989229378
-28.34210310689085
-19.821700982330288
-9.614946471394145
-6.125543966940612
-11.313551972235288
-14.634634073721196
-17.31668568792778
-15.28642404118344
-17.623323426975833
-21.56191846711864
-17.475776122277413
-21.48274485650433
-17.93616784711958
-2.796036905088541
-13.253316142376455
-2.3644126129666803
-2.8806393966696557
0.17862753394391964
-11.380220213846275
-9.125175282155247
-1.8519675909159128
-5.72312296279513
0.011279829007833742
-2.2620805770855674
-3.2317612057178216
-16.294247947651698
-7.691245492404968
-1.7503638334911251
5.5180635502043325
-5.838435335634394
9.417056818064614
6.9291187366963705
-8.319377072900494
-7.670122594911952
-2.9470978089162636
2.301681380992167
3.530508712363322
-1.1819292339000071
-5.274340664896737
-21.67468888607632
-10.430843972671338
-15.576310423631105
-14.083545529138341
-12.376172875982695
-0.8326224408196989
-16.081482492335564
-19.568866431969365
-12.025704881026645
-4.116386792657853
-11.772179649877913
-11.923510988712964
-7.316714146896929
-23.38544250370776
-3.8874938962158967
0.9486919202053176
4.778011949128528
-1.9958313308124496
-9.832617172751414
-10.590141190575274
-12.291836281355396
-12.648589862529313
-10.461462520157898
-20.45191064037038
-21.983652129479022
-17.290064438944444
-9.79250183256474
-11.21610278569758
-18.555202923584336
-10.643599875032233
-11.131702884515526
-24.812100080543658
-25.34298998069189
-21.157267611248
-24.738377129272784
-21.671439992315058
-28.73435679885029
-23.378906015483235
-19.117698556953822
-24.91892130614761
-13.90628782927224
-16.981428654494
-18.797996788723477
-15.846604076891243
-16.833921645005677
-21.708120779763078
-17.272740963422653
-10.413686945028028
-18.69675379554456
-21.432158744490074
-21.020188035216812
-13.945851216475894
-12.692250331632689
-24.38916445591713
-24.883407621231914
-15.168388554865912
-13.567118203906565
-21.065695631950106
-7.3886869189966955
-28.623294499598913
-24.151409732984835
-4.9478041623268565
7.639196795076087
-19.902953222739765
-15.921564439179905
-20.077054421287848
-13.757414673113267
-21.997917868458142
-27.342288108632165
-23.981607292054434
-30.773193144878555
-24.19928540003791
-29.891285285051218
-25.99984779123681
-28.684914638417105
-26.7444751571908
-21.7582412182707
-31.497912506924013
-24.894739840272244
-31.18902009832416
-33.58264805103783
-28.74360709024875
-27.276717709509693
-15.871917036997035
-17.554331630468482
-16.668712604303046
-16.548828371956787
-11.433130689232287
-11.793562056780114
-13.550000226566024
-17.071514451318848
-0.9629602698088694
-13.764575968436954
-14.829229353156329
-19.657687916702173
-11.281118772414613
-11.697629074001055
-13.892810447184882
-5.5685434830067715
1.256439093573971
-2.167068684862569
2.032212027672805
-5.833259787411578
-16.81065454444814
-22.158190476635152
-13.088872259593694
-9.480034328532586
-16.327851602699106
-17.50328694848218
-11.026526837576327
-15.074229911383126
-17.579751105101646
-23.49936456962914
-25.266282808955392
-23.66613574312697
-20.00263364363903
-18.365936457629726
-34.86698720407224
-34.84795057239833
-27.826085568764075
7.248028524448594
-9.69922565672286
-3.8745897470333976
-14.504740988285091
14.98300675600768
2.5826780400504283
-10.047821111431018
-7.190870276929304
-9.333276015439091
-13.986013243579654
-20.044635577397987
-18.578348191795076
-6.999584223775434
-5.432181289423964
-6.8547603188752015
-8.256719022525024
-6.4386889792864
-19.15888808093335
-12.081621274725876
-18.18327389150725
-24.934483030285016
-28.71005311250066
-8.171382450521401
-13.203210705976934
-15.052665075207296
-9.734806266487704
-10.567530072378473
-4.410488706331902
-4.897519980523303
-9.940985786860693
-13.100222126833307
-23.20334036234037
-27.154630431923305
-32.66310843133677
-32.43035194688452
-21.02295191354524
-19.002329986008007
-13.699495950988176
-15.449040740776613
-5.314840981328538
-9.387993199732037
-9.793877614211212
-14.004512119452286
-21.55430017136789
-34.179744263074056
-13.735627134006087
-2.218141239080284
1.0902129970290255
2.0541874972275815
-0.8918814071474103
4.340052062688368
2.73821186907288
-9.733114579338393
-13.830898805722985
-12.170767145522506
-20.74140342218364
-21.38444424007997
-14.47567890614696
-7.1502105710759185
-8.933143670594076
-17.104459468931932
-4.9348779550795125
0.7859073230116179
3.2238482253401965
0.5186970883200758
3.9405503259020382
-0.5457683959599584
-13.02219736220069
-19.044393053950323
-23.857760564247545
-14.64547973519904
-23.11862141751542
-35.813720341616616
-20.682963361976032
-12.876635694183214
-15.585844680281904
-17.001960186887835
-6.323460893241424
-11.602372842483266
-22.69601335603056
-18.102804316998427
-13.687125458691039
