-15.699580452150036
-1.5834727085862252
-19.008811571600088
-18.627136047382127
-22.687763331880845
-27.881366334537997
-19.3454238284197
-30.990083149360927
-25.358987709279795
-15.769517151938677
-22.752051679773608
-15.288794621810073
-26.722132602670435
-18.007781953996503
-18.81949687786251
-28.89650432835506
-18.622049502187483
-18.113340632843137
-12.746959828028702
-9.054138021452703
-17.70606416612322
-7.680174159496429
6.868477324891571
9.364646704657638
10.718302240622485
7.693999519055338
-1.0182439050841603
0.6600235950127022
-2.3350622263249283
-3.6404339303885846
-2.8235097496463974
4.22349763880862
10.215619971863957
22.486241726475182
26.69721461468216
19.343114489089192
-9.142820569678387
-16.308385384269382
-13.258769785566239
-0.33121433572174674
-5.050392637013917
-7.323514060568577
-10.257680804262057
-13.403967445171965
-21.6896523182841
-28.333094369168442
-20.989223700478593
-19.538395987425307
-22.26435256627974
-17.446137796923722
-15.120280171180436
-4.403956370128143
-3.9758017470075617
-12.094738884521835
-10.576068834160498
-14.045799096167018
-4.445558145275213
-10.459000912395384
-16.20128493549926
-14.858051644235225
-24.04891451080364
-16.6903600924207
-14.578023930444227
-5.93758818139508
-14.92122237210136
-9.92813288074071
-14.84789114287689
-3.1216907970574908
-1.7140290085505938
2.349494651045704
-8.526787332663744
-9.133699992510186
9.834779101351383
-2.579189417993248
11.277379710068011
5.240252326656866
-3.2469491034759432
-12.487579320684153
-13.677149512522922
-14.58978263140353
-15.877674092282753
-11.74370037157639
-5.053336449712469
-5.981266087156329
-6.962369158888945
-9.411212936469001
-9.408203203225456
-16.787705546679042
-16.079765633300134
-14.23376199702944
-21.566102443678826
-32.107462215726756
-29.696633619782084
-24.024668998661717
-15.649801025395494
-13.962231801454994
-14.528126964711712
-20.58454399136989
-19.397475358050283
-10.464058893246923
-8.128724275296287
-16.12545315236061
-15.088152427975825
-14.895454844031663
0.4261637490438305
-0.4269653107130328
-2.264344656369072
-15.699554430375862
-10.893434885479476
-9.779364478915568
-19.532446710468346
-20.03019938273249
-5.921679161156466
13.886236456647856
3.3952212531762127
-5.269669038794162
-7.98328521813199
-9.44383498713418
-24.896416681100675
-2.8430396074052715
-20.213378988045246
-20.25457350141636
-20.581406762577487
-27.267175659678898
-26.701867154420523
-29.443401936327096
-31.25844014355425
-24.66108461084788
-21.723961757291885
-20.617262413745216
-15.79912537065906
-7.829180323725277
-17.301066451865935
-28.65799068360949
-19.543975443727934
-14.52910315565336
-10.345686178263428
-21.49543459977222
-28.414340050267572
-19.405361227496666
-13.724973967491485
-7.935921205158711
-10.855270546248498
-5.660840569265213
-12.339096227105633
-12.395693723142516
-8.853682472886183
-7.288729712685286
-22.20668975467622
