-12.941238988317876
-21.416887859256338
-10.82455029972111
-3.4555352069682215
1.9630885756822016
-2.286083126077933
-11.195646532305656
-13.894963786364212
-12.786884378963974
-7.459353229735439
-8.6249358817039
-0.16858044437502145
10.92797299733046
5.142637756104072
-0.9196193210678256
-2.5671662170092864
-27.679319214058445
-32.41931170431882
-22.96339215806573
-40.52179435913847
-46.83980979581807
-41.373010852463395
-25.36410024194819
-16.25477641467218
-35.98438983139295
-23.1188081564633
-19.08287983238429
-16.384272258893358
-8.59748130044946
0.89600713670882
4.7053832123955965
10.104576345965613
2.511528638362148
-4.534603010470302
-10.103006924705532
3.1100588080889016
4.128711018765048
9.980499828986671
11.755496597538636
14.863117921866285
-9.53558674229494
-6.607502626341031
-9.455118944618036
-5.9039253400379685
-15.065022375249214
-18.656308061751517
-22.898831447264577
-21.923617575297843
-20.783334394818898
-25.639308338367996
-24.176495877127024
-14.254172230733724
-15.258174457783106
-12.594632066899846
-7.870565428994813
-6.295555355540942
2.278821852297216
3.260555769963623
5.840513789150487
-9.718972950030306
-3.565210848154825
-13.861578026074874
-11.670241978132296
-14.90525279523738
-12.959521763172484
-7.537055206998818
-2.7236047521274176
-15.918865649467467
-29.07129462929584
-22.569840940231305
-23.0398938229476
-25.98541601210516
-35.683854429854975
-17.555821425573345
0.04590143984079266
-6.787655288852255
-5.805848554110308
-11.43064164052568
-3.739613939977146
12.572442756648245
-0.1524829147285733
-23.825360063034505
-23.098314177283637
-27.587594432470823
-26.91815301099484
-27.63026505520057
-27.93102753954001
-8.819064351913662
-25.80746717434007
-13.86739141028243
3.1543124141163728
-14.975270090813554
-12.273139288434615
-10.763884442747905
-15.158839518671813
-7.215292445586019
-25.177077313958854
-20.12282308518528
-16.41234195269922
-14.768824627748248
-17.098107155258038
-17.195257813851804
-19.542960087157685
-15.150977466950007
-7.277674197720863
-5.236642301509969
-2.2761368027767053
-2.1831987890836686
-9.116842555382648
-1.6285132858390938
-2.9541721592809687
-1.8281342873564699
-6.500196082943864
-8.102972006168873
-7.444057315130348
-13.131609925400387
-15.803436067451846
-12.641057851181133
-15.100542423853927
-17.656905377383314
-16.625553122947085
-16.192042353758016
-29.99803970059603
-35.62056679817039
-26.22165081978066
-14.914598638794189
-26.784087905381732
-4.795730131737198
0.4174690060425366
4.376012714418973
1.528025325367684
-26.64094443829688
-49.360333442207136
-40.11970859943405
-27.161061301604107
-45.10466699008147
-32.11377213171196
-24.8794438219348
-14.423409440959404
-9.498893083988674
-12.184309265519607
-2.2549258115211566
3.3697016311209347
-13.086213591793568
-25.58746188544427
-19.949063963498546
-17.01356533094676
-26.17445973063735
-24.87037969042655
-15.600753463956462
-11.204223803368054
-1.452385103549224
-12.198458299610207
-14.443126905364391
-27.541929743171888
-29.050255689436327
-20.553549103635163
9.923375698646536
20.29820774184385
7.89657349120919
5.1079338519592445
6.816977287880277
8.368041511163455
16.801636463626544
37.01605975964418
18.47267304443537
17.620300154517356
11.469057535792498
32.800379362402076
30.246037363426343
-3.7334492145619738
2.0950344526820466
-13.970557504663804
0.8755060560546613
-10.847385431706138
3.941097148701424
-2.7239305948018377
-13.6261264971425
-25.40400082920705
-19.08179735436805
-4.306405137439973
-1.2450066152463757
-2.4468853751212145
-3.673674338864935
1.3214334921141857
-7.19400512660197
-9.268165762806602
-11.60396852783638
-37.255938101750154
-54.7770960601551
-30.59935067940988
-35.153476370562224
-46.68542291918256
-37.21702950253643
-52.92673047624384
-35.714365364797736
-25.905616271726984
-12.78068478174391
-1.9280633484505427
0.5790092429991297
0.7779276364957519
0.15044462300252426
-1.5871522202353818
-1.7420177329916349
-16.457067432537123
-23.338539649126307
-29.94720271352697
-20.890530200217608
0.6629021655998438
-0.9401523878830076
-12.217836768198767
-15.941530588312965
7.968729982682293
-6.815895816716865
-22.623191835348663
-22.973932718991122
-3.3326035850837226
9.89623382768642
26.79822389912103
26.365711845390237
19.74590982834421
7.851519398597301
-15.630285488677874
-17.53066582771704
-18.25934052558587
-25.038960159983016
-42.35376202194061
-45.5483687098565
-41.38016799807652
-31.842575937981763
-31.6558615653304
-20.45740665371904
-33.17787393408578
-34.18610716863211
-32.626694268002915
-27.51132522581504
-17.232781534098745
-13.917183826602594
-23.71949991761896
-28.33656610890334
-15.416819393493988
4.292086477539454
0.4391547354279601
2.2342349261969274
-27.953065464166407
-40.317798707338454
-41.92311878817829
-40.25958767121232
-29.595395564955677
-39.299699331993644
-35.968605162804046
-35.34972746430018
-23.84923042643218
-26.888190150545704
-44.36418223387285
-48.61739178123742
-30.18827145528364
-7.575506138211867
8.609473574053885
10.022701213272406
4.312344131037346
24.830450674970326
3.1923698097782163
-1.2584403476157464
11.95908597517565
8.365292865059661
20.843969523050912
27.074731290635533
13.188985024187618
12.55227239226625
-11.2131762574421
-4.353860263564363
2.167297448342393
-2.9784978997588327
-5.13268862843162
3.3821402559456084
14.722801355123778
9.90293047914901
14.495762157667148
8.374573414206878
22.608636136072132
7.3219947263699
5.562934706562793
6.078334447371079
-2.594294362572246
1.110819519559355
4.497741075632483
22.50920430184145
9.045561318598214
4.742477139053639
4.755345284571676
34.385205396831196
39.29298153581646
49.27130951167061
28.505756902256397
46.63849254685593
47.95371402357002
32.16757649204019
4.567368679457153
11.958544465157663
7.348222581938379
-3.7193672758268943
-2.8320338568384478
-10.434552528470784
-9.20381462193632
-20.787622381363338
-48.561491751033934
-45.73834119756342
-40.07578042931236
-48.245391140207204
-43.0611837003401
-41.734523812208906
-20.667475237948896
-24.18722234330709
-1.2367884100931132
-13.37598993586071
-12.690332907363448
-19.25559637967889
-21.132131622469014
-6.901301889978738
-8.196501506753389
-27.701975042397144
-19.482336368222327
-5.584811611612228
-1.5556229907934993
-6.758680661590228
3.819342033054711
13.199243129657726
5.470471896784406
7.299779191700964
7.370211091205412
9.575897499061162
14.183426387490822
2.155716589842252
6.391202219320233
10.803701578186441
19.41012798679556
1.5704566645999605
-12.410838059873981
-9.539316252155828
-1.5598243019628308
-6.8824411815687565
2.5201772688987103
1.6907474604780806
14.710886936409375
8.985076923225813
10.369297510424417
8.237602801808407
0.6994372909447057
6.389113518768985
4.107645790645142
6.6641984824977945
6.226437973214687
-1.8850210258895492
30.62962287644505
15.583786309592616
6.897844215772282
7.062715374515668
5.416862856242589
13.573742995999824
2.690586574458452
3.988273005249701
13.124354280350287
