-2.3013216191126533
-5.050829535298356
-10.72410867988752
-16.741630614503315
-22.692352049832774
-31.95212092195282
-28.45608938745853
-24.58291842069105
-19.39905585659185
-18.982344680098468
-23.549458748470887
-31.524263130226444
-36.53334934120782
-45.64343119035037
-57.713783931424686
-48.49152142687757
-41.4234186225233
-33.36623710691236
-8.223462152498822
-10.08757221941938
-9.520522971389251
-6.271003121126162
-11.1920989685646
-25.52516237569534
-29.261116260590445
-36.0795312811377
-47.62706684322304
-42.45530325928822
-38.64990261237236
-17.94309263004887
-20.34211479270084
-11.83495401996026
-12.225905786329374
-13.9886215988047
-8.520372368982878
1.691113258553613
3.3801169983381394
3.3239851679045755
-6.9252270489888375
-12.790295265615145
-13.872642845357216
-19.5710065562124
-14.822699907692169
-18.751195089309352
-17.63705188821914
-13.77848706744035
-7.754636802069414
-19.48213288558581
-14.24272567334678
-9.326511244990158
-16.06145700090179
-2.5702373386626927
-0.9201695440169764
-5.285402813814977
-10.083660091602137
8.235955759188672
6.721773481357099
-4.713021824027156
-10.297916657539641
-2.671339891673769
-28.415816096475254
-30.714446804273624
-19.903309732643205
-11.35462813518831
-15.523213480534409
-18.241140803904823
-15.920743530601756
-7.410580109193742
-6.355014493047562
-28.820064190023622
-27.624593065108943
-14.139473704516053
-10.688929100966376
-19.912973646552924
-37.99589908194193
-33.127344797506396
-40.54577264107996
-44.45006701318609
-31.180486094112712
-27.93484722544961
-29.95242478354936
-31.640293027124844
-35.79792211141533
-35.770718581385005
-29.950867912704023
-39.00682165378304
-42.1188098380897
-32.99271829848293
-23.51836859546227
-22.59039108538217
-22.508936409542738
-23.521426921108645
-21.625991819249588
-17.61444483423994
-31.37963151510262
-20.058956493731305
-9.651087432050463
-16.429002182583066
