-23.48165741065495
-27.032826001143924
-30.128782972684693
-18.91557911854925
-19.58657161603892
-9.336563317572471
-5.583829049523864
0.8732452181672093
5.879135527702676
7.815355713276652
4.67473608107728
11.437975414741944
10.349776636736706
1.4625178288460734
-2.0742845102099268
6.780351876667643
-15.337032927435894
-15.08281301015069
-10.466744208356078
-3.1399232549922083
-0.8112983160926486
6.948617129148791
-9.8742797455072
-6.3934912504093875
1.8735410347276429
12.233655054262938
21.034945102007967
12.776295202575474
9.814748610995464
9.683848435542536
10.483725475355977
14.265706154042947
-4.771905553801772
17.949120794017727
6.9468302276764335
5.455352860682533
3.7348832825639744
3.5093021304759984
1.4744105861201384
-4.794186082187345
-2.1162670510242174
-1.3552645806223298
-4.8247924321294136
-2.4423778684048867
-4.515679733692669
-11.556731075417588
-8.713664524181013
-4.188153600081426
-11.094052243749044
-19.4296415370856
-16.21878679848291
-17.03847932727516
-14.938597976067285
-19.06141056918761
-20.96648524485803
-25.885636238825807
-35.5903274095825
-12.444459469830875
-8.104711812321755
10.49414487394833
-3.6721187812829066
10.669373204226495
3.749468727856749
9.031770670886806
-8.201637762947264
-14.355036953870792
-15.17478350289378
-3.4771427645124717
-11.520487495339086
-30.066508477185103
-20.430086713786707
-17.22012377671385
-21.267732664510973
-34.76926271551898
-40.44117805194431
-48.28765724737336
-53.866563543476886
-38.10224727384946
-33.69297035043461
-37.19250575600369
-31.4498953012368
-38.449112700564726
-32.518465911605084
-26.268082960960932
-16.769411539159893
-18.52845094225388
-11.526178490256171
-14.948877374738188
-7.381141958102523
-14.59898365507259
-11.559955263421696
-31.680682995673642
-10.211391283354788
-14.206424340889379
-16.91380930122864
-7.850865021908021
-10.281430775482916
2.736880276357696
-13.698275428577393
1.2952485369147329
-11.288379017692675
-4.4315247067900145
-21.310642252567874
-25.64259088695617
-27.398414959493877
-23.835135257386387
-22.506956503837596
-47.64050164263678
-33.048506553057926
-8.712043286959785
-11.615385505003731
-10.671494200784412
-14.899384578712912
-2.0509328782441028
0.3042867813168915
-3.3965210845507534
-10.342656849752665
-19.860313952632755
-10.958699219437346
-13.051175426742967
-15.089780991660733
-27.91234985712433
-27.230492011287648
-27.66840484131754
-20.510203692755734
-1.8452634704470643
-2.3548390794073457
-2.1660988603109077
-10.854278811356263
-3.654093076599478
-1.1799462529986011
2.4584841393021697
5.370437309945955
6.430583627079798
3.980187865048655
10.848212545176553
18.958587700134927
1.468776195939376
24.01411377732999
26.08173621602865
15.145375589460174
10.619644197014107
15.754779912989815
24.770066018511272
15.526742067720098
19.462579286282214
13.412410248437936
15.870083545098787
17.32945084408329
6.887103749250875
19.477070397845786
14.495253817983306
-0.5086849817415099
-7.834271472199397
-7.153997844267275
-9.465243409386211
-7.241248287071063
-5.288836595346214
-7.603681395652168
-9.943764458317624
-15.044635288771396
-20.8892060583073
-13.153900846191751
-21.19022183673126
-19.679880070024968
-34.267498551300264
-30.70009351959069
-34.65833037673788
-35.12341729092648
-9.620891052363165
-1.3135248030011262
-5.446094136233723
1.9298464163222342
4.7720172208670135
-11.740888516867194
8.677493005563651
5.831367900752388
0.7006313057052119
-15.749989389623284
-13.993865275663676
-18.210163004920197
-7.724324038453019
-20.44764788346441
-23.383757281355273
-26.43160303849474
-26.853288325143666
-36.83844415159635
-23.64867457954865
-27.586487234153925
-33.05293808465292
-23.8531585237565
-39.96302587422114
-38.573955945403156
-28.86566212771807
-21.202428649019044
-19.779738092337283
-43.8524966660526
-37.32972584402239
-36.69575367574853
-34.541342661475674
-24.884854495461546
-22.884532437994796
-41.46811785604019
-34.65978800401215
-27.720734852942254
-40.831153244012754
-31.331883678843298
-49.40830262044538
-33.56766642641853
-24.295206210947395
-34.08209443631447
-38.772038191232454
-20.646935577237766
-30.337109354618587
-13.282610881692426
-10.520728631395864
-0.104109042518538
-2.6493426262130715
-1.8894663374841192
6.371299756810986
19.548786875509354
15.846100332502562
-1.8480018637675324
10.456876517064234
12.123865930586085
12.178074981215492
15.07902875212088
18.07406761143986
9.8104740366685
1.7731949011509365
4.927435057767281
-15.561531000855132
-16.278835092212635
-15.112749099350355
-22.083535210109343
-15.479529690027965
-17.27709740235914
-9.198357530580717
-17.213462700269268
-19.35037083080627
-20.11181296262874
-24.493129705823197
-18.651045854084007
-15.124195675342168
-10.66409068246653
-1.7945321994978436
-4.9637607732796285
-0.6989381470232955
-4.600865655275288
-10.020215985532095
-17.941428764383513
-8.829365368610821
-10.20186597325103
-2.0135711852584
-7.130751223009272
-9.29062471309284
-3.2763502724918063
-10.994888585709065
-1.2617037193368394
-4.510891588040772
-2.206698657462113
-6.484824270655611
-14.346753261650784
-15.654529196833543
-13.727568114247587
-18.098587569587288
-8.606863789697936
-14.804748180067115
-6.19648270267143
-2.9401908036932927
7.539442543094263
-10.543466345970227
-13.857296693161421
-18.786579553415887
-14.295656463125985
-8.216292944981035
-11.257271090605595
-17.967612603936203
-1.8599335621391837
1.4638901565703706
10.913384180022875
4.035640271401177
-5.493461428512665
-8.373625893886649
-6.206307304389139
-13.184853466952456
-10.50811251119263
-13.450387454521124
-9.522181010916313
-5.156515366946994
-5.965610240722879
-12.634033267352626
-14.269416287588156
-12.37158217680109
-8.134341427198073
-14.3326688781734
-19.47021534255693
-12.990107629881045
-11.777747042008023
-0.11282313118806082
-17.43580458390191
-14.283484494098266
-1.9863377307329364
-6.634953248009581
-3.208524420787542
10.130804387060683
11.540176218831053
1.912677510523843
5.539942543395924
5.376335827213379
6.447531279814467
9.312327790172064
14.449151465253664
19.65259947915132
12.616468427730306
21.91636259626892
17.371066506653936
13.419746347283333
4.530971906540968
6.4113492400557
0.4774005973936497
-0.7344769683089866
-7.0668872916713115
-4.6557616751935935
1.9236765327949161
4.072439701288924
1.4828950491672948
3.29989981642932
2.8272271147888643
-2.0481984556609216
-3.9672765959431
1.5166415604894234
1.011450494374819
5.721651833582749
7.421198997738543
5.07722923970922
3.6387744377667968
16.16360017151666
9.179354990682725
-2.090341527066034
0.8309411971383933
8.772932286426242
12.234477202826572
9.858028659263892
-1.7664130077740903
-1.7527902574868748
8.572760715729263
18.506695927170533
21.404100752667762
1.5110496723324158
4.914510110404271
3.7741453096824102
25.476908106188887
12.628314084118376
6.007697739499352
9.415402385528632
18.563577542748046
8.736780300632491
2.5849407252061383
-0.5158820558922987
5.856623666943048
-8.915647258035222
-20.514876482221247
-22.91421681061177
-14.60634186008806
-11.536148966687785
-18.342619891444638
-11.263965214704502
-5.211468987531509
-22.46413651341588
-45.37750254886589
-36.3340312752667
-13.237156948320004
-23.646921249082627
-27.586275888848753
-45.82681287558543
-34.446124966531464
-41.78576948916117
-35.01905301075565
-23.90497408979013
-23.611919818474213
-22.76740326301625
-28.00532563764793
-20.226515391857653
-27.82522713859919
-31.346932021500965
