-8.994795674973716
-13.721905273787662
-6.481560703502768
-6.939763542822408
-5.543376309157707
9.407550666286337
11.723339598636407
7.195888434691054
17.42392768344027
0.6968133682768688
-1.5099145444016404
1.4506662842046198
5.641778187489375
6.208169350733208
12.67507921096664
19.436391409984967
24.638846895384088
11.559466686620114
13.352961757577212
9.382000710380751
6.54846151087245
22.9568847668651
8.922573306743766
6.730162499163164
8.466819136359147
7.622470223603147
5.399688911883263
-11.209926606500106
-12.427829045744884
-9.39638240191494
-21.683975575694333
-23.956027094314685
-27.26610627794477
-31.482879933216186
-28.816962185349965
-38.08635495211144
-27.074425507801067
-27.034269400283574
-35.39024734927526
-39.19166620725157
-39.70804651241692
-36.444191871473244
-43.45042819930977
-53.08645547148959
-32.175910110746344
-33.73754568466527
-46.33262717035375
-63.03988729423681
-68.45376989261722
-38.00484389094603
-19.495942859464904
-16.03207153013494
-17.121158622687435
-5.350176949566881
-4.008286643571409
-4.635081891345954
-5.471243785847291
0.9422383948078914
5.2149371743923965
9.15568867739943
1.5232173011131531
-2.3305880006492443
1.9898113878546897
7.9090808522700815
3.034086862330853
-5.186924455140824
12.251670858325033
11.18188801961215
9.973209049967304
9.01402566130319
17.686819535875088
5.372834145812968
6.5098316888231205
-2.326323115661484
-9.13596338872448
-5.357429763016404
-7.735045258094287
3.0893419006847997
2.4294916855443343
2.0296938331643184
0.016515817319425526
12.977040008219015
8.227949470551966
6.140114945576
1.8237969632275413
0.22899189790894045
-13.024943162334518
-0.43355021608996586
1.8663799001635517
-0.5849735100981369
-4.805698656562168
2.406018858554055
17.111394890831782
20.044974048043887
14.833872133614518
12.205503230764206
10.663629466389898
2.063355243785069
9.08886244825442
3.575844309556546
16.954145027661205
17.132285865410964
12.466164816687042
13.055955269736787
4.384997174505388
8.456065310185362
