21.508000325193148
15.666279433310974
-2.7143584853205427
-6.022596117423787
-2.6589171591786926
-24.70950503681036
-24.823692445803317
-16.05051560688296
-16.10483241812383
-11.176008604829416
-15.07665284421881
-10.32798880152193
-17.502123782667628
-11.190204427867082
-5.396123262822673
-14.08060856277611
-26.29591244696991
-35.261762898618976
-37.17286049004142
-32.149467504769994
-9.440071757396204
-2.3008083348835013
-11.352695763244315
4.2108584710882475
7.922343823321227
-12.494413596678191
-10.13113248027132
-1.34485196320094
-2.136518663380975
0.5338999738612887
0.6461958965006088
-2.8165039785713466
8.049145006404018
-1.8976561187055587
2.185422499154301
3.3249635817344534
-7.981126738824087
-15.488766723535099
-31.38215138944419
-27.944956796329002
-20.492436075219217
-18.744618896576103
-25.229567716656923
-13.9980575606655
-13.52673251959098
-15.248440374137123
-14.868348786910007
-10.44522528306001
-8.046805647542572
-3.756832361449096
-12.201896743409131
-1.7211327705130204
-2.8864673467389177
-15.448010684991525
-14.715850162163164
-18.161609495198068
-1.5937916704438009
-1.7501371053059105
5.967682569758995
5.726673730450706
-9.72260433454016
-11.131074225654464
-6.495046251613482
-10.625518914574146
-5.143922866867935
-2.9192753844998505
1.9271282494951651
-4.0867319280233945
-4.849360210099304
-5.276507079536072
-1.5624316319927254
-17.899158857842416
-12.254084073239506
-16.034039513529002
-19.318979082260352
-11.83482680442082
-7.088163572029687
-9.600744209370047
-10.453452081797478
-12.442602576435188
-5.6294477691970375
-20.014953929925245
-25.127627676704893
-19.001520080143848
-22.724105309625763
-19.802343940941263
-16.570636603365816
-8.236656394332368
-8.875050159269508
-9.25077473341135
-7.824558721571436
-14.54573061792836
-16.935721088204453
-8.400109772691605
-11.017209038395537
-2.6537476485989364
-6.449434479017812
-5.504294420385821
-15.425797090686324
-27.298924413235106
-28.38649363578156
-25.68107756182147
-18.68721374562937
-17.296179740361882
-17.826754767759788
-9.874789102163342
-15.14412308012946
-20.097810760551894
-18.27127520495921
-3.53999285777396
-2.9793648703968527
11.621016713843465
13.200033068639204
13.630367889470325
3.671274664444313
10.275823793985412
9.115611807503702
15.60693162721218
16.572617866453875
15.607269785858335
23.083690697871738
14.344820153911964
27.03969866750304
26.54529514414039
32.67601532489314
32.65741212172956
21.685314718142624
17.707810515883953
23.277427177227853
31.021516881295934
23.575006284892602
21.927827803902478
1.9479070279079969
5.814699776505603
-4.864099181858349
-7.981904907024371
4.1709153092496765
-13.144087748027365
-10.045930333210187
-1.7528048786510115
-11.547856360812222
-15.666308631246475
-8.825880642055125
-8.681015357223949
-12.859911338817954
-13.591002208761154
-19.283912146623248
-16.524413867640686
-5.9094531021566805
-11.753710448294814
-5.103491280978795
-3.81880544674044
5.891551778372661
7.477623209827096
4.639769611175201
2.993312241811826
4.696354315847543
-8.632912966146863
1.5701286833520731
-9.785503201341278
-11.330532671727314
-3.6044328282736404
-6.826846465344714
-14.542041695402784
-4.382785575108087
-23.109838864918462
-17.15230157011758
-10.982732849726773
-12.404032706073457
-16.8524363227177
-20.52554596252644
-9.368459242696188
1.4352668279028948
2.027992533871487
23.799169660073492
26.63644456601301
18.499656222001036
32.48159311546716
30.927881842062146
17.723472037037453
18.289860580410487
26.69639735007764
12.853471416331544
8.554637364021492
5.839344691825472
13.038461132794707
8.947255344822528
6.214960930935151
-3.4531670475064553
4.738537260475177
-4.572869282368641
-8.46379634485573
-1.1713219596008322
2.297167775657662
10.028034511913136
11.85519467483408
-1.6353595952056792
-0.8368931169496876
4.111509567966337
-3.332328491515632
7.5973970399673
-2.6565003648431187
-3.8243165876912015
-5.206560169863521
-2.437594152851989
1.0419339280221656
-8.264311112947565
-5.606774026999399
-12.634669539258699
-8.181478853439328
-2.3351346816467067
-0.9947373780057386
-6.9169269143416265
0.42801255021744494
6.708864285464518
-1.5514448089719817
-8.360518218382962
-7.992828684959611
-2.575422710528825
-1.2329161868513685
17.172450718195915
3.7691486425066336
0.2585293705884386
-0.6054173448033636
0.7699590980998068
0.19345589628014254
1.9061708833547624
-1.6485938882558886
2.090381926646608
-2.6308946586865005
-4.1980171178504335
-10.077004591861105
-9.128000516312063
-12.359550722406215
-24.5620587423168
-23.36412880287141
-18.595507039899818
-13.80097584995386
-9.782583686012483
-16.466105930508142
-21.317965003736607
-7.425094312313548
-3.3824159558489235
-10.441537919409752
-3.5999092502698358
-0.7524488355178428
-8.201614647860676
-4.249759668278946
1.5036413460233928
-1.4849288444530178
4.308818471660594
7.5040013827511105
-0.3285398205242497
-16.093776561278947
-16.5871729467523
-11.929696758647545
-3.316707297741518
-12.404215705628454
-6.4807020170264575
-18.84567015214234
-21.583240369189173
-5.751145003332795
-16.798263345980324
-18.72585416751595
-14.755756195564778
-9.243971402240572
