-19.215693817901734
-21.352882619311725
-12.093700642999062
-11.07595792659251
-6.892262511324758
-16.9878691037115
-24.66380501209632
-27.708912126871795
-20.099937566051555
-12.406043719273539
1.4435760863028717
-14.737798158569019
-18.946925952551673
-4.311129518723895
-2.4903954649925657
-7.426464819465371
-7.781134261509495
-6.952951444357552
-0.7464887445315719
-0.4284690274624999
-10.289631805749023
-18.060011145647973
-8.6396088394559
-4.620377321539112
-3.596434111772989
-2.360269276633717
-3.200427201935625
-2.57306755006625
-5.520578853878441
-2.769281575730399
-11.414715781465185
-7.829577248729278
-1.5892917285332635
-10.09698123144638
-9.995460942211642
-8.606853735806915
-6.441464580775268
-4.428751803568325
-17.78668070215197
-24.775030324140893
-26.474183047026788
-22.710155709378423
-22.002467271071158
-16.900204690259837
-13.921777193556554
-7.0078724394674685
-17.066472676737636
-13.235565489047813
-7.462614844754926
-16.48524426722236
-31.831498918568506
-26.651467921283544
-30.355884515590052
-22.44852037615611
-20.120287805483297
-18.054315463738565
-26.40090576605221
-16.614447505566385
-37.29424207356493
-41.38347290752697
-48.08544659192194
-39.71975601184264
-46.25385746877461
-41.45062850763981
-34.04996738563192
-35.2697657025268
-27.72442246036595
-40.95575561756263
-39.43222441445484
-27.48002142901979
-15.596500109814114
-7.376033576191253
-11.722416621972096
1.0805563715776405
12.518414209266775
18.5071835106029
-2.0833236779052675
1.8985973616398355
-2.995235343311543
-3.367373221950986
-9.664751310005453
-6.6044270254599855
-8.625346955539108
-10.083459861440076
-12.72844437412111
-14.822942769874071
-8.40250727994991
6.101478402663933
10.078987690907326
22.472614811484746
24.79276592085024
7.435546928488687
21.595161851576066
12.142328679586484
7.193780285436751
5.489884509929925
-3.332759876880641
1.427117695639291
-0.3255388166345425
-21.177676921191708
-8.708211788640487
-8.744399877757768
-4.560251983343532
-0.31132387213287144
-8.613865992902229
5.275885721955452
3.5522279640600094
0.4263992159734691
27.59852233018394
29.729943617635694
27.407402468029996
25.6285220784354
11.290403623685762
13.326798544258144
9.143073762466264
6.378825642699497
6.2746598393347615
2.9682085088651657
1.005305389024841
0.6612187905014897
-4.469994200197272
-8.142044230149589
-11.115682321042293
-14.447721345145336
-2.21693971240794
-25.3664811516121
-10.80543032359407
-10.792364846900568
-9.124729200780195
-7.923955865266034
-2.8623121208788427
10.768255522630463
0.3841918736908787
10.573106862900099
6.213568559308982
12.338952493887708
3.788276090927172
18.09119980442272
6.7762466047592245
21.200077197671124
20.630396681596466
40.0860942959519
31.337459024880747
9.959806941795648
12.024680302174636
16.06639838992714
7.411425422501782
12.37302399881183
4.631442227241774
-3.7746103753836753
-9.463642643493381
-3.873337018791569
-4.021417966462845
7.9420143184782015
4.787534252024903
-8.060042804501993
0.05657425651441635
-1.3254616258472516
0.528918583631488
3.8965440915352274
0.8105245968835907
3.732390085016633
-5.906537942785718
-1.3483724120344172
9.18665666163043
-13.447837077534098
-4.376709034665831
-7.506611828573183
-10.083851688854152
-4.375457667365727
6.004065844810607
5.1985529674919615
-13.562143695512006
1.6427876584920913
11.216865686616607
2.2294599317711072
-7.213450963663975
-6.364352220753035
-8.501873156953897
2.4627086984630813
9.344528335404457
8.823075866902421
11.987913380538142
7.926508476221964
5.334423770810915
16.136645365842806
14.681037785428872
11.89277568169794
15.377385462013025
0.9098070245398392
-14.496438763835455
