15.085042141826394
20.535726175325397
-2.171583768382472
-18.78091577514155
-10.260838298262822
-0.4082547494303185
-2.5556930662271635
-14.595991598510409
-10.991598992392085
-2.131176078790939
-10.870482125956205
-21.506436142051328
-34.966766412821954
-22.63847743704985
-32.71023117757903
-30.9184054495114
-29.20608512352172
-19.42797283427174
-28.032008371307782
-13.733458693883154
-17.50574104649149
-15.378974746098194
-13.95790052936434
-17.900527463753303
-17.843045650804285
-19.52548986049115
-9.019581111829323
-19.95882555713306
-4.937553752423447
-28.054011687843445
-12.814784069458554
-12.888277049378214
-6.345881672671123
-7.268193255962183
-12.050794046358746
-14.176358593038072
-2.6243209844230417
-0.205006110985826
3.1796058854366165
-6.2028065231966165
10.67285881427852
-25.679292065771712
-32.24375941950104
-41.011191655605415
-28.748707564438572
-16.606933746703447
-21.124848417947977
-20.14463508257859
-27.680596874473075
-31.42689139600036
-33.434805325355704
-38.67342584954473
-38.08251926854046
-45.31938015003662
-39.454002540441536
-22.36338864418901
-14.383412127702286
-27.530172191336735
-38.26335688123825
-24.160328041395378
-28.70912703848221
-25.852626955478385
-24.756462860928654
-18.27592678287489
-31.629884560219523
-17.42173438225425
-17.002176370295352
-17.204762647578594
0.6670361567459323
-0.7417472660038155
3.5259964089990503
-1.1697293656158592
-5.749005623254162
-28.980561717977853
-23.768782388816838
-31.561840954733828
-31.42825716576437
-19.710002111904984
-21.76823617704632
-19.76557424297306
-21.775126487543677
-31.542400032336275
-32.654560490190164
-47.290892215562366
-47.946337271052926
-49.23854257290927
-36.84108591859789
-41.883797449999726
-47.9191091169619
-31.192065541387983
-44.269752487539435
-27.51609357454736
-35.9123647135289
-8.937564371965687
-29.444715800664028
-21.286341838880816
-21.235230593160825
-12.596560217108689
1.6485074525652696
-10.38679548020978
-5.542192343012678
-5.897169636294255
-11.097886837052934
-21.62354245245396
-14.524858967779755
-19.792527466820964
-10.284185646953127
-9.643892817620072
-14.091534182802606
-12.954111247009315
-18.95151668632348
-11.850968512845387
-11.82419676405381
-14.344182540992513
-9.20717441982398
-21.405279731242864
-7.755535963889692
-5.474061540253249
-14.415948983240266
-9.666863779039279
-8.69012649518504
-17.687128449369247
-14.401273241707822
-22.306296535147034
-18.403393095420736
-29.074126558563428
-27.60904566012153
-9.942573798361332
-19.245709524142853
22.989450038094866
20.478951314163652
19.0122980268374
33.167984081957066
36.06736450877881
12.733738391378965
16.05839725380289
14.417784152458644
21.995669051697178
10.797014526297996
13.035617648497908
-2.9796496794954233
-4.558442412928626
-2.2509868247697193
-16.500144108124115
-17.886064911005594
3.8966534015079146
-1.1676618188204841
2.1737639190588047
9.839945098976012
25.948184494449354
22.635558266971692
-1.3895503135804097
-20.614434672053143
-30.56743506311533
-38.511433700543705
-22.279715651642547
-18.0631198622822
-23.324803857752357
-7.269386752287036
-9.188456513287406
-5.227653352425056
-18.43480992757864
-11.584144231469253
-15.294562481858824
-21.337538881052208
-9.71473788662346
-22.706968163542708
-10.418648174650912
-33.751589494057505
-46.8853307622101
-34.45025482678762
-31.50631222399663
-28.42760693210147
-33.8013284438172
-43.303809288879634
-36.30827342099325
-33.26046758453803
-13.906528070521329
-21.871334946572844
-3.552439284041028
4.460374173273703
-7.3782558760857855
-4.372716328593986
3.16014122843535
-8.097652408726496
-15.376529358551053
-4.99588183515307
5.396873583530512
-1.7956838937332045
-1.893714888579112
-6.982792040242896
-1.926156584653444
-14.81599805255924
-3.1208095560739726
-8.564720519113836
-6.294683109940113
-11.611443976369802
-10.517870544797605
-7.583190474174246
-13.146422095529687
-22.71005136476133
-22.421802708450485
-29.743807473064805
-10.543382377543027
-29.97326358549277
-21.571212094484363
-19.342988614760305
-19.99921121560977
-10.415029227907366
-16.751908366478375
-12.991109540433044
-0.05267335729991507
1.677015539523974
-9.565979486123796
-13.017559460777976
-12.850735266242815
-8.137256208670744
-12.375455668437775
-18.871001198291218
-17.788562621852062
-0.8586455159286092
-15.919506416762998
-8.775827858300056
8.49248118209891
-9.990774266860988
-15.747002605736172
-12.213093822975848
-22.92484871979441
-26.47429959484537
-7.431197333219284
-23.98294079949822
-28.925441782720156
-29.341448584012042
-34.28523746908463
-36.87363500873777
-31.886991437156148
-27.311966130764574
-25.33094306649056
-29.484826719570155
-25.766648764315967
-22.66260197566984
-24.095920510727638
-23.15863427903822
-26.47575492343086
-35.54267010486388
-38.7269279191092
-31.51865649931837
-32.498583126590205
-34.511884541327376
-33.75521126288183
-29.133918384606037
-31.68437384160254
-35.12133501575757
-31.221628459695573
-26.774591411335035
-20.942976201634323
-19.89388389184672
-26.47594046193368
-26.246565564422642
-35.812955102002675
-48.846623315106534
-42.75170191229217
-38.7390177898714
-41.75770744138666
-29.81479274775406
-46.68706991408433
-25.20980237844025
-29.067804209655357
-30.51820685581293
-54.62466951890012
-26.142089912314734
-30.45702148480947
-32.30508166674627
-36.961017600781744
-35.711834395821136
-41.17859269362131
-29.73212613939584
-31.08258264200061
-32.600000441929886
-13.453529202061029
-17.25748465715882
-13.769260536698948
-11.175622705546381
