-38.92235929475082
-48.75128752098402
-41.96391846350016
-26.390599687671642
-16.163416905812173
-11.243223701474752
-2.453480258231368
4.375412668899289
10.276415221842427
-2.135984333982183
-6.5254008331620215
-1.0543887735130195
5.065703195706977
-10.16004890561435
-11.222261806961544
-10.755863182001507
-28.74516306285879
-28.683867422128106
-30.482452050343213
-39.49765202551675
-42.628374861634576
-46.41935015603
-34.34999557500972
-32.47281245633972
-40.27577261961853
-34.48853597049007
-31.27457252360147
-25.03890874702265
-29.771395853375825
-34.94650213702827
-31.025498848917398
-32.09015934675383
-17.10473152874561
-23.789119585204453
-17.91112476235447
-5.654544711145372
-13.421389509623115
-8.652276938714111
-10.019072819732132
-12.208156146477576
-11.365413340054607
-18.90126946238805
-28.532323214939307
-29.483085183426965
-24.29442864623508
-28.687463273027834
-19.108202423062924
-25.266607064550765
-26.503674903449486
-22.797958695443622
-44.99232114345247
-26.52801863671416
-28.1532019234192
-39.39096709346335
-35.060937775546186
-11.824573523157241
-26.568789172145014
-38.36215486240128
-31.192665620719357
-36.38732928938752
-34.74237857676529
-27.435936227528128
-21.986958200098982
-41.226155050941976
-28.112004758751393
-23.690182778542106
-9.370179621638131
18.80244052316147
6.069835089144663
7.700793740915638
3.5470595887707854
-7.973691219178141
-20.96923167518427
-9.87528978672101
-11.473660159935989
-19.26956065598588
-14.81104590343496
-10.428193676560447
-2.4051901042949533
-16.10139795957867
-18.383467294463294
-15.697993207793292
-18.676032212803527
-23.93339252998137
-23.43966516318825
-26.543588546057176
-13.302326884186176
-17.661944047003487
-21.147303512420212
-18.994586839933547
-21.54152734284883
-28.847210645403546
-35.414214903469855
-29.63789136754621
-18.3883175137454
-12.884520189588025
-5.6067020334309134
-14.504584030021446
-20.533342241160575
-12.731252822829086
-17.576859185302578
-28.484773835677327
-25.81590430948854
-23.23315252350548
-28.24487124401701
-33.160523381281635
-25.738230313313736
-20.951873899365435
-35.251344326986164
-30.211661030064484
-35.82186824763126
-46.23907915555139
-52.06271845259504
-54.45027188856498
-48.203970092582495
-35.61894084985574
-22.5930976973182
-25.815060018900812
-22.848896142502078
-23.26439135358803
-35.621988781732675
-33.269299588557764
-8.875079991310615
-8.543192560276605
-11.488770279077785
0.2752853410006554
-12.9644328756464
-15.376827548255964
-31.550922787822728
-33.35996078691897
-15.585494974970095
-18.788858917057137
-45.25669988021561
-41.95900622545144
-40.16489192880911
-30.322764703994512
-21.433584698562072
-18.737600818533974
-20.454264601073774
-35.21925226032119
-15.48614167214504
-10.48101264577119
-16.995120348408207
-9.889105605943751
