-13.619574440204975
-17.07753435951959
-12.882889009216685
-19.1751445944189
-14.46377920498471
-24.777098226956873
-18.89433864284679
-11.163257253347252
-18.898609572579637
1.5944281789358048
-7.345219087889366
-17.704365807489204
-5.86456553412425
3.3560153931607157
-0.0907365548253543
0.4513011568621831
-9.4536713065876
-24.03419832127217
-18.117473528686528
-17.790342031042066
-14.164812280042131
-25.88255978171584
-20.496743888614443
-31.3915807811125
-35.35620759804669
-40.02536683591958
-53.30639710774865
-52.51237785837496
-41.12712196419288
-45.32262501092208
-54.16936465305192
-49.285820706501134
-35.187416744017504
-27.06983383990877
-40.81481959076108
-31.97744487702856
-22.68773888749745
-29.234786214349214
-35.32690173849
-31.50237485866307
-26.313423035419692
-31.93164691205414
-22.872381032735706
-25.030503558440927
-25.36645531767003
-27.10317540981379
-24.728144927056192
-14.167595721057268
-23.090754601080636
-19.550058704024238
-22.37051805088067
-30.615227053272363
-14.581434549831688
-24.562567729023773
-32.668978099308966
-34.58285377283166
-26.94154663742421
-16.40861911766928
-23.320576430753878
-11.266273421976965
-1.0673148849725396
-2.7080496993035497
-9.876375574369028
-5.5045390572003186
-5.623300041791987
-5.09071037612379
-5.6279866534324015
-1.4346631949076951
6.390035886639134
-8.368260632810474
-2.4027211379942743
-3.157898242659543
-8.059177196161665
-15.491934545805405
-5.569460543658946
-12.452927445688653
-12.397706863525508
-5.5920339600851925
-6.872043064738933
-42.4139371427574
-46.10936618332097
-41.60997024543649
-38.08032526771565
-31.741852706845002
-24.54373753295957
-34.835372480492865
-27.53080911945673
-23.571599183273843
-26.142510505343093
-40.78218961456263
-32.40167628863569
-27.44623318611847
-26.94799141228611
-22.811791333504015
-20.125861801279296
-16.17908217552491
-4.6838600756778135
-12.464222769567339
-13.597727363617933
-10.691640793206574
-4.62869666763691
-21.977444525280447
-17.404807931076352
-11.343372652668615
-8.237015877666488
-14.598223703700034
-8.179552902559768
-15.573325435323305
-8.835593780249496
-4.877823101789944
-5.454790117271664
1.232729634700383
-14.584920364170888
-15.0936682447844
-21.245743309773843
-12.654567486176466
-19.357624293205
-11.512911286846444
-11.404230658518708
-13.447946361736422
-18.43510578965436
-12.025045541708431
-0.201119167725606
-0.3084322511675935
-11.490635207023356
-4.902885610844433
-10.080307868535565
-3.5395359026936917
-8.147844056768188
-21.083029203425973
-0.40692454523539134
-3.048189851051467
-14.192287907828328
-9.765305919770878
-4.2268900438455175
6.0304589787849405
-9.244079305495235
-24.02757235852707
-7.963153736178257
-4.981402870386146
-3.7920302707521234
-9.637530519294527
2.0991907264394234
6.7948265591354575
3.5171361747680634
-3.037063452289697
-3.8805536789901365
4.1083143979704815
8.925008865014027
-3.133239184129386
-7.0255163832057175
0.3720898937344964
3.427056198452161
4.254970703790867
-6.611311656207125
