-12.367979461124687
-16.868027109284373
-16.215047498149993
-5.8701437799016105
-9.33199989277766
-13.117038367150052
0.03701239386022991
-0.4614954124002249
0.4382573744632993
0.7536210120697628
7.133884910456311
-0.9689065243976256
-1.8609583014230409
-0.7554390055142246
-5.061570315851131
-0.5581382224629825
-12.10358333453209
-14.022353665295734
-16.39906793311285
-20.65631898333179
-14.090788283877512
-16.765642836756705
-14.74484367556962
-5.171164917287443
-15.878612566357601
-8.900567085880931
-6.364610969288925
-0.8011072193792851
-7.532808721944419
-1.7838995338569608
4.077965565423574
6.29751431114573
17.98640466783269
24.82966025957489
15.690735320499899
4.713669008473029
-0.8548907685131758
0.7025078282300129
-22.146086882949415
-21.730919138911123
-15.457547386778646
-19.92752271632948
-27.613962513090634
-21.345443460687026
-27.28133867184719
-21.280886628424657
-19.009511037325748
-34.52991010633889
-18.951545319734308
-17.595824648273066
-23.60468326195821
-26.88117023340148
-31.932985057950006
-16.757573492471554
-25.881162536491352
-24.335962266677985
-11.619366262137385
-22.860172441749988
-16.9754188359716
-38.666038945107076
-20.77345034216432
-26.849293349216946
-25.761865170818876
-27.725315719897342
-22.068400378327546
-22.631302782939528
-22.1844004665518
-17.215727252808733
-17.296284537091132
-26.45321107632366
-21.93869546170481
-20.79889919564239
-21.06109943646982
-23.40190894985621
-20.928197203822656
-6.623716074882566
-18.446679369111475
-17.965495843887414
-27.188532079701403
-32.437191089578675
-14.135390533974206
-25.19744030284048
-26.71393764879727
-31.31906934699236
-26.757473204848885
-22.137946896832403
-29.198536005507144
-26.698014827079927
-19.494057206735913
-23.588879055712557
-7.268163470579274
-5.909355245700446
-6.452910791543935
-0.2633405392726502
10.5551935730964
8.011396605141389
5.099442969231207
8.107963004738146
4.1005249953169285
-4.401232658680608
-1.7215304865037258
-10.988953712725344
-11.6671778683805
0.08432200686541179
-5.529098479444709
-1.0045712591237654
-0.012611710280031323
15.246348642789776
8.714947386105019
16.973654858515413
13.109425381952196
3.880226681875838
-3.765575026333932
-0.06892114834938319
-6.728228026360426
5.5602034031431575
-18.737406833931423
-27.808320819410394
-29.058635147393478
-39.31167695191952
-35.570148236667094
-36.171737367640745
-27.274617508816533
-39.57798919937716
-41.217910853620744
-46.07800950688422
-43.64306606619976
-51.61627219015642
-48.48040403142738
-62.777077908704975
-49.40339232731741
-44.15444309297836
-39.963840905605004
-37.808988222162455
-39.281451178895175
-28.14079640866127
-30.37011647391085
-39.75632969058947
-16.15826617954627
-13.125131265735002
-23.0909748800737
-30.663085859940953
-17.54737161921975
-10.902149579224078
-10.609016499368174
-20.138064927423507
-10.528372476765238
-14.355786425913053
-22.35142221125325
-11.147660471736817
-19.640012689914048
-24.690566411423504
-28.19853199321255
-29.83655489683679
-20.165194181779434
-21.176563177033625
-16.197344545629267
-3.0863686953862235
1.1076225173936565
-11.61988479996963
-22.152116659628987
-18.037139659673308
-24.794606178039885
-41.35458051414092
-32.58553246401759
-39.77888574487035
-26.552630473757468
-28.919450023750873
-33.394008085178086
-19.321363724183108
-8.178033828430287
-4.811853534466735
-1.9119231167277424
-7.10289077481237
-6.7472602393472805
-4.733505369346892
5.72161651502453
-2.4420243242143997
-6.600639569394397
-19.535865918452465
-8.756850151992811
-10.678893384317153
-9.840656063911595
7.392994884048914
-3.6955608002140816
-4.653836269606467
-3.170395943821267
5.314571904589376
-2.063104194801926
-3.339094153646736
10.544289587712916
1.7984710524096934
1.2036338217534837
4.564355680653246
1.3878346053142296
-1.8749506841495287
-4.653473584924316
-4.3099855686229045
-5.831543290408213
-11.039309274539917
-2.4191109361255765
-6.866493854550352
-9.015855639626869
-4.321111449068076
-7.69586899105325
-3.2564576447603444
-1.2875608209307758
3.886617218936217
3.9045375912008145
1.648489400708887
-9.353715942494622
-5.863178768915751
-4.894139029175669
9.190966047332957
-0.0298997136345429
6.635811558230366
-6.655345349675778
-2.0112841844430496
-13.058263145224089
-11.32407234545677
-19.38734614949333
-13.400600136611269
-5.180129437077508
-13.523588642990447
-10.954938234232216
5.083133306069866
-8.030449840303731
-11.937751058432207
-5.3321751376673685
-11.287984335330806
-11.67300158888112
-18.37131224437236
-27.726238928320544
-23.97033539770582
-21.80552490133288
-26.747111078799485
-30.437301640694923
-26.377754993536357
-16.908400238656732
-30.781682185146128
-31.015596177472784
-11.379026626425741
-16.75324545476378
-26.369594067047785
-24.53356276233139
-12.468160356518716
-16.614924937317838
-28.96234839620936
-33.8865729256051
-9.157315492450584
-19.573665724826466
-28.45930011124784
-25.071038611719562
-16.105483392779778
-19.724013174455187
-26.70162853016354
-21.88291379716974
-16.28143879672387
-11.967851306446832
-4.2804442911916665
3.5091611549405917
5.566125979344253
9.018251388518898
6.269969319561478
5.020037472685958
4.573782675626043
-2.5344447494380478
3.77810697430869
6.7665289515493035
12.638068155270552
1.8917793621978545
0.5846673743294197
-6.301696616586347
-17.885887913599092
-20.485963168414358
-26.769973435537384
-32.135842465085204
-24.494961324623986
-17.985624415334858
-27.843528362995375
-14.386054372949586
-19.97470113590701
-19.46540031094768
-24.59829128569241
-10.887815361864602
-4.942825836664611
-8.215595291312287
-5.733447404780383
-9.060397097902866
-12.056026814333153
-10.066873713835486
-5.0752853044421276
-0.9951029894171916
1.0359376692736828
-0.04625679581988587
0.6432511935700959
-8.46506736529385
-11.855481440555005
-0.16016804331850254
13.99764956632612
-9.423885643053275
-11.752699017131294
-4.634613945573872
-10.407374162045194
-3.4537809306939224
-11.442196380149523
-6.237078864503977
-3.0666102044777874
-9.203953900844633
-14.486897632267196
-20.975115691589203
-16.66013698745706
-7.916156943269527
-18.26604290533799
-11.697730236809981
-13.620833866089413
-14.142290742978867
-16.03006103104925
-6.1949073976612485
-5.902058144707812
5.230740114394304
9.335056583027784
11.696683499953528
-6.006281277267778
-10.963047085223437
-9.375707229092836
-12.600922986276062
-1.7760792019426084
10.784947303707357
-3.2634563103899725
1.0207024651679462
5.6735211197088
-1.5791070986906823
-2.667183320313229
-4.318663930275071
-13.636435548747336
4.338913781785476
-3.852455546040536
-14.13129259319228
-16.717236356159002
-10.050413378281704
-17.8537232515814
-10.620305337041307
-10.615211165723505
-20.90097885200032
-17.541053402950684
-3.722298287195484
-13.349139678109088
-7.087211583133112
-4.65591696655213
-6.7942935044728365
1.0537228692009792
6.312635082403452
2.579859838903145
8.60131311006549
5.737349126044066
-8.929229820751868
-13.276432750588699
-17.587146247184435
-21.02137451965511
-15.776089188496758
-19.15426138082439
-9.781922096917883
-4.42281265247384
-8.807574434680436
-11.644573084431016
-13.382123373688815
-11.066702316410234
-11.349734215712454
-12.991194369087856
-13.946601977186663
0.9760280396895163
17.883338253021797
7.201216914138682
8.247424125420887
10.5907350979701
-2.614795839176646
-2.9321188799267808
-8.997040417777198
-9.238587061733046
0.5275189081553866
-5.391827150699143
6.3307157635509865
1.1123946685250974
-6.738509619387081
-17.654984538105072
-7.357141169545191
