-5.2326451516382
-11.936110953158083
-0.5833112453508649
-8.863530071761438
7.678649989570844
-7.8065711109769715
-11.983061783632325
4.3916125786402045
0.31041462591784297
3.500099509617056
4.232469841832376
2.986069359458149
-6.2957977823499345
-1.8110771709162747
-9.234428918926827
-8.736901572291233
-5.138592085650422
-11.669933067330884
-0.3904175156915261
0.3424922940570348
-0.26634169506433497
-16.20427382994902
-10.759348272180288
-14.68002363126215
-27.730927611019748
-33.550606227487904
-33.280667194007414
-9.833357013009753
-1.0512892497338764
-21.85092076452793
-1.750467260392638
0.9271832563667908
-3.2802312474036484
-7.6290742951656405
-17.76799865246426
-17.013369465332072
-17.4722646293432
-26.61884628105159
-23.13288822140869
-5.238291929381164
-4.8982800903472965
2.6492833383917085
-7.137497784338293
-4.384450802974095
-7.319308212475054
-8.939969895968172
-18.591312456628977
-40.644905691114786
-27.528188643002792
-31.042644804223446
-33.408388702676675
-27.31580776575092
-27.081220482906428
-22.580947188002483
-28.49993416978105
-31.549556263422602
-17.63973232726357
-25.501877225961625
-29.97570710066281
-25.628192132399825
-24.21048546389484
-25.36727232033094
-27.69902241067738
-30.67328641702797
-26.540311457479955
-17.01449340351561
-36.102037805102704
-19.15749148313004
-15.190040267329394
-17.723994018401424
-16.00912968072389
-14.708156900740422
-15.33113157915099
-20.096734455490555
-16.712575429767373
-22.235043323939212
-20.098098941591534
-16.962670159949933
-12.136913656540475
-12.280514040291223
-19.47413535839008
-3.9832960979838736
-1.4678507781525048
2.388708388224041
10.047242888247467
14.701846714397723
11.344892127351804
10.370856763038244
9.76084010114624
2.278196190766
13.719580088724484
-0.2900403628142703
-7.534680450026912
-13.50480473498061
-16.067994934457722
-6.446274036659221
-6.038568485841229
-11.020752790063288
-16.589064009436797
-7.063408971724692
-17.104714553628508
-13.999367402398903
-16.368826440283108
-10.332018284129266
-5.774754159174369
-3.2892268171182057
-0.5275185768945544
-6.507166345277278
-8.420397140440043
18.415277525469392
17.672396223582044
18.24713865760428
16.828911420964165
8.446500024894174
12.799160355604384
-5.878930463482433
3.864931552949893
-1.023637788375621
9.611227829309847
9.561814573181564
14.228213188462925
22.666497728433896
15.588040824158918
5.969506406919468
10.767992393583944
1.6633824728803104
-4.630325540438968
