-27.575360659317397
-34.33177467397337
-33.9465954174776
-16.81559198771344
-23.08373832933085
-25.004397018661276
-25.090413686464597
-30.261243082061352
-18.228662962853967
-18.479622195628764
-15.67206992187709
-30.00105023950697
-24.930347396234268
-22.903016064557587
-31.408339019264695
-23.667860759227878
-25.29669075894659
-21.733430226601907
-24.372817020751068
-46.615162366124935
-38.72291180595419
-23.523515079087854
-25.91908891260161
-38.32158967977178
-25.453753574118643
-33.97479526325562
-40.56042039295308
-32.86998769396106
-23.37529100623291
-33.71492982717156
-44.53818222885327
-34.26984939690351
-36.912224706738975
-33.87877161808799
-25.46485355310399
-19.593131136301785
-19.111379527579178
-3.7695621974290865
-16.15625280327775
-10.262071347669384
-9.069328238546
-6.930610378598825
-7.479430744511572
0.463652237883234
-6.477983268317336
-12.848023717187324
-12.330184901581259
-23.67694260049104
-26.63045202826705
-23.380864722103013
-23.475854180331183
-20.092350671075632
-19.827832046106067
-27.609215558788318
-7.802409442073947
-20.60844932398073
-9.782062424958774
-12.503954129022244
-18.82298460037243
-24.772786346304027
-34.98556811961569
-25.966909828637096
-42.20798480765107
-15.799207563813624
-20.54594418961185
-14.763454134804835
-28.0051814766021
-29.187589910492786
-32.54610942020055
-18.365178373891908
-16.073180450989803
-16.769213984096478
-34.43549324950961
-44.505283438552205
-30.368725847069484
-34.399552312312196
-11.472869808699866
1.4158027460903746
8.31568796128523
25.557872030671987
-0.7080382712043314
12.633423473276393
-1.6221784743005854
-5.976469843055535
-33.01746836691322
-23.61156097213373
-41.484366708632066
-33.884768720721674
-30.228273831460804
-40.254564606046976
-44.45163491035885
-39.5626248304841
-26.427703632765965
-26.377742575605797
-29.52716311746903
-10.199404809940804
-25.54036572933847
-21.791435931471838
-27.97454126827391
-34.12315524431601
-22.745467903406954
-23.054112427562924
-25.696442980787893
-16.09171365099909
-18.73373884294701
-23.10125091472231
-11.599374772466184
-6.132646987618639
2.895938741542206
-0.4881766849782476
-2.315218883586918
-21.38926496454271
-1.5092425087579655
-8.826386058370662
-2.3546268374455326
-5.247029436505696
-1.344756701202395
-4.64528570904763
16.424966688032903
17.515639033750038
15.060869370702198
10.7438610633877
3.2416066822677627
12.141692210351856
7.422279338870642
17.827232826686267
5.216228276975546
13.93232633384982
21.214586846981557
19.37852627019889
23.18291192011613
16.025862138895203
10.875932501207519
12.904107179000617
12.800244320858269
15.405543686158936
6.385212663704816
15.765223258674595
8.038169605630468
-0.5156215179795876
10.167083326165018
11.976592068802303
9.88628816728301
7.32512793712643
2.498977393005727
-16.15120254946293
-4.411934000257348
-2.727310896042197
-9.904535940753403
-17.344525008078588
-19.82976256064945
-25.427582526201657
-26.632270557658003
-22.076699327000213
-13.115633946082909
-30.656373878613895
-22.460901036414423
-17.549005495193573
-13.570037692703321
-15.082736692705385
-15.060529414770777
-8.484365326362571
