-19.8862681263488
-18.188025142202466
-18.791970732435086
-8.76653512292409
-8.963912986553371
20.06325836004922
28.22869387430881
16.468176473559787
0.5323934879363663
-2.2739354301312864
-9.634787032205386
2.868960099027837
-5.74690831871956
5.6585477031632605
-9.716263170607151
-16.175684002854883
-1.986706933134944
-4.699146069008547
-11.55601881145249
-10.24374509213785
-4.114004686178356
-12.57227163494623
-3.8015405813472474
-9.66328259280041
-8.213270360324055
-9.386723888737038
-7.493714010283273
-2.1327784563259136
-0.7602162702972054
3.042548417070225
-8.542315694653741
-9.478545122055456
-8.244822600169924
-15.461795916095664
-10.170367945743457
-18.6342368465098
-6.670966171441933
-2.545807406995147
0.4204673708513187
-8.621043754980576
-8.136452698647547
-10.719711790400586
0.12695733955972394
-1.0319989528338696
10.608923675844046
-3.9379072747632056
9.553495564242919
-7.2168459008139925
-3.3530702052478127
-14.314000050224204
-14.465311451909153
-16.824538032728466
-19.58531165836501
-26.959990450308656
-16.911759043089962
-14.692127820889795
-17.052475918225934
-1.4209211452945871
-12.287025713076869
-10.11965834880108
-2.667535273856247
-12.343860940100797
-8.528454937285522
13.51905601868896
10.965022362985847
4.2940312074028215
-11.444886628172851
-16.566914488864406
-27.396192179500108
-33.7453463293818
-22.911205083260924
-9.830655963582736
-16.653725167192874
-20.12276873499387
-19.696660273247467
-0.05182880098791128
-24.29843508856682
-22.07193715197889
-15.814735770458483
-15.980778394526089
-11.072041368125848
-7.357516017586199
15.19766338650861
16.16398091917298
9.94773874459144
21.070545995004387
24.552148123952
22.64404262215323
4.7688218083494505
10.623798366844227
-3.035933004408648
7.118254032142429
6.39768554351074
-4.544277130579508
2.8175090854381613
-2.195024334471935
-0.6784203833990945
1.0163345055127413
-4.7176645631149405
-13.22061086535246
-18.46833690636319
-27.34972451038909
-17.336637711552537
-18.34444405887698
-17.370979527712095
-14.50331616519609
-20.107699728304176
-18.759002759257253
-21.5322481151315
-15.547202077780945
-10.531065717593881
-10.511271150254773
-16.49581524590845
-13.923041948748967
-13.91841231949801
-12.856956292718847
-11.677881581672652
-12.203395345319676
-1.2721581413514644
-8.2912237696831
-0.8147966782903855
-11.8364704009008
-8.462223401400651
-6.713241023327726
-1.4976156661951523
-6.35220622720783
0.1949035505427323
-7.002599975496805
-10.898195264368729
5.890096388438473
-4.811689082797508
-19.357421819673547
-8.565304650095085
-4.339227851542868
-19.78928672384168
-21.820153331467512
-21.380135838723675
-23.33687187071508
-36.8377077613181
-12.346471006303268
0.41846957223438896
-9.64740577394978
-7.453361821628798
-9.018861914547262
-0.10892728758913124
-12.039010929729569
-15.300575829988752
-12.345114893407507
-11.551278341874502
-22.746942111651574
1.5578855173468622
13.628667730949328
19.92294037173228
12.353300039844255
7.632271889541512
12.747336854911909
3.1295849325136973
13.761889977490293
-14.03989216672451
-27.31248032345643
-16.60593553305739
-22.607977455288605
-21.700974875498886
-14.79939108437743
-1.8219221705232236
-15.415287061832814
-11.23774626034308
-14.379092237453778
-25.43283028787907
-21.732144416415206
-17.373146387538988
-26.529720637554327
-17.81595029060961
-23.02844124386011
-12.694917714911174
-33.05633650865676
-25.81087938572545
-23.863563698942013
-15.600046048531794
-20.468746537407906
-21.077295554816324
-15.185560386298535
-10.517682758641566
-15.873791587548913
-2.7113550295560183
-4.892900611952508
-11.648243026107835
-4.211288619154876
5.474687517907014
-3.173759321875141
8.038711502036374
-12.14263849980579
-9.29579315242055
-2.135507087723407
-13.494843017453446
-6.168455791484599
-4.253837599775368
-5.405563424317123
-1.69225811189832
4.076952615817542
-0.9000542608799937
7.2106510638012065
-0.2522183966888447
6.12763162677386
0.9248343300764462
-8.105474986329009
-4.727105721010112
-6.341629569380678
-10.6162521888924
7.253214833791027
-0.27535130961975834
-9.268794179385234
-4.749224694738214
-4.199903215455186
5.083326641283215
-10.3679351225541
-0.8234367424331739
-5.862956252416662
-5.669663953696313
-17.08206389919564
-8.95762511268965
-3.5188999963972085
-10.573831923541947
-17.722280742905298
-12.93690802838792
-9.481505576871188
