4.331623696272756
3.6418243541911246
5.2820922616713935
11.702667866403985
2.607740251640817
3.7504191802878224
10.830885604892012
2.9866409111355092
0.9835029833563864
5.2797455317056325
-3.5599310353448588
4.197435152650274
9.21429831575981
1.696611381095212
2.9043224025178027
6.71913765090293
13.192610484740547
-5.137399627538313
1.7164240425341184
10.18387015173864
8.442349405245341
3.309260313947513
8.311737985583724
12.22335562987295
13.609591830126721
14.433886671817742
10.344772586685206
18.899982828331915
8.314071387342642
8.971095223413212
4.042689594282016
5.7894479179248775
12.973535329326616
-3.3699480414020235
12.577287594716934
16.772707551838728
19.906542753703235
10.103355409014613
21.596926701193613
17.54418335452031
18.295851988735425
22.050374126876182
14.951226363054856
-6.183255166334303
-0.3756497753977349
-6.164983803994013
-1.5948182713187182
2.9206439069150285
-3.8147846379378523
-6.075641147285316
-11.347060455443827
-20.709097578211832
-15.630443879633622
-10.836117014765044
-3.6500019661615513
6.101219291709841
-8.633271843177878
-3.6771493316028883
-9.98745305696126
-16.013617503405555
-14.314954922472312
-15.505620315152132
-20.929015829140877
-13.877040369159696
-20.637746565689106
-20.60267825696907
-28.188582287894203
-19.363942424319767
-25.166646110672623
-25.15726073491568
-20.24188289305804
-15.364942092404311
-15.519520951282596
-26.87049997032764
-15.503066021880311
-8.445236427632798
-7.910687611548985
-6.841838676299195
-21.324725130624188
2.646838776462377
5.843429731550072
6.041739663145997
13.729411610461733
10.922393612141178
3.1471985693782343
7.358147444288582
5.735546128692128
4.021662319227949
1.6658245751861809
-13.090550150505779
-11.639546844621597
3.0212719687741614
-2.7880635965897858
11.51049614180749
6.924456044316372
11.90721791069236
21.345302469178478
4.772161885188057
-3.0895719773839017
9.353645510013626
7.117057961484475
1.9354163212649715
2.6598432055618697
5.926644175014028
-8.228048861424337
10.244860055347292
-6.159452204577569
12.067469037107893
3.4134432940193946
12.485611470511088
12.620742153271054
14.477581329634544
2.6732080038673254
1.934551488889768
17.292496824976517
15.546784213451753
9.373098149381963
7.341027173548914
13.80200463113516
8.996743670739084
13.625713710982124
1.4595079251798972
18.650194691649997
6.631823963714367
12.142789101446374
4.742941683014242
3.7150931067659823
7.067877937084807
-12.835909060063884
-18.505936453595236
-14.70064581933142
-16.93381064116915
-31.33904970148169
-12.298185191942306
-13.056810970680175
-9.471909353293427
-8.768607192555539
-8.084930589989476
-12.873203519063404
-6.6823009926039045
-8.345523857605771
-9.14226290777866
5.2723959637112365
-21.41355955603887
-1.3889849188469956
-12.140308309984214
8.594450755109111
-13.356750145039955
3.1880514220942224
-7.953939366916968
13.531840052378385
-3.6574805214242114
-13.634657616653373
-32.55051098819008
-34.86408342618856
-49.446276282203954
-34.028197261974675
-36.137946539974884
-28.460756547910808
-34.280353362288764
-16.536285167060758
-9.476086019744775
-12.951202314400255
-24.640557368399506
-24.71311374902513
-22.2281682002984
-22.49756573912007
-14.962607705388765
-15.366821147779644
-15.98158998062619
-23.426618853803056
-26.340509087460305
-23.55704976864145
-23.886053451887445
-27.55504653206466
-22.70233691714495
-15.553795345266456
-28.08521043255169
-11.317397660767787
-15.688602379593641
-18.039319186305114
-16.45384478770335
-25.019218547864284
-6.222640797808683
-26.627572135051675
-34.95014130669445
-28.97230563246737
-17.700967099520504
-21.2973467710221
-17.83133908533656
-12.692413480866476
-27.39737933379324
-18.44654117641947
-33.02303828597213
-25.176470903572426
-13.670631914566446
-20.177398243659304
-24.929318176452018
-31.746459870113558
-14.129261047689061
-1.7821365676837269
-21.884883001664488
-10.530247482498654
-21.188202423597602
-1.6178414649331798
8.060463438335129
4.626048865184589
13.544102412928655
14.140268674184306
21.26499828602917
11.577577153998485
4.570815152741092
6.257309504113122
4.9875569320387045
-12.968640777564255
-3.330795930532631
-13.399203021720721
-21.025103184949266
-17.35016858999945
-2.515815706904963
-19.722321142936288
-4.5304551885159325
5.063332333914341
3.6285412737607623
-11.079849995754657
20.75986003864086
28.733037134099533
18.502633224990426
2.5901587634677403
5.18902630212263
12.679129101393421
-12.180936521022199
-2.6097715749122745
-14.275944186002901
-10.756358501158768
-15.472593434265116
-12.413711226844026
-4.07902884542331
-14.140671353748706
-19.903181888228346
-8.483833595588981
11.948547960753677
-3.3941987321872507
-18.233576097392078
-29.39582082896976
-40.71116107867029
-31.02435985283157
-30.86135780919429
-21.899028889561926
-18.561295210690066
-35.090526521767764
-20.80235518018353
-26.952459228709632
-20.677385980895966
-15.25946390611172
-16.857584830339597
-16.2192969085084
-14.10622468445865
-6.765893623664947
-12.820719876701697
-16.1733813896025
-14.60779041021315
-9.365735830192916
0.09643755017412274
-7.327947490336567
-11.874044357929687
5.727127593547954
17.00915847386441
16.996694164193258
18.282953895530852
10.526930317841867
8.376391271373674
11.153746232852273
8.079839682761621
12.264897579362302
2.73677104889065
15.272373790805268
-2.1743236941459525
-7.326740915445584
-2.708973694452375
-11.144901389249199
-19.880917043823818
-3.5595246379174306
-0.07238597247649957
15.475590070452052
12.265037093956554
0.9212642432978112
