-18.439807406496783
-14.476119923914993
-8.131334288983473
9.616078709342172
19.12229577282068
21.37740169858619
25.126029468176576
12.543336175912705
12.627221422783956
11.66538908055105
18.54917841084956
10.327277388854736
10.594098341797027
15.970716726962808
8.129570945564033
22.444143319296387
1.0775318285245679
5.0950180303330885
1.1622195416658014
8.548112632212169
13.023043947699998
8.407834364395253
-0.22136235066517893
-1.7429946537256464
2.0401954787168224
0.9619797220772665
-2.525378054253593
3.228399381547048
7.935912489939785
6.863621085968207
13.48696807663188
11.08638942445866
9.407027753172308
20.860046678079367
31.44039534758217
19.44650570617822
20.72671245111828
20.826916296403294
20.948838491427225
4.8049267187588365
24.530176700573808
32.99663408987105
28.269893544290074
26.121470254618085
16.649249234737574
17.579349002362328
-6.051755022695392
3.760154794729116
12.921279767046187
20.513794128045934
0.6027082256710788
5.118103585710065
10.240463579106775
14.093096269045672
9.784918462445829
0.7904849478226891
1.9310404902948783
19.43234049067629
10.274232885201483
12.27169974963852
30.895823083112198
15.398673604725767
21.12292379149936
19.37135824260945
2.373657250818858
2.549408173612388
8.797930679103882
4.217661575078404
8.110669856333788
-2.144833556659441
10.043786706344239
5.709135032240889
1.5248306610226599
16.325645530221866
-5.836607587039304
-12.100791464092277
-3.854579273791297
-17.341586423891187
-5.45630125554583
5.3176373325006585
2.935712982786774
-12.225173581738405
-4.036919007809674
-15.630850495812593
-12.188538378532376
-14.825076788062663
-26.102951277580637
-14.888590273766019
-11.570249057226192
-24.37849524712941
-16.495370601035983
-15.88351588501265
-19.4915173699602
-12.137986419492266
-9.395720664223813
-2.6703683925833466
11.788016328898456
14.692069952202447
9.723806031071279
10.612538602633274
-0.1857015204656597
-8.858063700264553
-12.289664617732155
-18.647950761681045
-31.01918551888021
-10.63329932711624
14.176735725805775
10.33463929432884
2.232899658018673
-5.316700955711131
-15.754302945713375
1.3815481112710486
-3.0818149490976365
-3.399368091201541
-0.9104812816834402
-25.447825623666862
-11.072722530222599
-21.549912038458245
-15.910125636038707
-17.444622771121352
-8.79807418575295
8.969100605214749
15.065514495032248
15.737542072855515
8.547721277024042
-3.065089424553432
-4.785357301275293
3.351804729464091
1.811177354202005
-12.882989687225034
-12.412732801874215
-13.758313119934494
-22.567627290247025
-15.657280212397108
-17.986242627945582
-1.943136956551212
0.8905643158740659
-3.23500534080854
0.5929568473718712
-2.8145781204742937
-4.127947935102903
-7.644753089740268
-6.014728696377508
-4.265717238408929
-23.735945889803467
-18.703772603118654
-12.134511900347901
-10.433558078708325
-23.285816080263032
-13.986589159390974
-7.517759374644347
-7.147199314434426
-8.146243713667882
11.042239802493704
6.798288549330084
8.036069413125972
13.410950885107114
4.1457294599453265
-6.951146183920847
-0.8006277481140974
-3.354642807473647
-3.42176498274658
-3.2181580195338326
-16.614128538371748
-8.262436858493137
-0.6325633394770561
-14.628656996734641
-12.71564407511163
-4.315549933234989
4.852238844466741
2.016443220479134
11.545684608532152
15.402294357047213
13.238179781911475
18.114201152200565
-2.2700138821415057
1.5814832354701494
3.454265958480358
2.3725300975171404
-8.10412178511157
-13.704056322423847
-20.054545354221553
-22.672883415886787
-19.642187436842946
-12.906148225931725
-13.487096626593473
-19.813588614625736
-23.738031815500946
-21.374002916006692
-20.493332137144517
