-9.939926198957247
-8.400616793721428
5.818531134410867
-7.866004408608693
-7.485780142064478
-16.628981896037914
0.3613481436155628
-16.924697100637445
-19.562650837779906
-11.45401785428132
-15.226776749327804
-21.401869120735874
-43.9895908244224
-16.809965522084983
-22.457668663121733
-26.37105397898514
-13.821979778227078
-11.791505183986533
3.443931980072589
20.059240943584975
-9.197298688939984
-8.03872770840079
-8.230866291636099
3.4935040093492997
-5.4609795948672915
-14.6225666219876
-22.085984474892182
-18.545579848033494
-12.296823513573043
-6.376844757629744
-10.081069575612373
-19.260461877530908
-14.19919948104065
-17.131617680573186
-18.978494862114925
-34.11832346263601
-17.171261210604598
-1.863391259202425
-8.187183470844351
-17.07960931783403
-6.9507309088389455
-12.577022950518927
-9.655725971624094
-8.067450186362736
-17.993081453568053
-25.08974110118125
-33.412628993985464
-42.483092794061314
-40.28881924768983
-39.44146513867189
-21.192000195407214
-26.878459388514084
-25.18816151034964
-30.228165354133672
-26.186789493810533
-25.998258468073626
-27.69669431549737
-30.093192370207078
-20.885203807234017
-24.548478262990127
-34.05395030985229
-10.878681673367494
-13.074384308698145
-6.628578675459421
-12.79876823798764
-18.51269740886745
-11.888614390254375
-27.858448875417857
-15.622224913623455
-20.909185316971534
-28.08973059920649
-21.902031490504648
-5.953767639390754
-14.363266236894136
-12.606338311123727
-11.37066614779225
-18.1828957199973
-10.093267823025382
1.5978231498265425
0.5653677869189071
-1.6256249554660278
0.9743411983761421
-12.417012471601625
-7.793251682848949
-1.3899212044458296
2.546830645993801
3.998684643510841
-5.647524416879468
-11.491689134126108
-6.997232217540351
-3.1030108781966304
-1.5171426512411137
1.1886434340485053
-11.730222434065075
-2.5084920599265343
-3.9226047041855145
-1.7229554808030925
-14.501860850246814
-22.28433291451396
-16.896505248933757
-14.479347303622793
-13.005064974667738
-15.209484920773145
-7.138494258172617
-2.822905489401073
-1.9737083542640088
2.3843149965506227
-1.1273206697952958
0.21388636762635926
-6.633131103356557
-12.275488827304105
-12.925751937787672
-15.629142228752494
-11.82363685803806
-25.444079071714807
-16.288633948284645
-28.961439191585782
-8.953810444960123
-10.342221199515217
-14.996000418534686
-16.19145064731402
-20.936398099482073
-28.494080901059533
-13.824320285085914
-19.412234570078848
-9.646692316256047
6.834543655585348
13.004235915981738
19.301243046266453
11.18391087725283
19.03898379930524
24.47373804702449
11.089467531112918
9.317006705991849
-11.131935263749092
-19.068595716002946
-1.4258319968813795
-9.650441773147591
-30.07813459158577
-35.37184217544581
-21.623553615500747
-10.431994128429846
-12.797345826814151
-2.66289794396256
-8.969738039881445
-7.323321582784576
-9.35997212487467
-20.99011320509981
-18.245300719354304
-10.425922950306166
-1.5683689201951898
-2.108163218946973
-8.99510375045299
9.69074302503499
4.122263238236797
7.141120027156334
2.0518486424410587
-11.971898752067206
-5.807651978502549
-4.186491650149187
-4.273251354300848
-16.789219333855847
-5.908593732759518
-3.564763140611196
-1.9623381852981625
-2.4194550381592577
2.3282504707594205
0.13139041778592678
6.480492738772662
-5.599219482784754
-3.3358177909333686
4.617708062870407
7.1447664264930735
-0.396727125532838
2.1381658852669
9.593481891241755
-5.626427373413273
-3.3156226864387204
-15.02128798588656
-6.580244449597068
4.443210585945233
-0.6966102726464443
-7.334706453793813
12.151820236435185
-0.6562657014352841
-0.4898092212894637
-0.021489224208955646
1.3717278544238602
-7.138061955148392
-1.4533198459336398
-4.230375296404077
-6.599287467040564
-6.714899358811783
-19.004330668336664
-12.64126587103643
-16.282400369676388
-16.747541465743307
-21.13321578163751
-24.56981794933187
-19.251415559237557
-18.411753435614678
-23.651421929890162
-30.610657696508017
-19.3228474140854
-21.18681069336803
-8.364005070257326
5.125657865263964
-7.377333059538603
-3.75704617398274
-3.185078707326802
-4.849576808570596
-19.335704844448163
-13.575270308586047
-14.282897362459213
-17.42778986962255
-17.40988176159901
-3.958890276619885
0.8428521023643852
5.904742190323208
17.344241901416382
-9.66823742027561
0.7910530183340957
4.766930187886092
-0.02704783666604696
-6.095204520552003
-0.8924401059592695
-6.6365949132571815
-7.812302768286803
-7.732913016997857
-17.234552819856475
-16.85181369987276
-21.957675433866118
-23.00734712564855
-8.924798072737119
-7.839830594123669
-2.4067404415164972
-1.724811244432056
-19.18907908864834
1.4303903215648253
3.4699962830409614
1.0326220634042906
13.345758862734215
9.026192535786668
19.175497048321127
18.03912763597323
10.239363728588156
7.37009716061204
11.213268835785202
5.093465424557015
2.7056081416606057
6.576309028721952
3.2983797960947614
0.7426709096323677
3.556555815653601
7.943458272644143
9.726300813467402
4.471838322383887
12.072701767262854
22.405426323075023
37.38261677314557
39.90627460173965
43.584325968497325
41.547815673727605
33.85058253618671
28.833226890621706
-0.8253236151680199
-16.270291240215812
-10.49521847600224
-15.933565320206725
-1.209577454333863
11.72538054552585
-1.3310444453626342
-0.755564536439538
2.7196686463070967
5.409385335599987
10.506716544311065
8.693075560707022
-2.705738931365188
8.015865994011978
8.029569936066785
14.80987724851225
10.463573279705583
16.21876470134535
9.002826550571625
-2.0063517120826138
10.02243676504608
-7.1544044081045675
-17.366342804000798
-19.027378971602797
-26.943907878538493
-38.9662491981415
-30.43135506512771
-32.309983591944736
-20.91030100994368
-36.76880945518229
-32.37438648258391
-32.325042737431666
