-4.2717565562928925
-10.568583117750695
-12.224688309073146
-3.715728742289545
-10.273369276446696
-12.092610066217151
-35.638589912658745
-32.910495923713306
-23.34051746530179
-20.168985576472565
-23.337310523790304
-25.758249212689076
-23.856686952543477
-11.163032317673247
-16.515523789807567
-22.60730241017921
-12.404203188609095
-17.33020085196362
-21.096144882083088
-11.758995521550755
-13.810220937437991
-19.431253883257284
-37.72889315650569
-21.46243867750938
-17.25180285481549
-16.455248177549258
-15.739966198693105
-12.982448583358703
-13.097349099269742
-5.245525217202316
-5.600624692135299
9.382239622851923
10.398472695026255
12.53789167646349
9.724803979836356
-0.1907801833947365
8.674786278165923
9.31633892162149
11.610876079090064
-5.621893223633339
4.093953617593302
8.511017934999408
-6.134429230013522
-11.458464950513427
-7.470027093652804
-18.519150034312784
0.8876075052658206
-5.3707614841300835
-2.058860320360607
-24.545699426660537
-25.1839338080623
-18.386559275521194
-22.754282041209173
-19.709981080758126
-14.013728608399894
-16.71089701611717
-15.69072889922523
-14.488261373288752
-17.320710037965444
-27.58413245256873
-48.6455795715987
-39.61416933520882
-34.03520340064065
-24.59532085310565
-20.859369167119453
-19.466404081865807
-28.58426652007
-33.356476971589444
-32.593072642371325
-30.359750867122266
-34.87348316560871
-18.343222166479755
-22.176580252020887
-17.570257035025488
-15.299012605127865
-16.852771649580482
-18.289206608485035
-26.368883844133872
-16.886133373692765
-24.81767299707435
-26.245531050902482
-16.813482579217155
-22.12246255820257
-27.79560079131214
-29.596418399846055
-26.4995422281725
-45.47217079553234
-32.07330808427129
-43.07915125230252
-46.88888383583219
-24.871081281679487
-28.516990364170123
-3.977234381921063
-25.19114864561066
-20.177822356532527
-28.9316394610466
-9.742639694944096
-17.350629664420563
-5.2155703757943535
-6.695839047502738
-10.880187819798927
0.9746397790285274
11.981786306537547
4.8758340569365
5.076099774821676
-0.17854885249305558
-5.679465823728849
-10.146609606505189
8.91082877840107
-1.4264825040104685
-6.373132043990916
-8.170099839053696
-20.86845057407231
-14.132393082063642
-5.67468776724369
-6.4668795879228345
6.917116183926204
-0.9639171936157336
13.132042642834424
11.658205413457766
18.164005234498184
18.396850956418323
11.708159171728393
11.816899000408306
8.644225850772557
7.953079520366804
-4.034491238812058
-1.4127764280296022
9.280523062633298
1.1495441241649946
-6.299122773184801
0.14572417711862978
-3.3729685917541983
-7.961980815436382
-2.180356478385943
6.8410521071450265
11.17724521108708
10.39260589898286
-1.188204130386607
14.156084740706065
15.966460386729226
22.94596264569117
7.092873890777049
15.174562548369204
-3.6728888573515945
-10.585280028719957
-22.504800794605814
-13.61037216358401
-11.557806490368586
-1.5754745690880554
-16.01343286990241
-12.955280451642752
-5.880230443302742
-5.318097741367867
3.6494961938069665
4.37662514703515
-3.88658945750862
6.150281132648081
-7.877909381520357
-10.33355166162769
3.3141517816064225
10.466466689951464
1.94236995107776
-1.698684520728455
-4.05843450713451
-8.135872866117872
-2.954341735207785
-2.671069753019351
-8.24706805424968
-6.1062844109891605
-10.59389330632618
-13.288875405291275
-22.05410041735631
-21.29138397989775
-24.582316871185412
-18.45441514267528
-13.460591842040179
-15.957350693004074
-13.75876459507115
-18.012797060976276
-16.986283797606507
-3.2450007005757966
-27.922498771166172
-26.558469443864695
-17.740397213225886
-26.390159545156227
-16.810617811140833
-19.53524082654773
-14.571825077030384
-18.96412521375849
-3.802029695489359
7.346180996017144
-0.1672906921025438
-10.897862300238529
1.7181495951871193
-12.729708732247069
-6.4736009902244005
-13.57289522926842
-14.318477761889081
-12.6543269743284
-26.798087622893227
-24.91386404047554
-21.83879709366184
-26.450474933035174
-26.22272229503805
-15.692815111181913
-5.7349160553475285
-8.653285647446946
-5.2186147886591785
5.3600999938828515
6.331345121773768
14.450970428227501
21.003434246447785
25.55158018368645
13.334311956734213
34.323156351944405
22.19567509303738
3.6730829584638487
-1.7271833894872963
-2.1977914293867
-16.93170978787215
-19.277864429524893
-13.349718691267904
-23.204531478328608
-26.816329107927963
-20.635634102406744
-31.663371263195423
-25.543260739770304
-20.440328256923927
-29.633181746505947
-11.231385417686827
-19.450304605980357
-18.364424831227108
-24.62840777011672
-28.328501801106768
-23.929579981341252
-23.21775882220114
-31.44151252229621
-5.052190456944653
-12.46881893702746
9.078882842031128
21.244906062888344
18.006785166660162
12.895736725280333
1.0701972254300602
7.686992420595117
15.283709574506421
2.1034468979581447
-5.361281243373718
-2.028938870207674
8.7735020538412
8.320074343476655
-0.30399226774775856
4.5112607288579785
7.722619005394938
-15.474924789563822
-3.1887075885688065
-2.778889200387108
-0.20022751209735976
-10.995581483339038
-6.682514325816121
-17.99985012301946
-13.768398148808913
-6.4044726060082064
-15.234168983297133
-10.380127914333904
-13.255130503461785
-17.167242818788445
-9.763860389524382
-13.332818298727787
-2.6791710459436167
-9.823098259129537
8.618148630859215
-0.5815267141856597
1.4227473351680993
2.4416576416303446
2.596673628408033
-11.778211110438841
-27.050466634544915
-36.1012161097894
-36.343274988100376
-30.09022177280247
-33.07288502850999
-24.42559741796289
-35.53531297233031
-20.402284689431774
-23.77289139506492
-30.271434502264274
-13.202622524122337
-12.528903726999626
-12.29119723043991
-23.357336480746454
-8.000392410397946
-20.185709607331468
-6.992496957176628
-5.479932187280079
-24.23159398468201
-23.45126724866641
-12.756191929159794
-9.785649610451204
0.8292744576212588
12.269368743399525
-6.6950329873925805
-6.542392179492677
-0.1476840620144841
5.430270501122812
-4.549499867852574
2.9774877438035405
-0.5119773125976782
-0.7607594031526557
2.068569164095869
-10.776259797619364
-4.7777470854677855
-14.504660639377196
-11.656373931037484
-12.368235127171369
-14.418453827269568
-21.484387014544982
-18.486573459320184
-6.845362546620343
-10.541298466768797
-21.513888707339248
-3.0568375232477822
-9.22035797616935
-17.00181685104501
-5.057891852966391
-5.903126011036598
-35.10842469163326
-29.35167592353498
-27.83100593190168
-30.57615012159804
-32.45639045755962
-33.52791749582253
-24.37648138136507
-10.346007441502415
-4.492229887764951
-3.0512106852400303
-9.140772079344142
-11.021077164608233
-5.680653201357293
-7.2799986933353455
-14.82679875760972
-16.919850533044965
-10.046789862987444
-9.511805318752677
-18.033992945971683
-23.20734925736637
-20.286357021207728
-10.591309953605515
-4.7766283882452365
-0.970729950241725
-3.6708568713628487
-1.2727028660939117
2.602472014931267
-7.462981757711701
2.902868820678944
-16.147188722414533
-24.90411103970364
-28.389173518816428
-23.379893002249275
-19.695183848034503
-21.453775901940435
-8.660619717024607
-1.9062193698220524
-19.107390852150196
-11.539122229246555
-9.56928211017015
-16.99504921029677
-18.0168609442885
-22.278301870920597
-9.263273590227957
-17.035386661956448
-15.759812365616625
-0.902198173823108
-11.111887114639556
-19.126072534514197
6.464334933374963
-24.46775688016594
-32.26657614484102
-13.677194466652715
-12.846068125630614
-15.7790336219698
-12.484005175058954
-14.194613005487774
-20.37896639383308
-19.1120292655407
-0.8947107971066094
-4.808288903924363
-2.0050148232372123
-10.38435228088955
-7.591757538667209
-11.537378464554255
-6.572175303973385
-16.118393731146956
2.3900449220111115
-11.860738360354404
-6.1569902731922435
-8.072138136153379
