-4.177612483098995
2.953965949632948
-2.9319600714358787
2.7588113554773663
0.8691460524073268
0.5622733640980356
-5.930429704576964
10.41780410090673
4.2511811191907976
10.574965518478267
0.9323211236662932
-5.015089813192756
-10.412019851773948
-14.512591910012965
-21.57485957901462
-30.35414110756853
-29.12195366231511
-2.813612136154266
0.1501835787268916
-16.09517028310425
-14.890692262566375
-20.34033169187052
-13.01749601984615
-9.51921511386691
-22.52892457128656
-32.05720641534743
-27.77375722839692
-21.968131483187555
-19.71615494022521
-20.472813481017464
-29.327770115068464
-25.078722957853607
-44.08447668919591
-44.54498957943137
-49.78745765617706
-43.97913998959521
-45.37082192023645
-43.20695533961048
-39.3971620316209
-13.167250716023133
-17.237251355560847
-18.756626883733663
-15.343813826879776
-17.402784515988635
-17.957408560331878
-14.131087161375241
-10.575721638900543
-19.22534566826977
-17.400094000621518
-18.367296803244077
-17.13597014840547
-16.497308621618767
-8.835541956410635
-12.749364570916722
-13.947455811955853
-15.044554472757588
-5.788902381256667
-4.71806563739954
1.7982190475602249
-3.5575266612546828
-6.838560092323933
-10.606871727437401
-1.641891359403676
-20.9422954649017
-28.621035903784186
-17.645511802376163
-24.474919976697837
-30.31860672882303
-18.2891229209763
-14.164292294094567
-6.712299745061348
2.81528678931978
-19.053173850956707
-8.721705065638512
-14.692120379011932
-20.999459669515325
-31.10509051234655
-38.58864696492854
-43.51344392153121
-32.78087711266267
-30.56010371524492
-27.41137847330813
-25.282838860865823
-25.382386424924828
-27.064641663144986
-21.31162459953961
-21.155049650182807
-39.445821654118404
-32.296387448169874
-23.81182284758183
-13.797789345451283
-10.906950069315107
-6.1179703447084055
-9.553994823930417
-17.08376879123199
-28.290066768932782
-12.506520132661715
-17.550108616526007
-25.89507815640626
-37.388321836072606
-35.513044649560726
-31.40467036252739
-29.446936280247087
-12.500844006141119
-19.95180805938097
-8.178759262766441
-20.350432007716087
-24.31513931790709
-26.065736128495807
-33.56405186666112
-30.09053861591448
-48.921978615922896
