-11.005149033582194
-5.397785422968843
-16.957698668380996
-7.6385601048835525
-1.5660208444956398
6.883618725885989
20.832941959402753
14.096789717100494
26.26728194568521
20.51299087683732
18.900421322920227
7.310214650305888
0.6890971289290201
-5.140626575689137
-7.0682872979400715
0.7129147208932602
7.051773009211838
7.381081702436582
0.6302507854167501
-11.112345286277792
-8.383373655650791
12.002065666214614
2.6989660487661533
8.02727247321874
-0.4484742211035855
0.5767301578054599
3.123139483272304
5.360285850477847
-9.996963535430783
-8.227000019160675
1.5123572781594443
-5.030132690259774
-2.7740447177449647
-7.726309486060235
-12.497626889300115
-21.595784038579822
-20.581092513920428
-23.6794801109638
-26.770025521700806
-38.94089194662979
-30.924147536945387
-30.540922982958644
-29.30999395363857
-29.83397784111037
-20.164990108501012
-2.886811618701942
-17.44156613502414
-41.55261895907466
-20.587611058793186
-27.293841575180906
-23.66750686442539
-24.27040395328693
-25.021784634042916
-10.671962435480783
-8.212913038159455
-15.430206902768331
-14.82168574853558
-6.197693679978727
4.498112543798054
-3.366595072543449
1.3372017946116863
6.784360509388202
-2.2849018595197137
-13.243653835400016
-2.8454740677671384
5.919319538713385
-8.572361839389702
-20.934344313470493
-22.36417285500036
-8.130980594679421
1.3872048591670068
-2.7002883697431344
-12.141172703427243
-10.968384928651195
-22.64773563287373
-23.06075263879186
-16.162585164514425
-21.44752057744044
-11.335706507120493
-10.600462613672995
-15.709319017889776
-6.694749064828369
11.04127776559303
-2.6249357394888206
8.817666878185287
13.717094215198376
2.8242101447683363
8.264006961944652
11.395614665939732
15.385996848557689
4.588398659384789
13.615916036409814
-2.74898176491764
-15.73676426231656
-24.58375923351473
-15.10457272944015
-7.097834075295099
-16.514721243388514
-17.73270034031868
-13.758185687350107
-19.844372778937995
-15.55480118110176
-4.969772198538053
-12.198026829217214
-11.031753578125192
-14.92629363162677
-12.221187674628803
-26.124012292967354
-18.647596308615967
-17.62610965070737
-28.90927890070027
-28.14846650587687
-19.06385779024797
-20.07345101742836
-11.257867397283675
3.8128477252287336
8.017988773258429
-10.932871288595186
-30.34113223678727
-43.36720955370703
-34.96186732756965
-19.707886640603466
-36.37286666603279
-29.96360377174352
-22.648937574512953
-20.996695452145413
-16.730881174851394
-30.2375423898386
-47.48493145433874
-31.758405743318534
-14.645973557228075
-10.925132049732603
-15.990293806363109
-19.487401863702704
-19.36351141172629
-37.23603581028736
-39.678089258537675
-45.05136582676764
-34.76346892745871
-33.87457499145773
-36.89453853766507
-41.85578051730902
-26.30776116001327
-15.168871432658039
-23.30601918677544
-29.45281300833075
-33.678997872583594
-20.888158499489727
-24.63994446723247
-23.620895931403155
-23.397085031848363
-32.662069450575075
-41.74514020999336
-17.049431754326484
-25.58206335189553
-4.657255529080309
-17.546150771373544
-24.091214608050088
-19.230726334623593
-24.713759865571927
-21.896581300280122
-29.191443001727396
-17.937432965872734
-21.324879729486142
-2.3464311904585315
-3.0492305170722886
1.6461824778368468
1.8523249579694019
2.4373871751759677
-3.478310915465436
3.6559297246874936
7.603590539530709
11.708209651357812
9.859750781858688
17.15839980632725
0.5736447074454812
10.992528725082948
24.506627483063816
1.4435396672109035
