-29.35110938749171
-24.08319210325071
-8.73921030339283
0.4260671841136322
-6.908500162799483
-5.963946466475114
-3.4264662885742925
-13.399572176069546
-17.566997729223143
-14.436356847374649
-16.23122798027226
-19.73239467378547
-18.311292726716967
0.5140793706191384
-5.684443946287888
-2.8358474320381624
9.796997415907855
3.8769998091577236
-7.8859416018251265
-17.287285426084825
-14.507865450488456
-2.4852264941201803
5.063678114924029
1.8100538727547248
-20.23006250446554
-4.566547732664102
1.0869567330025502
-9.764646081279349
-7.508461040108383
-17.886400343844148
-19.593444655342505
-17.035288060094906
-15.226330431600426
-26.75416186528995
-38.95808091533603
-24.399936775467022
-35.041067867492124
-28.09575226839311
-4.531424425316131
-14.356427463604074
-9.20773703426659
-14.079857856212318
-8.357923418583862
-12.386487471090085
-9.893384931811301
-8.85743795572313
-2.3068965418825726
5.094634077505541
-3.4545585650709603
1.6951551286461857
-1.7982918634395346
-5.992092233714782
-4.231327799460601
-12.796407620944226
-14.51470878602126
-21.776125435751048
-15.145655094328186
-8.944901935379749
-23.02959471989304
-20.5390910766654
-32.234802622006995
-19.729766442515487
-20.937651298703283
-28.663475072992657
-43.505446680640304
-40.647038267372544
-37.98515564150564
-41.644219203551174
-40.52029830435647
-43.6097814272281
-39.8370775954774
-43.1828807664652
-41.6384554587615
-34.231205239852905
-33.441715793784496
-24.664383414596546
-22.051624659089953
-36.93003680862258
-23.559442018049225
-20.322461664296068
-3.5918517214484535
-12.647897635495395
-6.2849796055353835
6.8201438168298845
-7.492117254081062
-14.057238412273707
-13.23178931267616
-17.13693805856663
-18.6782258583922
-10.529921254854024
-22.584681044708
-24.019748567958242
-20.55162748928758
-23.632712355323786
-29.764801510450567
-24.437965761148185
-28.31092653787789
-29.19199606931331
-11.447533324571152
-19.59195745148253
-17.435197941623066
-10.789207078783654
-5.372241171425191
-14.77515461801898
-14.669468196342027
-0.8240166475176651
-3.4087297022504486
3.1232913556997093
-2.1901658765852
1.612857927746734
4.304036064044027
-4.169722851528911
-1.9327869180038324
-6.547908865645425
-7.3877675484335645
-0.8559604637447212
-2.425226802958358
-13.300758008235631
-20.02733707735624
-7.391673796921613
-0.20165998204430094
-3.520296503303326
-2.5261440554464847
1.505131804721222
13.597473079248102
5.190528675585212
-1.1752446550917228
-3.351689463374804
8.091000535868773
10.200876902557722
2.189311779601652
-8.47919122075575
-14.727551571270313
-15.639711162411597
-22.498628532617893
1.6166117564059796
-3.1358376676252844
-21.773110163666765
-19.600983085090977
-20.50428835925395
-13.89533965196535
-15.774173852895125
-13.68735022052963
-21.766323319797827
-20.589248750427693
-19.847081648193907
-16.153946772369498
-17.066441314903216
-7.162203541562919
-29.06779143624373
-19.651864176837552
-3.203217889081297
4.431799899830547
3.4743546204015567
1.8868245198632732
5.462269924092394
-3.285524445922409
0.9596847527599404
7.322809735985576
17.480143646565608
4.7752173261673665
0.9912244242781983
5.4732648223333324
-3.6976749908604867
-26.244529598191985
-29.13424562115001
-30.01179227669396
-26.57959991026537
-35.94355071896554
-38.256297524146795
-32.80330019890624
-30.941696675346734
-44.50809556959477
-49.08809934102976
-43.477036084974976
-48.0999093828994
-39.52535259595076
-35.4925621828649
-47.261366936418646
-46.118428740544644
-37.367448004676405
-34.935675927244155
-37.5383503770119
-46.16246881518886
-39.00913668602789
-30.780767969352173
-34.30916310539408
-32.74201773484623
-10.840683546376647
-14.360509762509572
-24.055068216510268
-21.46959320288989
-30.83600337674594
-16.919695864360925
-19.940844011973432
-24.67842849984889
-35.87100657157849
-28.07024734959363
-28.65597417289488
-35.0775024726481
-38.142888182918476
-34.378127259929244
