7.878675170152005
26.368295277084645
22.276828680491814
14.572485199515528
9.620934198497043
-3.888254055679949
9.857752663342696
17.60874518229648
23.874692442148646
25.633959671004483
32.26402465427125
14.854154584806516
15.967069657118564
13.494262819431846
6.215895726303768
2.798760051023783
-4.925143602290998
1.2387921553892558
1.961725424709417
1.8286000371145807
2.9592882767163724
3.841805323255052
-11.208742164137476
-6.186469164859057
-19.181371675065478
-14.182697573029895
-10.690577284485427
-11.739272412354612
-9.928785278519161
-24.682827004611212
-24.876264950330533
-12.2931166301737
-4.3790110910769995
-2.054313760941456
-4.485193960064414
-2.6933598878628304
-1.945150620653812
9.115897602550863
1.8954008216892424
-1.060354214179272
-7.68804271083562
-3.655130866408704
-0.14904832445328953
-3.40682651495648
5.846528210409947
5.771809511087389
13.882981773238205
4.829129656199688
11.22108529775826
12.499439870324116
-6.1977158943010755
-1.2824623269460844
-0.24332727060293224
-12.962367023703006
-14.331383376151226
-16.58215518786835
-6.792571130906546
-8.012125590285232
-17.77648156783507
-16.77212621961949
-18.9666278752213
-20.512239025628407
0.7939677330905914
10.62600360053449
10.070427796859914
7.989732315108234
3.996341913056532
-0.7317314961752225
0.19349629430592555
-13.992164297213066
-13.17068577093132
-7.937582769629412
4.139585306181212
-0.8904731843192808
-9.734674866315764
0.6061865693111634
-5.871229493254298
-0.8266703672289949
19.230617034902195
18.854623958969697
26.10180265212746
26.553725052340656
22.575686664876343
23.841300760396763
13.044933853543506
3.8552938286510487
0.7007496402915152
6.468087626157724
20.700527256045216
16.335402816110285
21.443356616712588
5.554837741833452
12.753786362134747
5.470895383474627
14.548366557320618
-10.365568697171248
10.164510354836203
-12.436510836928306
-8.118149280855581
-0.10511388119881797
-20.764099715817064
-13.081327372084877
-24.288374920462484
-7.329538710994015
-9.355480628387864
1.2137199429598886
3.769893838491293
1.0004180642529088
2.384802129369927
-6.2572120134927545
-2.686327329289899
-2.1396770580721016
-0.2526950789103931
-4.870345803209745
-15.821573813450215
-13.4286929514065
-1.5886461857084249
-11.580220817494006
1.972591473460615
-5.149717861875074
-10.09429528414242
-16.69390086959087
-11.755672863341891
-3.496097557961257
-7.115218100211933
-13.172027734631321
-12.866662256660518
-5.898576277809137
-17.960480996757354
-4.26676029769604
-7.570031586894784
-3.695743591390396
-6.405668167848068
-15.061399021381524
3.9227086556167103
13.150468031514315
3.1870356908279627
7.133950862815298
-5.897743430196303
1.5677609445998342
-12.803110867527964
-15.024758347194242
-6.253996524566581
-2.982007262014084
-16.478543952136803
-13.511993204629016
-0.14153434603192175
-13.231509185685134
-8.72738848317311
-4.118176566453291
-3.3560715137307238
-21.265087012531513
-26.900495779170733
-27.383270556615138
-25.69730031078813
-31.052024882557273
-22.185842173963216
-13.693657995504534
6.0722380340797
-6.055948623346968
-4.965539450054173
-8.676208520711302
-19.951555538983207
-13.830918548171045
-27.150567673565227
-5.310315208761535
-11.306149649661641
-12.10324035672868
-21.868362448297447
-31.8451381037459
-14.7884768708548
-22.57551983621215
-37.61827146672579
-19.964789581286254
-10.004490125846797
-22.268115434483708
-16.582630270228883
-21.46781778659053
-0.6407290646331075
4.771947221625334
-4.313463639793324
0.30867960842273384
-6.973609551855963
-2.2973967128517683
-2.5950892535229464
0.4548247992722753
-3.071334527330653
-6.965566956622496
-8.734983808534473
-6.2918982701080095
-16.218372217975162
-24.421409251902052
-20.54346540896939
-6.756391384798968
-14.936934904866776
-7.2724152224729455
-7.3533759841550985
-10.017199903452179
-9.536016184733636
8.724686569127101
-14.04183165180554
-2.366023972586111
-2.294862424695079
8.440841693229505
-5.117943426632502
-13.213603190104216
-5.367645412903738
-11.351196779923313
-6.5236162714293675
-14.688168964993446
-12.93616978034141
-1.0664960363849445
-23.51035667860135
-11.770712409180039
-3.8727415381820314
-13.934171036034813
-13.549095833066367
-6.021024785522431
-7.024390007670204
-13.913548504207482
-10.221229078488255
-7.9242940455113935
-12.553477717364206
-6.167914369355308
-16.55158922467303
-27.399904138271545
-32.457933341272074
-16.011949901821144
-11.352745522592134
-23.68504199559317
-19.70871284285393
-19.030833396665763
-27.099531676628946
-19.732831874144367
-18.140465396739444
-26.30079050592135
-6.688243380422825
-10.671441803151897
-9.59203254444439
-20.210386756437238
-27.4451723304873
