-17.143638234744785
-16.597234977357637
-16.82277849366272
-12.15980913589937
-12.682045461321533
-15.804857787421524
-2.5990686524248807
-13.944783791779006
-15.05061069887768
-13.448821252220785
-0.5093349267381948
20.320486920204395
21.474136521863166
21.373836304937647
19.22261852300076
18.816713494100316
16.505963756631417
11.656599292122232
6.288151423847247
1.7882618731329427
-0.7508510344824962
3.1157733073365
4.627193345969818
3.3288519919066184
6.709320443657871
6.526073954973656
5.805166019437957
9.080738673342099
11.787853941265636
9.50234082044708
11.255268039209833
11.918771014248273
6.936127200544094
5.529709683081144
9.588268194796989
9.352527317009221
9.245223249294773
9.002485001433458
8.95807456693357
10.537082163713112
8.469789222941946
4.5000612219297125
-3.7776359422863575
-9.395228266471738
-13.055184880333645
-13.2649264258749
-14.54358289525508
-0.1316131191964965
12.847021585049243
12.913440203210714
13.0202032213467
14.805269811267294
12.357674481461652
6.676279892420419
4.27491530795722
9.152598971590034
10.012187735568952
7.0477282763690505
6.73424428239616
13.416292275439652
15.610750179291465
18.795578456024398
18.742645412231603
19.35309509926265
22.264916177611074
19.268958114647315
16.431071261969375
19.07720634067957
23.500527051252714
18.039077554137947
16.439778056531864
7.695421050542143
-0.6089911597076173
-7.022251931408786
-10.326929214556321
-11.074077212991076
-12.06652571420292
-12.8132879847861
-7.701048641576039
-8.2905970522875
-4.055450922872939
-1.3759984633156317
5.098338885282267
16.635102279416852
15.002468718202026
12.527840462149053
12.028735810749426
11.442845261291886
11.482163546069694
4.577545427919183
3.8062265920404816
2.9005456510919814
-3.282767094362061
-9.3456532086353
-10.21598629404191
-13.181830046886075
-6.937969476671904
-4.495847508961885
0.4395409895885965
1.4520612810868103
4.069997061342238
5.001937471952188
4.691372009812469
7.047844434216496
4.361167648949393
3.4567861139488234
4.2813973404669134
3.8373715658792613
11.783111843496256
11.739141380765213
8.86158255105972
7.78079045315437
10.85165757176394
15.33261483861922
15.356566650834491
16.78158558830007
16.155214573885086
18.186968105803754
20.28743310794605
18.235872977763574
15.94227363059741
20.31044897297944
16.21539297769501
17.726109490278958
9.435355260997024
9.250451208086133
5.432560133311572
1.8877084986439137
-3.171673519533305
-12.138447379162624
-12.162741948675931
-9.435795352513884
-15.928297366512759
-18.40903971492435
-11.552755539964233
-6.099570038826284
-6.396750577838645
-5.555998635617942
-2.752408073739047
5.875027527895938
13.064933203265662
14.32565892812171
13.107588992496774
11.049337054054076
11.872798304957454
6.995198192943468
14.297554907610063
15.597492004817374
7.224777071833067
15.039649836273124
15.811515441736127
16.362984709058562
14.555626096026762
12.052971800322327
11.408194074436375
12.70889057799582
16.5821498537567
21.005308398968975
21.719945906607986
20.89935258406072
22.882498064343835
19.823037970082584
21.836344215388337
20.297511037721023
19.584752496218407
14.552902615253569
17.39940248006346
13.053161760442851
9.107165186882144
7.341253930436786
7.630907091651642
10.568625986476542
5.953812011609571
8.056427950803316
4.748322947364152
-2.3616417940751657
-3.177729927539433
-4.118311629066266
-5.885501078836435
-8.29827296287538
-14.550573400446398
-3.5467657413592137
-0.6695164335138255
4.445181345547812
7.7163765303610035
9.822828180825482
8.481600568811448
2.1607691651591217
5.649827630929719
5.073130810250023
7.6112207789040385
4.6662595793177175
5.928789980657912
7.863112656478732
11.210535243332435
10.452166865724495
6.748845371427256
5.529871501783021
0.4074640564668226
-7.786464343161403
-22.89526023234304
-32.59652632717982
-31.570431706914526
-32.95869050317998
-19.907736587387834
-13.548703287911307
-5.6704418693540815
0.031371932862625164
2.6030474167827755
-1.5453723562151114
-3.5601623354985974
-2.8736859365865266
-1.8526704297997785
-8.76267744859545
-17.064024119172338
-26.60783589865365
-28.11326382966877
-38.70878481935388
-42.737181277715344
-31.663093508798376
-34.4937934180818
-33.51081843149471
-34.82199690383669
-40.225119516316994
-41.18409040015885
-38.683200962276366
-35.581795575133576
-35.74747359447525
-48.70607045935601
