-23.170981263358893
-22.083767686410827
-18.661230384907867
-24.79582740186699
-30.305108361438688
-32.33017169306975
-32.95391421183453
-36.153015693069655
-35.61557602646306
-39.68032587012717
-27.78521683950614
-24.661356600392185
-29.76344942127821
-26.983627866538445
-24.721755266473647
-33.16715716025485
-20.0618741194825
-12.894195808512642
-11.059779594855488
-7.272756235415597
-6.702458493701685
-4.569616305190708
-3.485512829787956
1.078673719196862
8.006130256598588
8.570061497166806
10.793589817257068
20.899397158177212
16.11673004818942
13.861480602846743
14.656847809344196
17.662658378202146
14.69091377643092
12.701549403801579
11.10030214161876
3.983734781912245
-5.2548393702580185
-15.591025932540164
-19.842081874578234
-11.301940569959454
-10.852512972198124
-2.8706585284428288
-3.902172796240891
-2.5614714277172057
-6.097356443533593
-2.5699072780492216
-4.044642287305373
-7.511354853458062
-9.42220365410346
-6.282344117533079
-4.038427285868163
-2.52005015020042
-2.502571755356352
-2.976638749607213
-0.5383675961912714
3.093337142974527
1.729034670705086
5.869920986071691
12.627595787793465
14.839056508692634
13.568063918477005
14.639371043663607
13.753316847419374
14.040430232013348
15.722129527196824
10.002236043443919
4.843152900376376
0.3692519182755425
-4.979938149836597
-13.491187737615824
-15.548800963261426
-20.929934996067523
-25.5669406654672
-31.197367817194184
-29.295751592247086
-33.312913765391194
-34.89567345704795
-35.27442004069362
-38.37440099352236
-36.73903732455201
-30.84125110554236
-30.445253275306417
-32.71149638156173
-32.66749949231988
-35.38329600102091
-37.97276678276189
-33.34345526391143
-32.08020380279319
-32.96719132908154
-28.188820048308163
-24.631657110108446
-24.30685192177856
-23.525203883161076
-24.87656808071148
-29.494966765555247
-26.264231063876252
-28.568982500589165
-31.111203370486933
-29.540539137613806
-24.714990205050736
-32.272037365967954
-36.885969892980754
-52.05979368166583
-43.34323717349191
-25.708985943819567
-12.571062306476591
-2.0781013404987783
-2.5067488734087284
0.01960263953156459
1.9880301850349067
1.9454400624394523
5.104758601089658
9.748131469911348
13.91406269764293
16.415662535652455
17.298554237678143
17.538911721080993
20.41847959212902
24.603168378673352
30.450372239126395
20.68110802464274
20.162530478415547
27.437296920412923
18.707368684626672
16.373789533817153
17.073207069889754
10.506525175086637
8.95857449009933
9.99607614996269
10.071911758264447
6.691274458531214
5.774205515757086
9.776015323282683
12.218018499977205
12.902789214188779
13.330290172123616
15.898433424449953
15.427023634052588
14.457348753956015
19.37270185268003
20.783607131745484
19.36822884201968
16.69021640951707
20.37575475308045
23.86051265834404
23.795484470906125
19.749125256091393
18.238793697345915
14.463898707590987
13.878261880453609
15.360800889872609
17.536903209653644
14.39770055212738
11.841887875327325
16.81040039135593
14.021432825569669
15.612882057577455
24.13685538397777
20.23373827911005
18.194789161176548
15.909579517307275
16.14763342366583
22.716892317736395
21.541214416055396
20.818440517061628
17.83054427321861
16.927989856753744
17.604981089251314
12.392809192085664
12.291351235614915
14.601608353680039
15.531451932905377
14.029447741236975
19.78595162682561
21.005955125470567
13.400431103777732
9.555334317020199
2.859246211585478
-1.8025960154828096
-5.235270195407684
-3.484573722206587
-5.3186979456913095
-11.096373997366598
-8.021292195187982
-15.794634450048894
-15.232766707097499
-14.921371045267039
-12.551284875154705
-19.431363480016643
-21.021197091132066
-20.291863852273696
-19.96900021588197
