11.408664407854232
18.1341808446225
17.753029822816703
20.71958363271213
17.053504518493284
14.529150744021376
14.86970380724361
17.767998292026068
14.76250515226691
6.563260944315973
-0.9081307241871592
-8.009831881756751
-11.579028697518602
-23.05627954407849
-24.098092680089692
-27.824015095075477
-30.40046604647273
-33.43056330114817
-30.61003927513564
-28.31028663025017
-26.515991402845177
-13.435274457029712
-3.9902686047355815
1.8775450424583544
5.945424966929581
2.56983182929368
2.327310049886368
6.615268121793108
5.804889910183654
2.3715230183188902
-0.046790134322654435
0.4034332238234137
-2.5391684808824904
3.017472324349745
4.004189943651703
5.194538779022702
2.4355354913957497
6.724034146863562
7.4977980431018745
3.96313894716453
3.185691801955855
5.1690886468394925
3.122932345097933
5.520920247136995
15.476185439793785
20.914580111679324
21.701553490945926
24.502856345880605
23.4560586457402
23.672562765579404
25.709597044673124
27.247862904725327
23.27764895980269
14.373051662539739
8.372592256877839
6.0510957922740625
-0.4739562114931984
-12.107680666462253
-15.749698014421682
-20.702326673425244
-29.034478145500163
-28.984926165932627
-28.695379669562225
-26.98652579436481
-28.279082535371014
-24.11851952187061
-22.50251403792285
-8.134547502266702
0.055341260019266786
-2.63357479285666
-2.3256451899408264
-2.5684131367162446
-1.4471519362016418
-5.492567297662647
-6.864848055004238
-4.509918221784535
-0.9488354353055364
2.589206088373695
6.989295299389562
11.562806836461125
10.301177459528462
8.657116814064826
9.209741164853789
6.5430729634740015
3.5112659859255184
1.0550007745248429
3.9479336252732624
8.623247058291877
10.590160161098886
12.574229526491187
19.768102090522607
23.118430396075038
21.13859969395336
15.968599024332395
7.576957208554232
7.659075580133913
8.964087871629626
5.725378002946331
14.02770091371123
12.046325009333193
8.874899711153653
7.751429335940367
10.67361308815333
12.31356910007762
11.58033414975922
7.694160427406482
7.687958184428562
13.618316218591971
19.06020093313813
15.445008204250176
14.424801031076177
8.204580445946183
0.012698768319107838
-2.7687666223324667
-8.228076522792403
-12.646893627570787
-7.22852746862249
6.3934552735935135
11.635069166637118
12.077259013372323
20.421506605491587
25.234241777300443
21.38166926277562
14.120582479591505
15.23477681115134
15.69373773491189
17.034729822971205
14.38027358581252
14.745868092947953
15.718690303251892
19.740203192736985
20.260050021026125
19.47137337570863
14.939763025912848
21.22987053273785
18.30586400952729
14.841242326222455
8.669557680678107
12.450051388799032
10.745982036116235
12.365107530702515
15.076612947385225
11.109565518214357
12.221374673618195
12.855803470163341
11.850570669126446
12.4625489224023
9.792485687311864
7.75492786679908
17.592190558452288
16.44654425156499
14.17639150458958
15.018363306536
15.121964611993546
17.422522389078214
18.762845200886527
19.559948137682486
12.543118674835494
8.565187178746621
10.883775633788094
11.301149519394775
9.586457490234038
9.941203671519837
12.490610121068892
14.577996991023056
13.234056090353096
15.7397380317379
15.239981850561149
12.805513894450163
14.698140162544803
16.902455145631553
14.729742058591409
13.65074622288768
11.957032004728145
13.06200111288384
15.363749900250893
10.233178623161413
16.996486982582176
3.8757331518448006
5.605205120213754
5.591880146452723
0.13409684756790113
-5.87207305090218
-7.6538621178802355
-11.251966764792328
-16.338717023900898
-23.49282197462037
-20.366748557673294
-17.976494598773538
-21.734564679186626
-26.854697423279823
-26.457327141080903
-20.34484969084
-16.506608461838862
-15.489441806236876
-16.566614352591063
-7.2330194251637865
-1.3399638558985536
-0.5506402232052363
-2.762025442868835
4.492949685152094
5.396522358871702
3.3338534171611327
2.367984911527113
-3.045417697642704
-7.004838348090685
-10.212990649831527
-16.248254945450782
-17.55147873533207
-22.590577990533227
-23.06064944934282
-22.557781855955124
-23.68161316259394
-21.365739630493906
