-32.8415685926058
-33.95233820088857
-31.176637935917626
-29.90792849717327
-32.14910971952249
-37.2746827801929
-36.39737741661651
-37.4529671564162
-40.527958570971926
-39.736838441244785
-33.65184534047317
-13.074706198271153
-5.1075873441024315
-2.244811987632216
-2.583001113202566
-3.084020898457027
-2.9344470011775483
-3.6460359130157727
-4.74908376555445
-5.830056208263519
-5.409494784775438
1.7701777191253072
5.35573453923694
3.5228499702032687
5.890739122649858
10.4238011134666
13.05621453312433
15.615849319076409
15.63415560258817
12.446447257718074
13.79933285206067
9.871312749450919
7.660575287309903
9.744903998822863
1.1181650057560937
4.977093836435954
6.543393382686298
5.068287235570423
8.482402257034169
12.267332215143144
12.225699470346875
9.049351787378953
14.703105577485314
18.647444175315535
17.40701496119493
21.621292189399853
23.78697244835281
22.21356083541516
21.30036987881884
24.03621756641789
23.515505128909965
26.007809508129398
19.838797126747018
20.65875162216226
14.154084116908331
10.728550166608388
18.546098360806106
9.71672918645418
8.803984254576392
15.015654316148085
14.365233383725867
11.187923685867622
9.567048497125171
5.207876125460234
7.3840895760219745
10.027009716646381
10.74462558666334
19.719395269417824
20.53246584664272
23.505895026570894
24.11713412124209
20.782994847247654
15.091631990575955
22.465526899022866
27.22383834336903
23.266985113411216
22.58342428969111
19.58655217244284
25.468072210775546
25.452893223588966
21.19018936156848
21.223385935471818
14.968154598761224
2.1090246828289985
-8.784921104999144
-7.282111785792713
-9.598664349038453
-9.47413136989192
-0.428556789322104
7.204939991265854
15.07103225729862
17.145707988580956
17.450653967100934
12.360609297782451
8.997733797023134
12.002456087231655
12.889150928363614
10.969332279410825
10.719028224656686
6.630342925624431
8.297585367685517
8.65078490446521
7.258127965817048
3.3031344238489893
3.6010185265794217
3.315377789082157
-0.3867750352990363
7.130076514474942
2.1332836362019574
-0.3204732865124693
5.725704906625755
6.819067501324258
10.35585186794389
12.449865545763831
11.081039207197614
11.536277864734185
12.261231362439482
10.563825720596476
1.0818890108697032
-8.436223021590399
-14.849038620739375
-18.766097608829853
-22.59248029042449
-20.68178224186743
-23.05249499035027
-25.775104682723608
-30.85196153165585
-32.886329183921625
-28.8475993495392
-21.166789366138502
-17.269373555781723
-17.919242099449814
-6.1547847248578975
-1.6758476559306847
-2.1048378663798637
3.0523903258743763
8.909864998891129
12.374195947744393
15.262152018763791
18.988213656287797
22.370374899559163
23.315435952316733
18.117949201257762
18.608754016724752
19.443904521130786
18.837006644839608
17.196675287786793
14.9855270486154
16.3449597968733
13.476767627327778
11.67202995048723
12.6888267828999
15.102393987714533
18.39272901754148
20.48079807811396
18.35829961769111
22.559090375292417
25.42276467858078
26.805047604389802
25.76731315770037
19.526371010179265
17.5567581802502
13.31308924159057
13.871950948663812
16.81368332826592
18.706309398648862
18.300398350162325
20.121276170732127
17.763560827902406
16.68373749125307
13.742142569043127
16.87547164547344
20.602413857425514
14.081716482706161
17.474008334316913
18.918855786904267
16.535346543308158
20.394386956377467
19.38263169984369
20.74436933246607
13.460900591131614
10.129316979149928
5.932028301279303
6.7334861256597485
6.614832674919957
3.1495733050728125
7.68959317314545
4.9603489969941545
3.0577672962019986
2.6395776650771183
1.214120101862853
5.821730418449182
12.544577460907107
18.009867168685606
12.027513887556912
6.416591819805699
15.965374709915814
17.37986128996128
11.710976843545401
13.387822144832471
13.031804345616136
11.499009403015014
10.16113777552312
16.14614155027829
14.441243042950067
12.07539686207968
14.576796207791505
11.16044495025194
11.850751649828453
21.09878043272855
32.041172930640315
17.696081434860286
9.313266664180663
10.602625915906303
6.724844903413385
9.198118241324488
10.39656835052065
15.152103376123886
5.9801767789296765
9.10741070993042
10.148061827522367
8.216168234313894
8.337289118326607
8.45054694521352
-1.1720603704821786
-2.9868691633548536
2.7226244429249764
4.680229135200934
8.180153229379648
16.747699441490937
37.16226101012625
26.746494276576747
23.72308585451193
23.091514277064928
18.99450857596071
21.666201618903607
22.205990696010343
22.543069994014047
21.85047096568635
14.341220935002134
