-8.11840124062298
-9.250115252622642
-10.412655818214525
-0.6989442962136363
2.450748358009734
5.329419156984327
13.60002577287317
13.379414905628295
17.336216982962355
16.584764267453462
15.549419825232766
14.641688941257108
15.56673026129365
13.091404466732929
14.467842221330258
16.016557563146407
17.4998908955504
13.168160198759043
13.771599824480171
12.00853095910043
10.773333810394128
9.549666031956187
8.4787123983309
9.083326106480836
17.054550560761758
12.616582708873556
16.837738820906438
21.56931318766496
14.766868143498721
12.414064363730585
11.177315694799885
15.15363396721924
8.086001382788199
3.0088907834311667
7.516628465990079
6.736423270654888
11.545981145730654
9.770837071248446
6.1449899564199475
6.185074374533076
1.4472624091995472
2.060006218833648
-0.5080965792034974
-2.6771881566410407
-5.2437715195832535
4.969905330298457
1.2831020025626685
-13.728772426817555
-12.622299466598609
-10.950575695726585
-10.282661626394859
-10.908582215031279
-9.409925943806773
-9.924901239920862
-4.255626941493569
-4.143389682662606
-4.059379070335094
-8.61105070718226
-17.40735404864457
-24.251928365828885
-25.15459102762528
-31.069872886264115
-31.823528273510355
-27.33577456786445
-23.751408209040715
-21.228912125600267
-14.503246968111455
-6.237010455785795
-0.24653489432200876
6.149123105130695
8.663044695280977
5.230391076976559
5.6676363589813645
9.973980904627203
11.411422169779474
5.885041986917898
13.007296511170265
15.336967664221838
13.776686157436714
12.701977269336494
21.111183696566837
21.05352704583171
17.386382713127524
19.341793428225763
22.049864327488535
18.49816556094777
10.183171932528273
5.223154097335353
7.791445492065778
9.506595842863275
11.3623370024839
12.560208818100465
3.996640410630196
1.234140136836364
-10.879444902241902
-26.37349382360095
-30.456529534263574
-27.750436841758297
-12.5629695953419
-3.015496046248449
7.57947791912161
10.283957717700133
13.574312454371658
22.207744410133422
23.703143893243734
23.021219307860736
22.88245668318117
25.11970997209044
26.63843404406059
18.649234242783642
13.98527105459532
15.27951401079651
17.94539414783777
21.592635884876007
18.874533467459983
17.013771354184964
15.467054956026445
11.691612759967413
14.733031731998526
15.93125586263992
12.915394842033596
10.600255267246316
12.327709918717876
11.145188032345626
2.9018448142534465
13.470576226442153
15.148647716499507
17.134905860059806
22.013536387984534
15.42033759780741
18.775699467946136
21.72101379191892
23.61928018372009
21.47585816154129
13.035962682749538
16.938451221654695
26.147685772440237
15.236531535947993
13.357125685838186
17.08010274233408
13.850835190871976
14.431564939673095
12.908393114424513
15.912968344970924
26.878001055226804
23.947628950653357
27.66904174195539
26.023153132482843
22.7169349880628
23.976788742924718
23.427627542826748
17.316176592747105
12.86825386169187
11.812151610360491
24.055975999075088
22.284382172806364
22.879500021834012
25.6656683135308
13.490255890768877
11.754038169599605
14.958329999432115
17.703094379063522
21.228444213296186
14.77315209151215
11.678888914633804
12.290234445866028
21.42670379295969
18.89779905792112
19.9834521956462
15.951944860303323
12.882826920783868
10.902495466844806
13.215690814399789
13.051072348579634
14.825903067514846
15.59390982715955
13.667518927964506
11.459324139027764
5.8057887163315245
4.469726121798511
