5.2899427784660995
9.002141092387507
15.743030314128609
10.696594919090506
16.519233557790955
16.483680235483973
13.846558462858512
11.297966476763618
7.110631286894923
7.160535950148245
15.807805304735243
13.026687980720775
8.189696230774317
7.758289706272318
11.803055309030366
4.700314633473292
8.489363636817021
12.51481152271798
13.241163410122464
12.472417961349404
15.064254172718055
17.486684495215563
14.431906202280393
7.414427170641375
7.059074993163457
14.465298804307736
7.908237285999221
9.313087967852331
21.77233097010406
21.596451533100925
16.89296849144346
20.599600808589802
18.22153053724065
21.48422706126824
17.75093276902045
20.296001336316426
17.050533453189388
11.203699534922194
5.1728580603919525
3.044694564404745
4.154705656184452
-1.3947068267921332
-2.4211293484390457
-0.27486179043118325
2.553967258044504
6.831520544811312
8.127731959618727
8.971486000404932
8.086059806332964
4.027176355679204
2.3528036523664584
6.845453768514641
7.143963055807115
5.622404007052885
11.671668435102443
11.279197731534586
10.940880338022511
7.805137823629653
3.899465329710982
1.0300588207955446
5.626857506515013
2.120302459421253
3.3488332079658627
5.242683026048667
-0.8205057283302098
-4.753749541989116
-1.308748706157075
-16.022878862491556
-15.218951712715045
-10.316270690806487
-13.040384085954758
-19.886512029469593
-27.058344810722218
-39.26911246601429
-30.185583632369195
-34.236534830824255
-39.259893916620996
-47.46008941113777
-38.787157008550786
-37.68346278192172
-37.4388976775369
-46.63041976848586
-42.012408325721175
-39.99089548642884
-40.85679707470386
-39.05098978767502
-35.241111724146954
-33.89114124182581
-34.435356977534624
-23.677346784108572
-6.492762474245428
5.053686610136531
11.551433242299426
14.525314000171521
14.668642217837483
12.137131667288791
20.663804013281947
25.004897301248914
27.422501045269808
20.058940194579467
21.722211492936808
25.73539695774029
23.835946145995315
21.924432281550878
25.482017560757747
23.517253884815783
15.845953912278636
16.944979269788035
20.04893158936849
25.305665520545265
21.631868060785184
21.817215148308453
24.50598708312636
18.192093157341922
20.63121007666307
19.461094530448865
20.35920521096178
19.307115609853675
11.878265978274538
7.819315980988096
-5.394135841446039
-15.092126640005796
-22.475012245014867
-28.991232063204066
-33.423391888629226
-30.028757836692773
-31.69927490389949
-31.60626692145499
-28.18505899669105
-30.55228935353125
-35.92582805122011
-36.58100009189742
-35.106148000427325
-30.758609083870233
-31.780377626010317
-35.95756262854025
-51.537416777120974
-36.31048359095298
-35.25919772302154
-46.95266645487282
-40.29374822932727
-39.599055251970135
-42.2441000308104
-35.2898192174305
-32.32769915384261
-39.34433937929549
-37.68293931828971
-34.87594528495498
-37.21297859454248
-34.436006550522805
-30.9123569898623
-33.43166850162305
-29.80339401359737
-30.555544877322145
