2.5575997821138112
2.0211141896100893
-4.745530225123728
-4.512373092195258
-14.131958979102189
-17.801429107757304
-17.918331783744787
3.38922329815225
6.951607612215162
10.155364388887062
9.736238777793817
3.336920521587168
2.9324509159821366
3.9879993114734433
3.3151372656191453
-6.685234692727839
-13.030355627579794
-14.21553678210718
-19.59184342804752
-29.793406908076854
-31.88020961746832
-37.5884377200209
-37.832261971584934
-31.491050711970725
-32.92070576563075
-36.0575633806768
-29.357067948928552
-28.88865336512248
-32.25901262091464
-35.45108301915758
-34.87211591136675
-36.1925030980221
-35.61489496660021
-33.62398931223255
-29.75847374537251
-8.858788976579996
3.6883318274027004
15.966716644100432
10.408874636596671
5.036812108133346
2.8463240189167824
3.465584165468224
0.7614827522166728
5.621907166110032
4.930513459084762
0.3739161403582081
1.5563278770774704
-2.9135448669287385
-0.983594881886414
5.275986400227851
8.793942783262661
6.704452969033477
7.652967899714247
6.722359970689572
-0.13031777352660054
-2.4724755675363603
0.7570374400563075
1.143812680749833
1.744327212147474
-1.4977798302884828
0.9199861765773764
11.163742000008662
14.448371878578591
18.709048605978325
19.821744495408637
19.186271068730775
23.063987914413584
24.74246476963993
27.95073466954963
31.613847502619443
29.445411346165123
24.273428826244555
12.611036267725416
12.80721433039137
13.192684244527047
5.6932039503449
6.9115561494787725
9.215545578154655
4.10361470580402
1.0910888067134408
2.5390336603681423
2.312845352177053
7.752942666178613
11.640290356418769
8.189935597846013
2.061204449132384
3.31280677720836
8.345325386859052
7.288590246572479
17.477390041617788
19.524243617447702
27.804653118492173
27.9126223555588
26.527457350402077
29.44034873613295
29.915864785538172
27.411915995936265
29.239835182279204
30.20296821659068
34.68726064868805
23.37971736609524
20.939759074113862
14.129803029407036
17.30419273463345
18.477718722278738
19.688949151036805
20.530944786924813
22.77661433504055
23.157301495495897
31.32819540955561
31.743302495863336
32.201356576910015
35.6631527336686
33.49270525433216
24.73178874754371
29.7333078867995
34.073379035929186
30.106980301934048
23.98141950612104
24.299387004203588
23.509553800048142
25.254714970007356
27.65771277840963
22.192097655714477
20.972325581584865
19.06889584165949
17.464981164352913
16.459768277664047
19.199766520860067
20.38922164108636
21.011649539434604
29.09416446154883
18.298672134061405
18.29727905634746
24.774447294639092
25.77313465090131
23.918533958578127
21.08553625926815
25.382299886089843
20.644579470406143
13.459772052928539
14.65231655664823
13.800937200552864
9.893164213175183
6.478592812569474
5.158126330520903
5.829111723519524
2.0816293492176223
1.0553506730491833
-0.726273119659062
-1.831287148446864
7.823751165103618
13.124612523139849
16.03243973574532
12.582080244033001
7.494804591037695
2.8386858258650363
1.071601805524583
3.956727688510768
4.735038253795317
3.0970875715630637
-2.361905960076747
-2.2700378008865494
-1.4203409059792846
-1.1850542559421269
-2.009232578470283
-0.1409253227935556
-3.356469083999478
-1.613868173747949
5.2819229447464915
8.549356146012066
24.0828328112239
19.25468310788995
15.593765645662382
18.559576122296527
20.32439919111616
22.12990422977325
14.818802684426462
16.31511813464179
23.016538877074666
22.262703411527877
20.65510162847206
22.561703860042186
22.270102581653678
19.556564286327948
21.753273412767204
18.95834111573551
17.58932031603796
21.744461817848702
26.436093105334148
27.770089730476826
21.38589217971286
27.079776064500763
20.290507358869096
25.444878721744146
24.43212549373184
27.802143526829017
14.118130422229626
14.594412880220325
14.943789615892642
8.785318621533476
7.897421795065272
24.489087727956942
17.517266651995772
11.468256661112044
14.12198565683682
9.224611296469773
16.22242395422904
17.277688259843334
14.658609512412436
17.34065058286805
13.929535800688337
17.404191358115405
21.095803851322525
25.207787788337892
30.97404497237727
26.86893632451665
26.243868740722853
24.97750250788839
21.78466502892969
31.41377719620515
23.18386553919193
17.08559018096474
21.29105334075048
23.83368173026417
22.275426138135533
25.29931629711649
19.111322501383327
18.50928627824521
18.67176634119577
18.842163206719523
14.883121188891636
9.352700066196617
12.39003484637792
5.5038127202969385
2.8010992385134608
0.2692273719168528
-1.4528947851584366
-0.8862909283721042
2.56531324286861
15.114733480884228
19.35193403052684
25.42302084728305
24.61593286573129
21.409588592149962
17.6938157265367
15.734692250531324
22.91584801310091
25.44367378885909
26.640259393164786
18.05632458828748
16.93012194096255
20.09861800733032
26.368649610137936
15.281986439106795
14.668209188751252
13.000177671651338
10.5542361682094
13.875417488571172
19.27872173430325
14.021789959496504
15.950592726234206
17.316942872754847
15.784058028466172
19.640061789433123
25.35003379373741
26.33649801496282
21.777054286808347
22.79046675057054
21.882356676556107
16.870646523038953
24.927013821571325
21.844926180225567
16.16782627763917
7.8238231151487625
-2.397093110985208
-7.361489604325705
-15.3885094618865
-19.95699003877389
-20.181106917780188
-22.012012428938547
-6.549908590912879
3.0560175732010557
5.755857719363758
9.556274726848695
7.491312838942756
12.066923204245992
8.335629606882055
10.397616004362533
11.004999946632626
10.879624439256318
10.275746725746744
8.063051802711984
6.3207976058811735
5.076014205688501
5.026074639997909
4.0266273192481945
-4.158235545939478
1.338279092899745
2.4853866607211117
-2.021320102965354
-4.506987647938444
-1.7522929989286742
-2.4706051924348182
-0.5298710714705036
7.281049852081412
7.789690119708369
1.9512599988661896
2.361001621129541
1.8510512906286805
5.100005387953828
0.7790024175155973
-0.9280257374553972
1.67206882032131
1.9659105034431408
-1.4485658389165528
3.9364233499927503
2.657856364513476
2.483525112243256
5.968740567481833
6.18289522050523
9.990376846317613
9.745696243700193
8.927532103303959
6.627457361566443
6.383235359393657
0.3248434475523954
-9.066371950951114
-7.3954126251200805
