12.288291757847883
20.877326903434163
19.53434107100414
18.785024623620238
22.34478827901584
19.48194454932165
12.954146823211625
11.364624747332371
10.129318440868817
2.908023400148437
-4.5758971169005305
-9.896766462936482
-17.79661738526196
-6.699119598273112
8.531670466943714
13.761050299909243
14.823912671236293
12.763196943979633
7.6811588274919975
7.525755394839622
7.5253118252687266
10.640088744693298
13.650166847008336
12.510894231924198
17.154461422987737
13.686888088059465
8.70283998993024
6.4500421152201595
2.3306591170878126
2.387238059430783
0.4058780619856008
5.769808189691028
4.774118274349934
7.505940118242219
15.724828831845336
13.345758146672628
3.5423496893303787
0.15647563310658105
1.928925760468852
2.491381466574695
-0.1861522560830541
0.7346997976907856
4.770371712835433
7.15354926619934
14.555757659301104
7.861241724812305
8.789686764936759
10.046649021650106
11.786328301562511
17.18929405360749
19.337788726680348
21.75229905319468
23.764096655807702
22.39836041775961
15.964614369065108
23.23206912530055
19.389036109689602
10.744683143009432
23.262342721869434
26.60618357816609
30.921131882696425
28.6755541686852
21.168715784873037
28.066375409418143
30.84216660682734
24.39891102334209
26.26908045740432
24.193434631201445
23.58951319777287
24.11714711982509
19.39878116207295
15.55960057456228
17.578635592029233
20.99697538040252
17.068384279781814
14.019629638098245
14.451206005941614
19.715043058467018
14.413070995526734
15.681432578021806
26.5161231307178
13.761621022037964
15.642644296906392
22.498319560752453
20.552094967196428
19.727288938762733
11.843304909264006
11.51122205109368
14.3639119352545
6.8597654690669065
10.633800403950657
8.786624604968022
7.594816172381568
14.198262216099772
13.349367207786615
11.887329793885849
17.52019486711307
14.86272539377942
19.990103185849346
22.902942151996154
24.893101675164427
22.13047794321108
21.319517599745744
22.19186079312555
25.67360724610085
27.83932960454524
21.713251643808764
20.738065074524073
16.827732792730842
17.473019916393124
24.00365460664431
26.27669601201693
24.148222401586644
20.71856514469001
18.377574062522463
16.590808352861007
14.457514764765305
17.110515431193186
21.327596723616125
21.179325162732297
22.807414618821557
20.664031127933868
18.24721795830062
11.198906994803496
