18.434971103191028
20.825314593850717
16.388707507962938
12.032443012420812
14.659151947838387
13.622134363446856
6.743897614211777
4.301271661231662
6.196468367036512
0.14545672995148504
5.363908196608137
6.281643098407269
6.452773908211776
7.4638998902942175
11.379533601016107
18.461210050597828
16.664284340698067
12.509288550675366
17.423121918692356
18.216770132689586
15.737268259778109
15.766334494970907
20.36434707983676
22.126909540220247
23.98990873387321
18.44847529342074
24.77090313554109
20.549269306699323
15.75884763064212
10.421737485646943
13.653491065214656
18.170960896445195
20.441894799938922
15.675387043752847
12.06434939211319
13.734265883165936
11.049279948151
6.574047795022995
1.9487190646691157
-16.1282241881867
-19.46319778735525
-24.81171061561375
-29.463541273286534
-21.059539671371212
-11.026959730725038
0.7402677292719206
1.418159990021122
4.350291801952697
5.612590781708438
7.9924011568204225
5.96882476832146
7.386473693656138
3.009298342036397
0.03560345746439051
0.8649000192290045
4.658164599039734
4.9581646386203495
-0.7894375616236138
0.9652023128291412
2.8933519682640205
9.440335928702275
16.826930740550193
19.602179365962748
18.904034778476948
17.560845378549573
17.652907615210108
21.12608547885864
17.070881762742918
17.90225154919482
17.01459783581905
17.360075655455653
25.647330030527936
25.55084372399205
28.581702511751033
25.262365911153086
22.73564904508796
29.3453783893624
20.291983474958094
21.297358735879477
23.851210188106666
29.739734053939763
29.590077377271317
31.687571776460924
42.02031300572962
29.84140348773116
26.233061365016212
29.71185081396961
23.52330904569613
23.632700869074203
29.202137824435
30.43151569245652
27.3405486520854
23.69147253076692
18.2639716988894
24.52637566177617
15.014666722733311
14.926697997578065
28.147777871472226
22.547668979690307
25.772538654098717
22.299528355864467
17.828213701274322
15.716073181609064
16.48757061712102
21.53792556173863
28.867991351742567
21.354493163977672
16.033734396194912
21.810104569992614
21.15226343439293
22.43640208659253
23.659765256473012
20.66796172495007
25.64863536937348
27.20890660814621
30.402920149315428
29.211991096821155
26.407595395798783
23.67211346436143
26.42004934600554
29.951851169191126
30.238656504063897
32.351346253584275
22.315611389948035
15.939021920720311
12.316562324426242
27.852109521617425
21.26112940492575
13.40474361633188
-1.3583970614978578
-13.053235320658395
-20.677682054318982
-20.033622802238423
-19.413082708502888
-14.266807902104446
-13.730628984243126
-1.638476434562096
10.902109883736589
20.204542770163567
19.501809131267315
22.4488207917905
21.73681038976418
23.248458681939567
22.013249358967453
27.86194029378139
28.734460839667808
25.11229011542748
23.57203791362335
25.384241023890525
29.574825178134926
24.82517329731713
25.43308011854425
29.80145603512609
28.63617022381112
34.49037400401802
34.24256661344461
28.153739512762588
20.05397888252946
15.994863236183464
-2.6460322141461012
-11.419728478257179
-16.68322304989613
-23.427945789310108
-25.416654888016623
-20.414125533953094
-19.89033671372466
-17.003642359575277
-8.866292541908427
-5.000245515808778
-0.11491071131083452
-0.6240646573431947
3.675731517685438
2.666772725010004
3.0943629778806474
-1.1728794264597346
2.860146298756447
2.3966508822312504
10.489622853616039
18.46647278879545
21.28300863777129
24.79681653176673
28.59377041196296
21.62157186335543
23.567441427241288
21.533826753045886
19.453925031417285
17.19853814683219
9.13749382028661
-8.76497701205839
-20.203546620665946
-25.847158386020695
-18.18888984461975
-15.781178278307813
-11.537493447193494
-5.761573464291445
-6.55947707780782
8.586029585898851
12.571817834642534
14.446102311880724
19.466113084554085
19.38828361919669
26.39180721002479
25.820703193850235
24.31648588262115
25.796130994990712
27.133482140574355
28.70158560404677
30.765190417087982
29.25248257616611
27.46438425175103
20.63811257383405
13.452830569486954
2.2993709900097405
-6.6379850360046735
-12.289093182447667
-12.787181593628105
-5.209732837916194
-4.7235930715761345
1.401512134282623
16.393344761679963
25.168369735524212
30.058385478732358
26.52649272470772
17.058984665859835
18.56779746978196
29.7576637573112
29.70241462171203
33.77915664114807
27.9142528208542
28.88599271370257
29.778338150832433
27.208296421155985
24.730056118203066
23.071082857689763
27.82214936083262
23.745209244242858
17.23313753395544
12.313170202597798
14.089897664583294
16.121357641111473
16.06213595081806
15.077000886770989
7.590361704309193
10.201888159014
10.870295060413524
12.464871937234953
12.288325456108403
16.52576859067603
22.348889732840423
16.74863027177361
18.96550775306654
19.923876400833453
20.982404595130753
19.869082985412078
21.234732849434334
23.726950826184254
27.88171263390146
26.469718117514528
26.605353369790784
28.836609371496703
29.309687645595826
24.89498450386007
27.298174377454433
30.738247191074482
32.193052463240235
31.605204725123556
31.94837908428223
36.07200012798205
35.607672532127594
31.3078564198757
25.93610940989147
27.16653651876925
35.127783864199465
36.93791215951397
29.459786159928036
28.152239810860763
30.34818147342024
25.817745138258523
25.281958281393393
30.29861045448061
29.60536339213397
23.94306440956127
21.094017697936724
22.643173737536703
20.534225651790173
17.737565593748233
24.730292955350567
19.931796143767592
22.486119541521788
24.2901260102768
21.21584930171359
17.465404001047943
17.356977035963837
17.996544310702312
20.689748759493693
24.573365743726697
27.1945802145837
29.693716674529096
19.642113001496305
23.401562843220702
22.222196889473214
23.92168405825437
21.892721857990093
14.79582827060498
14.339695346547732
12.595071253302253
5.195316514263198
-3.1436482394591767
-4.057401051111041
-1.6822076794567922
8.601275455768317
20.957604201728827
19.143451602190503
14.446156870712507
22.287285523011487
15.038186973046212
16.6001937546083
14.861349503374655
21.663040398526462
22.4931724086098
19.252326153712595
24.965567434485912
20.51898494218445
16.63123114316249
14.258712656697364
12.180385036422894
16.69122637861069
18.006164599490994
10.298339947138127
3.1208619788583745
-1.7054633671243964
-17.016804447131527
-27.576622665081644
-30.93328962158259
-31.182991329929447
-33.28565032281203
-33.3984604831998
-33.51456679427529
-32.17370938274836
-28.475688595245096
-30.12340933059125
-26.528656073072824
-23.56314944662481
-24.04371308462717
-20.551256179403413
