-20.579038042867836
-21.294426294071727
-18.404692987717468
-16.800731908353892
-17.803896267908282
-21.17085110744437
-8.804282076989516
3.2419261594105695
13.177624459634748
20.02130401153581
16.45990269085101
19.619431918899128
12.336220158857994
15.541595528952724
13.659152382322373
12.607687473763043
17.220711575152222
16.300497398942973
9.838808636728519
15.10158870333292
16.98441735600691
10.913586149992488
15.440136789317156
19.03867470976689
17.567214292072663
14.73123010160591
15.64054221460609
14.83274225213234
18.861194904871528
21.297009834571085
20.569303768794033
18.26683374884608
15.175719460326127
17.816303130635152
13.973360848698526
-3.9832049299214334
-9.963091287806497
-13.662262975024367
-18.021927645861734
-22.643049293462887
-25.965561615887776
-30.224066105081373
-29.701997058887827
-32.634825523852896
-37.77550640667804
-36.97147244944513
-35.074452481993426
-36.321777462497
-44.13939463167112
-39.67551140293721
-37.77991917141663
-32.384312282833406
-26.51750130595056
-18.576803399908048
-16.04638514063488
-10.63159551000564
-12.432818239618564
-17.123457810966798
-22.205223833833514
-21.812671457531096
-15.725266227507227
-13.44908293689814
-8.103247887536847
-8.623599924208225
-10.556992749261454
6.169854231458075
15.710087679350414
18.604034877153627
19.1745361108178
23.45907148133152
27.41960511896783
24.038681503472546
21.74751948742288
25.27776749702588
27.15644006610326
27.324375948527923
25.72450493574962
22.375762150734335
22.178397769393086
31.513035499497494
30.162765854184194
25.227464222611694
25.07131344330981
26.52741086385269
21.889418109230316
19.196880402647928
24.34296641488277
32.082925424859056
22.55338208939477
22.933846492306326
26.050794818593804
24.591071985852608
20.67542551447601
17.901203162860362
22.43537425216659
37.49465386245625
40.15868700596322
33.75241031716545
25.607657533746828
23.99839370733835
23.524592178177016
26.147891510052904
24.372850058334304
22.901818424132305
22.136798399920146
20.44157613085924
26.703845555930265
24.071724898368387
27.18398447587263
22.15510222355504
12.230239523974431
-1.6214636449472446
-11.884779155468388
-19.597824806685168
-30.03580154463141
-38.0315590412126
-42.55605667064314
-28.179990252108503
-27.192063703314066
-33.16641458742911
-25.14891676563603
-9.811226699861058
1.3474188830307512
10.64739762652491
15.547460479934061
14.567855854631256
14.881358559946051
16.35378274529524
14.638147767814171
20.146574608627585
15.942254825937786
20.113249596466265
16.287399764163712
19.31255714980164
21.9263168479046
19.27706723222387
23.84193391307344
26.8301640705818
25.849920586682032
25.568540100104762
26.88533868522152
36.51446516129892
34.572703420196525
30.290255511403434
24.394584606453442
28.458598281726807
39.78873543588041
44.17892880955309
34.933897292337065
29.453592648345808
28.97505345152821
21.745165959419907
19.577519011311864
22.90349160259688
25.878239115343586
26.66456344017159
31.146373191574906
30.554543982192058
35.36683013436008
27.98124075352213
26.971302185625547
24.55735029682047
26.395076854738427
28.95550301370232
26.5869476794979
21.4841810373319
22.63604141958507
24.85535803383027
32.52696151491039
20.69893457998717
13.311172110317404
15.676247152788632
27.34073370940461
19.62006838674341
19.067994531970783
19.629537557204888
20.152936901205763
23.656457932191987
27.174018245033803
17.412102656199067
16.47366259386825
26.57592110584445
22.453092365666556
20.050424868992746
29.582520003626442
26.209060549490577
22.908826779155074
19.81831331771564
18.709974991578374
17.453750369265038
15.182918576644607
18.497003933268065
17.103357972692198
11.065874645412498
