-10.132251605825532
-11.855572060329957
-10.623688433229114
-8.284580840628134
-2.836395229617877
1.8660943125821219
4.536576185759794
10.76328909071545
12.065430999244835
19.53015120576765
18.321848727343145
21.483855392840834
21.16848949599895
15.14785333829032
14.472416070288244
15.647724143195715
15.013265465088715
18.510118086301144
14.847748133914342
11.483312630498625
11.127988179292355
9.505301976020508
4.262864103567396
3.906773108720234
3.3912744606291407
2.5112747202806203
-8.22898190587015
-7.704805127472263
-8.15980811346614
-13.254277937240687
-11.858741580539732
-11.51850525401514
-14.65157594949466
-9.840620911443912
-15.809466912963122
-10.191565921324546
-15.333249915698746
-13.52683025993452
-11.510986874144306
-12.145958222825142
-12.349389442357536
-26.01225225684141
-29.73167630823542
-35.77699119948392
-45.57807202898289
-37.9738422034492
-40.74711695760919
-36.23257196929238
-37.81480592820988
-40.58338287051842
-46.68581957984337
-31.735431778269874
-29.79363085840536
-30.501127744903698
-32.47830210476343
-30.026291328302054
-26.86340615683516
-21.431143686236172
-12.047467961399827
6.001042620115678
14.51625051253411
11.809760611467373
11.826379519489802
12.612692601793457
11.968556529291186
9.907961072669993
11.696422082964784
10.560347532209402
9.717375940629722
3.433748833928292
3.54400097509045
7.203721551408572
6.048739849964888
6.942969145667606
10.046932936901008
12.333837383145893
16.82981136215043
13.807420538146904
14.495615977719831
13.81056207198556
13.987870884012242
19.003230113563852
22.97208466531108
26.746835048934336
24.98725939226566
18.89134998112433
17.022215960153734
8.016291724993469
13.778313950060635
18.775744300946
21.27658188608402
17.074908588006164
18.325829042300654
14.607688388551846
18.13888142256691
14.943127254954472
15.426331560845735
10.112873529138703
10.761058970534917
11.265399741244677
8.662186613234505
9.537830101911238
11.710184117600756
10.451154541979484
14.607639693815115
9.959301205431883
6.999106674569196
5.6461574370583945
1.4997223196170872
-3.341461236832442
-7.689751850140523
-8.053707141808433
-2.977527753219192
-5.209945922643867
-13.094820399145807
-9.46674267311208
-6.0410188012924415
-3.5983006264579465
9.622634029137242
10.843683973046362
9.866248551779297
7.838478374647861
1.4592819169794868
4.5237802227148185
3.198425226013565
5.544657508647053
6.297994178855951
8.180678023262638
15.242034050204596
15.657463247286055
20.91378097478372
18.497600316240447
21.28470414864933
21.910830971213564
15.986608654894717
25.317223164059964
23.04525351624115
21.98453177760609
23.180125552259785
28.628798276166908
21.343925644788087
21.03440180521815
25.14903639501153
26.461511054553892
22.51141874682937
18.240773508116984
20.501642819472735
22.111554030165273
21.1161514949722
21.977582674256443
18.645701190348703
22.96692282842524
22.925640257282524
20.81243614236436
16.712464236351053
17.269472618377502
13.371591147621453
11.824087643873833
17.139428000871813
14.247555571583352
14.219013188894849
16.67830445237396
18.497365307483925
14.272018583164286
12.726585928052915
13.824146361297323
17.10886009913029
20.716258438752426
14.535835697223435
12.56130260914535
8.162592867323294
8.747646532672839
9.775803718819477
16.99450904847403
13.714565638019161
7.006519457175039
7.154300253925215
5.194614884565922
-0.4192121500316369
4.471646488321465
2.818386321792058
-0.4747687918998422
-0.017548495352405546
-1.411477773730407
-5.70648746432025
-5.652771686684357
-8.21256221427711
-7.773279000103678
-3.14604817498524
-5.2674305646209385
-3.283182501444555
-3.8981737907865917
-11.583688101389706
-6.129083905592528
-11.900490571327556
-13.522698644618773
-12.663983392549191
-9.726836515474364
-11.957396553775745
-8.324382908952414
2.125812537311131
7.676976238495588
6.156590180205545
5.387997315455962
3.7996022769546944
6.943793388385247
4.018863637699893
8.874795515801953
11.706822575360384
5.404358269923531
10.164243139302988
11.137274585473099
13.47568567589352
19.352130412437663
15.403019737802982
5.240460795560679
6.749790002512644
5.2945458580315625
8.53993981176726
12.131348819258045
11.640390091536668
6.940867965078362
3.87416922029904
1.0674280415978346
6.0959631807487495
0.6486135770164642
-2.318120710044415
-5.784092878669148
-7.100116069471111
-12.234530358358883
-13.153423037701394
-10.67670781230608
-8.07536187215083
-10.508903261317444
-11.287258890481295
-17.969663599824482
-15.450101524097034
-17.3738281154323
-14.122756502772381
-13.587920388016641
-13.498344706461024
-11.101405405978603
-14.873286835608006
-13.852281758597105
-8.400506538306086
-4.150376719018538
1.3420740818084294
9.371579642851477
15.678219322124422
18.24257365472078
19.879415108033566
17.427605994962327
19.249552627524537
17.652616063373625
14.367222304884276
14.13248303753465
5.338659070945079
-1.2689978874903485
-13.950833996010187
-11.945154987497904
-13.408946188839133
-15.311413066529633
-7.366163672750899
-10.417456159814565
-13.043736381518206
-13.784678568117275
-8.29330333859606
-12.234821783331482
-10.526097967317712
-6.178211253639482
-6.201149150612527
-2.8011515013570856
7.770030203622418
9.949975778515608
8.769997370190895
7.825777496613973
13.941619171588563
14.020079414929462
14.682902352429162
14.944199422083011
14.472289506672888
16.224677487090688
11.965092021272685
10.174068318920657
19.287458889465192
16.18177656738926
18.06666372810071
13.96937505942581
13.454155817282851
17.705926531612658
12.994964488275855
13.122507001887096
15.560373222345405
13.53193841592574
6.062981533489308
8.558727834131314
14.6040960827769
16.797379698400533
10.756941484776197
16.78212091104919
14.541616938561122
14.00316399113283
6.163867200273801
-1.5235714442143236
-8.75421199787524
-14.574819019816248
-10.816795254630973
-8.109343352280687
-5.7983833908739975
-1.0866269811191536
-2.13838529045845
-2.5061831139834383
-0.041105928954610516
2.9822141907436883
5.102481751315164
