-8.226998762164696
0.7482381006533754
2.1560714028927097
5.1331711872777035
10.233799666187297
10.518724145892337
12.269159320287304
14.855534884885545
14.203451717558035
17.141053779912436
14.314555953836972
16.455258648955624
11.346166963236945
8.122755621085615
9.311127368247373
13.361136583594416
7.9406157572086915
5.698157960439367
6.343638957781348
10.931307097300554
15.17702562484716
17.494527222282965
14.639188887238586
15.766841287783771
17.229757741786283
20.443693998907108
21.45401150465889
18.561552504590743
17.913280747926287
18.64826745763144
13.299607507565739
11.598833353464537
9.897738431444946
8.478187644266146
8.13436255416585
5.745270682176293
5.443256520925289
3.241401694468919
3.2744164206759234
-3.4920145630774075
1.4822442816114882
2.8016937439867236
4.79655727863442
3.4743182776760064
7.72546507151875
11.26103627445933
10.408164629720854
8.957115943046743
4.078960248421103
1.3151211030423515
1.7272785496629488
8.042615551872673
4.5016507336386775
1.4025172444995515
1.5500089899462688
3.159646381026434
6.402002519849213
11.647942675685062
10.083301761514587
7.42895420485813
3.279137784676034
3.1739760259965544
5.206224060874751
6.055613466728366
6.828255471520732
8.011267282551865
11.91903066441033
10.75087132836299
7.159606765876742
5.168247589102382
5.983901111105461
3.3416751340045647
3.5598125741424016
15.003548314954234
18.485844955032803
15.192356599897591
18.28156176542523
16.791648616766242
14.716209066470892
14.991319888237047
19.70379701954289
20.463267281394238
23.110571700805654
29.108312808001674
26.774072989685216
23.0673312626543
18.779114186052002
20.33512812261397
22.975087706126622
27.16359102500152
29.297553948699637
24.842865313986632
26.93790677083459
29.786268697087888
27.130196372795982
22.80110359663985
19.110096162110477
18.9286051845149
18.764342301423454
17.153140874381574
22.73695198445066
17.91989441996904
18.292968645185493
23.455501497680288
21.025198185403692
16.731308969572783
19.923577071321755
19.10602779806901
18.008874685872676
17.78236765989211
19.31441090288257
13.692603247447483
14.330604423094801
21.631299583483724
23.110556157527853
20.908413430076
18.07179656273064
23.337441766483927
26.83492691035576
27.227945148000178
25.578386444777163
20.51960563429083
18.190012551194545
16.966570183261293
14.62959402193385
16.95740767425934
12.483785579184357
8.770552364183198
12.842278034756667
12.237334101100993
8.367369053514098
10.880482986305603
12.725140196608839
14.882166191884638
16.568908958600243
13.75154970219566
15.151138566567564
11.855871069634716
12.632783337396164
14.879189528773482
11.820013738237176
7.946942539097374
13.148801681004207
14.991099635777163
19.28716389666292
16.538434949915327
17.25904512525953
17.149391128653118
9.971216518009568
13.779668115981698
8.149314960708537
2.4783530877932205
-3.739004859414589
-9.847193993204488
-11.651917321687055
-13.714301123396268
-15.860643354180135
-12.385669461544293
8.225059722853581
17.208022583441785
22.21920754306836
22.0474267242697
21.83655954014546
21.313607920552407
22.744752794154586
23.87136478310301
27.876883122845808
26.351535478080358
21.108303656875943
24.08818754791077
26.391474245226732
24.868994390929387
24.586588944663266
22.038256055655488
24.029830306200147
24.788437530174445
22.855124367046415
22.11118206662541
22.814467342733284
26.503456769451947
20.07547123735149
16.569288538285395
20.562399242904288
19.33572197781729
21.374782396161876
14.879690496043212
11.610767632387171
9.225143725077627
12.498685160704847
15.545384270102424
12.322101528845506
9.261793191446653
13.53124947724652
13.136936790756002
10.092532013033699
13.716862719492276
13.853498646573222
15.761591967211439
14.87751807734165
15.740674758313055
18.089631481443924
17.401160718294438
16.121225779221138
13.320585149054125
12.047341558905297
16.07971473876957
7.868832385553365
6.013691026821532
7.725225219711887
7.413551362686795
8.36389183283317
8.161776184867227
7.616855316249494
7.4259261096607885
7.524104581711444
9.136551246741286
11.247709012310539
9.461193465440708
10.735880770169636
12.551842182118067
11.006456685773387
13.316071602512634
8.906743245805817
5.643455779684068
-1.1937066608756153
-2.241151843392317
-5.657459998445949
-3.6382681900294327
-1.623921350877926
-6.192550123611571
-9.481821774114763
-15.886366727550586
-10.914467258897686
-9.988467971478574
-10.752524766891453
-11.793296065520074
-11.504373469237347
-11.937193692263815
-13.624557881805162
-14.168614260282393
-14.539824716684532
-12.201765806012919
-11.94330652332959
-11.241790413784928
-13.54487011721172
-16.426002969815446
-13.407087925198242
-13.909069471246305
-11.052027542641499
-10.674132882378322
-11.035862870450824
2.8016603033543803
5.283195702667175
2.2927023794100694
14.924484139856302
14.232656163151026
20.507947110157737
21.097602402981554
16.866196042395607
16.336342591109556
16.06596855679171
14.428676045633512
9.451961270168695
15.032647639190126
12.499242457400634
13.634826972539194
18.508501724305894
16.624723321118022
16.352812643756778
13.78107627926194
11.494052971212955
9.785964873913409
14.52881482802241
14.431630484264502
13.975058657269885
13.247818243570938
12.519139283028428
16.086249002345422
19.002352196496318
16.95936771772725
17.30073072933374
15.145585334435179
15.713776838438328
17.649420341071004
15.484835928578178
11.439481535623901
14.498070797317018
13.299502358674738
18.013792946573528
16.176255217662153
16.09480597757274
19.180269834640352
15.305849701747015
10.427866028200633
7.319791233102991
10.39501250814711
17.093322557957823
19.778422058366647
19.07130035388545
14.211572041542466
13.183704591371047
13.943886426476483
12.509651137485982
12.695252678765558
9.173382413477725
7.535359440526038
9.455279212113027
13.112793644193644
16.52378936244888
16.755262454045127
16.60201463891409
22.114585949003697
20.39690504983518
19.104658844414594
22.223403986480786
19.43731037201744
21.255346588603057
22.305590249244514
22.411449925029093
25.456670291326688
23.855131251383682
23.883659854081397
14.42514860421033
14.465703489961145
17.907672132664622
20.608585944232328
21.657859443021273
21.439960767636038
15.675709442725621
11.028572489072554
9.043430759139866
7.275811257189745
5.576390605568003
5.494794124217338
4.814120442697788
3.020560419354517
2.2491430675866724
-0.3741796873276964
