-13.65379934534531
-14.623702168159866
-12.10322954708078
-4.957147946208126
-3.819858253897429
9.563342262922651
10.68332789639318
7.642685272433534
4.547518884026892
4.530679222571031
2.9911909071313265
-0.09790471262088403
-3.380945049610932
-2.451797685590302
-4.788533819751351
4.804917005322257
18.93279710031661
22.621908047413143
24.788350910895996
27.827826489050647
22.155364253148395
12.113035495168154
17.77173773924852
15.526080280826076
20.414207517483327
13.644707538336935
12.879687889731052
14.828706024183926
14.647903652159314
11.198514658679557
12.102597649350104
15.897682020486858
17.380046193055627
15.459825158070775
17.193428777704685
21.558814553254567
19.68843808276307
13.704508132808767
16.893130035496927
17.779958116988453
17.432819285780425
16.37698480086471
21.157817116227246
20.600960923648127
24.50399054045149
21.988433803894054
19.407216194982762
21.608957525158953
21.51599967115206
17.539845039988936
16.661562137033847
15.834425255426545
10.850713234642658
6.848432137948597
8.313607965758798
3.6910435575101985
5.9322277110120964
11.632554421233447
11.709815079609902
15.747553939229714
18.156158949777925
17.577492429798795
19.73992879009965
18.206328122752804
17.00241893757522
11.884123182539508
12.212640033185425
10.661121603933577
8.964126872683254
6.109228644524668
10.604109853735944
6.9468955741046745
7.9318252768641555
10.423970819415931
9.494148398188594
8.378053708087721
7.3076390520525685
3.4283161097443284
3.6323107498168903
2.883891507353844
10.070385388826748
11.842355753212054
16.868678715420106
18.013626645315394
21.0068384554628
24.145191072368032
22.364824963469896
15.680141659029825
14.191161606562098
15.430189835419315
19.500628013706496
16.32006350154441
17.001293201342634
14.430603616371934
15.084637532957004
20.467625257176508
16.739627909689982
19.698894440619657
20.79266680039073
21.84482745905006
19.842561721767648
17.411108332942675
14.2375595412234
12.960730014494866
5.121968065937269
9.681317879935108
9.594435334104855
9.726044393316874
