3.693407832220596
5.445669265810137
2.082254518183585
3.6085397199129887
4.081551153805143
4.5474277392328935
4.188978557588904
1.2320369837396434
-0.6175310168467928
3.933327991824573
9.451336824297844
10.825832432078721
15.712906813920002
20.587379519447914
24.323373202991114
23.029071158106657
19.31953969546346
14.752510297541773
11.578739499252677
11.67173321329074
10.911617548482628
9.889896983994749
10.918830249644051
15.895338362550964
14.54837973067532
13.021402659655605
13.305821920087638
9.743453701465581
3.5597241925200684
-4.854754294278246
-15.232571356633215
-16.210813585606562
-17.608460301815462
-14.881699830833963
-11.191590468963598
-5.154658977251503
5.1103841936095185
6.856357485250936
11.545101569104819
12.659478644674486
15.087634464586364
14.219584519206686
15.337064530683909
14.611475491466994
12.575193474594574
15.590620841664741
18.956728523668197
13.148869114743247
15.37348084140837
12.842766573759437
12.518325249733575
2.8046994281282625
1.6462304647538826
1.421537561482716
1.9299488394382691
2.82209583169927
8.713370979001143
11.789115513588653
16.936359214570164
19.00620570788133
20.08490978262348
22.339863840501746
18.09346287249604
17.98118609840643
12.609601541327036
11.694769671596546
6.384008025668317
7.4477642739025125
12.406701595429942
8.707022650462365
11.645700239468106
7.940483501090112
5.600220636599515
9.065114041909727
7.694032099591579
8.863429299837854
15.816576225651493
16.56546124401304
18.838465479782016
22.77837345607833
20.691563085016423
24.850388027547172
19.312377531103426
17.666211021197867
14.943992687738945
4.071498720741881
-8.505013561172337
-15.149939156693526
-19.973175918114354
-24.89194817878173
-28.69026610918981
-25.167409796593798
-19.50223716442774
-20.591465543249843
-21.72033980181059
-24.805542442791552
-26.91217002950597
-28.46986127107604
-21.453674101212012
-23.1560095461495
-19.123909773411974
-7.835204014052826
-0.30576689548815994
2.18350305176332
4.410773235526927
4.439233502931524
8.84946989165486
10.534316397086672
8.450046619894692
10.521422752213168
14.657709386902773
17.3072742794852
10.74507531948632
-2.4169131684340344
-17.777098270065533
-25.00143584093041
-28.212047807262543
-32.70462143308885
-34.16486027939235
-36.40822970610032
-37.88648514756479
-40.497843668837575
-41.78442134593461
-34.58685148851122
-35.84889933350421
-37.23682979798475
-33.37994601894154
-28.86342232775549
-15.969092503301141
-10.996221056186428
-8.060507274666799
-8.954423697658449
-8.722182089806365
-5.362706638287537
-3.7681780239868807
-5.437246655086007
-0.8337339140764481
-0.5574554850727611
3.7112263062307016
8.649990428761086
8.038412609846864
5.3073817510269015
6.9886421278919455
13.516823475312329
17.840065605098623
23.919669864861355
20.30265656637877
25.58952456430874
27.4616646227534
29.62184994685483
29.63985683664142
25.891771885959038
24.779148016306955
23.634402226555252
18.474809857700933
8.292219536192727
-2.389572931929729
-13.99816709619238
-15.987202948033838
-16.910857037865405
-21.219529606477074
-26.378358510747727
-34.907437954583834
-31.309891006300436
-29.855662896999373
-30.802115292797627
-30.339628596856
-13.207029697231748
-2.669812663289579
-0.14837217457014465
-1.114282103300332
-2.1714550698000763
4.759501178948462
4.449490376095636
5.1918757289725965
7.3305061637043885
8.950584722562963
8.584629710229606
-2.103493661707664
-5.343485414219937
-3.962870350689289
-5.107075389366557
-0.9678233209445264
1.5709818214154467
6.515995649521705
2.8621319607026754
5.80254730849643
5.211199794845742
8.050829414818427
-3.1872395544567342
-3.967237317333008
0.3184982122547321
