-13.369112474129865
-19.2805903316319
-15.532013172873189
-23.434604009756235
7.25979703618604
8.68114095908591
16.7174635343871
17.15675147572255
17.99772929711055
24.241032899439396
23.024582425163807
23.149703569015173
25.538250082807693
19.9041491149023
11.718535189065086
9.544241582471248
5.842115669793969
-11.258040829088333
3.3054218791880903
5.182946466424188
3.9616195149135085
1.4500660338331819
-1.1704175150865908
-1.366954693563898
1.599809673637784
0.5573993329769461
-0.4639774296382115
4.0931802804807855
5.709624084703785
4.517783211982347
2.368278048046176
3.3925810810408468
6.510353764423982
8.748181639445956
3.356762100283948
4.766530622437943
6.70048291828672
11.137847703370511
4.682145337106727
2.662119052810331
-0.4697414964843594
-2.6548939573682024
1.1961029747260281
5.859931277514157
10.484694855639725
10.389321224561922
7.086170942173076
5.095802566723925
4.1062484252732485
0.15434411695816266
-2.788860535124817
-5.919155024865831
-8.343010008003521
-8.303454889080331
-12.529154733385148
-16.47120009097842
-19.30984757905255
-18.262134952620965
-18.447729455563675
-16.541925773184097
-16.45433941807072
-20.108251105605312
-16.090241874377153
-25.798715066325478
-18.45205487188419
-12.361179194512973
-21.69578920542443
-18.509522378862968
-22.21607635365889
-13.970906361554466
-18.332435201165996
-16.92816913099669
-0.6537746298612637
2.1941664192474195
-1.3364853459666877
-6.647158414706461
0.060045980581432276
-7.527081560980044
-18.200065210685207
-22.150617069203314
-15.34547155911206
-6.729352313887116
-15.7001619941371
-28.94499598181458
-43.43937074799551
-38.99210727744046
-33.746276579822876
-31.329121822815395
-33.403177376526266
-31.612230899409475
-36.38384932614704
-42.7042119548101
-35.28857272090493
-19.659554349948472
-15.496977189609543
-17.627293936486648
-17.881994478349522
-21.48864874986325
-20.42095569089167
-20.900424824752566
-22.726815500639486
-23.3205314854176
-23.39249542931832
-17.876293496689538
-18.35915148003023
-22.561886965555306
-15.366337746451574
-19.475047366254504
-20.4791164930518
-22.175816443651748
-14.852038516643633
-8.422905352016372
-3.701345787797312
2.558726814192128
-0.924699053894773
-4.327176111437593
-7.346571933035138
-13.210200256087823
-10.672819752184663
4.781382230528106
5.476902166413637
4.321140706178007
-4.031956859219881
-7.401128419370912
-8.223517054028191
-14.051629661456053
-17.13472464153204
-24.087724832053226
-21.65120835933576
-23.95497515681666
-21.987331635235968
-20.628100203678116
-15.342785918081155
-13.43227818969149
-19.71745979843431
-19.75021415555448
-12.258801483694697
