-6.216161666411129
-1.9307581952165147
-5.377766626051164
-3.8976336042200486
-5.564119077930823
-8.293522691996335
-3.7792074938874864
-4.5350179366923475
-11.58105288038352
-15.055962202454038
-12.805813605033238
-12.104827570930256
-15.509471316982866
-15.022624873895149
-17.154637385739306
-25.99861719599714
-26.273968000854033
-18.693076025158657
-18.04833526042425
-23.829496353929358
-19.96229329017969
-18.17428415531571
-24.86406369445404
-16.64676671838648
-19.55676108889317
-15.90453304548868
-14.583527111448698
-19.13228802838549
-24.06157333294601
-18.58407317379796
-6.394179606253798
5.056109571013258
8.320601726774349
5.592241181938936
3.9518091719571022
-0.2445187649715596
-1.8295326483150616
-5.923781057762562
-15.337727108621962
-18.74746480929729
-19.040567557844387
-16.860370539540096
-28.222055794342563
-29.382730518501077
-25.612018947151903
-31.1224206088235
-36.08411750137167
-33.0351793334511
-36.36329253707501
-35.94932138262136
-29.893062736204506
-28.00779603592985
-31.188816790217285
-32.58306400141511
-2.190371700804702
-12.04358799044498
-22.77733292574073
-24.217284040868265
-27.02435400979167
-24.64418314712236
-26.17517120746548
-28.596741305286322
-20.251724963930517
-16.808213383913273
-19.50245106554013
-27.692663871486072
-23.117945625229016
-24.775443547096337
-26.976462198875122
-19.466255633169027
-17.298226953473133
-21.43215982178072
-10.24084815293093
-4.694748797235627
-8.443126127597136
-12.300324628292381
-15.528320701659526
-12.580282681855678
-9.221981707606943
-9.196333909855364
-10.83299555448058
-2.6708206944535253
-2.9478727692475086
-1.6032117664625791
2.0650459168421804
-3.638205048892984
-1.5520828732345422
-5.590486656386785
-4.936342970126174
-6.186738315370468
-6.73370665679313
-6.215264163873436
-7.069644435686997
-10.559453381032393
-7.996342265911622
-7.189944985618973
-9.870092406730972
-9.720638722493764
-12.280553162691126
-13.45067676101302
-10.403755991058977
-3.237316301066739
-1.0120720447904576
-0.7220330837609192
-1.2186696688318546
0.8716748983771192
-3.80833001987306
-1.3899861227627879
5.810928042954184
0.35223805901054595
-3.837854809144755
-9.497539995292627
-12.723608819432773
-10.762429328806796
-11.390220050069598
-10.428265675498224
-12.132262850847654
-9.944255001216163
-13.690379884168072
-14.324518615031533
-11.933380766624186
-14.202268827412713
-13.691626769072347
-17.0758623341194
-21.918266401696105
-25.76650617729144
-25.622354507494244
-24.174296961091233
-21.71484680768226
-17.307244507760462
-15.371327853105276
-17.167276227770017
-12.796660987252535
-16.297941947481284
-27.436579441742328
-36.566058342800346
-33.86975408581205
-38.65722740964004
-37.6164794007314
-37.14836520359479
-33.73309210407455
-35.498770082426965
-37.61634119141033
-38.60811544292697
-33.893786891451875
-32.044239947598484
-25.413371371084565
-25.53770053173725
-25.319001858992838
-25.241973366496808
-26.155981854074522
-25.293445825816
-29.15060436076696
-27.26939066973589
-27.089724495726863
-16.452821273313837
-8.425056875785181
-0.9076607428905966
-0.2930447833806903
-0.12117904060529745
-2.7765429829894113
