3.1018774845215424
4.7388806500722405
-3.4127215015159797
-7.054747886456012
-9.18126770364812
4.471898883275285
17.633419126530672
17.283247400370936
9.438728263887118
-3.947995783960584
-8.529267889253076
-17.856077231199244
-13.037847851645358
-16.691275232628158
-16.575104253036756
-19.7293242873416
-20.9635905421657
-17.068063712972755
-16.07983246348553
-14.517789631265847
-15.194969978345602
-13.951767403286881
-10.821573623574333
-11.186639043271155
-5.431731631417018
-5.694340523275945
-5.988960572192157
-8.346572995802013
-8.352340030937103
-14.859049381635494
-18.757828844100125
-2.960167156015303
6.8911837709324635
5.971313832532952
1.95478347972844
0.2934596234730961
1.1079582942263202
-4.355932949809693
-7.2921744767244245
-9.499202721222053
-19.632487311546797
-19.587469493803262
-13.954961494153359
-29.46467237377524
-45.09655953608386
-42.41423612213285
-41.20717385581659
-37.44519907824017
-39.73343117660361
-51.05641908627069
-38.943656626539955
-39.702536442731976
-38.02974151205859
-28.44767203483448
-35.27875491639947
-29.728921244057307
-13.020369019018405
-2.2138826067796185
-0.6167764763627047
-1.5403865987193892
-5.168156461162405
-4.2107496700781395
-0.20796919478416226
-3.757785744354437
-7.598734378640086
-5.5223015531129525
-11.860870571602963
-10.75844384164314
-7.377214076034718
-2.6341287159165585
-2.162249244302316
3.4163170025367617
4.048042819235693
0.9394648364490098
-1.2368296320979046
-0.5609046173948887
1.4741208349881678
4.7395576164822835
-3.185202624592576
-6.698632345240468
-8.808655316540754
-17.982972595276
-16.682552849339015
-15.188428581350536
-21.55839313595738
-22.907016087368053
-22.74600060744447
-33.08847680594202
-39.63943401058333
-42.96612215639578
-48.64957749024398
-35.72050183689369
-19.520246015623922
-12.378272633924
-10.659336268492043
-9.484307647064362
-8.102510493393304
-7.732420639392861
-12.83872664360034
-10.189509345687641
-6.034325963082867
-5.709058934470984
-0.8036843178587517
-1.2158169137109178
-3.1648090279479772
-6.583041908838268
-9.329515908619534
-15.415082802152456
-19.420154894001538
-18.757779691821273
-20.27152314947153
-19.08362951160843
-11.525567536986136
-11.811179557222482
-13.780217253296287
-13.233775798195154
-13.01291992532284
-17.113767272232035
-18.70888315895245
-19.41719712137554
-17.69747393703373
-13.899174303611245
-15.709822724938409
-14.65237160231246
-18.805594993133628
-21.15370831976289
-19.907510112735547
-14.522745512925107
-17.481356255757486
-23.304940236205844
-33.70265952799017
-40.80071974134134
-27.24858107093523
-28.0880191253578
-38.24708259409317
-47.449234188651936
-17.00728359540934
-11.130705120081736
-10.661788906149235
-12.290212761734367
-14.419240261732533
-8.916619782489265
-7.653300885048469
-10.157861997035758
-6.8768373190881205
-8.401219508577
-13.308684749762302
-14.83398330830672
-15.459580114972114
-15.061504653588026
-11.677257061611169
-8.923793353340427
-11.039192448266453
-12.67562952404356
-13.855464808059216
-17.38320548534456
-11.048248282152944
-11.423395677881718
-13.080143627897
-33.343582213678445
-33.07505964444024
-38.36858775125853
-27.60444039075455
-28.48043424130493
-27.182831471166
-34.58417367441397
-41.54724914460685
-33.05992977421256
-26.707397950614165
-36.650729759317606
-37.94374417558785
-39.7355824193293
-35.33073698026303
-21.547242676614903
-35.77204580028142
-24.480517843563884
-20.91700472748472
-14.189147072019415
-13.065180349547756
-10.80576757626418
-13.288302464786865
-9.765263306465963
-6.5702409440466925
-5.392267041555443
-9.46901230175222
-9.554719256296293
-11.383900841904502
-5.164859831893684
-5.073371307821769
-8.517184341714653
-5.816679585160933
-10.421365575116667
-10.761334848827918
-15.063574914865635
-13.750087955280032
-12.090292108711546
-20.036722349728254
-9.203609078290679
-9.808320678347838
-7.654835455146043
-8.453509697712201
-7.317299665027986
-24.491422267503108
-41.18573671541203
-33.407895059272484
-39.871469249099995
-29.216112477555452
-30.392769930024613
-29.679503790824064
-30.01694753459168
-33.397001601424606
-32.341243314089326
-33.2415390585071
-31.13687968882046
-28.28704995739529
-25.80164015352213
-27.95316939686595
-31.74822985515652
-30.144623372919263
