4.668756012041461
10.660070591372676
2.9426533856385184
2.41027098649092
1.6325880789943208
-3.4494321005408577
-9.788545018126218
-10.947221734434617
-21.26338393178669
-37.85347928006672
-32.83988891067942
-24.469622245086683
-19.381278617746254
-26.912671543007363
-30.56583247070077
-28.20323296530881
-26.1219508748942
-21.80779003552807
-25.53045361173841
-34.377183859998155
-32.16782656134552
-23.33160883882968
-19.104303196673804
-22.070029507690915
-24.07186963643241
-22.720506851621447
-30.76027418992321
-34.46348400406995
-32.25783817644587
-35.28108215464937
-45.551677421106795
-40.13958934733691
-36.597855375634474
-38.37927975151876
-34.07577413250291
-39.113992011768175
-33.12883165254152
-26.279951701517014
-7.472061696399442
-9.053848544516155
-14.012651342603085
-22.073117268758725
-23.484029122121523
-19.92068596599145
-19.15946310909053
-15.600511837067328
-17.14021740849544
-18.08413722784599
-16.42650847996202
-16.534982901448842
-22.88238678831501
-22.87771508162105
-24.23208817257988
-17.307719388198773
-11.05933432056824
-21.99269261652396
-23.326657846106624
-20.3908236419949
-23.086017041426484
-23.019604653651857
-20.57564559649406
-42.71199387985563
-46.22959909839582
-55.01826776497031
-57.035642345303934
-33.924737497079875
-32.30951596626221
-39.807888228855035
-40.34797836803728
-42.42328967571692
-40.859341997692866
-37.41500189646335
-29.087158458087693
-29.434544911951967
-24.416609594586845
-24.214312445912636
-25.250903104778565
-21.88046996556764
-26.838511519063626
-24.36036457989843
-21.548730865878788
-21.03109921253085
-17.809818660196793
-18.599032187026502
-18.01810971909507
-12.305845268178945
-16.678645934741507
-26.631425765257173
-25.92740332639825
-22.395980110444697
-22.303036636511177
-21.69423970636139
-16.86428779351658
-6.199059094559256
-4.560237799603487
-10.208848953146916
-8.865515867037507
-2.8229434671945466
-0.562858629040704
1.998573191909168
-1.976119113870052
0.4177883941750583
4.362077021026016
