11.683588232408152
19.593848852700955
-0.6154532383771183
-9.822165193240805
-10.867139058271077
-11.886931680034454
-14.817692178756435
-12.365425921741192
-14.387061092814779
-13.978342690285986
-17.310621072211532
-16.63975753564671
-11.520968598865249
-9.969385113133633
-15.014038153744377
-8.055452752603006
-9.937901915971533
-14.715530228039064
-26.74451720227817
-26.10921203373239
-25.995861653650056
-12.879569389160665
-3.8762917852857215
-7.8101907278529366
-12.833269185634949
-10.817838977475438
-15.812261663771341
-15.926419085063154
-18.394699739336065
-23.148870610828624
-19.509496582018095
-17.697740872428202
-10.088230377907664
-24.8230186440525
-42.3370747842423
-44.524703630451256
-47.04209214628644
-64.41185227117145
-35.884485783323456
-17.919145819789016
-13.70793907463798
-12.756141661843044
-14.253894556959551
-14.533387773669832
-17.898274893284817
-13.483503064273933
-16.867491535874453
-20.508983303111826
-20.585256241533273
-8.489084018099751
-10.969012107230695
-15.999470529546153
-12.938290448747967
-7.161296264524864
-2.0502014014996384
-7.315199468476318
-23.60187711029699
-37.432326440287646
-37.256479162684656
-33.82093877790238
-30.841962209738412
-37.54091639721299
-36.53737542246693
-40.29423613417483
-39.55355851928224
-39.89597413844565
-9.833616672781753
-18.379885066513367
-19.159734642859718
-25.00102855696004
-23.880479866596268
-25.20278912578139
-23.139372063410807
-21.861052346570283
-19.313131433521022
-11.559510201205075
-4.752089754429271
-19.86066176321401
-20.54041060426108
-22.239062152472147
-16.909714285276998
-15.396655246293205
-22.738525007418954
-32.17453447527489
-38.519509273341605
-39.3242021859843
-30.563073356811966
-31.791399733603267
-37.98350304212986
-45.9360245778349
-25.992686959894794
-9.498245686070726
-12.634891836926426
-11.751732993979214
-9.715961342166151
-9.292066516062588
-9.117339995990132
-10.339990523284992
-7.890409096538383
-8.022657732971977
-13.17773889941339
-14.960134512246055
-9.853580037688342
-13.898403037157971
-15.212844937601705
-15.768647898358527
-17.54159176207601
-14.150280234468967
-12.54913432858183
-16.334867045089187
-10.097953661108717
-6.6086489023452595
-1.1008806567777998
1.8792805664394288
-2.0795692171082454
-2.426472514609427
-7.586930643896585
-16.906817473543615
-27.38341797394571
-41.91194759493482
-34.89163511164199
-35.8351750653342
-33.50892852320957
-32.24074256464755
-35.363125211781615
-36.14460425339458
-33.03139957907387
-33.34279138189455
-33.981111261517555
-36.766862780968864
-34.35225901188738
