-13.90672720286141
-15.332343051187443
-16.395822190874743
-20.466017413916923
-22.154717905854802
-33.73487185294415
-39.52405263419134
-36.627839487987316
-34.32217764349329
-30.361974398827076
-34.63152601544134
-38.754482092693465
-36.726899049143775
-34.15638165507724
-33.95224889526955
-44.41335240757761
-48.564846252592496
-47.39884821542104
-50.7066916331275
-41.69217247567932
-31.22604097879635
-25.67036140382122
-19.15457461352148
-20.674050199004334
-21.68177460988076
-17.680241284755745
-11.880148112799047
-0.005155918935101751
3.7989722926438367
4.813225962555169
-2.7507890988801478
-6.156909369495781
0.004095661701627135
0.7464648048644116
-8.779124321634914
-8.197485728405304
-11.592036703178152
-19.178918145155357
-16.08735358166892
-18.348867828622826
-11.442267956477082
-8.23640382493992
-3.944056939637617
-1.0773020597562255
-0.19293175316138764
-13.08735980082417
-22.61064364196243
-16.237475612709268
-20.041777487919525
-24.999979393424645
-32.74800910624734
-25.730712316027216
-23.402366122148603
-11.429136071857322
-6.794459262171452
-7.211717733469825
-10.63286758768986
-14.120146590138203
-14.713446448849158
-15.44966429622145
-12.546010305460975
-21.194579249932357
-18.771546567493512
-16.482397046132462
-17.395968745568258
-12.382904017061454
-7.016496197444324
-5.409690647837476
-7.713008557993962
-15.892592123586766
-12.110597366143566
-12.635889391890604
-11.200134392156356
-1.7528078257754256
-16.428962745699483
-13.903049356134234
-17.738215343173113
-22.421220589792245
-24.591150759499726
-24.70351052268232
-21.926621484403533
-18.778737135670134
-16.71967744261583
-17.078039677363783
-10.591046795675474
-6.473852101924245
-3.6423797491327594
-8.064915388179774
-6.855993989541454
-7.2442483532003035
-20.013090497785264
-28.745313893015556
-33.5466208160688
-33.522889809418594
-31.400693407504345
-40.840897218301336
-29.58091114343079
-33.507985270392886
-43.478397166098624
-41.67076620155631
-43.63351413802468
-36.76535360798296
-43.14025338245807
-29.31395470434699
-12.91363097248574
-11.79854224846422
-13.450572040518287
-13.605607540048954
-16.584441352084177
-20.354955754480144
-21.626389862714287
-22.413168013367237
-26.505913822883247
-23.382856160456672
-20.755510666097567
-20.107886839123285
-18.951111330970388
-22.085241986000234
-19.126299507679995
-9.37091465854304
-15.314410761039731
-14.538100114945458
-20.52075676291269
-7.244754136832273
1.4845839005215615
4.6672558094574805
-4.708391897226225
-9.398518515188076
-20.191195551096595
-20.160233199410502
-28.56920358660468
-25.09472552969396
-30.125751044348178
-30.955166607017983
-30.52084673562032
-32.86382721009663
-43.436423984220504
-37.944790711510976
-31.82319290054299
-29.081784078013033
-32.21048617077653
-32.917982709841354
-38.94060277724758
-33.539562253639886
-36.36312835433269
-32.69697173428377
-36.027739509706
-29.487102066385823
