-20.12718609262514
-26.791377691894997
-30.451588194103746
-27.20107737873866
-30.458768824540638
-39.106416230602996
-36.52749849677291
-38.11989156703279
-39.55272253246601
-30.239623545803585
-25.51715153619777
-23.661374533825725
-3.616845215310868
-1.6031110963633066
1.8260946949573535
2.8414242526941904
4.255101587347433
13.123614066053438
13.177120736339813
11.39910308936976
11.17208230675252
8.699128217234124
6.947588066615445
4.68309733829733
4.9410508692163395
8.590383338921344
7.760293025288651
2.8865636990552934
3.3549645769391674
2.284146593108802
-4.899106114470453
-3.276166512741216
-6.4603640198584475
-4.744086797962875
-6.139438416919951
-5.8214265639716505
-8.75567310770715
-9.327235129973076
-4.001445385918392
-7.868008418138772
-22.564479018022126
-26.97969126257822
-27.893004826617414
-46.03113572266121
-49.35957309329764
-45.338526909558745
-46.26181207957457
-32.010991454402664
-31.144207469889764
-47.62681722750672
-15.727709407686772
-17.789517306546728
-23.95936952162633
-29.504763970246344
-28.685388562527585
-22.15373660875801
-18.12535440657445
-18.43393660855779
-20.033487181888603
-18.11008298820436
-20.753058031214835
-21.373427001666766
-20.222665744115936
-17.262896795665718
-19.56156231698189
-10.103076393171305
-9.778047303309206
-8.323689107277996
-3.5592528914657016
-3.514630019033361
-9.975636255310992
-4.3569288719340244
-7.318351402406969
-14.074096901790838
-14.916863490260265
-17.737695590402172
-18.024298321778744
-20.265445843882247
-20.763475018233088
-15.386593231860427
-13.893342768999426
-13.496677230099944
-11.662485862418018
-6.331305078592272
-0.2833241849966344
4.103594192025251
6.258475194252028
1.150343601969505
0.11416469366098407
5.9301666742972445
7.6932860840960275
7.900188273294165
0.3524296712140456
1.4911756959165534
-2.7336729708356877
-14.163720937727867
-12.22203039591057
-16.377013489279467
-20.606035618067523
-16.563654332362848
-18.1746382443478
-15.466746095204568
-15.299353888761672
-17.811226569408053
-15.357950271824606
-14.31884522121198
-12.821265704008875
-13.891833144075218
-12.947778182386772
-9.621701050365786
-10.603971126263096
-8.703565462948374
-8.169787661534551
-7.3449040858013275
-7.967447532587543
-13.180164419859144
-14.926232615544516
-21.24730072415684
-26.897870423249632
-26.30951493450997
-25.78849249024127
-18.786978389774976
-22.441743849470726
-11.832216343950353
-7.917271514929634
-3.61463514096381
-7.462471293507942
-4.644710459217795
-11.826364092852902
-11.9956121757265
-11.01313050714338
-11.359311430495705
-8.230573305781324
-8.800709955761508
-14.668669390131075
-15.445161401076904
-6.882910312058242
-3.8062546040383363
-2.8338733573353454
-6.28372505373782
-10.091540674901378
-10.995645544672149
-8.373069532310925
-8.055498447286212
-11.232691543014331
-15.19102661978178
-15.08099762256576
-17.007300192072652
-20.280869188984738
-14.724628413062126
-13.430564675835301
-10.6493259338194
-16.3403864598719
-19.8071497029402
-16.27703818547618
-16.22820581128742
-15.36571798827049
-18.100492488994263
-17.55651184381713
-17.01352246971483
-14.953068767742527
-14.389977884202152
-14.446658174632876
-14.253185770781474
-16.654078327231066
-20.134254428129815
-23.472542751408863
-31.272543213343486
-30.595744217836284
-29.865235389437647
-35.19935506936175
-27.219870437107517
-22.762088985296092
-22.5950308272244
-21.547725623431248
-20.10049560206229
-19.4010276873484
-17.654989820141278
-15.205508377246339
-14.840448012140556
-12.202025187887445
-14.169481333801222
-16.772004139090225
-15.422215428462605
-12.730611433008432
-8.462562004314421
-4.540026656563035
2.4692756533591744
0.6306830442133013
0.3680883859654698
-0.26046317285105586
-5.028507179282055
-12.709944770771664
-19.771293570280548
-21.564109559849964
-22.080157347303075
-23.874219455690714
-28.61860198014647
-22.489356050869088
-16.207791737683564
-18.339071903165802
-15.793111435683551
-21.50588474418045
-17.84712307222413
-16.71303726066332
-22.659766762565326
-20.784134101833253
-18.77751691490607
-19.060225310795037
-21.23185059111964
-18.51482905618677
-18.649021038715073
-29.133745120764214
-21.220841274514648
-25.920018808246645
-22.466290906964513
-25.668899829127373
-30.94146532561501
-27.10655406327313
-18.89950280114528
-0.11413370078521935
-5.767658851265186
-4.741411496751477
-3.8548747538866186
-5.851333619475787
2.5227525525441785
1.165670608448279
-0.2953478788313041
8.428293015305899
7.051922364780919
1.1609552424755347
-1.192077116998681
1.9054975626645538
5.068132814777674
0.8674644988491573
-10.29681059702733
-12.470918493514919
-9.281793671468453
-11.565068782646177
-17.63703103826403
-27.79799297069921
-26.149022350792197
-22.050523249997216
-19.647700460504797
-15.777052174314962
-7.314115587128992
8.325203551763808
4.271448637892549
3.32081519988344
5.534324794498316
7.495912488844723
5.918034038470398
2.9393387689387
3.2187547045041947
10.670877073777852
9.600442503817224
7.271606611683253
7.289000651803716
2.5975857543433882
2.2685519253274307
-3.1578742167025555
-5.194543940068368
-3.0374597858278984
0.017878172705498473
2.413639326096328
0.6148360952018042
-0.9778487255999946
-2.176087251437416
-3.141704317498508
-6.588928055627979
-8.55836764758258
0.3757317357117126
-3.884100499921579
-11.395456781380027
-5.694208840279933
-3.823836247349951
0.341786437472458
5.2231802647014165
3.705906124706845
3.6161239729092056
2.2524772499423262
-5.592599297513484
-0.38418404525792027
0.4605416468393802
1.7121069789453232
3.3823092228884355
-9.686599246220807
-20.056321410454668
-23.25869252130607
-23.12075027605455
-24.90981557267105
-20.555089449439105
-18.080130687182912
-21.96692283289568
-29.631638692180534
-22.077064355111585
-26.57605484329856
-14.539564183627999
-16.883405573505758
-6.2784530910695615
-3.126423531941968
-4.202804211077389
-2.374197093887528
-1.6013499005773466
-2.449581146115621
-1.5965004025395602
-6.195839480012518
-15.50542232924495
-41.531270759765
-31.73559558997537
-10.955298395734102
-4.941359368103983
-1.2147408404008555
2.123334114018273
0.09478329063663103
-0.3910782539784093
7.68873727639016
2.7232153397750705
5.094118044677304
3.9366408632939103
-1.368972267377967
-4.281663517900356
-7.433965590745128
-15.359769284917169
-13.066298767900198
-13.070028155883147
-15.261413420737574
-14.914885323567786
-18.32666168858341
-15.842856677095227
-14.7130813524773
-12.629751445482274
-11.126815804662566
-7.317516344757884
-7.97941065555298
-9.734060952777435
-6.504231422042997
-6.4941383523739145
-3.0212965729983106
-4.223034929090402
-5.612342652914402
-4.414077068014906
0.8583580716099382
3.7369335529182983
5.698565185597575
5.085745238897051
5.976548649672947
5.753767587460293
5.143922536915972
2.309839807230824
1.1266702789998293
-5.109605634572525
-11.555441770168118
-18.34127221317212
-21.730135544511363
-21.423272151658047
-26.20843461494563
-34.58318988783674
-33.6684030836415
-34.314369241121994
-34.64261182030421
-30.99124946028187
-28.06603176936686
-29.20806712102432
-20.523750649593683
-21.235757629329477
-20.453536862736865
-20.578571791695406
-18.006910780556172
-27.55120609823699
-25.110150983791215
-23.99840393310514
-23.70717396339846
-23.65196631278909
-39.7770901387762
-31.445088805233578
-38.29072043389755
-35.007990444822035
-33.42141840337485
-32.12637139444793
-34.65898218212133
-27.57265311298771
