-10.999852888334072
-8.373667887638181
-8.737419379162809
-7.879934105173096
-18.169691949756466
-16.91500112219734
-4.687939465474936
-12.499657255091646
-7.996016150524213
-12.951521699387238
-22.46206375112321
-24.314795522953464
-25.67533719361384
-18.506971830163085
-17.991094527252752
-30.50130044220521
-23.280485277404324
-22.179601146278657
-25.134852395155054
-24.99461699498965
-23.070735092979607
-16.524834433872517
-10.399401363815624
-10.353423601153338
-11.809661698738761
-6.749114544631003
-5.764772755557621
-4.988350581668829
-4.965630597827007
-22.547508437258855
-22.321339298611928
-16.033658274608555
-12.127747984146366
-5.824758844061606
-4.393723494658935
-3.0954271029376836
-9.061097219161026
-13.009116478043325
-17.894089312510353
-16.702547084736853
-17.521907780835335
-24.43581756709641
-20.06867980332618
-18.65062748769294
-19.930370541678144
-14.615828234847696
-12.33647279115366
-11.659595267351675
-13.135355639798705
-12.826942741410056
-17.746380689793398
-18.282103104984245
-19.168718604262942
-19.010945027468754
-24.59465430908932
-25.68255110429116
-29.156907993469908
-25.88682092567459
-23.70086024728653
-25.857861598958305
-26.233192763471074
-25.92938283647243
-21.162169378525352
-20.216422646998765
-21.74252486598278
-19.533495673185225
-22.076448861900463
-14.869446239787312
-11.613344775530729
-7.483852812408851
-8.584207531918018
-7.284237699727508
-8.265265175044906
-8.571392224222906
-7.9333720749432715
-11.139920761639958
-21.106887230655023
-28.735370588883185
-27.737496983025316
-28.926604250760263
-29.721837037534613
-32.45666982631143
-32.61492994808468
-26.800150664565876
-26.03657560088289
-18.238663670268174
-15.016918320063793
-23.07978523412622
-23.115185113316514
-18.25643856925575
-16.413554808181672
-18.952488559195725
-15.464705695617175
-13.98824199034115
-11.594424633621486
-17.450070758290178
-32.63092118825728
-39.31494920592629
-44.52386804138639
-45.10273282654788
-34.816610576248344
-33.40976497256334
-32.874893231527096
-22.159166940814057
-30.312095900185774
-18.240846209080157
-13.308080527996545
-34.76164828189113
-43.939091109406775
-36.30056311713741
-26.261301678633934
-34.497790630261186
-24.096498280014906
-21.624545588661466
-23.276945279438372
