-11.134522438708403
-10.755230528316407
-16.71576353262322
-17.899038401890028
-17.15863088574985
-26.238939545264458
-12.89353868708651
6.178234554507519
5.3895686240079375
7.113909170094482
11.65784733937881
11.365879569761555
-1.097659021353698
-9.353535454476924
-8.827890740696446
-9.840028448905457
-17.65618235472308
-22.352671264127956
-24.459226038809145
-24.05319529258039
-20.02258521709037
-18.030154987655006
-6.185640548269425
-8.462016119384755
-16.047668533013244
-15.496018627449105
-18.872943705119642
-15.058473125220775
-20.810256892212557
-12.661143918612346
-15.13852186180184
-15.559406853871455
-11.189189555503061
-5.5301816759564435
-17.980673250514194
-9.892813653652855
-7.095774969931662
-23.47462360199509
-22.221932926192665
-15.141638662611744
-14.817809505233665
-15.21969474318135
-14.479975430054354
-18.082948120230157
-21.101333576631614
-10.129176997604919
-11.154718597725568
-15.79158366394423
-22.374383814384675
-14.42844927300425
-17.717690047664977
-14.014034312426595
-13.269397066560648
-16.711243161807527
-12.165331383015285
-13.672609180382546
-15.639259238466012
-15.478345950799108
-13.686014156339759
-15.120235126889515
-18.081981262408934
-16.705422084717966
-15.576157521983275
-16.31602856507908
-14.539179296469204
-13.396338944318972
-12.262759342893546
-8.394136587026496
-10.696442866416737
-10.756669204893317
-10.254723943137613
-7.5188087140053925
-8.665060428911737
-9.908285824630127
-7.3102962826706275
-9.576080069843352
-5.990872760500594
-11.082936628164179
-11.781913202764326
-9.588976773998343
-15.77525368571888
-19.311537476690226
-12.518578207613228
-10.824222511110882
-12.088294232270886
-10.7348947389059
-9.23635696403946
-7.508214056978931
-6.8694416334310064
-12.191745251892383
-11.809829139031788
-10.6843743363754
-8.637185585058479
-9.219807178049368
-12.102122251501093
-10.713749557535241
-11.478202276774685
-7.494037721936372
-9.499138096881104
-8.826884151172218
-9.137522569415335
-9.742545378534443
-11.439231372435705
-12.066770051013625
-8.059580123627484
-20.851282600676104
-12.925635741368255
-10.099357742201734
-9.575312417288252
-9.168481277376404
-8.855976984495394
-11.1509441634052
-10.494664171264574
-9.34435870146586
-8.72857594887234
-6.394029593075638
-10.65733119056602
-10.600195056097863
-10.365369802136078
-9.262561898122444
-12.704105157868725
-15.292472648696467
-13.847898640125775
-14.744665816981922
-22.15509962224738
-20.66626583173549
-16.64351394947337
-18.41305530282828
-12.266543942311012
-12.809649185386634
-10.88246613149369
-15.14848280529072
-2.263769827046184
-20.665218134386112
-27.71595249642872
-13.11699132310678
1.0042108003296464
13.70693313513921
10.895052721807994
6.6429193225536265
6.015697497460664
4.60926611725453
3.9468145535391854
3.7436934881363455
-4.032055536664373
-4.179803017732134
-3.4279294128766344
-13.435813464079231
0.2592119699007231
-5.4842706390588924
-12.685337605675613
-36.038945122364176
-38.09831919900262
-34.0168617004007
-30.15560703924157
-21.433808383175585
-19.5515664006102
-15.895897539619567
-18.639050425125014
-16.37832143429394
-15.307520333357733
-17.020560377551778
-16.555983677175526
-15.919045688846733
-23.469293068656487
-13.865096445985987
-16.679478263011152
-10.741640190237273
-13.328404729197054
