0.463131885205995
9.310065320461394
2.4205102988342064
-0.32579454148107
-4.875715555651632
-6.030909629404781
-8.773920551882815
-8.89102512262007
-6.23334034575132
-4.829183334574921
-7.343765279911825
-9.309220230024547
-11.533785477120535
-8.62351080583538
-9.720588763747264
-6.398698105120264
-7.228331179817466
-12.06262643931556
-9.470559455075154
-7.676070728588161
-9.402827767054047
-13.621398461525915
-16.662146466272144
-13.519732576524278
-9.959629311203408
-5.969913335629251
-7.685947999792857
3.1748999778141145
6.636962638593347
6.661724441489423
3.8835055353885863
5.6042880071477805
7.913878149427784
10.087605338919712
8.305026689197751
6.5066870200388776
7.340141481311335
-13.29535198765306
-17.579634790604995
-6.357629886278215
3.4940989303830943
3.3082504697021604
2.8503805299699088
0.8085145274538341
-5.6204356338178245
-6.326520157064918
-1.5039349606434276
3.3689415451542635
8.158105046705044
11.280059627877138
6.9433104304864415
2.1727896057561007
4.812681228166376
0.04445226196156031
-0.6096531891380296
-6.887863229482727
-27.56674200955717
-35.102495694976604
-32.92812538820306
-33.081765833364635
-36.153547281699346
-31.52484532683472
-36.504290855673105
-35.423589561800796
-32.822789025199256
-40.493552438392776
-33.68516575556255
-29.50651623782041
-25.431630465579968
-20.760605098849034
-22.00556653307965
-20.688588196769796
-35.913173125902674
-40.902295248336635
-36.10536060999699
-36.42874591919696
-47.907516177242606
-37.03594078988885
-35.18296712674805
-44.22037436367313
-49.150711304466775
-24.381942020747815
-12.03354344557759
-16.797901088530196
-20.653442454256183
-21.634018772701396
-20.83420584186376
-21.61618390898872
-14.17296495837783
-23.828427200029964
-23.22643565364459
-22.52834498079984
-28.28831142620735
-23.11221706856527
-24.45160971871313
-32.533158552526714
-21.109230010307996
-22.563967212503172
-22.847847560283746
-18.334659782157352
-14.04296477432967
-20.237975754310998
-21.11841232624243
-22.649015560186896
-22.59579292246339
-24.082061321311013
-23.07219018077226
-24.348383971503328
-25.273389835976143
-23.765861895524004
-21.126228069202625
-20.673078226187926
-20.60306798548857
-23.0571648872252
-19.42145125381132
-15.778451529603322
-18.522385960096607
-19.23810978703945
-11.351903206168707
-6.289333637235899
-8.16887867615373
-9.820015571876716
-8.575293678528542
