2.1536742712421244
-2.89254908434061
-9.462609938774001
-29.891633564616853
-28.78436141264885
-33.96056385452023
-33.772242023203695
-37.72200158151345
-46.05812400649381
-37.60543313292815
-36.901270126944496
-37.74035993429651
-39.39457800925934
-38.29588018256774
-33.67971742166495
-35.06572451724337
-38.12120249717636
-16.831710909404787
-12.974629478681909
-12.834383222447915
-10.357620876364246
-4.621236337698796
-6.287670549512051
-12.944999302772214
-17.432296141082066
-14.953750826902404
-13.335358946989992
-15.151432683013365
-16.2247908903018
-19.88279943146223
-23.26850588537827
-16.658772637754574
-16.422300459376846
-19.03417408153641
-19.47689045212572
-19.527096012747982
-20.90115815130536
-15.011095730050842
-12.103206889991705
-8.093111639731056
-2.6906096157378405
-4.867198841014031
-9.029889668466772
-16.898876567379514
-15.826645289069276
-3.4950322911839997
-6.460627085578791
-5.262425092698768
-1.227766113177419
-34.08318406654285
-23.954804135525464
-19.59119793037347
-25.170540641907944
-31.39818024065663
-27.674441073781942
-21.507045366247745
-24.35641256723089
-29.414323560788628
-25.734321408146034
-27.557243574165025
-26.84654830440018
-24.0004591641656
-23.309760125371426
-26.9059914125375
-29.845135426755533
-30.27858353049113
-32.2607416081355
-28.618215518969908
-28.819640470954013
-25.75786906358361
-30.59528270002413
-31.335556385110287
-31.765684237881626
-33.68004824651804
-26.435048247623673
-27.65764984930355
-23.86145996829587
-19.077220850042245
-21.26917754021937
-23.41367127997499
-24.45427650679414
-24.84689734657652
-23.76576496416219
-20.373450839014737
-23.890614834724502
-25.63277513337671
-17.72756108378443
-25.63047043636109
-35.988457432956295
-31.389991437369886
-29.494082151170854
-30.28716990973981
-29.860275365679673
-37.1008376613333
-41.80636503343608
-36.39997567823597
-38.10351709211599
-39.289445033677026
-39.74569546179917
-32.359749081713176
-25.59872723852716
-19.19435349692879
-15.709319194615402
-13.423497587572598
-13.826871476134784
-12.884179592047627
-13.275010712785141
-7.810863154993049
-7.550797701998742
-12.64020505984436
-15.981682053233538
-20.222251017886396
-27.885586311941623
-30.075175539170214
-28.242197676061462
-23.66613190591545
-29.48406936247459
-34.055114953499086
-29.42872567282929
-25.020218497893005
-25.169659201610628
-26.110132076921463
-24.535517388480955
-22.304903765807065
-22.53285126736689
-41.72684995754308
-37.3309059120175
-32.68663899281029
-27.190908851377948
-25.047376905742183
-21.972689553205786
-18.273414464217428
-16.118110309461102
-10.534278473203068
-10.609064728356651
-16.466861064418644
-17.70205555727787
-14.021096491848063
-10.396610485128917
-10.036888765514778
-13.76573367359624
-17.480907689844287
-15.7828250903632
-11.508395642419552
-9.964240526347206
-15.684328839796624
