2.8824220031104217
11.57417616437959
11.238210204232407
8.152152987474503
5.648018080145384
7.46529494778073
4.517733408639484
-8.038419733964156
-13.409362491561449
-18.322287571721443
-24.643226898254994
-9.959767825879977
-13.925489046773224
-17.328266375695712
-12.475332501836231
-7.2702783062059675
-7.30322752596606
-3.0350282572756004
-4.370018286221345
-6.578406536149293
-8.026454809772368
-9.773125634805462
-8.333205353612328
-8.476562218691198
-8.599394430040356
-5.513626984089717
-4.107947486668193
-4.090745166113538
-1.945068645854356
-1.1355459247386492
-1.6368088380133818
-3.8570652910491403
-4.858104778123429
-3.875624079224081
-3.441935909317392
-4.630689582094576
-6.62241808805337
-5.843280685933379
-5.695692970617037
-5.745748965695424
0.4697381908027185
1.2177984221927791
-1.4181986835283773
-1.9767596747037768
-6.564789135691125
-5.073981455033875
-6.783961330732786
-8.988925084155431
-8.002975262669926
-11.652358205393323
-14.797991933928788
-10.760772668969052
-17.823158415733158
-20.811993956722
-19.414488929558967
-20.108289209199985
-21.717422726000528
-26.652087457778602
-27.063582109128298
-28.358705493564077
-29.87257115792696
-25.965286364607802
-29.931626658848728
-31.925071024976592
-28.44808067931148
-1.91491458121258
-8.177993261931395
-10.322935597202346
-9.532041620342667
-7.09975181777441
-8.892204066058909
-11.45074219137432
-10.965311296018736
-8.327665397571772
-4.794572070524566
-4.27646600727103
-9.34633024640818
-2.455780178828068
-1.2817921154834506
-7.270953807403058
-6.666220969627262
-8.732720409937368
-3.441888086858072
-3.667707585400454
-8.299860662574652
-8.938648696543963
-11.840469116566052
-11.965657211299169
-12.927414406906529
-12.670926672335028
-14.31627792886008
-18.769637091315218
-19.17714431514006
-16.286284895947205
-15.881770317747733
-18.577061832067308
-20.561251575703427
-24.661640267222012
-20.76702844535089
-16.087217633612422
-13.65859382217016
-27.62398135898785
-16.822516858548873
-17.857657840548203
-23.46408142868107
-19.63835803268192
-27.519620759101034
-30.488159173718163
-31.933176555517434
-32.528603825095104
-32.79285669729091
-31.841046060061235
-38.95387667207726
-40.16109933637671
-38.61808595738311
-14.723749875857887
-12.190885409625645
-13.336083197562491
-12.439843020576461
-10.084940890088962
-9.155286660161137
-5.242347238794483
-10.642822895557384
-12.73070599559648
-11.957979515575822
-10.480738871286912
-7.838043244562686
-7.350664953058225
-7.083932584825674
-11.3605001961738
-17.472834091060246
-16.631196262195395
-13.932972138992195
-10.419847078357432
-8.389079736879081
-14.108828327919838
-13.62392841004632
-14.598023738987973
-14.503854111755386
-6.814796432790445
-10.299578729341084
-10.301895694105095
-11.44352535727826
-32.30249905497379
-35.902404714260214
-43.12709424240341
-29.600122003145238
-32.05385523793747
-46.169787619319756
-36.15689140546756
-33.71146601090785
-31.553987116768063
-34.979444914499425
-16.559855778592457
-15.102789097998462
-16.24324508597553
-16.826709792971506
-18.113566590184707
-18.078579919407805
-17.400510216497118
-14.185356416048176
-7.677575252033978
-8.729823019727348
-15.736447485749915
-30.62487344317878
-28.62543827361059
-44.553766166370345
-38.9282886281924
-43.578284740043905
-42.57958241843167
-39.00415372337915
-46.215298412453855
-41.93288538071949
-36.32695323643446
-16.86936274008441
-2.2582032245785224
-6.987292161710325
-7.0247844504386325
-4.416499486928946
-8.087815401269694
-10.301694758094614
-10.807755259259675
-9.332030859225107
-11.658198620858052
-15.17865030363606
-16.365561179270564
-19.32359989367103
-20.368353047538488
-14.24005535614053
-13.551633920921798
-27.52405478725036
-37.15968972643913
-44.07670154095818
-32.040232066713536
-27.665941964137478
-39.259555540835976
-29.9337000259132
3.2758088905740568
-1.5537462719090722
-6.598970296146206
-8.927112405146076
-11.853327246559894
-15.432924578135244
-17.94045893300608
-18.281364777809504
-19.264787555651267
-20.41942624451733
-18.809034414755207
-14.090755127029002
-14.094853243367233
-11.12928778716192
-9.154710640993553
-5.885537319131798
-2.3815987482612697
-5.172801002246332
-19.448457233642934
-22.213218857303524
-10.105335001098462
-12.000555223420884
-17.977738742473942
-7.590456572978332
6.728064568570868
8.409416710736732
4.580504572121467
2.5557534630437124
-10.842626172303829
-15.51359309843144
-17.696765920379317
-19.034961975005828
-12.000116288078294
-3.804402133647312
-4.199380898706274
-15.382564287811757
-18.89332440602837
-20.68707563854199
-23.214699892508712
-25.060139418005065
-21.847804045793527
-26.2706834094666
-15.479648969474056
-8.415272053071769
-6.2863854967112625
-10.193519877958051
-6.176616026262237
-7.529170321827679
-9.35712407450182
-7.147740509763755
-6.882184335501036
-13.473244673695838
-39.915049575774006
-35.461715623307235
-27.494182123505983
-27.13772395316475
-29.989384886225732
-26.79602771210107
-29.400886835435124
-28.499987503084782
-26.815059184306456
-26.23975448347882
-26.888772461997476
-25.50161195540696
-22.245422772877635
-15.197622521774797
-7.395111049972784
-9.276122294574051
-10.273955734080376
-11.35044749437661
-9.627322208588133
-11.701395499606411
-11.796326722007755
-16.398096552489342
-18.82444631178501
-20.65443204004913
-22.936530929368647
-24.538458274705963
-24.904296616277342
-24.582379418172852
-21.634590593148165
-21.376812242904954
-23.46208527846328
-19.866443467122046
-17.80870192449568
-18.469852586329495
-19.683717830953128
-16.14398336753647
-17.086587440742804
-17.289590745817833
-17.190646640733117
-16.151860868238202
-15.260189492939745
-14.01265209774123
-13.081823401838687
-13.505839941865327
-12.276624646284802
-9.82701949698774
-12.741144164734322
-11.523427973936059
-11.387740821193814
-14.453709609979045
-13.32419710985944
-11.39854482322508
-13.598170428085597
-11.98692035863242
-11.494732663496587
-13.50718439081916
-12.37539943766122
-10.517984001727378
-10.761101917358664
-11.690004001816812
-10.696497684254071
-10.547559642251931
-9.57972168634798
-7.090661775465861
-5.277559512798376
-1.8743754741344096
-16.32375937272109
-28.848071570898714
-44.73326690076646
-38.005145954646466
-30.219096665128873
-30.51317718418004
-37.80043221477261
-48.61109223589864
-31.908618974437488
-30.70770136990175
-36.09924765763351
-37.57435430819085
-36.63134695921053
-31.337802770553125
-31.028405152526993
-37.436150189127424
-38.25859939563173
-32.418482512848584
-36.29417019339746
-37.87553631761907
-36.902821308271214
-40.37394962471307
-33.721465855875806
