6.903744773701098
3.260185240413993
1.9962918232396383
-1.3364059494349827
-1.214182874203644
-6.55307415864354
-3.7049741527595055
-7.1056356870096495
-1.1016976023777438
-1.6246237546153874
-5.226493348839543
-15.201331625775635
-18.65359620425069
-17.266023397576536
-17.014520405652284
-16.476034699254146
-15.977661973067875
-14.735193179636836
-9.056807206252056
-8.549293876113508
-7.781598930000683
-5.272644014249081
-8.269251267238
-11.125920213372355
-9.29133694040665
-8.632160743949177
-7.98018654608022
-2.506578311473415
-0.11379209039029957
-2.042033778787728
-11.011671860413896
-11.676942376405568
-11.824568660576055
-18.427263853311416
-18.930221514739753
-19.65859023742476
-21.386826800469
-19.482444206369713
-20.69580257417333
-19.913447410069374
-18.209835840291127
-20.923842134313904
-26.441584697909654
-17.450818224275814
-24.607384533499413
-34.73307639088197
-39.14397060810319
-43.138558057450474
-30.72194813731026
-30.85610777475832
-38.95458305311959
-33.03230601106961
-26.10772049224051
-30.080064202496004
-25.468813717021927
-21.520336420260353
-22.49419619273996
-25.635278003937426
-23.41071391914206
-22.34373098659177
-21.87456460996734
-19.066048677408226
-27.20537149086929
-25.48366077233829
-21.31099133023632
-20.301351467103814
-12.760670791677935
-12.435722158338649
-10.807631348369211
-9.36236860851418
-7.938796123047356
-8.571237729277852
-9.442861714286382
-20.185775145291398
-21.725643091250053
-22.348361179976887
-19.987683285353707
-17.850542603934127
-15.100161964404045
-12.251273112160051
-13.218023549037573
-10.942431094678113
-10.943448829635448
-11.140464836187336
-8.77365581437532
-6.809878246015381
-5.177422445686356
-6.171757877274176
-7.669096288056407
-7.226758547216932
-3.3502132485054905
-4.579168770613709
-9.803051540881329
-8.943331927020537
-10.639385338209275
-9.411231764009624
-8.574478651707581
-7.9622023371079065
-6.013842640555207
-8.46013948301397
-12.5059653300182
-11.752775492606453
-8.540977301111518
-5.4015195326271375
-4.047644768282391
-8.171902851340532
-9.703568939182492
-4.273080149592354
-4.893903876103039
-6.818957469918701
-8.031059550642231
-9.211375099845693
-6.027157738130108
-7.597151778192598
-12.189429772469651
-16.26862166972025
-20.26432298127549
-14.129384350058661
-18.590156148322087
-21.0419593961062
-20.052559026846637
-23.727075779602355
-23.487899754425268
-25.430098039491945
-28.39430356815657
-30.293928784404745
-30.13874290889805
-35.90830054566077
-30.385469312469226
-29.85822469415615
-14.196007172882036
-17.56414983716492
-19.81182711253687
-19.579381338524797
-16.641670183002223
-15.56235624595265
-15.604469662042627
-14.678311972654285
-13.113394130222074
-10.529427426005366
-13.752611349754245
-17.75484606931855
-12.107931377220874
-12.521229966857453
-10.739384322000936
-10.97626269403131
-10.264761599594351
-7.9032046501342945
-12.200448063580888
-15.582481635199974
-16.239305881227907
-26.03727393706211
-28.198670739256805
-32.520386231394326
-32.547276811177035
-29.08722525963431
-29.278050936097998
-32.07779165293231
-28.735886215851924
-20.207260459188475
-20.303899411036273
-15.505270138003418
-12.836420095085973
-17.897733033314758
-20.269721024097766
-20.23061345779259
-16.402490929094085
-19.38372962899048
-20.27290244198733
-16.698912908330033
-16.94428057287566
-18.13639522668285
-17.747370390863505
-17.95530541139857
-14.422788155547993
-12.318598519930651
-12.110441735144255
-11.640701252292367
-14.674672018907463
-15.80426072427783
-14.937485190869072
-18.748701608148018
-19.83464017262576
-21.213984661502657
-21.42877298062345
-18.484933141314713
-15.05523544620731
-19.004787648677848
-11.666981031135965
-12.995104256716244
-14.01507974316369
-13.584193377272015
-13.968041532634144
-19.64900160753805
-22.9412092436622
-26.105102381403945
-35.74924004314451
-29.674528236759055
-18.209840635634922
-16.66756489158647
-18.676618259718264
-25.06290517208879
-22.29417085837552
-20.27425901143521
-19.046400506975356
-18.270063100587734
-15.806278698739428
-19.588602035391013
-19.981606037144413
-20.43870952245922
-21.791565143489642
-24.70312085780539
-22.509846514735127
-20.6255440571178
-26.909180800084528
-27.518472999261178
-28.636599935426545
-24.065663037385388
-24.226294508613464
-26.986944475303662
-27.59829730302889
-26.36254346284193
