0.6682012631676167
16.727439676864087
7.081726352422452
1.5289037292785532
3.3959435307655887
-3.212577064820352
-10.951634036845467
-10.007387209960099
-5.4453064343829585
13.159299567763671
5.479276815733306
8.319541917017059
4.903812830372963
11.916594741190845
8.003019460343385
-3.6041657890151657
-4.096798853297527
-3.663632305519688
-4.16074743237203
-9.005727070178684
-8.320942730356625
-3.5226498621824414
-4.830741391562464
-6.698798998601661
-2.64382443983364
0.3826199931351413
1.9454665799691917
0.1083496632341029
-2.0955493929407742
-1.7890684398944663
-2.2441102110938616
-5.729632805582073
-8.853544192363746
-6.90827757367992
-4.8573115553149435
-1.148580019922687
-1.4587579058189482
3.4323966433313102
5.368717076122073
3.8499884740786214
4.943884370995417
5.5951763369846335
3.501947544388168
1.3734181641874468
1.9333479083891372
1.5447847030707809
-7.169420057876472
-15.960425473866767
-25.67559444453762
-26.20133712911788
-24.076511938305398
-22.63471637860345
-18.244422652720694
0.183297987212822
1.6037534831910634
0.3963338860574776
-11.631297745957431
-10.770335785560382
-10.584178950832293
-10.942331910114778
-12.351466445982751
-12.725308360817824
-12.259171879068976
-13.039846648008414
-16.761280515243918
-16.430408334200752
-14.957184504934835
-12.015114103673193
-14.546015297755625
-13.389273557823607
-11.733064388830915
-21.01307019982623
-31.51854764809556
-39.13300700723513
-37.27599089497152
-35.564913080478185
-35.24314804469933
-32.45187006116204
-32.369269441414914
-30.71153328416925
-42.180894411998146
-28.504868559636268
-38.490971888234355
-35.004075703197486
-28.136200417857733
-9.565173253421431
-9.043575719990198
-6.543854370842471
-3.954860249184724
-3.4160761392160666
-4.183760086244462
-3.6549190687069952
-1.0736305855759765
-4.270644752672311
-3.977178652890352
0.4867683113869267
-1.6466580342426906
