4.439773712766817
11.457867608296404
7.1283327155913625
3.3459234751228397
0.11394960303650704
-0.8256131195724079
-2.704587458796417
-6.8354422158689605
-6.520987547974178
-6.471732504065378
-5.457562024011026
-9.54198674414352
-8.599422806599588
-12.071767993153546
-9.682171972207446
-18.864357236948788
-13.051251571351454
-8.346135310630688
-8.396183394627371
-8.84818113704576
-13.567236738963967
-15.922411087735885
-18.122087616881934
-15.355863889876744
-13.307050164909425
-18.402676727927663
-22.34219451622132
-20.09940065842248
-16.37642151985004
-14.976017866754749
-12.215312400510113
-10.731763749850453
-5.775152526701331
-4.315767689853036
-4.665022629190114
-4.779134098609332
-3.972204073675026
-0.8949950992832156
-1.5061943402103295
-3.1715060906983688
-4.212824443938276
-6.405876836642219
-5.528721840541061
-5.101269014420599
-3.885734370573525
-2.7310183883448707
-5.02067367002546
-13.290155789139376
-12.273639944608574
-10.507244637664225
-6.273856486116612
-6.405404312356101
-6.504356482383062
-9.517186170831842
-11.620314474575336
-14.56417790342735
-20.776739557114887
-17.310376595883536
-15.421672773696187
-19.00478632408634
-20.43240205681308
-22.262169121272677
-23.026920207679986
-25.396853743712875
-24.915537313464856
-24.77607791103755
-23.57029189393895
-21.776849094706574
-19.060609433193697
-20.421033815798193
-21.676766808255444
-21.3323797791858
-19.93049621365101
-20.795756297830057
-22.28849746684486
-23.676960519180827
-17.347799701385973
-16.928387818730883
-20.890340548128904
-18.978287995486035
-16.130818980032664
-13.339922881523096
-15.035177242851493
-19.717866974210146
-9.736287329527347
-11.865790917428455
-22.61248038824611
-26.77514680561625
-23.58121009480655
-27.814956134968806
-15.02234650361402
-14.523195802849061
-17.205334231189152
-10.935791620886404
-26.220984997683477
-23.08763555572144
-19.82732697360756
-23.39331357025461
-22.417340912240284
-19.3619182111538
-16.307451528320378
-20.21751051604443
-22.03661989471476
-21.04453420959736
-17.095078322951444
-11.079397642726654
-12.541026966107578
-19.781241039621133
-19.333533593397156
-18.483113820261945
-17.013672614779193
-17.18806597133717
-19.030547454410282
-22.465447597821022
-21.618607081256336
-19.635723836021192
-18.94600016364309
-16.730698489148
-14.851771954202864
-16.615121332899722
-21.86949353058864
-17.72473617873983
-18.290727841847847
-20.848504299023908
-21.425262776456854
-18.832022458148803
-21.052527188296878
-17.56249956155273
-20.996553386829298
-21.205856085936567
-23.539663702534842
-25.163191906472612
-24.796808520905447
-22.549278773577992
-24.29297984536515
-26.815371019694272
-27.187604408498927
-22.892692018757252
-14.945133556161261
-15.41560306800266
-21.875928889347
-21.845204533892172
-31.34843790225625
-21.185042798630715
-23.93195092719624
-26.402251532528762
