1.6507240553187468
7.114451361449364
5.308252238197472
4.3812889414977185
2.8464303280580694
1.609093509433141
-1.7239472654342891
0.2960712705732817
0.7530075440428038
1.5663615475432404
1.0237819834333726
2.2795968477254545
3.3433798524243787
3.4710764144373982
5.939560451040824
4.533271061951441
3.726848482923207
5.603145155739682
9.380610523118174
9.176948790604612
9.714242654832901
-0.14604064047035528
4.22930023812929
-3.2659340205945844
-13.613252444558615
-18.194471082820172
-34.674841669458864
-31.25661747868245
-26.03723877452084
-23.3398443111374
-16.05481846641603
-8.56803459766522
-0.3476302421983937
-0.5946431725721881
1.8188395032750542
4.963176784026478
3.6534196281421436
6.1846819927934344
6.1789979240400354
9.352732686263712
5.1647792743539735
9.759726968821743
16.422729087310305
18.695463402879305
19.196146569644686
16.68625915177591
6.912360482235244
-0.27595562123081857
-0.6220095272656304
-3.4989168961332986
3.860005044279477
0.3960719066830824
4.0467670684608485
7.837294703959332
7.267482052605642
6.4445019749412005
2.217148422506804
1.5293414215296903
-0.038351946576885086
0.20718476119322748
-4.2207481309591035
-11.023652127433534
-17.151031791146956
-30.526062707149094
-37.062693835650116
-38.19114032202483
-34.504871538076685
-38.19609951112051
-33.60453421362641
-34.296790698625315
-35.73081232065017
-34.58284831039052
-38.68884968249669
-23.394082820447288
-19.415556307577113
-10.164005734638776
-8.24408707034895
-4.673433648896124
0.6024024919489568
3.32431431665587
3.2212855914236744
-1.4153084798120352
0.3896270828345498
-8.097738207681617
-8.493741520381976
-2.5912373801133968
-7.20186672831774
0.4513094819216153
0.9722364761442642
5.233823985544419
5.570758222240603
9.50892858142595
13.731361485604033
16.451715573568244
11.157368064677325
6.174128706213362
3.6056158412900032
5.358843609485485
6.4542583285719966
2.0027172791102017
11.636866950811193
19.62783066468516
18.212426398873895
17.45445705174166
12.890635715733314
10.209785063299618
16.30353223531021
21.884668455910763
19.118891868097844
20.249230763905878
20.91510953473573
16.03071510754976
14.854575465499885
13.235297078399748
14.096957840169773
13.726262461708114
13.484391706795154
12.58459533352798
19.850026287148665
17.98679736100758
16.603734964111272
13.38947427907649
6.971326595099229
5.855637479100111
7.113418600133678
8.264111271054574
4.388408206086852
11.91514703369234
13.417118826348787
5.490277736553256
9.242149740701832
9.992928597577317
12.795305995311427
17.419614359164168
20.431811811969208
18.218288133963323
19.215745429929346
20.285358077389684
16.294885557310902
12.555683249266258
15.040991982039346
5.190025058737371
7.629820203009895
9.92374891583058
8.6000054791187
4.696686398585422
5.792853108634057
6.698261297769452
4.864174520307868
-0.18324833206467914
-7.520942348046026
-18.209417140653645
-24.018927130169235
-24.776442593803896
-29.363508027875994
-30.77646082183084
