0.7052093729502967
3.549385363608405
-2.181181597846201
-5.9896239981802495
0.4063760633379543
5.301617851943965
3.0182820602601965
2.222180933887565
0.16186435314657294
4.396555811554626
4.0677032820927295
2.715297370012009
14.402506275362892
13.236849555770107
11.233176614272423
8.839884384594756
9.24243908357159
7.1022390044095545
9.881767774528056
8.478344759856009
1.0862883243034644
3.6072752628092655
6.8570197086129285
9.333250135462194
5.315324452222426
-0.13785252809840165
-3.5788529664100115
-0.22037479156707265
-1.4765335804893118
2.022379066816493
-1.956702548736344
-7.567682246548162
-7.178977977228088
-9.644487047779302
-7.066016992595968
-8.450672981353119
-7.580073317545936
-7.3024752170832405
-9.287904819061957
-6.651615003692063
-4.312181792476038
-4.568579211370262
-3.5893515346638565
-5.12581483157357
-3.750075160898484
-1.3625675862436577
2.1673538633459306
0.12134475623569885
7.111214804614159
13.465107318524563
3.9806205468963247
17.736122197711722
18.170277311968533
14.994300825790026
11.463979664018595
1.4624726475724477
1.9501425384042803
0.5941410271504703
0.8048270449246893
-4.933602481563279
-2.107878338355343
0.004916534866659707
5.8725609395755995
12.122184134782426
12.177322906724939
10.535772478567369
13.878613802999256
13.264241422263098
9.926748434366193
12.408290882248135
12.257962323444795
10.993589206917225
10.868473590375624
3.7680047237031298
6.073052526703494
5.8394951672894875
4.884013862503089
-0.11449108236316605
4.909667650132233
11.20464846372168
10.154626339777481
6.000690989855063
3.1567606905178947
4.159717389348389
4.153903555937031
-2.7917792759858453
-2.8905454015466883
-6.478282906732558
-10.195267452771773
-1.5296612036541914
0.8097850535347438
0.6720978874314487
4.118005127160949
-0.029507645697559055
6.035975586756018
11.897789309240618
6.853043551591084
5.442402784049013
-5.898443611879394
-15.387608883809946
-14.878331820980868
-12.542858868693767
-8.61011982347094
-6.6814944848604485
-14.736026069200655
-14.613632505727615
-20.45252225149091
-12.630185889686866
-12.671532970597159
-10.622067929927749
-7.579852755752691
