-14.642707426843815
-9.940056176529144
-13.74751050010773
-15.115172596568087
-15.174308766945336
-16.096015995090788
-4.7717215065027805
-8.302402592444354
-8.934844956633698
-13.56960114524212
-10.894918757272933
-6.335607292702607
-7.270415080994768
-5.987244630298057
3.7018638836679667
4.969584896061823
1.0431065948201106
-7.607667419681972
-5.474516144275559
5.304086788845424
4.917149659093735
3.4463791707563263
5.274157339507371
10.155804936611082
14.92984317768648
18.871146968018426
13.612290023192305
17.802778548828
11.046769589836908
11.028941946557794
17.913624438726238
14.170500435141987
11.487434670888385
14.837805866506148
7.432654639675592
6.4341104662730855
6.838445710797203
7.5868541975785115
8.500310377522263
14.549042998714215
11.122907782191513
13.068073353513244
8.37589539400746
5.741240596466542
9.6547367125888
-0.7935963845302291
-6.789949576567179
-7.382603989170778
-9.266710761279807
-10.090093291318304
-3.6740176445489463
-5.210659005327654
-5.407120707395654
-6.455514925853193
-2.1053633127621407
2.4128852125620788
-1.4501978386557686
-8.668708769041432
-8.315126205236199
-9.879238422791794
-11.02981161354346
-4.977629490874197
-3.7950622939008016
-5.735501748288969
-13.326516319818705
3.0825904066462897
8.409335810888143
8.013741430222806
7.33450725587973
10.150621563574498
11.257589729141836
14.30154356968174
9.379484156393355
10.627869821701289
3.695531206028412
-4.131086294497422
-12.741941855451364
-19.09849997145405
-22.040631047367
-27.829229651536718
-27.66803320595593
-30.699354207273874
-14.034607335150845
-5.854114509466138
0.9611262295063878
2.7366033885051597
1.6244664026277047
1.8561912271467218
2.297236853028408
1.601158532882762
0.4684536817395613
6.557063112203492
2.9406330487837864
1.2010351901840692
-12.61845139414226
-19.09752812645775
-5.16849914392607
2.7402341027774413
-2.2675610049113453
-2.475846206952564
-5.215272321913639
0.2843146585541476
2.986073591798224
0.6383695902402158
-1.246148895701514
1.1549813368671076
7.675804299828839
8.571190654572968
6.668508628762949
2.872839157348773
3.243797857778795
1.5106235880720194
3.633308667225261
1.420218668980484
2.22020313061252
-3.055894547727652
-9.838375629375095
-15.258719302482348
-18.62149268536361
-20.799947490688105
-21.158182753452795
-21.6899547680882
-16.478026643420478
-15.883435141747006
-11.66717810983575
-5.018578405483909
-2.151385985493937
-1.30238279484751
-1.9702026384596043
-2.6045186617121376
-1.221374778295401
-1.8393309602202568
-4.077400811267776
-3.2713459315594893
-5.365401423546661
-10.097224299342383
-21.235589833898864
-22.105524244561586
-28.405985759561297
-36.736738767812064
-37.74429564999901
-29.021169389839894
-27.83413207656231
-23.650152593417875
-14.298678103932529
-11.162505166119237
-5.219213968223653
-1.8483499086959676
-6.9777067745882855
-14.563371524962745
-9.583593602493428
-8.371857758510624
-5.144697296971521
-7.361120123180113
-7.4839743725382135
-9.503334918018416
-3.7784654157977386
-10.135718179905009
-14.233002585358458
-12.995736508636227
-9.542014152227264
-12.098246029526575
-14.615006706438644
-13.516205528996966
-12.159789444199726
-10.911377963041641
-4.1893748603026415
5.3700757162878086
-0.17617140963765018
-0.26303686224465705
16.405938753958427
16.00446885823165
14.805676109175725
12.595908387649374
17.99501532976232
16.974148113398776
12.771120647854605
16.7493812762848
17.19268826614613
21.81710507714961
14.9974208098113
12.121290177954288
16.563487865128344
18.63372503214337
16.782159259357332
22.16656546521798
23.738777869083915
22.8815291684968
22.889169590937556
20.231346035153692
18.100882229653823
13.910863074986427
8.205781061952369
2.8889999109172053
-10.523984520194443
-11.65667114569816
-11.323294947094467
-13.78538981367116
-11.648164408046052
-7.34795519207552
5.181130952909808
8.938107248684428
14.114454869054473
10.655330837748878
11.338983464678634
10.833813238723852
14.189672512692649
14.717018942747975
15.3276743861263
16.004503031814007
15.411886104199352
17.767803880427504
15.155566981243565
12.809786316127944
7.918812336452705
11.303440423345515
13.738686039637404
9.492839698172078
1.4729307718765423
9.788612798085607
12.067915162758126
13.27535453691296
15.415404052503964
4.387494286171919
0.2494474678572215
2.4397957311357312
5.656409201444975
6.1008860020418565
0.11698984449094806
-3.0613275532793014
-1.70893457409958
-6.4706363466093775
-2.495192069424212
2.141625797663833
8.676048322905821
11.33260939627168
4.977309887750375
10.859772881207073
13.269679707438426
8.086362621918669
9.816322490495088
14.801360974828087
9.735819056518405
15.96084592226334
15.903210114815119
10.823909892229345
6.4216273561105135
5.107908540708858
8.804487401974217
13.145888933442599
15.55227556447323
7.8899376842033115
1.1291917241804703
-2.0459259324683607
-0.2779939212809558
2.5330101503875238
-1.3318680820391022
-1.2178614885958836
-3.398859952571752
4.05729006388388
2.4000063653781973
5.158526044514903
6.417631376512532
3.0215282989264374
-2.6212048938747983
-4.280611367748966
-2.245322613207513
-6.7772424767722566
-10.265637209546252
-16.249366703848214
-11.238210480446515
-9.33810904205868
-8.75158547558961
-10.330574037795557
-10.616005679374434
-14.099583609060296
-16.996022750224622
-10.682976236580886
-5.004235392765068
-3.2579545571963684
6.224339567576079
13.128798670233028
9.497413327628504
4.669688542682087
3.6547084886152588
1.7979540121780448
4.415249588656599
