-13.57913566461483
-13.553297673419387
-11.312487273420432
-17.014282347484126
-14.084379267977766
-10.88532164501106
-16.139065719856795
-14.901927527296946
-12.739444646655596
-5.247203132402387
0.2726693452438158
6.246269827591619
7.148484017492666
2.1883911473664286
3.604869481825428
8.857612224966307
10.510727901293548
11.21453518180712
16.290626493029965
18.145752628307275
15.483511871605332
4.5594338012585185
5.518203203069513
0.2660403325113054
-5.3268610922746795
-4.959842092951412
-1.6091284673287367
-0.7935712108973334
2.4382971999387038
1.3600452921286768
-3.4332175522525805
0.17440189328038164
-3.9064113218163152
-4.674572421749034
-5.110984581521818
-9.98509368933524
-0.37881189640691343
-2.555586282171917
-11.244952176365054
-8.233775579282968
-5.81716539302638
-4.066521727096792
0.4335372839111329
0.21009134617284148
0.2395506385426639
0.40651672953461054
0.01202892284200762
2.129045284524852
-0.7599635492430121
-6.059297780455324
-3.2064915961783043
-2.597420275425767
0.6776655044739357
2.857159087952723
4.00169854207823
-2.2892168755211357
-0.1815438554202681
-0.011849992999146124
-11.069444276883702
-7.832423176320856
-8.232040238943465
-7.536801593965629
-7.372958975755637
-9.55047359294914
-9.115467574110014
-8.293684528540338
-11.727898298797905
-11.582120105555804
-12.205662513011392
-11.783566068685904
-8.481187318062412
-10.859276867692499
-10.513353371620461
-10.34856026786166
-11.945476807710191
-8.753693755390282
-9.147373563239382
-9.301386013953184
-10.905645004226038
-15.78077449193065
-13.109192932674935
-13.599811858295475
-7.909536206869193
-12.199879043944199
-11.8634765531534
-10.020349513333123
-10.747153298506863
-7.191652115646362
-7.881898602489627
-9.041751474745427
-8.297029142377577
-5.718817202388818
-6.5143817494688925
-10.528935308358864
-11.169259427165859
-9.02009472679619
-7.607982479638045
-6.729056682423336
-5.751174276054614
-7.285155286234461
-7.926378826179015
-10.7881517673141
-8.503562240718898
-5.044470464584727
-2.810490975218653
5.032081369287411
10.86989713446878
9.583862860988187
6.862313135991907
5.006426621335156
6.755795766509339
5.889508276611607
4.956943411191407
2.2666691129054244
-1.4227046710089544
-2.7715658420655624
-4.378607610330967
-4.893612980230283
-6.607645949773366
-9.988561244218626
-8.09862892236184
-6.27237758285687
-11.862589339229148
-11.768751060911546
-13.784301979841874
-11.94348266239146
-8.918303432852888
-11.662479462646552
-5.026258535427796
-9.903223497948463
-14.309553512707591
-3.116443330262633
-2.2205872941958216
-5.167597848093345
-0.9129343133021981
-0.7049733579699895
-3.1600284478844034
-5.5005260228498845
-3.4170958089167827
1.0833250174959983
-1.6063874489898036
-5.671951829842943
-5.502828465903076
-2.567026819649729
-4.2626075099363945
-11.577905106403616
-9.479716644297358
-8.090977918037876
-11.288134565157057
-13.850752801802555
-13.456674922341318
-14.872212741102269
-8.604893495688158
-12.485823982680936
-11.355647827165912
-14.12449262273383
-13.585030920286274
-10.403875524933932
-11.762466007715519
-7.956981105342009
-8.773709519262276
-0.195077968808548
4.0000324648616035
9.192144240997322
12.441533886759307
12.986429412349471
13.867289892246955
15.36761561539986
14.488531094736798
12.999004298905025
7.901694786076138
7.978363216806634
1.1108402656851963
-8.095459800974343
-9.344690087156494
-5.639221905083035
-5.33651296407356
1.8221133463931385
6.444027436350372
11.34062740707209
15.020544287819886
12.34247599227581
5.824169380852354
7.660500656490985
14.42747170320718
21.524141110307497
18.47988579402788
8.070171780245401
7.652613149646393
14.911477409179124
17.29175973633387
23.58991294086053
16.870556226100355
16.19320053175436
19.41125877491051
18.150451524887856
20.240030721503178
22.05744149379588
24.82095744563696
7.137629286249553
7.777939822732753
-0.8049019293529374
-1.4414356122835372
-3.186235435160249
-4.359760311493315
-2.6255859383410667
-5.186117192982329
-13.806073645724446
-6.7123476800655535
-0.3256077244130509
-1.3459458550597216
0.7924161101772331
-0.20574677398236174
3.480509536060221
3.8692663472613003
2.243399663503713
4.0199725765894065
2.696825945575603
4.73323087229312
2.166046525628749
1.7517291507007895
-1.018771565992699
-5.9978589675382725
-3.949108014335093
-3.8268029972683415
-8.208031577988178
-6.381661057603036
-8.922508491494893
-8.086803865050557
-9.734253349898301
-13.003988775587304
-13.274343973493098
-8.243238681600731
-11.179751527614444
-13.241793118040485
-11.37293347300851
-14.316600294513064
-11.762857414524348
-10.903381619385607
-12.415567023881886
-14.200491102385511
-12.165493670638694
-9.147117737940633
-15.085068610048163
-15.815103839547362
-9.712053968832953
-8.322176718902499
-10.480272967667391
-12.207185869444725
-13.68757159628473
-11.629195874569414
-8.424268723516235
-8.49365956409541
-9.753231997964086
-12.721049631680724
-9.396181321359744
-11.128453849810127
-13.22114808410886
-13.914133113181176
-10.798609740598664
-11.067658259331763
-9.569501214856023
-11.846389585276926
-13.22052527160413
-9.775325492746566
-8.417238952564773
-13.227116980761236
-9.771680230767226
-13.451622196811268
-12.400466680927465
-9.585761243456117
-9.465567999700387
-12.86414650458286
-12.981155845760446
-8.72966406829059
-12.793831417379815
-11.993446797061448
-8.466561831170663
-12.786604975503845
-11.26392234466217
-8.538611028388841
-14.325766142503127
