0.126109407038624
-1.3988813359243388
-0.08774476546213053
6.146771174325608
6.532564060608512
11.697043045911034
15.543032303586767
17.18308355898493
13.385757077359411
13.011206158907525
11.697869901683445
12.027875938914766
10.00319207311552
16.727680830906653
17.488384813365027
13.235329646198366
11.988316598546248
14.910251239305296
14.223648545930676
8.569855314858318
6.814553423101243
5.164874520460526
-0.934548370192338
-2.581451514763291
-7.9151762503993295
-8.218512078765787
-9.320849721928868
-6.727168558171215
-3.1190780471712185
-10.59963786314981
-8.339575609708142
-9.079629131413515
-7.721619703204281
-2.7782638065030985
1.4159537284946342
-0.3518984541133092
0.7332263593629317
2.04136113577373
0.15625356809811758
-5.854004995583984
-7.9260705041587665
-10.781413960123329
-12.389935931014135
-8.154603243670882
-7.695763462812854
-6.70482487884292
-11.186123411331996
-10.477281196834594
-9.519683913724986
-10.223248059317706
-9.277541990135877
-8.693422728934705
-11.412404854404825
-13.175561821875188
-13.07417274571376
-5.042766205553419
-3.831241413438851
-0.8450202304953024
2.1555249727267207
8.075788066264403
14.390878015682368
10.004043525975646
7.879082666519034
7.396884241173737
3.269067458524065
2.0727428180436216
-2.4089817308761714
-0.13608424612504813
-1.1479374192826337
-1.7736238727485392
-0.7050432837476366
-0.2718516606127008
-5.301327330161575
-4.501434641031906
-7.7823093761952835
-15.570324457447134
-15.01740896860499
-14.797843503271293
-10.46969657827251
-6.201286312958086
-3.8625113001619313
-0.26669298129944385
-4.982795882400635
-6.8798249669974565
-3.1291785263750262
-4.5823661137458185
-6.83106531361935
-9.94246765372714
-9.336563600470576
-2.9962806072367205
-2.297273333159154
-0.4227761918497537
-1.4360399719218817
3.2460376482647706
-0.8198015411593871
0.645092439655788
4.610576052810826
6.0803589977245425
4.1187720566907045
0.6283545002996912
0.5979142566026444
-0.5597443039056161
2.9702993265130697
5.0842037744741955
-0.6672119791854557
-0.8722018383637758
1.5674254329903683
0.12955681548410156
9.566057664355283
18.154357610999675
14.659278006852016
13.563061680051081
12.804782767038988
9.973632582355199
9.345244252594767
5.493910640101714
9.304893396177183
7.526155223767648
4.8443028923682405
3.4428549210426014
5.026403827461888
6.175865677151061
8.063469585389884
12.107010617871563
5.547780544269832
9.48998608634743
7.576235403681417
8.147011154644888
7.580140691002366
6.112528342689116
5.262020437563027
7.6688827948051985
9.235076836442556
11.024041010257237
8.671492559617574
2.0056412610184093
7.917732919157274
5.913189102874013
4.094068426788561
4.293385487205068
1.2206967843858938
4.773920425677675
8.239124495265049
0.6112268767964915
2.9798603665053687
3.757086005311912
6.697686639318948
6.7497331447126525
8.401049016112571
7.370817793588802
10.122105423180386
10.286860218301516
11.380107201566329
10.867170152317119
8.211113089836628
1.1636687051757408
2.045700945821182
-1.6209173103690289
1.152006572518046
0.8486475073449747
7.495055354750439
2.25212179905997
-0.06739327127920852
0.8274272328516412
-0.1118737095297984
5.18745104523703
9.300205110574137
13.478362205869765
11.089763003445118
8.829854319391984
10.38413454600133
