-4.331361901260571
-2.261074060938759
-11.472664279520524
-15.8163793137844
-21.966163189772946
-24.998476340732
-24.17082791681765
-23.51665006985464
1.4175633170435706
12.437334624646454
7.607649887537309
8.556881335274149
8.06302370783797
5.305802897092888
7.4306803617858055
13.71165522102012
11.79350059929086
6.846796143584232
6.267611294259196
8.287971126803715
6.223364945523634
8.476905066722033
7.789454960530567
-4.950329164566735
1.3350592949722813
-1.0213957578310575
-4.738659978264893
-5.626690554288262
-8.369766324219817
-9.980228903309351
-12.91994541588638
-19.119777522417568
4.1040116034085115
4.116404154054027
3.060678235068228
6.5731327309494745
-0.6177797986899872
-3.0931778936625705
-6.3505178894579295
-1.7713882902293665
9.152245273646702
7.980549361652804
4.590458432362267
-6.212008781630204
-2.6161628626838604
4.240948311818763
1.2021592853530387
-5.046095121666304
-0.3676888413498669
-0.5928510967729362
-6.104322985198888
-5.090238267765356
-6.443144106190112
-6.1913048934208925
-4.720610245175977
-9.617200218133224
-8.986612119198414
-10.119215780253988
-3.5966880353803443
-1.1789929279768456
-5.737847747608409
-12.389813602639911
-10.857146965456998
-7.278531724800588
-0.6317819794281138
2.3196995301095606
0.872105130926196
-1.1184698413989964
-2.561543945812843
-5.15716001509263
-8.348323365413773
-15.993185811382869
-21.379168015153798
-21.345212335035765
-12.763230338651073
-14.474736383256671
-19.73457419444071
-14.666502292207296
-10.620137363491091
-19.106473420253515
-18.87009297009656
-17.74877681162471
-11.303590900382776
-7.662688520263258
-12.781940397749612
-11.286092391973051
-13.11853982624515
-14.854309657413292
-14.224698926064182
-9.29328092611819
-4.57534827585925
-7.574501830173178
-6.459671177843227
0.4161660477910479
2.392764772219039
-0.6249150451898742
-4.594610222133255
-5.1822821505980565
-4.056298937204791
-6.409687280754539
-0.9063995963944668
7.2808765622206675
10.098581325953901
10.800779940295543
5.71427501218868
4.4582022323424635
6.972158865987607
-3.125175902975402
-8.973089822678718
-5.4516830262307785
-4.744847240012018
-3.1730181491335334
-0.11676781241982165
4.850625217823937
8.430354123770636
8.08103074956468
4.846912803306061
4.7191298515888045
5.0983344778756035
4.697531420937004
6.0073309258734815
6.965016959603657
3.47219723006435
-4.6880063703324275
-12.694369931903992
-10.790683771287197
-7.989370417776848
-9.774101456344056
-16.29543041681364
-13.340407075413685
-12.914781296939386
-9.322808784702737
