-16.04122771949681
-12.288339954312056
-6.91035892879459
-6.1427918951250415
-2.962946993720404
-6.17139387143095
-18.85571034619008
-17.321026531671983
-14.706893547070127
-10.919256935331333
-12.15585598373427
-15.352330953684795
-9.18029623056724
-5.675764327412175
-6.414529558455043
-10.497016597400618
-6.827742097112617
-3.7384770094840154
-10.652518729961088
-12.144687653958744
-11.934663715565069
-16.393019165609473
-14.80585796822721
-13.379230405528364
-12.766281647513
-10.49775013378536
-14.788048278368485
-17.073789903949606
-18.664553287024845
-13.671548593060887
-10.200047793648348
-14.715021765469134
-12.240694020303314
-16.495432877530654
-17.561359413021297
-16.873969978568553
-13.824693068427605
-7.4875448488275715
-13.096429470356872
-16.097491288792007
-11.558080118457026
-14.403567955424053
-12.14825011458806
-10.46360216229574
-9.665721518191958
-9.315690213134896
-10.582458369265051
-17.089638389123472
-15.054016323513816
-17.559764251704426
-14.714920343498864
-12.789214323438339
-17.7663030030493
-18.757484612442784
-16.388183811013292
-7.332604091448896
-4.042294821711608
-0.9402917233819864
0.8902505258707589
3.151929878908012
7.722533377302718
10.07499949487857
9.999607675058376
9.745831614750989
10.860327776194662
3.8435340733640264
-5.914128157489513
-7.4724612921048585
-11.879632099535206
-16.862862538264814
-15.947893270272123
-2.9914661483760385
9.431365752669796
10.984909897474562
11.401965879027324
13.375628368704975
10.532473438875158
10.606900716472008
8.315555963536804
12.30111568074509
11.976753497083518
12.839855068740633
14.534327510096727
13.970191088462146
14.910298964795249
14.412507198516236
13.853777833397539
1.4270169739524894
-3.7763854635580856
-7.530163152201571
-4.610803537184983
2.299831161089539
0.4167957705387824
1.2601437082100042
-3.4371218493999303
-4.329393900727371
-6.719530059208088
-1.6758941905093627
-8.579549395823882
-5.047867304607316
-7.914385098415912
-5.816625122915154
3.3735678537853744
0.531997604222904
-0.11871227737010845
0.13841361604032598
2.5323946842930147
-3.649775638351588
-4.306153978306921
-6.327036081542759
-12.359881914845287
-6.9417887059799375
-4.315758679856791
5.911444349469568
8.006806628720888
8.103532850633446
-6.584789165139184
-9.049639696468397
-9.088411508966606
-8.387010799171707
-11.419523412559665
-13.512779765086314
-13.44019585990702
-13.724108139565267
-11.069971178195068
-5.795283929464929
-7.860331793366938
-8.159394014762805
-3.1847770127503847
-4.027634937862411
-1.309711468627686
-0.7646723337527338
4.622554533094021
-2.0227448405931803
-1.0515308269144854
-4.354367296557885
-5.774186312485387
-3.7724993824906035
-0.7931956835477975
-3.5481921827736116
-10.227843784667805
-13.34950337046484
-11.423669652594242
-12.570217577923376
-13.514662553255384
-12.822309724715524
-11.472721940133985
-18.140074857627578
-18.691435763422106
-16.29989573315188
-22.45350916479052
-27.342843275198803
-20.72307741801434
-18.17934173042169
-15.880060144728473
-11.95183097058983
-10.966498793333669
-13.784487574286153
-24.53881393602505
-24.318040743391762
-27.108814421724812
-19.753304852872255
-16.927145602921172
-17.161898359276925
-14.840826716563521
-11.176396438747156
-15.911716761623106
-12.6174720353034
-7.087878585713399
-10.342227622671015
-9.867836536136807
0.06647199606187279
-0.839198003121751
0.18163076332156405
-0.3221861097593827
-0.0226017770264662
-0.7902015794687612
0.6694912558074719
-2.6861290053703786
-2.170378728070224
-7.135366651052723
-6.800931500399172
-11.830252890925891
-6.830133423894657
-3.4349306902933616
-5.6680935161078825
-8.151257208798087
-15.112220844482732
-20.536260099976968
-21.45076268442404
-22.092525425561977
-25.90349420292756
-24.797037676887218
-29.73354771606089
-28.949253925375814
-30.667129620875873
-29.831099868239754
-33.32005620759792
-31.712456091049965
-35.38625865197707
-33.69209160537426
-33.91384196525001
-30.920864888330907
-28.56348540760216
