5.2378962920004914
8.37033147971215
10.004495143980687
4.782724106378937
1.1664179742453686
0.2353434689408196
3.543563696171105
4.349583746076691
6.514150387000291
4.950632501343353
4.350126438112615
2.1585276421331185
2.836490780057132
0.2427338673672416
-2.9027863595273864
-7.475960527073497
-6.66045840157933
-9.042925189202318
-8.155866482789504
-5.785573530689661
-8.347907841139497
-5.4927375110790875
-11.46238205661694
-18.76557098174217
-24.39745748426816
-28.028612498497
-30.48954269622653
-32.89523325667032
-32.098430626792435
-35.36269942838969
-36.71905017725867
-36.186424654447606
-32.907865074597794
-28.350558745299487
-21.29205706929811
-23.44874659895458
-25.094984141385478
-23.569562757931692
-20.41092345976756
-22.03203081056087
-20.197161570768746
-23.16861552461165
-18.799360043712614
-12.929576473649886
-9.783861760114576
-10.759740011234578
-16.279296553500107
-17.806735272378734
-14.415126736441493
-10.409720471299932
-16.32574639862202
-14.854493793073836
-12.326345539071946
-6.6107903608250425
-1.877487161681757
-2.3324686540239754
-0.2598892149627867
3.1483559570678783
2.6525067880655917
-2.5639635747585228
4.023639507792642
5.172099949167468
1.3181761055978507
-0.8667367135488199
-0.07714569075222383
4.0909034767730335
4.23031560311024
3.4327628140181803
1.0564288731896996
-5.432167478881923
-4.594009584515545
-4.990717041674271
-2.055437230721818
2.157268276828697
5.882584422220027
5.417767764758297
10.894869497438593
10.867532430260878
10.429821541218985
5.611021958796713
-3.692917110345445
-4.0893950274359785
-0.9711484098153652
-4.186959718096033
-2.8227900696125987
-3.6638153272749143
-1.9465796796888957
7.531278030820822
9.601028656564992
10.37125788686317
10.460522954920787
7.386570584432268
13.54709724952876
11.113993569287077
6.001882675195991
6.360292506265536
-2.3946437880198395
-1.3313580121876245
2.147112493689089
5.7383577917938675
5.72940901006485
6.9478840504266985
11.119871754116595
12.671480268366006
