-0.2457136010927481
12.5703925399649
13.010290512090886
8.47508532478775
1.5826637903166627
-2.898635333802779
-10.559213923826617
-13.975930118939303
-15.189682613560164
-18.985171024369755
-18.258278385749172
-20.26088268895205
-28.14703912403125
-31.92039558882541
-41.95880851530543
-44.03987917556289
-33.9127451279685
-29.64527776266147
-29.25953993119034
-27.7438223522682
-28.020157066485467
-28.98234983213352
-35.0589583875888
-29.98637059376843
-26.26434819927671
-32.02074437168332
-33.40130937047946
-29.987129914581715
-27.08852101228
-29.300393487613373
-26.097435565255466
-25.12828598139221
-21.727784326319586
-22.8912110151336
-17.962371912616348
-16.709600791869295
-12.733721793004255
-10.236608510803816
-4.512158262505987
-1.9829216096270683
-0.19164332209776608
1.8774371502081335
3.308672702706753
9.065161242450305
11.44845617556479
13.185677754438359
13.186879503668782
7.608349052458878
4.034950844751643
4.996711561097699
4.511366484141334
1.6379734476718781
4.9389429146828965
6.544407113439824
6.510511049648384
10.144612748739572
12.585056406537573
10.209404049905391
9.560354331580793
8.004708762528772
9.262212846534409
3.8281446892597617
8.566550252281694
8.3759203472242
5.622964477102866
1.9817702423861392
1.7721178066343024
-0.30880174220262924
0.3884969624005877
2.106346677999681
0.16492252429455942
0.7415841583294578
4.084468866919439
-0.09259478459950056
-4.013741270146176
-1.6107912211487094
-5.541269800812957
-9.553342479654235
-13.894891092657314
-17.805836736028375
-23.83115809436399
-23.10884348394111
-22.679096470804648
-7.734448003887981
-4.107011429880637
-5.172510674088708
-2.4551340715264325
-3.0352905140479103
-4.700017878605503
-8.733954580774556
-3.756650725951911
-2.989903678908409
-0.6178838665224927
-4.596876199188422
-3.609826755203902
-5.6132487780242535
-5.965606442833294
-7.2007489283837804
-2.7150665487822874
-6.70982502728342
-7.012330029256248
-7.099232880588849
-9.898296636758216
