-11.80657378899325
-16.139432624477358
-14.108820586282473
-17.216644302532274
-13.74523471981977
-11.060854306538346
-18.64998624862062
-18.629560242233666
-18.02091591837964
-27.4550496146352
-19.695742608591907
-10.92744778503748
-2.4846858116459885
-4.222026082682648
-4.8868037347873585
-4.828849781072397
-10.746548018940162
-12.755302706430008
-2.6757487301276406
0.2871150958128506
3.376243062370047
-1.144673963614951
1.4880548978479653
5.384765109746542
6.098308629801428
9.7304245344414
10.834257765875757
4.25985383201815
9.351582358186999
14.0079986587638
13.079490140203754
12.575822199823813
20.374432016789356
19.51815399397995
15.408338219013054
12.375169214879696
17.660521829372332
13.776632591993172
15.17442151003135
2.5886162960294934
-2.6515196873015983
-4.6163805692698965
-5.237850623748644
-13.872004221924653
-13.949242137642464
-7.50009725006408
-2.113664927156181
-2.5978771905398643
-5.503304618692326
-6.236018816624885
-6.2465567002280125
-13.344237138582445
-15.493895014687093
-16.623223842968805
-11.907270857138627
-9.654277598409829
-8.125764783107739
-18.257048166143832
-17.926434444550488
-22.53197949567009
-19.68284859608834
-13.183433769033662
-5.426454901971053
-1.700846412420084
0.8665828286703134
-3.4608858505074136
-7.885728021607255
-2.181055391192994
5.745971559976036
-1.0845295028995592
-0.04004596828479886
2.8410446893501566
6.191297887206023
6.7254507449604635
-3.3397648504649524
-0.8030417399252391
2.6385181860056703
7.212542084793736
5.878384472255151
11.39492538353975
9.996987710154643
9.44378965786886
8.550706697819741
10.129888160161833
3.9408357496238637
-1.3078717367094477
-5.8122211162857065
-5.246317551293032
-9.506798003742812
-22.966801734103928
-18.95840641329105
-0.7658726898839598
4.127370674736828
9.76487953010151
10.13013832977777
9.626498015922273
6.618708453260747
9.004849106317439
9.462832671831134
9.572695418961347
1.1596427878929765
-8.802356799937568
-8.505300271635496
-15.650087809039553
-13.288310954308233
-13.185060036675592
-11.600521327847705
-11.415732226106632
-11.886879675218575
-13.124106483541516
-12.534442851473504
-11.06741145954207
-7.076351038082737
-4.646719802850083
-0.8351781086636587
-1.0837393170626894
-2.0269746043946753
-4.989027376420019
-2.531406129229586
3.4042011004351216
0.6446456448877386
3.512185049832753
3.066031979859415
0.8678147729483602
-2.7017264893339137
-12.381865813246295
-19.624083325753173
-14.939622464374983
-11.870853948079812
-13.77030470766095
-11.095234475020044
-12.00648351388349
-10.751532313354843
-9.211517092825565
-10.559212846780346
-8.555014786668515
-5.117326412082846
-3.797334945948061
-4.492271986378151
0.5142382661443176
0.3770534124895943
2.0356353694671983
8.531004077436016
18.87562689676136
22.70689020799028
19.975219562191988
15.804464326294287
19.37998562242417
26.92546151784297
27.03056571445887
23.286451936188513
26.71221014154082
28.290343405896696
24.96111025015789
27.97083597490303
21.016689391768814
18.35490169842157
27.505125892924728
18.730718379239175
15.981924270146296
22.960410106158477
15.278280252604873
18.658075254363318
21.006197577707795
14.670299173140636
20.857243640980624
9.83011926148658
4.214631893110899
-7.986001639216753
-24.85350385171893
-27.062484365776523
-28.49628310048029
-30.917585502673678
-32.78991235831987
-38.31731187310302
-33.239143447790696
-37.47426481539989
-39.09523002032365
-23.55820915287862
-12.158864988722884
-0.5233589328968877
6.4391119637321905
6.107883251307437
1.1997515258850873
-13.044965841474653
-10.163705853881833
-10.092676035501967
-7.122500143770973
-2.063171691656824
3.1893829852159907
3.4658681737628165
5.057824059213834
0.6190624899446081
-0.5833677212855786
-4.909483636310495
-4.939310138812257
-3.1237751437464976
-2.487973777664536
2.383340004131778
2.295336190060056
-5.717928853924885
-4.761918510283935
-3.607667004695902
-7.458389343947441
-7.333416390178002
0.661589968562836
0.8714949137439094
5.960182816311449
11.0551942723614
13.334916686242952
16.312088688751892
14.105070494284934
8.617340065131243
3.2205233187597138
-2.098864825495934
-5.372283141420349
-10.910551842000531
-7.980785610217314
-0.4547646903788203
-0.5550347832166235
3.0111758901557097
3.3846287682266496
-1.7701997700217875
-8.091657818232948
-23.882542747976903
-33.20258602973991
-39.919554754857906
-34.6695727825885
-27.07458087193356
-21.56492424417911
-19.527450346429106
-15.972220366617893
-12.531528238115198
-10.532739853013714
-11.696428017280915
-14.144427493185015
-14.761298879980359
-18.626362765993953
-20.380667616154607
-25.363591452957287
-25.228599597586374
-24.709901993129357
-20.80572901585438
-16.92415487859879
-5.8642017481730315
7.665975635575077
8.567079291443731
10.579497664146368
6.615403394555668
2.4879401794905336
-2.274096210192172
-4.669267203559499
-1.5089196772749562
1.962343568510548
2.0772500378514143
2.4572684065532058
7.4409153373141255
-3.3923304752073813
1.9432628724671048
4.6169248741075135
3.221617367498462
1.570647292366734
2.16314416384328
1.1224124119602583
0.795391324051221
15.898770839349366
16.221093253145767
17.615211723349773
23.08843260518331
27.2122367657986
33.72186010944036
26.37146210618764
24.000048789313983
20.6044925945367
17.884615688574527
22.58493377774355
20.953774696367073
23.151754593075328
19.529549799537538
15.229458124485165
22.77651922315731
25.676888603392825
20.664297706747817
12.492756184213345
7.546287133246969
9.367809622008373
0.9490132343857249
1.849889098005328
4.498364024875218
-0.8963073880903565
-1.524821247185269
-1.3726147173307506
-4.229336707557873
-12.13084795641211
-18.388649690920765
-20.1696474323978
-30.05201922041162
-24.964781913137035
-25.98199398629267
-19.79282908532682
-2.0702839345711515
6.175943300194863
8.386976658422757
12.15815264000624
5.493950319111977
8.75959344220375
2.6744641653326156
-1.5210354733517213
-2.8228520490396214
-0.2470701444170291
-0.04470945320636937
-6.41891134863168
7.0174028450792125
2.076454249419704
0.30243162101778803
0.0938399516268946
-4.76496693447814
-5.731082010302447
-6.085828785979839
-5.613590990059516
-8.358756166928133
-16.679844856133247
-19.885907627131058
-30.072042645389967
-42.197363947191384
-31.631012023409713
-30.227011184614273
-38.44522421669752
-33.95903256615987
-35.78836903647174
-33.85056698662445
-34.2741097876779
-37.34103063324707
-32.863784722269585
-38.846573958340265
-34.29984102427291
-31.212892725250622
-33.82967494090998
-40.936881885073426
-37.429999281623054
-33.39420537000351
-27.260228529420576
-25.9402728149217
-28.56537808867021
-22.53370204672659
-18.291196771027693
-16.756329486728948
-8.272459745028792
-9.371707510305038
-9.762238269603538
-7.547559867808988
-0.2022469175074939
0.3552578188856333
2.5073022560224407
0.6431348925634329
-3.256590038032765
-11.578439406287545
-3.0587616036811043
2.5313238564216114
-3.5913040814403097
