-10.887379495330805
-8.337657460697084
-8.09235588090335
-6.063710273066187
-3.5976406091821684
-2.392204068822271
-2.507287125740373
-9.323762343770749
-8.209556508627871
-12.115445153026998
-20.442829271327444
-30.16983058074778
-29.392961608321684
-28.29019268194428
-34.18618662611043
-34.955938230910114
-32.69011473626734
-31.187440734898853
-31.02570730390865
-28.559620559061862
-28.92820857277424
-40.093227248262686
-35.25039878828053
-35.98101267725917
-41.46495981310279
-30.836786160203616
-26.63256595435741
-18.60507629318384
2.1946769238006345
3.869474509467737
3.959552665429937
12.264472587852952
10.420459675328367
7.516504257686857
10.384970939156203
16.267474410593337
6.4685082382272325
3.2764415657066914
8.015660216224422
17.307629605698455
14.895888302468324
11.466643462880867
10.987432626862194
11.943503396240015
16.120626907244162
15.396424307404432
14.13989996912493
17.632554205833603
21.94266754403776
19.959193591731907
8.34393843561758
2.6746945796135466
4.709811357224804
8.614402349186141
1.8976220434547413
-11.913780849987994
-5.7715381399812555
3.0368499161994755
1.8868196550050076
2.372496981319625
8.4878306103168
7.015929327676643
0.19637027922909706
3.2648297944445277
0.5622393512224615
2.4399937053604064
-2.641924816535889
-8.967698543653308
7.987837343562352
5.878580248943695
10.862146929285009
11.765094466248119
10.765079347931003
11.698178065695336
12.261867969469616
14.830988722836466
13.025193822922375
14.795062154247494
13.177480193682639
15.410749049038195
23.02291398680367
19.908476798393878
19.101531284637105
13.71836764476168
13.840182069281525
6.574572994153247
0.8382545687873392
-0.9819926317801704
-0.9681793050124085
0.4294240657903009
-1.5905287832099524
10.661697432277435
7.3320380590281955
4.774536617302528
11.360296967137268
16.797625745754132
14.683827582091391
14.146929085576463
10.209251470787184
12.791559805923331
4.977438169223419
10.953252275405855
8.318810870127287
10.064101109381463
6.0967487119672485
-0.2584163516143787
0.2760314380526817
-5.571217681776863
-7.548950681294732
-3.281478233441381
2.1454777393165982
-1.9206133229115565
2.1196571827707262
15.902000116485315
10.799598159453206
9.951204818867843
7.594270396705764
-13.213313060272322
-11.071695047634618
6.177445727868379
-5.058203534682678
-1.8542519077025588
-1.212377410583852
-8.283314741802629
-2.929015172522905
-4.083021991657508
-7.518532975503758
-8.645024959707781
-8.61229096452613
6.598666526874576
10.083772189881383
6.9630622059188525
5.082324357887218
4.066222050013774
5.48962290364828
4.48029823201768
4.207215545718854
7.402249410843678
6.175520304660474
13.788914668827973
8.343077703752728
3.4831976221816
-0.4831637220409661
-6.108959558677328
-9.498999962003511
-2.585324086851581
-3.8781690048897834
-7.5051532940928185
-5.022055390947376
-8.914696307013342
-6.212419294981563
-2.1138637397905726
-2.4322226865950105
-4.207314454720418
-10.220654285633596
-5.441511023861189
-5.957861962500463
-6.699793464328115
-12.352277383488664
-9.282234814791172
-10.58522126790398
-15.848580352054336
9.6283647033049
12.563192368299813
14.560098189778113
6.0101332269434575
5.5306189950911255
4.398329097950657
-3.5376577711810517
-9.08615633020975
-12.859460566942598
-12.596855436128795
-10.718262421954199
-11.668978228796258
-14.682441928271999
-23.99054368868195
-17.119245269072646
-15.62029404383703
-15.33323689191215
-3.604607551183431
9.709507777708474
14.445303319487042
12.080147936327894
10.052983559020953
7.8194852998069395
11.648489586312134
9.771248652869561
4.3202476353123656
7.909391326319901
8.784941875302854
2.1774300055019062
-0.5395141795287615
3.0671901535248223
-3.575684738843736
-9.728674040841284
-8.9673553251578
-11.146198496546283
-5.8022794173806025
-7.232336614100728
-5.341960552481667
-6.003915440969335
-2.597604256831897
-5.265622872744958
13.869239933140225
9.554046853713585
14.879102180037663
16.302508925163252
16.813362314213453
11.349306074007654
10.667145641335278
14.274541088602042
8.189952463220596
5.633773823796228
0.35853514239922396
-4.676772274155362
-1.6339770354638723
1.930245125362643
-2.055742293079554
-1.9097950648184496
-0.16242487087798213
