-15.516803328728384
-2.9639680031384565
-0.5946321621697206
-5.260821365780126
-11.743781329580145
-9.901375404640953
1.7578326822014727
0.9559477522730934
8.17218130256121
6.554671151280054
-6.349883467839294
-2.6482349925767816
-7.116844996969688
0.9939943270475547
-2.7925164293142997
-6.121627906036875
-15.059718564111627
-9.383800099130973
-11.19729800628607
-14.350462666455494
-15.362978645810076
-9.132583850961547
-7.835357832026813
-14.156601896445448
-5.2656563984602105
-3.647973213225187
-3.26227726169577
-6.158984402860871
-6.710289399349183
-4.37839352325527
-7.592584773096874
-10.399259213739176
-13.5305539883847
-4.6327649869670635
0.4331015424697736
4.348104712598552
3.937574129071782
4.842744479685106
2.8595863221919364
3.0059592053186446
7.910843679716885
6.741107185871288
-9.982262739362152
-5.4631056519929615
-7.687759699128442
-10.103911486707029
-4.413981533377989
-6.950523155956137
-6.3841970678003825
-6.695144299673068
-6.746199239738853
-2.481034224601699
-1.4819161125748084
-2.57415852556187
1.5623936744671338
2.9351301428578322
-5.006881754856137
-1.8457130486579356
-5.573991240818284
-18.662269416311478
-18.49717824371933
-10.814744795696775
-11.046072163443643
-12.06811738966063
-15.998260453893485
-15.287508731977654
-11.058967265485812
-11.481663385532697
-9.237643329271387
-5.6730903229362095
1.7233414299332712
2.77534972250297
-4.904091259181223
-14.999252156722774
-19.373786817839772
-20.28481526457264
-16.686755828445097
-23.11498395342349
-17.968610497982464
-16.906398318670256
-23.279183242901677
-27.4333842610699
-23.660680995078174
-16.612972468810526
-18.034274548824516
-20.84726978661385
-8.082099746003356
-12.700905002030652
7.915333887599481
4.038954038021555
-2.4287116474223738
-3.8736949361898274
12.586132242648787
9.188544773405171
4.878822917076035
0.6082787036087435
-0.6962261109535288
-0.06426192072477427
-1.0148039747266744
-0.1427816896220772
-7.563607069668014
-9.38182631790028
-10.80447658363615
-10.704996471565416
-7.086483175215667
-5.2911479061627045
-6.66730104914151
-8.205330038513214
-11.7002530731909
-6.7130596174942365
-3.5924160976677646
-3.2070308853705374
-0.6195993099271458
5.257027026045735
7.069505214440948
4.412638561985814
4.7767521641179105
6.006077779518533
6.884920095949166
6.7204038035002736
-2.8449450496594846
-7.802164893510501
-3.2860358790574997
2.557863134676854
6.6944962286078935
11.525512364586868
12.424300956221987
12.786115222631162
14.464913154428553
15.365876402266775
17.155264457305883
16.868509265245535
13.558837055718966
6.166915352133165
-2.5799262437674417
-10.598394906373814
-12.03301430450434
-12.035911630866046
-14.592489046507204
-16.790012338463324
-17.25890637969937
-21.982681778076035
-25.025324688271127
-24.22010778854825
-24.587134873801322
-27.028726944909174
-25.516520464003808
-30.217667735873707
-28.228031194431647
-31.29533596119155
-33.80038243706298
-36.24499659694729
-37.59090766902384
-38.207043691136974
-36.13521896242258
-38.428486257403065
-47.52746276745375
-39.450622596708186
-37.79421038307104
-38.62885328722431
-36.007390390736155
-37.18726625480974
-40.153891773923405
-34.22716017402485
-36.84167521263163
-33.82716365773745
-33.611618764030645
-41.77312302665777
-41.62979049041999
-38.81218002560915
-38.646066890831314
-44.193542482776
-49.481394706321105
-38.601536963521646
-35.119317015352344
-28.989375609122234
-26.974897840214982
-28.44670193536271
-22.535523077896205
-19.876054131171813
-19.419468442194926
-19.250959799308234
-21.011532797447234
-20.76350026581743
-19.80108655475483
-27.067352433298478
-30.05433334042121
-34.46381291511711
-32.753598435680765
-34.59011373974881
-35.64000159953922
-37.394107504345065
-47.01269555316819
-34.92081173135347
-26.84117375693831
-25.702456981462436
-27.514486723314857
-17.97917006449806
-20.520903160495926
-21.82363952851133
-24.609821792228665
-23.51624164374348
-26.79962724172739
-26.72087337379196
-27.633388536978984
-25.853289193015453
-23.85802258489212
-24.95694933776701
-26.676780928673512
