5.038896530615093
12.161735075282072
16.96929076708233
21.57170125059937
23.109222447328296
22.639094503719
18.967609455880147
13.314387114387904
11.52526347558975
2.4566006576722814
-3.7509604041117246
-1.8148166076218757
5.978665555465367
9.066090935506162
6.8881518376620425
4.7630880745782305
10.588174787063084
10.421670401201943
9.243523782170264
6.2000480339406465
9.858177165363578
7.636636183325863
6.053072821869573
5.45627175591601
-2.6682124636490587
1.0852287727767465
1.8097390054803404
-4.618229400574816
-4.459977034528773
4.057629897661643
2.563451863320668
-1.3271000553452892
-1.229271541264696
-6.998270973638237
-9.430724137419473
-11.684319864704126
-16.94424580163974
-21.13665559160896
-22.105784645411788
-25.881201126506106
-23.453118279313248
-26.636963000907635
-28.310555377641965
-27.361110528508412
-16.415837794049782
-8.04398151191704
-1.7802021586969687
0.4705738138610141
4.448039667715459
5.244669176441022
1.5799323564547727
-0.4027358297967376
-0.8041926456688181
-3.6415304547368006
-0.9161086447038278
4.688908105999472
9.374845284940847
7.946676324713062
4.296782607168696
5.992395151394615
11.440835923113653
8.237409709406668
8.851296937097633
-10.503580029150706
-11.102926341540918
-13.109070984232712
-9.139624090475037
-6.294623508134
-6.086754799023473
-8.378817231449691
-14.20011069010732
-19.634628241759525
-25.1181093058286
-35.01609994809505
-34.96728531415913
-30.657504253600408
-17.070470810901448
-10.041421449775962
-3.353571757130878
2.9398823388219784
10.63350213598862
10.468444730662043
5.982528473702222
9.729730581165976
14.36151252562982
15.122704928607499
20.53941135723543
16.999465479429528
14.650013364496912
16.00445086123139
17.748764856397518
13.346980278071616
20.510702565953434
23.012997424910093
15.4998539978201
17.662105923419983
10.659642170865233
9.446971613002956
3.661413660278314
3.142285731422652
5.037790019776911
-2.156134619304209
4.521536809111598
21.177470189682953
20.474781180129266
21.762074458603056
10.456869678974957
9.658901840868687
4.103144735299824
-10.102123503818213
-7.680433095527438
6.173376410979763
5.349690721475122
-2.1255449815890266
-9.914675438760344
-12.716691180174644
-13.577038712461915
-4.760071224024975
4.964966157562938
0.06555526776595237
-0.87852614177683
-6.372635043113191
-10.672780481870623
-14.531731777533608
-18.984996778615187
-21.0271837903008
-14.489454187308553
-12.737495624759033
-0.5410048066482259
-6.306564525923046
-12.349851646579348
-10.223428432462553
0.22909071937225156
9.409310554243179
2.5064013866111883
1.3328498346294948
7.140047093648884
10.091879121143604
10.003359325598726
7.489917162380847
3.53582259151297
-4.937138565842505
-2.1741082355447743
4.787224984267795
5.603971645362213
2.4043893096385696
-1.6467946006818808
1.2655424809633748
4.971167146519012
-0.9630393709780624
0.5194057113578544
6.8987870904389945
7.650955910895786
8.169942976516213
11.96661023190896
12.190278371377875
11.270240034408515
0.5188096734191642
3.027001257164496
6.1746286646196165
8.591319072075317
10.339788121698268
7.9924256510679195
16.931915630342807
15.875518629749575
12.925628511929762
14.392357862425046
17.098485392936038
22.391139300007442
12.691570608092661
14.1305257080234
19.900992059383064
18.49368559703871
8.04574966396156
1.7419433088558205
-15.841031138227446
-16.270433152054412
-20.078797596282143
-28.27406123125348
-36.454730614668286
-32.99068267419516
-33.03225158596921
-32.34257472856473
-34.16892993351966
-26.336971242070533
-15.296624990451729
-13.302837969071682
-7.989227709832324
-5.256062532938633
-10.846285982739946
-4.0329281157274215
-0.5002232614481317
1.005260355242324
1.0973461144726608
-6.993489001848904
-3.9798940796989424
-2.9976033194098504
-9.571049166054063
-14.504302486569523
-8.204888029101049
-8.807705851995566
-9.831331959353916
1.2139289745835355
-5.062456165946016
-2.8896699639019863
4.09377789922626
3.594000169160785
-1.62001456121795
-5.507213862777699
1.4740892705729445
10.358013992056478
6.95666233299342
6.277510282876228
