-10.336746265145141
-8.801295867507848
-0.7748779287485941
4.058607197410444
3.7253432464604654
5.356535968910585
1.2108329602663472
-0.3299064847082725
-0.3720468749947826
-6.947352041306273
-9.8342825970263
-5.515214837403066
-3.2194869407166915
-1.6186652233692709
1.4696329869985088
1.4937377673201897
1.97097214812923
5.925990280027815
3.336102606012976
1.0775626804032203
8.005917640678723
5.419361623847274
11.234055132920261
13.711581046826382
16.523631768894262
7.440608154393617
5.107038128469815
0.08825157112538287
0.08375777658645629
-1.071236699114982
-0.6121708013668397
-0.4079472803995696
3.554072335945872
-0.5432226422170424
-2.82786497779042
0.1279271282696354
4.470721774052618
4.266265520681909
-0.2389364212578218
-8.526075810219897
-5.8224644894609625
-7.736040764912419
-5.395431066410223
1.4622522516505754
0.4597624594233852
-3.0587731134246265
-5.897589110344874
-5.1943277352745865
4.158069580395327
4.972644408083807
5.986069281651008
1.7533944896433282
2.0174323434278607
-5.6154856992020585
-9.92146088285736
-13.287664458574096
-13.48382078781351
-8.83397738600899
-5.364699014426146
0.8620351693973762
1.8062653430558
-0.6722733712298149
0.2378893609192569
-2.109715370676111
2.4463561818375115
5.082557362643099
2.6122513641925256
3.6941035365136337
4.442401362961177
6.905407596373501
17.87725836797418
15.377002538626153
14.78638351873061
22.09620453618525
23.258741105623518
13.469289391107802
10.520415498152838
12.682354741856251
16.379016004591907
8.517203242717901
-3.9769649822299558
-6.8317233592484685
-2.190898967267585
-0.45281203992669894
1.0486193983355006
-3.6357879055239852
5.6164465101357415
6.872821796298301
6.533921990397079
2.5436686801721367
7.589494597914992
11.152125088626022
8.927742393141768
2.125066532891835
4.379451672627817
4.1764958814709
4.136763830575768
11.502837634365015
16.747940026079092
15.207894313643902
7.617429529482805
7.552298261903143
16.139623877150846
5.953008681955548
4.560060272100335
8.175066685967407
8.41052918802165
8.8431001153091
3.3869466939868444
-0.2549874519757804
1.2673340017686496
5.870754772353304
13.005261271894117
4.680102740910501
1.1669223769317945
-0.8077470472606141
-4.054696259260994
-1.4862728127650668
-1.627444106410325
-8.251067537498411
-4.670845862921028
-5.60547536522173
-2.9036273502162397
5.332431794211576
2.814041723602044
2.1051805405659274
4.946170491650896
14.17346397909574
11.901493457752947
8.706516849359595
6.426991504941566
3.039915386958866
3.7965173602897058
-4.684092395333341
-2.7062866791402587
-4.43226522408286
-8.923786102404076
-4.623605095913018
-6.9029857262536005
-9.336545663998749
-8.026768403192253
-8.753258354552564
-4.454289676317573
-5.192194990464636
-8.522054106381923
-12.132514948840866
-19.46600707806314
-21.3617910969728
-23.32539005337533
-25.006083635070674
-31.75098645703438
-24.39821935048957
-28.35321282287538
-28.962135383717605
-17.642977977187194
-8.795744094946889
-3.905932417923172
-5.822143214912139
-2.4148608282527926
-2.7932399058331305
-3.448382926709625
-1.4281812901011437
7.468568210459495
8.792546049607212
12.370285626402087
13.610773963341611
14.436934229144942
15.241195789153625
5.7612961664952715
3.643591240351528
6.286112988545404
-3.689774415765725
-5.559144268954453
-1.590586296819585
1.9653705015148593
7.354370326288157
5.358185085395892
6.847875434282567
10.255876706199162
7.4054803362921655
3.1507417279941508
3.1160504845098638
6.671137654184129
19.605833995894297
8.142670396811193
-3.497042308673725
-3.360481894588529
-2.3519913692528216
-3.266256980723645
-7.188591194008322
-5.104049857655092
3.4499693907375297
-1.2129514253013975
-2.71786997373715
-2.2143958524347767
-2.334995532029238
-3.9686204115650847
-5.287778506472387
-5.140450307338905
3.156678242987393
-3.2584319905797363
-4.791609370598171
3.1161701528032766
9.762609606365716
5.096242272315708
2.293218250007669
1.9904049717544907
2.6826548617753727
1.319483746475384
-7.706582055318115
-8.279456934641647
-6.173946269595722
3.852937840280039
-1.58390033965143
2.6969836675985257
6.135582599997408
9.06000180917206
1.8142535844185783
-8.161682540421138
-14.937901710071607
-18.475624164375947
-20.515866302955185
-11.93368705686146
-11.640977806437625
-12.802945504731559
-15.854853436572366
-14.321076675744283
-14.294765189184007
-11.268090650286007
-7.301582804208273
-9.476664947981023
-15.70964063464209
-15.338496025464512
-9.00220587328863
-9.254024042379935
-10.184060961635057
-9.68831486987859
-4.66878478838338
-4.9948096506876425
-7.903779102588048
-18.016027521549198
-21.016007397598
-21.20303035976108
-19.350973213751992
-19.8076343701111
-1.1634959061257184
6.984427394527981
13.451026119686507
17.164846109906097
13.673018868870841
14.616452407830975
25.00400913954847
20.05111761846364
13.377735577056775
10.326246203794053
9.986013988746086
8.234340514355953
8.646139001648303
6.914254080820942
3.677448988807228
-4.88438398887991
-13.123579759683595
-12.913959379289675
-10.990122971170036
-13.580497217687874
-8.868924417722159
-7.663257093798557
-10.0573481201822
-6.268158547527863
-9.477567653528746
-13.998759663616946
-6.92245454595171
-7.3943843877198265
-2.7850752757676727
-6.298950998326613
-8.745159150887016
-14.504235705445053
-13.511227017137575
-7.099449198958204
-4.183001892230668
-7.727985662872898
-3.198373786708012
-0.7647914336948783
-2.572264901063272
-3.880678800306607
-3.973331033481946
-16.347152292062635
-12.571265267643847
-7.308439868884581
-3.269870703142981
-5.5436386454068645
-1.6082116876026091
-0.42204570535484426
-1.5635178747728786
