-33.90837912036057
-32.42645091928754
-35.540912711991865
-14.534158681059928
-14.009846624925821
-14.656183769353659
-6.055394259329178
2.52830161297576
7.457225390322034
13.02165505049422
16.12254922993461
11.889389390403775
0.980719106903252
-5.854890951084968
-13.006763227806951
-13.41181011119697
-14.779513512842758
-14.993290660704234
-9.971872886903665
-8.853500730927633
-13.31351566633824
-15.894192631025627
-20.134942839648787
-17.690995037230987
-17.139934744883544
-23.81169007617477
-27.367902217557283
-35.3689292094318
-26.11839851037048
-15.244258692719676
-10.916282199026067
-7.8991982033084716
-4.858987435792229
-1.4518738725200695
4.262083952695736
9.378485334407314
15.586632960910487
15.09641020051305
15.581508355055506
16.869583353836955
19.6263062229056
14.996027721906126
7.467172826371537
3.818840011443846
-3.711004839475784
-21.481429177204017
-31.597033796858454
-36.651215070926064
-36.006677805513256
-33.99220022513101
-36.737589775410754
-35.975040150063116
-39.486798405708754
-38.82314571210149
-39.69775328017156
-17.135742955828107
-6.272821302002879
-1.7379392769509283
1.3571761663012938
6.83010222231963
12.053674404405847
14.219557730806944
8.457064763468608
13.983262643424187
21.501683551377287
19.388344914699587
17.381911652712635
18.94306039622648
24.38678383290174
25.852156956202823
27.09360726737193
18.80489869415008
21.142280682162248
8.76182231758961
20.53615802972363
12.602532207836528
11.142365658687782
17.670429532229182
21.35389044730809
26.980269407241806
22.300826649858585
20.80815034679519
23.205169589309683
22.105936900072006
16.80602290727033
16.66789169266482
16.910243013167428
13.122489188762586
14.471145457647625
11.747618706892927
13.869788283363542
14.085953202257194
14.218855703065831
16.115186514615964
18.19359215193521
17.753209081336752
16.78525481158178
15.788453868015488
17.697802821690285
11.224329075157495
11.682018696842075
14.950945940826685
10.237120205903167
13.925084958288965
17.222016989372552
10.2046147492476
15.873913989536069
20.87847267172096
17.417492507367427
17.36916453517459
8.829014567265537
14.071903801016855
18.409597429663073
15.194755687129419
15.401410909736693
17.383358230982104
11.355157130737314
14.964135730336494
20.53132694088263
15.458218824648034
11.325511460795651
10.655586908728127
10.287710938765166
8.373474049909808
7.928081122589787
8.656202394863454
13.82249177569232
13.980978179212194
10.824569266112206
3.750100988679903
4.2093774862594815
4.446924465532732
5.828743697702834
11.150621657688033
9.726240693562213
10.231900913010744
4.3522316769578335
