3.327915191560241
13.441720955154441
3.55258965245732
4.70858434144291
-2.648311707157037
-12.142583056776965
-12.658269015471964
-14.822354091251654
-12.01500974156699
-13.534282502378533
-7.866004580584942
-2.8625502905766838
0.9489727984572
-1.2308846595746292
0.5951682770314161
-2.493062589222709
3.1538280226511755
4.429579512675376
0.21087580772913347
1.4990194711884106
3.5135251664349365
1.9857679485006208
7.049875740574618
-0.36513335994054863
-7.511958234116332
-1.1070244473841102
3.914864623008259
10.389583539624146
4.299687733961647
0.04630678625147737
3.8072471309448255
3.2562572973295896
0.24085068838482104
3.457488258094299
4.585346619270855
5.742427890181153
3.875190299173642
3.6099284733475883
8.151966085126993
12.113499789072465
11.577841978652678
11.537585071360194
3.4836049632313126
8.538073613593372
5.157307387480347
0.5368695298761079
6.393243114419061
8.768519997865628
9.103719430283622
9.818702350008863
7.915721240215545
0.8000333546083301
2.3944520768712487
13.183791664060518
14.241899444857033
8.28950066593776
11.69338043250119
9.067455083847827
10.099622994486364
8.84965776651794
0.8096063396689763
5.125260789727254
4.495379090259762
4.292529997533152
0.2096075264185962
-6.060384087573778
-6.475750221144401
-6.022895912906122
-6.714920339680586
-11.241243281287446
-9.203374039905087
-10.257269262699971
6.7820916795788655
10.804403315261467
11.911096297667726
4.189661237426063
3.9776369548301984
-1.7089610224616483
1.1021306280937977
3.5253297778648065
3.68135457510702
3.943372250071444
-1.7098356212431949
-4.8336325365335595
-8.598840878192997
-2.4531668512280653
-3.1186376208525988
-3.0838510596996134
1.2459521706290266
-5.925423862379667
-4.479940397281288
-1.107390109555873
1.1905373258280212
-4.289929186414551
-7.367402051864632
-9.32242616338586
-13.054539942478488
-8.648815955516557
-5.240517570329821
1.6449271841313318
0.7079090768266028
-9.425489096831193
-10.068844322437046
-7.926345502071848
-7.731993538486849
-9.868088285080725
-5.147148638282845
-8.131504570688064
-5.456493210617643
4.3327403919602
11.245577509096528
13.577911418120493
11.793731410623556
2.540193179187232
4.413335587311527
7.8367871705357945
8.160922159971008
0.20249423439673336
6.043479666004513
17.04056873600806
18.379738299303845
14.877178529567619
7.4880947831087985
-1.0619435536281625
-7.87928084266703
-16.477200188221087
-26.932094534248353
-25.709248180537728
-30.068687775101466
-32.55333730853268
-30.93035928560173
-37.506474054197
-36.28778480961727
-28.45838803381457
-28.922902788787805
-23.859980035263018
-20.77622926149648
-18.17032198193388
-21.148160992637514
-13.53574239067536
-9.218186267668207
-1.3623911771018855
7.284775703193435
16.36593519419806
11.342826289481065
6.394125066460612
7.7100456805774895
7.792975693517996
6.9039451723023975
-0.7182207327307004
1.3645125358392023
4.165539837808659
3.2439849419146003
-2.911364899266527
-0.20132717988980892
9.863700609723736
3.314007597539525
7.469869612071999
9.42948786675805
9.140871017590182
15.212388735197578
20.20890816792757
21.27719350961457
10.231285853087636
10.963773106983009
7.381539894009122
5.884100281288003
