-16.513943766148106
-4.882632961245915
6.105831652600387
12.283966431948025
15.76939760222297
11.789413922555875
5.868625249503744
-0.6885803762648347
-7.321268931208289
-7.365039179547472
-14.637559841139426
-18.228055431545926
-20.015374800666088
-26.108819417794813
-20.93066918087213
-13.688205887523115
-13.123363078021171
-8.21224614815951
-8.760960738644345
-8.388807665394593
-7.577638701881138
-9.38490016627246
-12.227419666877065
-14.127485594119458
-10.375251364947175
-8.030225548350732
-4.6281681764824985
-6.681730921594857
-2.4888692285824576
13.045495216822381
17.300600241634456
10.965107734506619
7.858073968439442
2.7088934399603635
0.7240074249319842
-0.2376556551580569
-1.8808019738551656
-1.0950286165440015
-6.752590984539722
-7.118976307206063
-5.397412748444362
-12.788546568844787
-9.377118783580006
-16.074128017502147
-12.270174416520653
-10.868403032909939
-12.582727077358973
-6.227489112640842
-2.6099867309013884
-5.30975534085107
-4.2980187356941295
0.1329481422312722
-4.2476329684851235
-7.500813762267346
-8.542973953340613
-7.200737123715185
-5.2999326084599305
-7.211495293991597
-7.118691721562742
-11.146968855643358
-9.650415482751145
-1.256115333304659
3.7713140261742186
5.2500216959617125
5.748329857310684
6.446477266602602
9.312604262940924
12.647321224137634
9.740138606785797
-0.9780636330142556
-7.823687245902012
-9.980001943270668
-14.843299939563146
-21.778971856631557
-29.53486620518137
-32.968180465475214
-27.722185155194527
-26.79453968483705
-18.3226220995131
-16.740836261898124
-17.924415105181087
-4.366696872430518
1.2750384012399991
6.290406076328742
8.635940750246847
10.595693481172892
0.19607726702744646
-7.530209007829287
-12.670742661387465
-10.011080329646571
-5.981189293656723
-0.7275376347946838
3.0441894478316844
-3.5836966149913723
0.6341485723238212
1.5051697496440042
2.7429335302016002
2.5839321785243503
2.306426805532931
1.5816609499503136
-1.601957753734755
-4.8476881478635665
-12.274707864440119
-13.482778981110695
-8.200201617807782
-6.399718138278401
2.5626211159363708
-4.629681087740628
-8.616609609776155
-17.80417593555845
-11.67851363555766
-1.0120577009137406
3.525347554516006
0.045545645148830916
