9.131162312041429
-1.7605554371919403
-0.672145979881072
17.037007006337163
18.53012139041818
18.594727374701066
17.053113515261508
16.08553227998703
19.192504000081172
22.163166972587188
18.555049519803163
23.39570610393863
23.394225523330636
17.50783292800082
17.306100436638925
17.09089186523224
12.904128724497236
12.849518576732367
19.229210421937296
18.87488043250813
10.801841026667676
2.008736302811123
-3.5942819532883616
-3.0937454226291807
-4.259998791499431
-5.399327379011137
-1.7114630340873291
-3.259658998677573
2.9742081223774286
5.982371025009173
10.535392051481171
12.97713991431278
15.089018261363487
15.867335371315567
16.538561045935563
15.331099369798544
16.439122455452814
18.755930243590427
19.89704095574349
18.863422898925954
19.15864379229291
21.276093836040133
16.0337231059853
9.022336793872297
6.474613818660197
10.589491382542963
7.1542518108669135
6.2307744393549225
6.8704159116129455
8.41770446466319
10.06424989475218
11.230312644324806
12.134030520385616
9.578510138249175
10.85364205296169
12.396599090395984
13.192562718923044
12.807778631094168
17.983975505624517
19.643318609581726
13.539587647054852
11.628277412533775
16.376315123245668
10.43707293753004
8.713360313061163
5.774517000944988
4.145968006252417
5.7669465230301284
2.3739416666409388
-0.7690477854076433
-3.233436300900165
-3.0696063226119046
0.09451312348311194
3.0967875635039337
5.030473744135401
6.099719053671454
7.32071664963409
0.10167535209911252
-0.8289786942387766
4.187936864349019
6.767717543304642
4.674292927889857
10.017658884302481
5.705112609272783
-10.075834516763114
-21.882436818376625
-31.652797083223433
-32.967937195490855
-33.046303766043295
-42.584682412675065
-44.453105767443475
-33.531336989944265
-16.772039173965975
12.011238636128061
17.53765601903407
15.887718530029638
15.992102300343435
17.130158260955618
7.420473211050992
4.075586946816362
7.72453320697162
12.050850296744454
17.64799553758397
19.925471677013007
14.901099328588538
12.767883193000062
-30.80464004080455
-33.75168866275258
-32.31723339651937
1.8366184800442011
10.025158181736336
11.789621441454232
6.461864396837955
10.425654750723508
11.577356842704079
-4.635885630224209
-29.11459608090184
-33.94242494122336
-38.009391485753405
-39.91442710318617
-37.91096289140192
-29.67350120098752
-8.866183653980093
4.881295020954253
6.701769686964595
14.572529931569068
17.844055037005823
12.660226938780903
7.707239067274396
3.2532684838302113
5.751617805106617
2.820861728292236
0.4244741751028199
6.88978305848866
11.311026945782988
16.584850201092127
13.475108261506364
15.121026777049355
20.412243274411647
18.24762463712671
19.455352527054046
13.597453193353669
11.589323651694126
13.196759058552288
20.68176364047441
30.66137186524828
32.162634751444045
26.064268959082995
21.776829214656605
19.638707774333746
21.14922064964169
16.124316374373574
15.41660659499454
23.55512591036157
22.52921069071928
27.151383833861278
26.086408328310853
23.836773921400447
24.53931361490471
26.591333742704105
27.020957196355905
18.2560685898678
-4.9943138724073215
-25.66613097088009
-28.90668188027492
-36.13452635240936
-1.0861831979852197
6.841782845491267
7.3674820154117375
14.297966889814
20.247137717378372
21.75858784806679
25.4638697220614
31.011479143609662
21.167208487971987
20.5532676664305
24.52804353698596
25.364097843029327
7.987330782807026
11.2431528135904
8.748078906029113
14.950307682157042
13.343336745336149
10.539160460047324
10.907374317721775
12.739083637605233
5.904177610150068
10.047943445114036
13.982069034130307
10.062528998255562
20.17424967952961
29.077127995158502
22.52550830505086
21.35151030166284
22.694033718116067
14.252734210889695
10.986881636221824
10.267775633375985
10.49181793232512
3.661323745097069
1.5775831829651707
3.497539114212538
12.733643313225306
11.622985058741696
14.078572980411336
17.108108990093193
11.595555189746435
5.186026951958903
4.516780351977427
6.70645905396443
6.9644795956043675
7.236991301535111
11.241797287744376
11.565985902298332
10.156421860388976
1.1040320533806895
-0.794319772077492
-16.027224770709434
-32.717844037941774
-36.20969895971556
-28.7602829141704
-20.50188407267446
0.7375784093751497
26.484901336462908
23.22701750662941
16.084065252899567
12.175211051329914
13.626705415750733
14.0561796894782
19.863854215883453
18.471750506917168
18.806985856894148
20.86343452967505
11.477905511221135
8.248637535455767
11.991047835705787
19.13365588090122
19.758224253797678
18.030690658714047
16.168192520559412
11.305814163161845
-0.7334964261193896
-8.359007792527349
-15.797504496284551
-19.333531722091728
-19.29642882842788
-24.931386044332484
-24.465769724121397
-16.929691121727462
19.192099835347896
18.95610622327689
11.781254203480472
11.943763856456325
9.7032791200159
8.595684556074827
10.380630510824604
5.6791324513931905
-1.6872450993224752
-1.0094496998900635
-2.960982863808267
-3.906259025828212
-8.228959858018467
-4.608261431145348
-4.5061977276191865
-7.256151007252308
-5.897057181765214
-3.0632159384816466
-2.8385767347211845
3.5860085110055384
1.5574138719505104
8.976532227825206
14.169262114299249
0.2863109577266616
-9.543930804070047
-22.129627215954073
-28.601221658419966
-29.601417634082395
-33.67047473333733
-34.53137290157765
-38.25192905566279
-34.75460367277679
-34.498251274120555
-30.50488726809406
-28.908971606941506
-30.036368702964587
-29.145780621797897
-32.67794274104833
-30.58753066210106
-28.233489393622122
-25.882500917037788
-24.292254250962728
-23.395202884357282
