-1.9977726359442964
4.08340361103618
-3.745217252061985
4.130910745116076
13.5307237664598
5.911452497449166
8.614256493706868
14.242384334091039
17.393933625876176
18.75760492244561
17.75571336453043
16.503202619344506
11.897764554812046
9.659184888997336
8.956435975611297
9.65063772815277
1.2727290509130365
0.36250986721762746
-2.823223137951964
1.4080431948655463
10.735236311369176
14.719131308887187
15.714668203749607
15.296418990228664
15.076287724714565
14.898258541764429
14.510858765655724
12.198336887792422
9.894470440514477
9.934020150713662
6.820039889160392
1.4677127337709135
-0.7915020948057805
-7.33219620116957
-9.00553193628022
-2.266832839106954
7.365562984915607
13.136663748693358
9.316344078584317
15.370962145205612
8.05921921716045
3.713391356066178
-1.3378426873610472
-17.980800560633647
-19.948169515965734
-27.43437883119083
-40.32160172064847
-31.471720049717565
-30.205196759812694
-26.027250681671692
-16.55286558748624
9.464343840570542
11.840305620054135
10.04143854888666
9.638395946604787
8.478726312032071
5.629485088111489
4.224473628310975
9.402279025965221
10.574907361551649
7.162146424713127
6.259906690705869
5.307700258177157
5.778523018663894
7.330598035833781
6.704148381543459
2.6677192233160656
3.1372685573571877
4.475703331794638
1.9367815468673968
3.5001948599611694
5.737320260448839
7.416677209164642
9.63037343399045
8.485046343473313
7.512460611856568
6.773191604030264
5.611703916736809
4.4808053958028005
-0.031113037326145707
-2.816837225335067
2.538654929544688
-2.315931190733102
-0.13926440698343034
2.4712801046667643
3.498386192977651
7.089317327604385
3.9106273528507187
-0.08714362350313301
-5.030668379113814
-9.958205434206596
-4.7738896002350595
1.730209660082065
26.2153274541074
33.46080201151763
30.011011134915485
28.817394805478425
30.364148096120143
23.308556930624427
13.156661893064244
6.6142884977140355
-7.5113043061608495
-16.48600157515745
-22.589549564319004
-29.003185360515626
-14.500054910107842
24.893811597875143
23.512062680551463
16.761999406801152
11.441419611254132
18.024872733889342
22.53665956106312
24.705134335948248
25.23279679840927
17.518213504490046
16.58764816722575
21.431477175748157
20.144667966235264
23.23531934755943
17.036655408479234
18.747283635548442
19.374933113122815
17.601707215574454
14.994635860678589
12.950258274403328
13.84233653923266
17.605064438984133
17.795438175936404
19.95886425141232
20.539590606688982
22.650403141902856
23.882634812449695
27.47541625802321
19.808908175859905
14.438123223643153
12.976092169163213
9.278584142951336
12.39449782878479
23.16329894292273
22.75663396723364
19.56317993064311
16.592228456021047
4.484623418158665
-1.3170152124752006
-6.813611809285518
-4.5635970794111955
-2.5513786816222326
-3.386524197863792
15.408339841146756
24.987667294521952
29.50984090504039
27.07313484812587
29.14677987420804
26.915585500837693
25.57766527355053
28.44721977167924
31.410577790168748
24.63167740054811
24.08437589151947
23.32026333075311
16.481160998458243
-11.340962099149639
-26.9657596085313
-37.045450549972735
-36.330089640530595
-32.818161714962976
-28.08891880644604
-32.04366021723277
-30.373715476677035
-28.84727196315948
-22.158907594499436
-17.33552864784988
-17.359117452601815
-14.468542228715947
-19.55175043752201
-17.448624302904587
-13.114228861967455
15.010972485173442
23.20777467461436
22.87968803074121
19.7457500771436
19.967757930478967
18.415276258521107
17.264797947870964
26.24449147419518
27.58194788151947
26.635855131156703
22.22222151454771
17.22080797987287
12.954358128535073
6.634136420286808
-1.3347027430408247
-2.266469222847109
-13.664770724788847
-12.13748896577064
-4.964654197691598
5.139787345169225
10.366367422442249
10.786985201234794
7.829146227681504
10.001678868210467
0.9260653713056268
1.2855893513529026
5.113541465094276
-0.8124898212522061
-3.8932084588106455
-1.995946820152624
2.9738422563750464
4.32821381422336
6.107909096248852
3.8843319644840726
-1.499647309254274
-1.9779344351839097
0.6107348764283574
-1.6223153974370397
3.543316434272078
4.201900668242112
3.549886841213692
6.483949152934875
1.6585727984719738
4.479561218701007
3.7820007222317584
1.1986690224287209
2.301398868661701
1.8388530273123405
4.305475840627332
2.549823233651773
4.220950102460955
5.601931685430703
-2.489097445269832
-3.761821448694707
-6.903828609145102
-9.497949416495027
6.405616388395362
6.5196668555132975
-1.038119440837417
-8.089018968833651
