-12.351060643051035
-5.142110939111201
-3.84584341107319
-6.362582271271564
-5.7408849256718835
-6.0430483087515245
-9.786222715297567
-2.9529072207178277
-0.7611306720952361
-4.9849938079858935
-3.4405034248491915
1.171784173855712
3.3176341652332706
-2.8883417209818565
-4.541092803453696
-4.599087623212023
-3.3399351207731165
-3.8458981859408015
-4.409974647526025
-3.827376497372257
-4.63622547326818
-4.0144306085547985
-3.399170169697204
-13.672846538301586
-11.732293317588143
-7.589886702977639
-9.152155677336156
-9.893563753812908
-7.553836753629402
-6.1442883018304615
-9.295043931742631
-10.881021467909076
-3.0224099612518
-4.453026412441172
-3.574964581241302
-2.9917991597442377
-4.588423456968601
-3.852882301890652
-5.327470170977941
-2.2226477961094293
-3.975350851256324
-5.577822239085858
-4.754948853602571
0.5730858444308344
6.426819651604303
3.86144659089488
6.631600049653808
9.589021119647404
-0.6135820293388061
3.6971569508380098
2.2441082527505536
2.1277570403353208
0.6375367532415226
3.452747659523676
-0.5906354257199633
-5.050813661570201
-10.677612080999724
-9.411913358268984
-11.273409575419382
-7.541853868103861
-7.778468854065126
-4.3513297199823775
-4.21433722076588
-7.1370884744843
-9.766458774844496
-10.990225453763962
-7.504260941273655
-8.16086940362201
-12.263221515205394
-14.868424662364776
-11.965797661265707
-16.47452036327319
-12.631486933650931
-12.121628904803298
-11.732005709512222
-10.268926959139511
-4.651737493548072
9.190022850845766
13.201057033877506
20.283521542178704
16.250019878717506
14.84673889161318
14.06279997677999
14.960315843420393
15.027774382880214
15.343663003051002
10.571657312705172
3.7481359918212833
0.6261775940489404
-1.0199126463767278
-3.6230349860430966
-1.105743044806033
3.6320555689142218
4.8945577517740055
-4.202141169713608
-15.876751578073089
-18.043763851149915
-20.026683382266235
-29.28398615438797
-30.17376848876704
-25.22741976800135
-30.088262410943962
-30.600061896000962
-33.2197006090136
-30.13218657573823
8.479309135034677
5.846472832393893
0.8100254188869958
1.5606448970145823
1.4096683576296136
-2.88942655152956
-3.7166710505527214
-2.1388448087403087
11.695705276323615
7.7436801813859555
11.070322374508157
7.859531406463454
10.284809499467489
7.619940431701022
1.495212329423907
-12.165591417515586
-11.076633692184872
-11.920232914630091
-16.114959540220866
-17.61482941526693
-9.344054406516516
-3.3540889070944675
-2.6709487173106425
8.178598941602242
13.139680590819518
11.414976273050394
5.825815644938903
4.107182920460302
5.982326344964807
5.065082152544753
1.2668797062603845
2.812037058370721
7.38293349889005
14.372035456457162
17.368247987390653
13.799537491682534
16.801522689188122
27.116699890264663
21.326004697690745
17.524789691035323
16.598221798408822
15.521735369870166
7.55685629973262
-0.6064202602528266
-4.356669585620523
-0.9746328650289502
-1.2548377681431977
-0.7870809379679652
0.7357097045329389
-5.681727652542912
-6.516150385589921
-1.3672264415209834
1.636366143749929
7.219966138979
5.636632943145603
1.1862353442940294
10.24065215516449
15.464974817028349
5.082135263997747
0.5898174414658769
6.153824714837247
10.562116550220203
13.498601856058194
11.141217714016848
11.137681608208759
15.830816771798705
19.88177035737774
27.552928351110662
37.27004627709722
38.49491999904948
38.521639199442454
36.70475219755681
31.706029854156338
30.918309069130164
21.997674929200606
16.81515522462389
21.88223220566953
29.40335208621305
21.72444343421589
19.30404414699613
26.483773469922344
28.973872846575688
31.237580727278658
26.72678473875596
25.53294784938663
31.587564494872698
26.88182029545003
20.55058266450096
22.741729658620265
26.359644026060682
32.674230513691455
23.596105340642254
22.177200542994612
24.638072633331088
25.27326801543709
24.556703399293397
23.78427903752133
24.876743485184626
31.400428133982228
26.47560730847404
25.190245054777836
25.6049150516084
23.852112676472093
27.625947454516282
24.248189348959563
20.024819853158366
17.914666566753052
3.2158192110150114
2.076875970685605
8.020531219852526
5.5658002181236315
25.28314235499813
17.98337449121584
17.410261923590998
21.382862234298923
20.159746574334214
11.565500019423304
11.32139847562182
13.683996398811463
23.427834957417094
22.243636252683128
20.85576807709255
21.641057034271466
25.626088407348014
23.283484042057115
28.81858920824151
28.52285690073055
18.134098121240207
22.495060668937306
21.946570437591262
22.36516302286084
15.61184808468948
14.166730398624404
18.634578579114226
15.001762124653359
12.449115007521367
8.079570290930096
11.705466341809087
3.5241898274292613
4.375400273511959
3.393884201549405
14.021774308232471
14.438597845606825
7.797571168975133
5.9521011779485224
20.186499719100528
20.20525821368813
19.531865092795922
21.190799563673576
16.528039335120276
16.59808904071826
10.199910596598716
-0.7240966329584921
-8.312516230215161
-5.04743909668545
-1.3594601862960791
3.0134298878662253
2.241209557041516
0.6617413285460536
2.0286279881190743
3.61519141225458
6.224877397192744
7.568544312854914
-1.4601225667836193
12.51636650867583
0.7096501195600816
6.524758859438673
2.53113621697122
-10.194989733903313
-7.7502211376781425
-8.513288789969486
-7.9630448301542
-3.39477168335299
-6.28263788691815
-3.967299177765584
0.924279767991679
-1.771380984780773
1.2491276055739144
-28.75075275300281
-24.41352883479709
