-21.93363785953597
-17.728050553108968
-12.694040094083126
-13.847529211717534
-13.977562455220795
-13.424359732493588
-11.626735785688565
-14.364684613963671
-9.13201861583612
-10.487703492079168
-11.26989608061925
-13.154890386930257
-12.092090277629795
-8.793484230402209
-13.35663258990366
-14.901343702216996
-11.742045557693999
-10.62637958608404
-5.691553306371148
9.338771707403023
18.90951580274712
12.75594237535543
14.495822629989258
12.524361215362642
9.993097195438814
3.730380905539618
3.4154597239277384
3.6494763192910336
2.0893792981369894
19.442646219672362
36.97396977673906
25.153294081881015
25.59883119612065
22.01533377911584
15.950001572630965
17.255906580384938
3.1931707909303597
13.125916595140364
13.735481571054375
8.699862690592811
-11.4917761342181
-24.9268163847601
-18.23277068104344
-13.204695573313199
-5.197879912489716
16.28990254555882
22.671511146405674
18.574879291755853
1.2536089955008198
-2.065171760661228
-14.509329457143302
-19.581371713877296
-16.131080512954313
-24.226459670411934
-23.05441670613291
-20.32725559681739
-30.42291942848187
-27.99152673053029
-23.97337746630341
-22.111864063811698
-28.999390591340102
-25.24108105414021
-30.457835021792768
-34.44613227609066
-30.99934374595385
-21.865011860624666
15.23411413652149
23.486132898108266
13.402475133566261
10.953075082595797
11.947744207530336
18.82789176505432
12.21529198310246
6.8497953734103145
11.520398264058526
17.78873402459379
23.11778906147543
16.578551194136768
14.168627694316891
12.828110549560769
15.815880435911438
20.68434289368032
15.140080731631315
15.037534792477436
10.208221586969627
7.597770686995496
7.320471914697679
19.48317211889884
14.329963553320965
10.075851829667188
2.4327012155392205
4.524680432092666
-7.1172379938620365
