-7.6864448117845265
-6.658129582522304
-4.649648807580608
-8.755957622626346
-8.804551940965974
-6.17782589005268
-8.662605865679579
-11.082560228281183
-6.355229287136344
-6.3511747084334935
-7.305225919738069
-7.2746787210623705
-5.994146134148664
-3.011309853414084
13.483376521983022
12.407977213806847
15.960203635442324
13.620090298394153
14.379446657756176
21.620972150188546
22.15814343665669
19.982694020830344
20.7221661491108
23.024227399792604
18.092156575775185
17.892197802069628
19.253945198624443
10.800154191174991
8.18084677441775
8.086682613831194
-2.11195652191254
-0.17097333097743728
-0.7022350619900121
0.1419956423488261
-0.6751733753766977
-4.054945899727532
3.771118653781569
-3.444550883574565
-7.879031008522612
-8.232224467950294
-8.019470218913717
-12.023202039081815
-7.7327665557267
5.954286389737388
10.137319534426457
10.836732098768682
9.174300473754824
2.2328037362933513
3.474765789335933
-1.7264063935092917
-10.761993567014999
-23.207870090926964
-29.78259306650061
-23.22542346887753
-11.189592036116016
-7.534690842045251
-8.81850581070884
-8.943555205379651
-5.843083264995463
-6.913054376612765
-9.198522956295662
-1.7743895621339636
0.189984714199996
3.1836024634686875
-8.250670378301757
-14.683706856241875
-22.643261681239014
-27.704124092828163
-30.13134723239493
-33.870453188806856
-39.054835467347644
-13.431937770425925
1.8108982471416004
2.3871522966544085
1.8014183316527272
-0.8296825495744837
-1.409745082700138
1.7437648799140235
10.704925897999763
8.859252506671234
5.330794379746333
5.193896903700087
6.383754498377644
-0.3426299883982916
-2.3681598339718866
-6.105636463485571
-5.168504798631242
1.9108878376087717
10.34283010776036
14.171704547613736
17.774067002197228
18.89341673357718
14.490172191210293
15.687034571194507
20.52144526982812
20.828887307939155
22.05216744625869
28.06311466010675
35.441732698641296
31.93801786922954
34.737689627632065
32.68093800404302
26.04392060825423
22.46972334940295
18.16179675125268
15.579797430848688
17.061624151837393
11.09474733526959
9.450335640458832
13.092318771183484
8.544531206401635
12.072143464684114
14.685062122340273
14.552735221058605
11.924366547762695
14.845601550846947
17.148983965808107
15.889917178963525
20.027968701434226
26.21105900194795
26.352508282846237
31.74132340324836
24.719524604788923
22.38450942902144
26.807228955802607
29.66665898169243
28.265235090194622
23.23441221864768
29.34892718917436
21.940796580545577
10.545789953517632
1.8072277783378208
-3.804138025760594
-7.2836279067194365
-7.15590787025884
-9.999796274447009
-11.875246326433675
-9.148021673761614
-7.6882316199874285
-8.391137090435615
-4.180449268159669
-4.559709654044531
-2.4462910838930703
-4.839031597648524
-5.879934520027279
-2.870312421711532
0.3528004174364359
5.1462390685000665
2.7749017295623637
-3.5140661802514903
-1.8850935376521984
5.193919034263068
1.4687163430635886
4.147976991529919
-4.800110274201783
-7.906919781844596
-6.77362810346931
-9.799045623633186
-10.42443889963778
-12.907253841298866
-13.851377365287584
-9.734188132194472
