-24.031660626041635
-21.24657273336716
-4.307175178792597
-6.51347744617992
-13.863091780648718
-11.495799091810088
7.4883209542360625
4.452476646004857
6.3099395697270255
10.682853903298401
10.696931930732658
11.264550286993284
7.819746326341502
5.195695273118994
0.6240897849518309
9.239561651909632
5.822477018150253
0.7808430382644208
-7.58503606875402
-6.439111634734252
1.387405995276539
3.5994206774101523
2.9794934999666087
3.0691563662801165
1.370539008703568
-1.981389981351876
-10.691687175656801
-5.5976461496285586
3.5242477117207653
10.153465379852802
-0.9642544071427512
-8.746117346381574
-11.631644742494366
-22.09867343565057
-19.671576301398378
-17.92699516606389
-2.3522566136131315
12.409131494686624
7.930820812096182
6.325959881767282
7.1234431724080975
4.868661784810738
2.551845267451684
6.585515344108282
7.833971857498749
6.906330259989764
2.696425992167413
-0.778084367735706
-0.7898907803250311
2.6121492709792955
2.0882635155655485
5.339381792986148
-2.3513687103641088
-4.731627146966325
-3.2685492279717403
-5.6357966770318075
2.7369420031477465
7.272507176494657
3.183597169360615
-2.0047360625316157
-3.4610048668869418
-3.165693276728467
-1.1792292203078008
5.484126159973407
12.4317771310783
14.407545925625923
11.413772120058574
11.275584198606785
13.965497523081973
17.34330153549874
3.3995581375131607
-13.476592210885705
-17.775101569958395
-23.77397553987093
-29.717457411029283
-33.71264465114449
-36.19941849623451
-32.41146530573773
-38.25673220008322
-36.53138345760628
-36.45411874283445
-37.105185657893706
-35.25164121867047
-31.762156065714787
-1.4017346734314065
12.666395596423376
10.12589352872686
12.290736428619955
12.0485569070994
8.392925071116476
11.890330771146132
13.042395708658091
13.10128589997936
6.720008833307307
6.414823555657924
7.954983229780716
8.72895853166777
7.4806553069843105
6.82852165121846
10.418262423118003
16.698290875658635
19.831480953446157
22.77154301569141
18.75533272819007
19.09738167260689
18.3768274288348
18.58300329555162
10.721561437179805
8.64581870042518
9.30761064523054
-1.9250849322369972
-3.6609493780817535
-1.4267768342300675
4.700447367786006
12.748806601944
19.56444231805727
20.800262915602488
18.104739507882176
19.811753711857172
18.191626136596803
17.56345576660151
19.288701552788453
24.79455869856284
29.352829844505447
31.309137521737014
29.859137914808674
20.631685191469032
15.88253943926456
21.9452471860613
19.82625421980113
8.049277149323142
12.486517154190139
12.753035172156501
10.887964200772574
19.255705576801507
21.223795051010395
20.308882126403546
16.51260686923477
11.569869537628394
9.65388677730145
10.204928682033037
8.325514009436514
8.402005995242893
8.265310337754402
5.168049536145499
3.884404904414703
8.167343261493157
11.09410256986768
8.433331982968179
-3.2815583146281844
-17.350812425866128
-21.21011208077676
-26.67359011342696
-30.520812586709667
-34.21899893164245
-34.93488124254352
-36.115881764142046
-34.1566199766158
-35.428844607446244
-33.35091873688324
-37.98540273755093
-36.699587111197076
-34.83593739825982
-36.49251162964228
-31.932789986408906
-27.662886508859728
1.8025141194125611
26.37819137005455
26.541251643140978
24.30847686411084
16.583140968278993
8.058206081838774
6.730650990401727
12.985705706662346
7.981187927147955
7.750541085739387
7.134042735044082
4.879356033127313
7.418370103280233
11.183150921957262
4.583706184010326
5.6161367487385165
8.779146273811559
10.577968492907257
12.592859338906539
3.486548777600333
3.506761448443759
-2.653679692171562
-2.0735019636760805
3.4672918086447138
9.814190236186572
13.540418327552901
6.790941491970911
4.566538509019519
-6.250329386495077
3.2177054008427213
0.5045681242457832
-2.033052104363207
-12.804396575738776
