11.132819051418009
12.147466953401112
11.898633575838664
13.742463892342426
15.793350135142507
18.475116711665027
22.306141089194718
25.06645661821842
20.94754964621387
20.31903117024747
20.902192897426623
18.639882628067262
5.526327155383618
5.134617683859222
-5.684533323353023
-7.475383051090635
-6.395793384223027
-7.259283811834634
-5.340924204886747
3.6112575429642018
-2.118716240641789
3.5684538682566536
11.63003603928841
13.296425872323546
0.8781316852822201
-5.734486070289607
-4.1646339022613
-11.623412175241578
-10.498048853641286
-3.6722621783942295
-5.400295233268489
11.515885556612087
13.505167658612676
10.984832136682035
9.154456954234847
14.466054106822627
27.18880126306727
12.564230089186365
7.847709494190003
13.697310781927815
8.686306808223557
9.456682750710991
13.308209239466276
14.014949282065894
16.447031706944642
19.16851200699954
23.37984593282904
20.242825483129014
17.699261602522427
18.28007725504996
18.98623623607579
18.279690636445295
16.079759724425116
20.638147076468805
19.441757074761263
14.94567926522264
10.09736794197467
13.598437459547807
0.6287787193622518
-6.566413773485653
-2.4858243859043254
-5.541923757135649
-3.835969882124994
-6.315322000138679
-6.147226320329385
-11.698406972187236
-11.475404067810063
-10.368285109117203
3.395724973153974
7.719668321247612
-1.5663164901367908
0.361870095065956
-0.8992601381948847
1.0047466001932357
0.7795226282819765
3.707250440240193
1.8671570024026949
2.2808558250047297
3.086034952147015
5.230232004356639
3.6870357607331736
-2.485656619196628
1.8187647003948573
10.794822727589235
10.264145963092398
5.511413808205156
7.2631735463403695
7.132743125312191
14.804382120559888
17.807927751573622
15.245241802446095
16.409989949190233
18.661073529188197
7.167644614408334
1.8659154336058237
3.602880719693559
5.082914428031361
4.7085427954654415
6.005326221815963
4.2842773426696255
8.093349519407191
6.788892509015253
3.5336015584957527
-0.262994148501651
-14.87404597416044
-26.072774818716656
5.7281703328043925
4.931437830347006
4.773486521752157
5.933323643289637
9.391594199085858
1.2189461868443698
2.730323703250552
5.978572915082805
7.9428332170136065
13.379720900244546
15.20285739232452
19.122797647130614
21.328986595528
30.793067833575357
36.795397444938544
23.60198270968295
25.33422970055305
31.394456489377074
22.157336009147592
22.614355222990767
27.424951067701702
26.56429287140785
22.681029353457646
16.139219908744014
6.662895084384033
3.0102472606633808
5.284284398746994
10.999047216606138
14.862542280432393
14.04546769184733
16.80615779372604
16.654366425752368
11.600419665615428
8.686000015156063
9.642198098956172
13.50696773784391
20.626162294185768
19.00011186194064
24.665764608662514
30.195681350759738
29.11240714954685
22.7811396585339
25.49212277537344
20.07258609515118
16.493555701184142
13.625262998081913
7.218069368658852
5.672326808327159
6.260920773184806
19.943120500078038
17.923162583754507
13.601871928726588
8.807006991467999
11.3902248252905
9.461832529233304
13.497425310525589
16.70424704026788
11.759460081215813
9.688865708133234
12.262842183365796
14.013667666316707
21.54537147409472
-0.489028975409211
-12.001925351563859
-18.989730114187672
-24.895320532880568
-33.63758865524666
-22.43647169259164
-20.11193669050795
-19.620746043213803
-27.241103044187145
-32.6453614309705
-29.30848389357637
-34.014591099592515
-31.08091797775236
-25.70945635864901
-18.283292153195397
-9.425769779174066
-6.752723559686768
-3.52819378084042
-7.4233112253602735
-9.433621688691458
-10.464933220581065
-0.4746052717521866
12.960392372072091
19.719793943986133
22.785565340426377
19.519603588528717
16.495337387490274
16.834244685926702
18.732894351615954
15.88263967943111
21.67356967851716
24.5295975020505
18.703359608788922
20.42558590641973
26.178343130698423
23.581813714879928
23.0864193171655
24.22625415054608
24.324582601209933
16.55459207080951
15.809857613340462
5.956208348276796
-0.379473105072892
-2.667577850725864
-8.919471463318247
-15.104236093956938
-11.262763638241385
-15.206163163066163
-26.98134226229902
-18.852241904749548
-12.157570320443694
-8.262151405988336
-15.806680042974493
-7.2644189315383985
-3.924617562933268
