-14.805519983910795
-16.077345309763263
-9.270407440374484
-16.67743533436515
-36.692747935309704
-41.68660242260908
-37.03795682702485
-39.0889064924795
-31.66864363318088
-31.865423930580288
-34.88023095973641
-34.88491716085385
-38.79800532437615
-37.468601797179254
-29.836280233949577
-30.497576816191764
-36.075253229341975
-36.98259632518661
-19.803154034242468
2.0211089911962232
3.482837146216486
4.583747488858396
1.962353843696964
0.9114081049485984
4.741808309045265
6.936035168813156
3.4087177257072985
5.4959756240896365
9.261546086862289
1.3614773523046009
2.1676953655746143
3.835411131527172
3.0102599264471754
10.937568067161601
18.201673217170555
22.78350859611062
19.90328387111478
15.05508673656812
19.45609274588577
23.17771986985378
22.501820504408688
13.469172269621167
5.259205321547812
-1.4544657625988169
-5.451648981399624
-17.475121290094314
-23.71283727811801
-29.21822510973371
-26.052801799050908
-21.52962162298823
-18.451875128001912
-27.14933277581273
5.900573297175215
-4.7700536724364335
-10.350295126005516
-8.105939227732343
-5.449298589044397
-0.044949217663953496
-0.1481288296665448
-0.9382640588679612
-1.822794031653224
-5.484676828210867
1.1599194135286013
-0.6584018793408918
-6.385250392404936
0.7924704060024166
-1.0972054047960556
2.2329813431162857
5.911285197823142
-7.3337141773893215
5.72923773219711
10.930838752933958
9.396910945187594
3.61686284147204
-6.432199806074448
-9.56983368305148
-22.558306757027673
-34.17574768457173
-34.77916727732375
-34.63530199999798
-43.09165323960956
-36.00155718360921
-36.02161738770001
-42.4160113443003
-29.062442301553965
-31.34063311468004
-46.073289659699434
-34.22288913755496
-31.352416538359996
-38.985607487178676
-36.43197583087602
-30.333502275052737
-27.613021384711253
-38.617771935325436
-40.31826212546724
-36.00007500263432
-33.53181429240412
-29.90383227171943
-33.933659035293886
-35.849261913533795
-32.74755687106543
-26.061859259033195
-26.100927855762173
-29.435826380612568
-26.10646091400125
-34.232087382987764
-36.81608901391483
-14.527943390288925
-6.482984925808256
-4.9060651150848855
-1.8390379782282813
-2.4818135783101565
-1.8155603052899112
6.4565538127112605
11.160954926058096
14.610427259898715
17.19410343578721
16.652949236994836
18.90679458812316
19.611023597513828
18.938099622039456
17.780449098811108
12.718272683536235
17.747937854642338
22.11058489029265
16.953097934044095
15.676330822324145
17.72973730718638
18.55899468460755
17.091435078679144
13.64022709285334
14.747301595673205
19.47675837857706
14.977777320103938
10.1775389494701
9.370087735195515
6.324634855763653
8.009326993815696
4.2784599994184855
5.0458931095054504
10.370701192911964
12.55273671187114
17.038548112498557
13.671266952086476
21.405876011485926
22.015387130359173
20.045002606988152
15.193787922333607
3.0008194427121877
-5.093734528689506
0.4793260724352301
-0.06828430536863246
-3.8274644435176346
0.8656985523228858
1.6267400257496591
1.2663898916610437
-4.94838091608976
-3.7348837386694314
4.2979691303171625
6.264212986802771
-2.3826717598009015
4.266290306955543
6.127853698939518
11.125335443812167
4.753809090836842
7.964277464689549
9.994798730551198
8.048606854393674
4.611794234546943
4.661793777956299
2.3251231114184416
-0.038747603372182055
-1.2690765526350751
-4.01528071887235
-15.028566888529461
-15.751394016187485
-15.978268957893784
-12.334054616589595
-10.582475099426027
-8.145237222678352
-5.399735673408141
-5.097847950516503
-2.5243857190588295
-0.5643675290435848
