3.7128158559133566
4.640826593875275
5.685550966181265
0.5587492383479576
2.6260390139263685
29.293506873040048
14.958252409066475
9.56416838259196
2.347546155979532
5.917997633776318
9.01966376021643
13.251069801192994
15.765220063259301
17.43370075497338
12.96058842976458
14.981420795721455
19.715786605887
22.750182563253908
23.05412110058952
25.26654214880394
19.294212599285725
16.937627570568953
19.46970833917704
22.743355205793648
21.90745111161203
24.22340966726893
24.035220389589185
22.905747408057753
20.643786062583338
7.032409815097399
5.645866725444287
9.723884006535616
10.931370218694957
13.64669926878474
10.604188845011757
10.016123201927806
21.177258059960803
25.206499939400725
17.843134643507714
11.361283942713024
12.270060664250536
12.040479164875705
13.71454024972121
12.676943103920376
16.815327442488616
18.367402905550197
10.223536614224649
7.148619324418366
13.855677767579152
6.443203387238013
9.702762821024232
12.11875295166681
7.129477870862957
6.707736262323853
6.66018784646668
1.536182258427116
4.087574306067033
7.238332656082549
11.75006153910507
9.855903208375413
11.343622586445456
11.748090183093929
15.623957938215804
11.711426314059059
13.35613193014501
22.5468115601726
18.219718398063996
21.776797485554184
23.225273878767403
16.940535306197454
17.261765923304168
18.451045003032185
10.756379745673465
12.317573142561512
15.70087200861926
10.410720740422232
4.670146335031281
4.806216357918196
4.815374327351691
1.665885655601939
-6.5851691818676565
-0.4708849930135794
6.058365522013477
8.65832341572138
10.483649516473557
4.650122548105005
3.9486852142910767
9.72648188154096
2.908913297538448
-16.267922121284105
-25.69893994287166
-30.145438743736182
-22.890205881218506
-18.888420260786468
-16.479740078721775
-10.464899116907693
-11.231350817767982
8.572887327709703
12.956190459163274
7.7044242577788
3.327517372776107
8.501023671837633
7.870485193701358
5.2585478772858725
5.829897842302012
7.301304776611719
5.338432164334723
4.389115921228231
3.1580559174369367
1.1410860640004703
0.6858943324324742
-2.953174483020085
-3.9800434300364023
-1.4880435421856306
-1.3296765120237126
-4.659704794066761
-1.920253721149728
1.2775407709808235
-1.2103377687811523
7.080537139003483
12.072820131433408
16.709049743839106
30.68725897896822
24.168832240589794
24.60882195681777
29.352950867143544
21.229158451258765
21.87087441326187
22.341995351994107
19.44449332705236
16.507920539401304
16.499079623002743
16.123120816239574
10.887642881085037
9.60883647935858
5.960397015252428
4.191916965360933
4.489539419469602
4.72650850363884
9.214710350708556
8.320163400301261
9.598461608464946
10.566780752377383
12.136240859381196
17.39718674855867
16.97286183867879
19.97723340324018
22.683647632034454
21.09508695065617
25.42521430690752
15.68213531795314
16.609522531415394
26.329699783061272
26.89176479741091
17.987987046698944
18.45894034918499
20.006474436515308
18.74668152560721
18.423596110890077
10.954105917608368
-15.907203827907471
0.21560423784058028
7.092978203068751
9.342439501304057
10.766667802032645
12.092981618049915
19.900963317328188
14.525371666116564
17.65273986757046
26.15400273500508
28.279947945513076
23.063214477895922
20.74554353995325
25.595235563465423
18.86652343826121
19.04673620369823
26.606719264945298
22.22738439102232
15.546746948624682
14.857087131235087
8.396824659265823
5.854650729839998
3.870465913448476
4.021130508005344
8.77473303855426
7.102430016375954
2.2176691995294338
-0.8025624057423599
-0.4726255307174651
6.38682208082474
2.386292942232834
-0.4255639610094801
10.75102703772197
13.730611674372687
18.568210583015553
18.264743135167368
17.952994001653156
20.931807346163502
21.13112679940016
21.527516977226334
27.39039709494943
21.31010977313837
18.186235389704176
