-17.067256265694418
-13.584168609318647
-10.351142383521331
17.812954349529175
14.445375294083533
6.225655552243053
-4.114332477441192
4.04489545428118
7.172814684201937
9.747130472015657
10.236265627677772
8.378260127728888
12.323702933991385
4.4610204793089565
4.345436180163001
7.980551912687298
8.472462255371438
17.757632287719833
11.848534176635177
8.228339238252103
9.951301725504633
-20.09459216492005
-29.815630225919627
-39.65424705081386
-40.03946502337746
-1.9498011418366952
-1.2667803629330427
-0.122984855017203
-1.019842270053126
1.856292777638077
4.3581330924360335
2.81627734570852
4.649467096986227
-17.67285597013338
-8.22626096001704
1.6058987758823626
12.410816565823305
17.548774299814387
13.714187908646085
17.910144650989505
19.214258984882477
19.99078999647832
12.889196769039295
18.41395125427863
37.30855352831876
27.30580530750206
15.622727623066714
13.425198157801454
12.999662388095826
15.277772617734374
13.360249222271971
10.09207667938651
5.507315467272998
-6.064007829576116
-6.752576935768486
5.610324077657563
5.1200381871377765
3.3150008084116767
2.1719517928594687
2.9978498310408552
1.4826675841794834
8.358858614703712
15.49451562673068
9.564049207193037
9.941820319786038
10.056249058714311
0.5552511376824042
-3.7334014529546895
2.675582675777308
-1.4921363231383995
-2.9408726529295777
3.890405167515367
4.744028994405675
6.76696635717808
4.932972529399176
1.6213136098618528
-8.783190761091639
-12.732695042836099
-14.312934459650428
-12.263026928129895
-12.228029828713865
-7.073778659590415
19.902162013914282
7.395259200857425
8.6540567588598
13.1104419346665
12.630589302127152
16.055089192665832
14.774839109416185
14.784336966751427
11.098976493236863
6.469305002817321
7.932241426277487
7.883385093500618
8.664889524761543
17.729061132357973
13.493406654219012
7.723755384396644
6.50575489765284
9.832976116578648
4.963502614080417
1.1478035113338994
0.5341710748739281
2.225086513952169
12.397507509269984
16.349074028452257
15.808622181226447
10.723324185144367
13.833377017725669
14.050259448203294
14.913462211873215
14.944400590683381
9.950685740363019
-1.2674096966074129
-5.475459553605882
-12.101394349345338
-20.30672540529413
-26.583388994014392
-6.828439737474854
13.883560759022664
11.680924379364765
14.560209195882829
14.207977337577365
9.345270397913119
10.447097387712967
14.083424149938441
12.112027195418381
2.311821064896233
-3.899217874380236
-8.871003164205886
-13.309802875581852
-20.218361596275763
-23.042436288004083
-21.45090877248647
-17.52001455047709
-8.292762929225407
-4.773742056141198
-8.098176238461388
-11.191995377939234
-14.25297442528007
-18.637746947877737
-23.00463100732289
-19.07101402456951
-15.087696608151807
-13.348640726893535
-12.482060007182506
-14.646828156987526
-18.71020116029998
-23.76439447788906
