-13.589854046185732
-9.52697332345301
-12.342658201248266
-19.657529631054718
-24.06867527469349
-20.4436549491564
-0.17999028579460016
9.959584831262775
7.58990133749178
8.162339031622157
2.7221393640874267
0.7370634757852106
4.852366929263932
7.366145656471588
2.799422482240149
-1.2943646504983992
-1.111248246298561
-0.2935902493090404
-2.9610341082263867
-5.435284525229798
-5.854715549221772
1.4231337493033558
1.2025001108853712
1.5943484382542243
6.16991178719704
-0.7030093055705533
1.0239811982932197
9.022678061920374
9.994446294141001
11.756273378908718
12.657212271409024
10.270078132621208
-5.019458530588451
-13.744167920029525
-21.80752520160921
-33.9626213829892
-37.0021030473321
-33.832125368025594
-34.81962225779901
-33.41008216676807
-33.29455565198853
-35.408755020537036
-39.56928594071107
-35.18840084485987
-36.350120988771295
-30.557313311536934
-28.416670351448985
-28.643783298290657
-34.5790480877716
-30.428935927028594
-4.6072308459423335
-0.3020227469231738
1.8790201114857552
0.8046913156436792
-3.8282227177941137
3.3029081347703637
6.877692616517074
7.937799756977255
8.260663206739485
8.525852655528366
7.222012044306682
8.044123091622195
7.090137644873617
5.999912596127684
14.415069164077167
18.93853079346473
9.08742600438408
5.262445728706745
6.065067170664888
10.455879756616637
13.873700775121614
8.290079622353378
7.407499909017212
10.614350621268756
14.27471825847685
7.663565063755231
9.815422545479725
11.759153224830508
10.472653102271076
10.572845430331805
12.10240154843527
4.461898642979873
2.2875715982267426
5.827160994484353
4.2512641831467315
2.4550443474654298
12.871374135885508
