-22.901014462065486
-21.304910713702718
-19.599193660653988
-12.777684975171109
-11.69888343446974
-11.91365597507962
-17.604133633572268
-14.611912277907386
-13.712030298765951
-2.680909469667831
3.321912555325352
5.476446959179312
7.830551465581482
3.2591307277387283
3.168194134539556
1.7795729354325538
7.4097101883918794
10.508678761969948
11.648556621860886
20.945041408703187
20.113869451747405
19.682549149285634
20.282422668424367
17.123531221053838
14.782253629559454
9.005969271425078
11.070064494623695
9.2123446307235
6.144521370056744
3.4722003416195912
-0.02355161873161371
-2.423640635810275
1.3963502655540885
5.901382468149308
2.7691413433053134
9.839015140410623
15.359011803894296
15.396458929669485
20.362280174222814
19.016368109318265
19.012937593251106
21.24785149729585
25.923761717094866
23.075650307587548
24.863361968132768
29.51151898024517
24.98004223300834
23.56149795072295
20.991652067071165
22.234401246918658
21.446402099032603
21.21063650619321
15.676295151734596
5.709525910471964
3.2036943781389704
5.863480913813664
7.579861122878622
8.591220576291697
9.77121742445418
13.311810601416562
13.997290485149517
10.59300851954498
3.5896009963418494
4.081429020695451
2.8119018873614614
1.0123854760208473
1.191731157925541
3.4568438113939233
2.319100393822482
1.0317132408081209
1.4092245137821582
-0.8060948013326458
-1.3959755353207837
0.7482672021176406
12.084354827846305
14.365486273097815
8.718618854257938
5.826980464246023
5.234776007070074
2.182809014709966
3.4064187527534164
7.2917714971461605
8.995858771220226
-1.4357090954166
-10.617056574107933
-5.896162688778887
1.8404401327149729
-1.0182493140141629
-0.500209501172006
-0.37795411814953467
1.1342122023548955
7.125870008802125
12.03009378086432
12.647449274905634
18.131739933524333
13.899539391139108
1.6738101170054864
-16.268269817254797
-32.15297390213706
-41.1694275608321
-45.465974955829275
-33.61864696028378
-6.405656320357657
2.6379958457970365
3.319871008144516
7.3035908100669875
11.302478131566879
4.595895289228997
1.9307678567608535
8.410057936576298
6.874412678513644
6.247862907731283
7.22653254224963
4.623833075656841
1.9108710718550983
3.0264175001130718
6.685588936777539
2.712735581686376
-25.13517821463581
-37.04855626244397
-34.18736728025045
-34.280931372489746
-32.24137214358739
-33.049496770022
-59.19232492833746
-43.97356585905652
-41.67019577827858
-43.770166087092115
-36.06603168803819
-6.3635511191485135
0.6051921375467871
4.8803825268788685
2.4580446154376348
0.5802781156369534
7.445178017519942
9.274879146105533
2.6632731237710447
1.3745715264391598
3.5566412227992763
-3.0406348715417986
-5.8719158784276955
-3.311696049370534
-7.015124489253912
-5.575368466499847
-0.13623602488750294
1.3581607057978962
-0.7598080920335811
-4.7788349352725605
-4.2429975959173
1.450005205390886
-4.527576392467208
-7.270905771936589
-9.955601881474204
