-15.096949077180483
-17.132805206923923
-15.849150108547525
-15.4986180894274
-11.52722552851899
-15.258523937515953
-0.2730483975156273
3.4424845939245086
9.904704823413688
10.865866842153725
6.885708788805933
5.360760476770752
5.053595242901772
2.1174955150421493
1.234510542319522
-6.368595160483802
-13.42459484055958
-9.15207687559936
-10.821398771615264
-16.721288583574342
-19.414113853144794
-26.575854873865012
-27.205898551204534
-23.736337893240943
-25.103796174013567
-25.095074191887466
-12.762272294235457
0.4352071556008623
2.0532835892716315
3.98872684304778
-0.2988221044829276
-0.3190868279204453
-0.5764212042920578
-5.50771632219428
-6.247515342943292
0.6900823250781178
7.2804423782961765
2.7779350264725102
0.4289180024404131
3.0057708825093084
-1.95170739290454
-0.0731706424750742
2.667197485099821
6.965282422640384
5.491631926629318
8.473654329813213
7.263628359447795
4.3045148842800485
3.726696129508389
1.9458703064159888
-1.8553220308122824
6.472583775934724
12.029467102883705
14.603138170129993
12.925893812433221
13.710840184699064
15.896511346860276
12.286629298766231
8.368552414994728
10.7385889101809
0.3251497538311946
-1.4177171040038192
0.0007704592190290897
-2.541658311227311
-3.1870218670011137
3.77622383990633
20.105864667344967
16.254171613245898
10.205645272641043
10.62394238409717
18.626346006807807
13.313076404715993
8.588208672543436
5.782050950425915
10.760478029811633
29.33520133357833
25.06702262819988
28.20056594208048
32.473225803236176
30.786520162801214
26.04058515269652
23.183041027874175
37.16091682267499
37.17031612405052
23.961892181851212
5.229411478251532
-7.065240477515888
-18.384339119217106
-25.31729849851977
-29.22174618440728
-35.59809839786025
-30.578661934026485
-30.762807230340968
-33.48602156594976
-36.531824508338225
-33.889703056430065
-31.474071546777814
-36.467540727270105
-28.21950717606493
-25.14044080363468
-10.866888544871607
-9.300525038867386
-6.496116955896193
-12.997887058588136
-14.492944434594586
-21.49027800961079
