-13.169629709886095
-13.561712592525947
-12.996433053042693
-3.6003927613197355
2.318897929847485
-8.773683838546821
-4.455564025635993
-2.664070158799364
-7.041949233390634
-5.4197385988440585
-0.6812965531668504
-0.9930989850803302
-7.962434752605808
-17.90127674625809
-24.006545658884946
-26.037786080166892
-31.084216741661315
-30.420330219145583
-31.59921020021429
-41.3156438166405
-30.22175743300467
-28.77730059152039
-22.754391278894442
-5.526302687863606
-1.1081898271446189
-0.2989139810913021
-1.0993855410306843
3.7674816862747273
3.8349410523014935
6.9541945836731935
-0.3491537358861291
-9.149701682687033
-13.751505633417963
-21.03233318471072
-22.86980447918659
-29.017782936347604
-34.2740936158047
-30.815683747210716
-27.67389410471511
-23.98491644394134
-25.463101983761128
-20.924952608295907
-14.275472567897065
-10.807572039177089
-9.967204414232429
-4.714772153737993
1.4112921731966388
1.3620023186691557
0.32093084132548105
-1.3320370528597083
-1.9720516947584827
-5.160815273457642
-6.862165893428375
-11.12758644944787
-10.69021871472913
-11.575825035431215
-22.560472579312425
-16.21733649999462
-13.696915618330927
-8.9022458449719
-4.42240931424797
-4.412882191811127
-3.362445896783315
-4.3139372596351375
-0.263278993357118
-1.8458616117087563
-1.5303228192103042
-5.5422611625668265
-6.630881404420657
-10.060452542304622
-4.673586362771821
4.981323539730783
1.4580821721777253
-3.6301492439899286
-0.852495126191587
0.3841250031996097
-1.8517960490836671
-4.1600171095945
-3.2815916521221395
-2.1822573511342545
1.2089037905257711
9.191471454187626
12.530603696821617
12.350370290034833
19.092002671082952
20.782852371891714
19.63608498419361
19.702772802511014
13.152767877485351
7.743741804409883
-0.8766269621018418
-1.0836638712354134
5.675710964302674
12.678956994761752
15.737491954814095
16.11122096276649
11.765233776751632
11.082004903274191
7.291031333805717
6.121724926071197
5.825024150598379
0.8509235050911097
-1.499309628885992
-4.502637528652283
-7.473581750444156
-2.5314094852041147
-13.449768724769644
-13.72214265609614
-14.657942127319458
-12.96792304881616
-7.778794274475643
6.349138806750838
4.423279901677233
0.858299720566023
13.706559618758211
14.897660116883054
6.726302704580778
8.312579579050754
10.664467090853988
-2.771023651727148
-1.2556979329269429
-1.090125772093529
-3.622650318734189
-0.0448183748345161
4.963040513697711
2.9354129097383166
-1.4347041949721742
-1.0569526573158106
7.270533558456526
-3.2678565173189456
-0.8337919937656069
8.301732303257742
8.638874950078959
10.851381972393153
9.256721296255916
7.677776544700017
11.617846924094687
21.040740400336315
17.051602575974126
12.750969649212113
6.773377220310929
5.182408641919862
10.174726057429554
-0.6841349995381205
2.0882368431171767
8.8353113696831
1.8907613500549367
-1.581292943460067
6.361632158961535
9.176297914497193
16.823911782691358
15.279799950576782
16.740159714304053
13.789889460482035
14.455647181799518
14.950981507285116
9.938681343641923
6.631393248303696
6.009851426674848
7.116065749523215
7.780304499646621
6.269250524058537
3.0822894674813037
3.591240947960809
5.814953610892598
8.821081332699304
9.067954356068494
7.747573907619021
6.0294976274490955
3.3612819998620616
9.155484824626749
10.950613407539482
17.10907474567848
13.961168589160021
-5.048404097969322
-14.719853028393185
-19.122627250801234
-27.79194166331853
-33.78405391857213
-35.099258127752385
-37.133559186678056
-33.30119947464432
-28.747864373328923
-34.2012779454796
-36.49305220783921
-34.01983103703681
-37.792525466419576
-23.027702372786717
-28.48311349043247
-33.62196036545144
-28.434691234837807
-28.83793555539032
-39.04117625336424
-25.98493825475766
-14.681319265531444
-9.953639730003237
-6.479099488553437
-5.314506209920154
-4.783761236020436
-4.310035538278024
-4.525670576785255
-6.939468948960897
-9.423626777480212
-1.3181098926394388
7.594186596104803
1.440175365322831
-7.339358555895539
-5.372687063675425
-5.180779525464431
-6.02346109566845
-6.743762878739778
-8.986467164456043
-7.282264419444744
-2.057638844855097
-9.49540955797553
-9.885057342081767
-16.937469449988914
-19.174700149269253
0.16062534776618054
-1.9744696531547477
-2.1183503047632413
-3.9575789128346295
-2.3688635569277414
5.181919605999236
6.120056717053663
-0.5822660260343588
-2.6426282231684697
-3.7510778960951447
-4.093695523205269
-7.365134781287577
-5.429982042742537
-6.410362243532796
-5.9899462100780125
-2.275405960566021
-10.068363466833839
-9.652439031888246
-6.8036817644823335
-5.822224601530699
1.8157880864643392
0.3118783934039855
-1.2236139444491427
-2.6966401320204967
-7.7473450110408075
-9.57188716648646
-11.943816293532246
-19.228134728775427
-20.27794773031197
-16.024476751378018
-10.720440416046133
-5.5934397751942
-6.219421115867318
-13.869239163854964
-9.218007120117953
-7.101405136016903
-3.975954680938143
-7.107296451778348
-6.649133401601485
4.2447083458453
9.67456607912997
4.122438979501333
-2.306637562503127
-4.2772778092974315
-10.131818199950569
-14.677963224983454
-15.354526109336698
-6.748175512260393
-4.860089176131939
-8.181844372386536
-4.562260364108593
-4.937575712449024
-1.8893376866735831
-7.047670902757631
-7.374627829986602
-20.01707709367563
-19.13560259597314
-17.25362034130226
-14.29565453757304
-13.827336373054688
-9.745983328977593
-7.615387831314638
-6.45069978564902
-3.740355928357865
-1.254837087056804
-6.811402767508844
-12.739289330586855
-16.92285001848826
-16.41524981413311
-16.721292234608587
-16.281948841153483
-18.463483691081134
-9.413314265267124
-1.6666952662136127
-11.15390259983601
-6.1801615679340784
-2.254998428468741
3.204455683178326
-3.3649713621958885
-6.141868204647657
4.628805478366883
0.9606605834360188
-5.270938398617816
-4.752738014543295
-3.826653797561941
-7.044379074995778
-5.977348855896378
-9.398971572312783
-6.6244802222606385
-5.864917229885124
-7.898749635067032
-11.088842847944813
-9.743761561004506
-10.32031766023322
-10.375909958619284
-12.952590734044144
-11.389997492461882
-11.358250573993615
-11.806563012669038
-21.648792090793787
-11.4962981697504
-11.356149852110644
-16.25465059302607
