8.876420870007413
9.439005865358848
10.530876240814484
10.65076219325843
9.374091917031526
7.497182867302216
10.930290147066493
17.769585665994192
21.182177594620047
10.59303531198424
6.955604311453906
12.607432228591161
8.102439668711728
15.76296596161942
19.887161281124907
1.095599165096397
0.516094475627556
0.7282124615223556
6.544562466656921
18.277658331949308
24.79225463056973
21.196035094428016
12.18181157427644
12.055259664257909
11.651130903109651
19.731720614970712
18.793719476991324
19.2471361387978
18.499037198396397
18.02821434949672
18.59046957266171
25.60869662727993
15.11657261331801
13.428635054240079
9.201796758474424
2.7688412143049583
-0.0780543179900648
7.725959817145071
13.65747012203372
26.135543875123204
20.25910040244811
16.80793659452183
16.192752995410988
20.815266067277406
24.578336045397638
17.199398991084234
12.984106187931287
13.012196903918474
14.890643831055016
11.072999296697722
-0.853005473620911
-12.848420191739638
-21.99753478827066
-23.794461806123
-28.962914196891212
-33.14709968763671
-31.46879826756807
-16.649765581790682
-9.21084876432429
-2.0404235544509346
-0.04490376384579151
-1.9058670212155648
-5.056783700009404
-6.2425903475202675
-2.086078173398437
-4.136317678808879
-10.414809558958751
-16.35740519173496
-24.147344207990546
-27.350776416172863
-25.66392640238883
-20.257879755362893
-18.96921811003121
-15.860888528486711
-10.588619197820243
0.8316266821456724
10.075011107655161
18.148238594767466
24.039308742143923
24.150043900917566
25.89512327887172
18.33174677400961
22.62471007866371
21.81269233402131
20.374521486999512
26.499361345874615
30.466932950186468
10.086196632798313
3.0311385921085736
-5.937815059748553
-6.142433129800169
-15.884271759231376
-14.35074719267525
-22.33800145541604
-20.229994108020183
-17.419150640995287
-15.368432457862925
-11.927600539712925
-10.343853180608427
-4.090312020934501
0.9731544958640824
-0.19122159070834244
3.1446627986336435
1.390348356573571
-2.8133828922859534
1.2997968503657458
-2.028290963670305
-7.567448166818763
-15.714110071727376
-22.459975035309533
-23.672899844981693
-21.404892048241926
-13.394560812312653
-8.960382440830328
-4.6600826741213135
-1.3403067217867681
-0.4118695432371472
2.21868383270935
1.8124206211916942
13.426781799832332
9.335150713385254
2.4648506064636737
0.5386691191118071
-2.2815025672626392
-3.681505790558661
-5.122463120809225
1.7484929791145436
5.232058668936278
9.489795582442119
13.152689997465885
7.751940163669111
9.594064452049839
10.925337630738301
9.805150131433377
8.102213721561007
10.618917516579627
11.938379174937015
17.29524143029468
16.22690670940917
17.195880136982915
29.30828852470084
33.29795175554498
24.547833525420323
15.274258169107387
14.073177240200536
22.94629537583045
18.957950020661766
25.731454414729853
26.466489783581444
28.201520228650523
32.91282984690006
24.711648135455274
15.899830240702403
22.937800593582896
20.758745612168102
19.42181827387254
25.429053348673893
23.120813350814988
16.4783874286871
17.276593630258414
3.7111669676683374
-7.616038503584834
-15.485028787918722
-15.181682423989162
-6.283470814462175
-5.717719304276588
-2.166978118413921
3.0435255131894916
3.798821627647031
1.0991272261013438
0.7812321872294608
1.1680088149876058
1.2286789562887654
-3.5949633419858986
-2.710588332388252
0.3769076981674928
-1.0500870213553772
-16.154624162225574
-24.839970836481466
-22.690862300256896
-27.461755854192933
-24.298995742255762
-31.711816584005646
-24.528402942923364
-21.678488861411036
-27.322213127375342
-25.140987825887624
-26.517963772140657
-21.048010027168587
3.523227104573755
14.531784440497269
