-9.11918933810285
-1.2525588143551944
3.2582267448200586
12.601419006854426
14.30902579606546
19.79975020171625
26.869808625794576
22.484026073276766
17.919320273307513
21.393241785233467
21.25260727108723
17.50743344101882
16.45711557334146
19.883211563585288
18.998315079912857
15.278548387241285
16.278313171008527
16.858667622696753
12.579454168635303
12.213648671462519
12.727281202173176
14.228283134258886
10.153523181137775
7.569229441381188
5.789967929516555
2.474655112526229
3.5491336610122977
4.699993777526238
0.04059731240150603
1.736401911429439
2.300314669130704
-1.5323665730089018
3.6602975951769356
3.696625120490367
4.562799504810872
12.073823322838185
12.606625311417806
10.472205507397033
10.799107385650856
16.32730518641814
10.568567992809028
8.629297487177828
10.87429104556602
16.45647673483958
17.78559385502846
13.051601748698332
8.863600783470734
7.573487112488812
-1.578594287822772
-0.4551973205854721
-4.38937869360427
-5.317458694026922
-1.0148600064330724
-3.4389975186598303
-1.4485808039284924
2.017554746466522
1.8776088001288227
3.1977848881713
9.392268680956894
15.963533892901273
19.53862848256314
10.75131791273692
10.146922028931122
10.057169979869592
12.864792021883286
15.357441322881535
14.382979271791214
14.18168550892641
10.438780786989481
6.9730345602630415
9.730894527883398
12.515929503053815
12.278449686081984
22.531323566630412
25.634789719902273
21.705357831445237
19.438417237929553
26.23025018255379
19.98311254002269
16.013295476986315
26.727996185472826
25.658567429913674
21.575872987121
18.762071151235027
20.97294929131026
17.800663509571287
13.337708893549305
17.45183424953841
21.5503942510068
20.38253374886371
