6.526434816934618
20.54173959233164
18.132552025285413
16.3673957893831
14.487850215857613
10.688578058671236
9.036675950172
11.015144908076522
12.145817845408628
16.294232990434544
16.312808187231667
14.292444776384723
5.002498716676004
2.1724834845234247
-4.501204508766637
-13.740110611498945
-12.883938031546476
-10.481065941204081
-8.488728513515142
-13.501293094496903
-13.839621036257682
-7.653355912107076
-6.338018842177603
-8.109796844301172
-5.748235499580235
3.4553949119168323
7.196688984408697
-3.2740072999164904
-1.669880573641939
0.03710406555125223
7.4791771358951165
8.328571508559632
-1.5606664872273557
-3.9887995953673054
5.277085023580912
7.354886367581483
6.4302729117391895
13.946033867876643
9.048235839386507
5.464924607618922
6.096917785579438
3.914163812945736
5.3566869207279
7.6537282779442
7.759657844979043
3.632656453557076
7.702269794796162
12.842528506957304
15.28760810936301
12.755464814274626
10.443010056988
15.261210613946574
10.90104972582528
1.0772162631752538
1.4619525166085463
2.656417758272964
-2.0164270144763767
-1.882388518508027
-1.269233590956422
1.2077004540118714
4.803335111751494
5.719343819848211
8.508371170912191
11.287469419746307
9.375185561309713
10.400107896831088
11.276625546540911
5.143549871799399
3.1632623916186433
13.936988860171294
19.84684697643939
19.691127563761512
21.21911052269817
17.810730832480896
11.00115040844092
17.189298119102776
-8.18380453794373
-11.297327795216267
-9.428299892680707
3.2807238397921044
7.250999213570764
19.167495906368266
12.355483888886685
11.250336657018712
14.517422882367448
2.6348733281721484
5.196150322003896
3.6141634891656262
5.090496625067593
11.691755130559525
12.13464407655306
6.427721351901568
3.3847958032993146
1.145480553586825
6.159354413585117
-11.30283245502295
-27.839226786203426
-31.2740774281072
-33.60867523467057
-33.466237511454416
-32.215295947323185
-31.59508184585236
-27.25411319574
-29.498799529190322
-28.983518758987923
-26.76062704422073
-27.408280535836873
-30.448518340670155
-26.41681706918581
-23.85040116506731
-9.042053240677408
0.03765532499356873
3.7448441483319335
4.352793029736944
-0.9724035122358221
2.907333224824001
5.784408628236277
6.665329516691798
10.583855268927817
11.688741010166225
10.03286748724788
3.3621841881260224
-2.577219873880303
-3.7698464949005626
-2.3035100732510694
-1.6593727025308065
6.837261311641696
10.554967739436801
10.107692856114287
10.366404683458596
2.186707960167356
5.961840965041356
5.873940484645482
-0.004877822022898026
-16.45921656143076
-32.405244935798144
-33.042772252718784
-36.85881084926815
-31.51796898313911
-31.69646416766909
-40.396841836993076
-51.79584126061325
-33.96944058756244
-30.473033865761604
-34.75104434783527
-40.241735170452586
-36.6767732129361
-33.23530337633759
-32.339520834348114
-31.66577251767925
-33.59273834547804
-35.52047510861675
-35.609997144246094
-32.76619971493367
-23.258745293079034
