-18.582477686145612
-26.019669914959497
-26.130126451853496
-22.454021407477132
-34.22482954334911
-13.175763613779125
-10.193130779176727
-8.076683012491403
-6.90764067168151
-6.482362789620036
-5.107301498517804
-3.2761986390923465
-1.5708803107414504
-5.923448500851114
-6.87759634986814
-9.95019597869005
-10.107386095142266
-12.426684583627384
-7.472745277343984
-4.7878848252877715
-4.411374881192792
-4.2948545136460785
4.917939738176203
5.977834061026048
1.2806798291680077
-1.32900261404215
-1.2385685958204853
-3.0808129003844904
-3.2531640138964635
-6.585470981583155
-5.1130227895931775
-6.263290955389017
-6.771543418672433
-6.7011680099684074
-1.2805229596609589
1.5188994245970682
3.5745706700311586
0.8630243358037311
-3.9200185518559727
4.7728690702022805
2.477460849478274
1.4208565269563602
4.259259797435697
11.054675192951882
6.918803756903405
4.692262852753589
6.048170850829103
7.546152163425334
6.108804002085424
7.475015149884355
12.11025794622478
9.927666413962518
7.413357249382066
10.286665374707118
11.622227748930975
14.401340984511604
15.702739437469662
18.538562159627297
10.104830888188037
11.445607851511214
19.881947202080408
13.536497945590005
9.309253474881622
12.574529745885757
10.831705517610365
6.827179155450344
6.931342032917385
3.2904767410433338
2.7813422845717124
4.186276919670018
3.3582003340507502
4.21571795019682
1.7298797104027803
6.68771771734708
9.13472463716923
8.109390309616554
12.04318468254393
6.629474014571713
14.095334485479679
12.471445936382626
14.813400975847426
15.058158003354185
16.74967867874136
15.639670615111065
17.371396691155333
21.06245086229068
11.187314615224784
8.089768844921988
15.81541372702768
13.736594405417021
19.58571718190885
16.354487717114857
19.07133671376039
21.239248558324622
12.976509345740222
10.734610057719102
12.037032647764516
28.853115277234267
16.202660242179597
10.33171483221008
6.105122521063306
5.557559062226758
11.585119818560068
17.799900686440512
17.856255339294048
12.507717909060972
11.802411352517705
-8.048745566237978
-6.188969577634581
-2.9673457248597
-6.8866654161852825
-9.838273061640557
-4.128570455310412
5.078833039506663
8.001009825700821
-3.2042512568747665
-10.716219436761456
-14.522080335154731
2.8333510444222303
3.9591013476029886
6.781102983287478
7.096968235921836
4.3891248025484515
12.306410898694383
16.232893186155795
10.09088170758722
0.723734918785318
