-34.32990155901603
-29.897837849986402
-29.35266745959462
-30.445278300927768
-33.320061375425766
-34.00872326178988
-31.721714584409927
-36.39346616341375
-38.33299487083779
-37.789260907477725
-39.063652412036255
-36.171305256549076
-37.734797154098395
-41.61118646251974
-36.9061024150141
-34.35787021475125
-41.1803549318984
-42.491349018544575
-44.45928685234208
-43.52017354463129
-37.55342596377301
-36.6686291815706
-36.015793809964826
-34.95038159335955
-34.0710901724695
-34.93585466500237
-33.198921188008555
-40.33449885362832
-43.05111123513981
-43.56262563883271
-40.6037511124656
-33.833537916057374
-32.748745900595694
-26.350652747160222
-24.47593872769969
-19.92313079745739
-22.381315723334826
-24.47773426235888
-26.6444037730977
-21.39653774526495
-16.894228295933765
-21.95253547926448
-26.14977927343851
-24.546025231700398
-2.4125986609753785
4.900343466767688
7.923494974213072
11.452472790514165
12.895876010510351
12.135348422719725
7.180493005637914
0.9512635456272998
-3.906737998673825
-1.8564935545033192
-1.3821740915662866
-1.4452867559453175
-2.1952337632081003
2.9667118051918173
2.1795066200440685
-1.0503270854268585
-9.154548753940619
-11.33128621533777
-15.685434600975634
-6.467236461134095
1.7675371033333485
-0.0220170991817496
-2.722996269143513
-4.100811526731823
0.06421729871913964
2.2033391960412563
1.851448220638992
2.804895698919048
0.8112689460072512
-0.3868059124521268
-7.651015228888039
-10.22453380827417
-25.76653284318729
-24.655002357359713
-25.229792946006192
-12.784939751936545
-6.100680933022179
3.793750283232435
5.055164359576437
8.752200655523074
7.120053212171857
6.404841835957654
13.742631702636515
9.873248824375992
9.985906448105089
10.395394320732576
12.85290363157468
14.021704282141329
17.17848461792341
12.769349471604786
14.539293034092507
14.877603165917895
-3.82075704495054
7.201417920430889
13.309846856608145
13.135887896900098
14.729901926299965
22.75846964855581
16.12431293384227
8.541821341396334
8.49150470219672
-6.280477004651804
-13.427964917655881
-25.18165690922833
-33.7022532332469
-36.34722070528016
-29.7717580339997
-34.76406374860232
-34.32934621059113
-35.73811258787765
-43.80895971413689
-41.990115164210216
-32.98588453697172
-32.11289577722051
-41.28699722332282
-38.57128928909172
-38.284436850297936
-46.52088719424078
-45.89970085736842
-42.896722313522574
-43.61457062267978
-32.0711396154135
-32.06681176868576
-40.14025573666122
-12.464005116183749
-12.877677579770836
-14.173392275452649
-11.211422990307712
-9.930098237726519
-10.198256610456744
-9.84209653856026
-15.58294708386981
-11.358162565259795
-11.644930508358135
-10.97090951031178
-11.18546044557452
-12.525352427161565
-16.529968769380858
-14.116445308979484
-20.274238364206933
-20.855268221333013
-26.33029032411353
-23.494136364160465
-23.64350211810655
-28.537428233846146
-29.57698139710825
-31.52320706400273
-27.89491500084085
-25.923046835409927
-26.4186745889889
-25.92655330541595
-21.685873015193764
-21.61677098276013
-20.99802753907544
-11.801064796113439
-5.500101429010369
-6.922744467869732
-6.644279803970273
-11.878214366173054
-7.759454180794058
-9.458536557134119
-6.62722064366903
-10.400143092063438
-10.845042887845251
-7.9297060133797945
-9.787759189499713
-13.557532850331599
-18.49224067557372
-13.73123611817758
-15.617905660892218
-12.680953727641661
-9.302606837920708
-14.59395854910259
-13.397593621105115
-15.189084160075009
-15.672679487103474
-16.402069905235198
-11.881858530656226
-16.31609729200959
-12.191785189924214
-8.834692151421043
-15.219281775690787
-17.69638714726322
-16.033662618234416
-14.158757062612006
-10.24194165299835
-10.834717450485096
-15.26429954485326
-9.875106882463422
-13.26475390514076
-10.714702550750658
-15.37678429654165
-15.424121121677215
-12.665583816995994
-8.752074449706793
-7.092062923629777
-13.468281998521755
-10.174610817609713
-7.598120602500393
-4.1143556994568815
2.118318683190671
8.36337335272855
9.121541426911014
9.830590807086383
12.600980000162533
14.278705253074785
18.021794159728355
16.84483517669744
15.004372178485088
11.439144498568725
11.748817601493855
5.499253616444035
4.325612360329874
0.4532548687594671
-0.4061502969756785
-3.601584754332356
-2.6729039774519414
3.9688832220956805
14.08134045423399
17.196415849616784
13.300924529813239
20.15310704816813
21.58709140693537
20.01748792840186
15.169801218078375
15.283943567446348
16.497119364715413
17.1717039891454
18.871873448619993
10.432373765202737
14.941092068445965
13.978178961059818
9.471931047673603
7.350077903025937
4.430919179907658
2.5459798543683427
-2.22357896575148
0.4843960250523485
-0.7262202623999908
-0.8981799923952513
4.299267638875165
3.1779798253523395
3.7540530593875454
9.39449588892635
9.056453859207688
9.29291540136866
10.025535199754014
7.0929262432958895
9.587401634356622
4.895468846560368
9.95773261871603
7.440746079149465
5.794234899924108
2.9226309770492405
4.350987046596238
-3.55088924445432
-4.803497394631509
-4.206573074077963
-8.529777765610634
-8.396801158854737
-10.937467451723675
-14.696729150727634
-18.103235699959267
-23.661523246576113
-31.369143763184944
-37.05729838286653
-37.43559733488927
-34.324950788155796
-30.284249524315506
-25.480743073012142
-16.95621930367003
-14.862011875825925
-19.383036805228862
-9.389177835998977
-11.363931520960634
-11.511539252640738
-11.731940093338402
-12.5273245258855
-19.151242830414372
-20.576230980825173
-31.74950680139253
-27.128699939724907
-25.306977923668427
