-9.957372858552613
-6.378675177041148
-3.869874733251168
-7.560220228513661
-4.573781707680618
4.013659310714461
-2.4790981613248824
0.01794115851513038
3.0403703113404013
3.86361306968416
6.222569162493694
11.360331818476874
15.99338137471388
11.931170100929055
9.293851577076127
0.5272063519634487
2.3439112105758566
-2.6357323300593776
-7.206959869751402
-6.181682864692832
-8.482162833157819
-7.821322439638197
-7.888833562858385
-10.114298128324306
-10.34782601305419
-12.990367057280169
-10.2269002923284
-10.038708628419336
-16.44101063873327
-15.864342456067453
-10.302391612610863
-5.1264446378352035
-8.69442251167197
-9.572408163913085
1.4951596182580216
-0.218238707458996
0.32164061288527745
6.377044668570112
-3.7904752984568546
-7.707132077180956
-1.6058380863969046
-5.1759560653581005
-14.255640274182172
-11.119500044875595
-0.7050341312322965
-2.8907857704990705
-5.242696689018518
-3.06738987817742
-3.008007890601913
-0.2990564917416821
0.12429282161197787
0.32202681530390403
-1.0108784492647465
-7.755673395419812
-10.878141471502424
-8.782006327618474
-11.049778749664931
-11.135999131266775
-15.853777178477669
-16.372304492678236
-13.627580507538822
-13.213137750748105
-12.876545453689245
-12.525013323453255
-10.693181666109123
-13.141436437184774
-14.623557451939375
-13.682952597120904
-9.481395627938902
-12.488271922297315
3.801988858879704
11.476318611814962
8.414863006827227
8.839462450387117
9.983542221785198
11.815507612375901
10.806721801674174
9.070048998477343
5.896686882414931
3.9587739035543783
8.025281750630597
8.215863897363034
8.656863183436714
6.457030588560767
4.676647064649804
2.2801561682208242
5.607885931795759
1.6886267737177882
3.157920782397436
4.735651131306744
4.02534432567958
3.4552711387627406
-1.5183762924820547
-0.5037169606993271
1.4401065354663531
-6.143334384306514
-5.966708944685577
-7.536529298433987
