-25.12681048143225
-19.83115671578306
-15.947472516088695
-21.882878533641907
-18.142474361066785
-16.831058931249608
-19.01342776627809
-0.7955775861207351
3.1043356679013128
-8.049722818701966
-6.518206149759912
-7.078006419416139
-19.703032780635322
-24.724603507416983
-15.152739824824796
-9.898226569654529
-8.854013416933592
-10.587706756188524
-9.462616025089314
-19.513522388301165
-22.428814724596137
-19.13218602764417
-12.890997046140196
2.0315704077545926
0.6547937018578471
2.308723800299396
1.491939242840584
1.7171560488563375
2.399659043251386
6.559074834785032
12.438400438698599
13.578249065576534
15.64704085846417
9.533177034885624
8.81618916556307
9.261159628256598
15.083868396521053
25.31130206766213
17.65126093929086
11.13190345173487
4.612357548858623
4.897132607035199
7.282730421061577
5.771496023755338
6.2912068705432125
5.807480740071387
-1.8350699434569808
2.0463255627640886
4.569499445002451
3.0765798937604427
-0.7472524228500761
-5.426147638955665
-22.547344680010163
-25.61616585094531
-28.70689531232098
-36.66960153595181
-36.104696290630386
-41.11689064360817
-37.06488816964035
-40.04260340596488
-47.98048620231283
-40.17674975542868
-28.46180041372482
-27.66311033269584
-34.65784444687333
-38.407828642163786
-50.52256326798553
-38.708211685214174
-29.837959663242653
-31.667641118338075
-42.02034427508304
-36.229411096253024
-31.334177083339828
-27.94590475035818
-10.4629164787415
8.378862999551965
11.416885053915903
13.457635816646855
3.623929606857492
2.070928698374458
3.7828247354392963
-0.5068432453968447
-1.2868660767247395
0.7049820445238076
2.9103198029656
-0.6458492207761948
-7.525269971582004
-18.31122898397776
-20.9944080399474
-25.262137513909945
-32.07186196696685
-35.36565880722974
-38.40150158099737
-47.22333788548394
-42.17678539837521
-32.767052551917054
-26.641968934688354
-3.571717672619806
0.2612181907665929
4.422922611771869
4.060076056295056
4.831698373316102
6.624357705700432
5.7657479094619655
9.156371344889289
11.30578873576851
7.86119473376668
8.27987743468844
16.935381189389158
20.170940266755785
16.57961238741011
15.155790225141427
20.51861724656956
21.25343902878304
18.736241708274747
17.82884853188996
13.432487635496983
16.82699252924083
16.533924421376874
10.630813166350034
8.47074729644546
9.223467096279117
12.2561240167309
13.512746518710873
17.715513102407535
15.156829294681152
8.083891992671598
10.056161063848675
10.724479152564431
4.7437650635550215
1.3882479873641598
5.218123843565033
3.2253062276945137
13.204900539115204
20.915251359484838
15.740003272848606
-6.7374630349828255
-11.42093544853193
2.7960276440241207
5.609869758344611
-1.0213782809344558
-3.346491840694508
-2.8251179399610353
-0.645973458295777
2.1137757167966336
0.37375441032744816
1.2736353459605954
1.1264264230002536
0.4244959162038701
1.7409164723350612
-4.7811293752264055
-17.46382749339149
-21.660088045743546
-25.06663576512849
-31.7410904087574
-31.253236492784755
-33.62425697950922
-40.43519977604159
-43.849186342613926
-41.431145883590865
-44.120066176904324
-40.451578423599464
-39.77554480447536
-39.90006883345418
-40.69783418720596
-32.86989685638822
-34.85822031511544
-47.47050406016617
-46.239156372675936
-52.37132638418654
-44.03118772087481
-37.87857425098653
-32.80492384426006
-28.459674072937432
-14.798764263758349
-3.807493526080471
2.192952552458196
5.1726612403490995
6.132208626530478
8.308609085181669
12.706031049733722
15.73207019331474
11.470113547892591
6.729359147558018
3.4087214658068725
2.9300280693346656
-0.2505090460014455
-4.508076159561923
-5.511274662468831
-6.228701012099654
-10.18728368317318
-6.870219656678497
-5.749521200037261
-8.598604323887491
-11.308742283745255
-13.388005310139668
-6.4080648238115865
-6.983212557823205
-10.046469109438544
-4.713688336825719
-7.70507839750846
-7.794107180259037
0.08424811238799391
3.405140272168848
0.34502885498653113
0.17237705800882328
1.8595085096807449
2.298301284956156
5.552632266709744
7.217056522747246
6.947388962271477
5.7092489105613184
0.7315943067751776
4.190768925230589
4.737945900926723
3.849963081050042
1.1875962454204103
6.5900138325203255
-6.60111229179988
-16.497237628786493
-4.594463232534088
5.4990626569600725
9.501964919361312
11.495671211420733
10.325779237920408
7.429622629344822
9.112210140965313
9.69705859366899
8.788148499289777
19.260704675914248
21.02592196254566
21.541792060568
11.189012147367167
10.668679468896974
12.129631075374414
9.604767400106311
4.983420303591604
-11.474984761188244
-7.929210813793168
2.638474847382028
0.7144978779358793
2.0438235858866416
-16.52031735445481
-19.404373415469923
3.102389689338433
-0.6216435533122311
-1.4871627069789175
3.319027316557462
5.430282414277149
1.7568412961411892
2.7798557255089493
9.128378540379416
5.999315194028638
7.438063820501259
9.307399472456988
5.687365300414747
5.542065933065423
-0.4907513675415211
-7.399865925078504
-16.44037230666354
-25.44774543140351
-24.79522252319053
-24.80759767265757
-20.031860127597387
-12.240967884632134
3.3533358206761874
10.17887568204249
7.757369225358975
5.3629033225089335
11.973366435680287
11.292740869664108
13.611016667373061
15.760272056566016
8.412961161510037
6.145046590729888
16.799805910027594
23.134701066626437
23.50531198969449
12.655485381435115
12.811442237924194
18.96091793407345
21.851976030838777
18.825173735604427
18.521692926505143
17.250092720276392
14.987389469525509
16.450965063317042
19.207218028224926
20.852047006042174
20.49913169298044
12.23373770724783
13.461979736415248
10.74911362339756
6.217420479331311
1.3513348872991762
-0.04121647469317813
-5.670145119558695
