-9.239242091665817
-6.6197206681824
-3.533873968835036
3.391444081062681
5.579681039591699
5.585355659548449
1.748142299151049
1.3551033496095597
0.2872682406689097
-7.56603380484061
-11.759709111424561
-8.442708210824643
-0.4187158807365983
-14.441224662031994
-12.075593209430355
-3.879189500218076
-6.548688730538276
-7.2116005529325795
-4.667233194464804
-9.383554784786343
0.4745933014813692
2.707959538266017
5.636793451894213
7.349029298201375
4.641121692224548
5.719645140082423
-1.1210218903847744
-8.062199383795893
-7.462933737436668
-5.588701190882733
-8.649075097193903
1.126249201805866
11.233980692106929
10.10891178534728
13.443820460796982
13.395334586468953
10.48474380998292
7.42452326576688
0.7365236177541884
-11.589678761971006
-14.339810848263388
-5.7872186063641395
-5.278128110827738
-3.6348821775967473
-11.804306577029976
-14.041167246004694
-17.849379522298413
-20.979423847806363
-21.48231595990265
-18.74799681640978
-16.804818978357805
-16.409044675399368
-17.964664223546677
-14.041842871038575
-13.570382526219749
-17.275937826389118
-17.633558337741913
-21.085381741199306
-20.930494177689212
-25.73260262415849
-20.540367091748614
-19.50204664826508
-7.675606042868211
1.542406766433134
11.991901683935234
11.235245912029235
2.2596964162668445
4.9195521333757775
12.361223121131944
17.32811913387113
19.2985128807106
22.89182783010128
20.39912613310297
14.870069121581054
13.657395240830311
26.98573341824819
15.388687238270382
8.919728773214668
9.220245263923116
8.371609865494136
3.3317993565803805
2.7776071205392587
0.4614504531185284
2.391318460656433
-0.4867390764056648
-4.408048414046802
-7.176171424381678
-10.307248304487963
-9.822517643557543
-10.644638324195382
-10.010598941836582
-19.703101650563468
-20.89170519846675
-29.96129987705117
-34.1910059892087
-32.16319116661548
-33.289386643478245
-26.082693242468643
-20.31880015073136
-15.966677981838698
-17.356352216217097
-19.34431882635408
-26.8063997918046
-33.26281733235027
-32.97405445432337
-36.0884421927515
-35.75895938696324
-36.89234339615611
-33.03437306688003
-36.004952436077645
-28.12846171887089
-19.882278533398363
