-21.800268193952228
-16.072410903793173
-5.521759873149527
3.968790041390173
8.794872031625697
17.690513803332234
21.475029444834384
11.061334753148422
10.019928492298472
13.340741150461644
14.751755692588745
13.79519466705504
16.08917811214959
20.84035603266394
22.59494208643952
23.96815407206984
17.719979187791964
9.79984933996432
13.291882513533109
10.327593585468763
15.19261902314966
13.811436518612027
15.11542055237166
11.225701568795323
13.75739031141829
12.072786811936464
13.387295973030913
7.5514814880101815
3.440596255404216
-1.5647216036809528
-6.068750507373903
-12.727711559276669
-13.326793303401372
3.8062073970656254
14.075345431959837
17.561844652065073
8.472895736172648
9.148854345928497
14.985082985375016
25.419248258016466
26.299566867741586
29.145754043093966
23.93657300908173
19.727451661905206
20.126708292635648
15.912182148422403
16.64088960164717
13.603040113238256
11.874017874819634
7.097576905684699
4.017556401484179
0.3629080858964127
0.34349066314049914
-9.471310407717716
-8.920061915420026
-12.212654524998989
-13.29438988751343
-12.191599809402886
-8.560462104803957
-3.799925099129399
-5.453330157186336
-7.918737445381214
-2.0487164800917057
0.4480566347469584
-0.7085535805850889
-1.6721212843300688
-10.034795841654029
-8.33669213000592
-2.680037773866489
0.38590895579064666
3.2034831913986714
12.498127111935133
12.82564601503559
8.435397947562743
11.151926656389351
14.025309031478448
10.611665770054486
6.627232106282323
12.391407714281039
13.252516595877758
22.149131277551547
16.79387717312539
12.394762093821983
12.1664023756916
14.248205537263651
11.497675978210404
13.568360682372953
16.243146944158152
20.580195891554187
18.71054170715148
19.936668908043693
17.161851911209247
12.836034706476982
6.521562150133098
4.6762901819554346
18.050371919168164
13.636051036303954
12.041686641813467
15.047118677430033
13.223290335014589
15.509537255254084
12.643610813426845
18.234680573472694
17.045659771119308
17.87539804358007
16.067113102885443
12.463734851508432
4.495185566896298
3.141928585342236
-13.595869565147805
-3.3412714753665282
6.239967006674986
13.145931131450473
12.896633946755774
16.70591339064899
22.513986875806278
17.28090390682706
18.594197192946112
10.596399614785415
9.131028091276477
8.275068035962343
15.47732833166106
18.267611332884897
15.92225835378752
26.774538533879053
24.887868892591985
25.329703928736983
24.14714473266297
27.76904622080113
33.26772112233063
22.912337820734855
16.34802739317774
8.898646946492565
8.174028059705154
8.33956328229417
11.559302905687751
11.330597411397292
11.5697498908329
9.648483296791957
2.857819434742161
4.223087335834541
8.672839783750735
10.576226149647047
15.837388369135462
18.89231350979352
22.78694789947817
23.59996605573954
23.084545114765753
21.39114811874601
23.030235318250156
31.88905239523315
31.700957854162265
29.25393904583991
21.295132549788413
18.490139741711012
21.659995750151282
8.115248205075062
6.274267905182096
3.7384134919117686
4.1812973132416165
14.096522408948145
12.18130957817175
5.712441113474705
3.7551044602358994
-9.918213739296881
-8.94888444267585
-1.4280139915568533
13.388996092547266
16.260954798561443
17.54046131734718
8.547941037823453
7.566404496890388
14.172070535891134
12.763924531141255
10.721356477305367
6.4236406740404295
10.968320625341036
9.922571358572169
8.324888002899263
