-0.9602896377994397
1.371494478115497
3.7424254261932464
-6.677083763244424
-10.508748257112554
-15.749208822404446
-16.03278054435701
-19.337853599562887
-16.45692701191159
-20.283918228647767
-22.33289224584545
-18.753504904742364
-29.478579117568486
-31.2646628799392
-26.463444944541894
-23.627386245834888
-23.383960967376968
-29.833593406880983
-21.38081770733505
-25.50214927956813
-33.777040690481684
-18.846128224029464
-14.287257583701725
-16.459214936904367
-12.314843904626233
-5.4479446456761815
-15.00455008606083
-11.986651027546547
-13.753162528653267
-19.857546128105227
-4.180585385872339
-5.019417130622673
-12.139421120081355
-14.564708091706018
-8.686782649139316
-8.093164360499951
-2.280473710331433
-11.856089734960403
-4.162734552464487
-20.61878179499764
-7.896025678453287
-13.158278176554074
-21.732252991097717
-7.993068581025585
-12.87205378222826
-15.041286884845581
-10.70261622931378
-2.7923200038168985
9.379377564603642
-5.1723726454801335
-0.6826913095159642
10.595631244984132
8.519211118387448
13.141295112872474
19.131573904896825
27.23393719486271
16.977030645304286
15.00595308780469
11.060835194850776
9.371714514313775
2.3746304737359094
-8.297141535789121
-3.7548404846228696
-21.609819661336928
-18.277186764859213
-11.442620284245614
-13.449038148674669
-5.423102353574302
3.7685518394536026
-3.444453392798851
-13.171580604309414
-11.829660358448525
-17.49942372977256
-34.34058923202929
-26.737111449663768
-34.555149732372044
-31.73009568260701
-39.586459042945684
-41.67332613272528
-28.074541936797754
-25.401562217677593
-28.017929947887932
-19.23965048422468
-26.21669969515153
-20.24546219237947
-24.262422736565828
-21.88025194664906
-19.02428228341537
-6.467478838597176
-10.69602442525243
-18.326772337811654
-5.9036439079215715
1.7179252699539191
-1.6870032902966494
11.368046847160056
1.3230794386942946
-2.3859249481945306
-9.593938380196644
-20.895621186032386
-18.985094564530577
-9.648973821923214
-23.63800389703439
-16.453711010181696
-26.814453359993248
-25.835275730723435
-18.75105712206688
-17.243339882912892
-25.087344715422887
-21.497406464505392
-21.870901332343134
-20.509221483302387
-25.969904277283426
-15.676433968060556
-11.512280231198876
1.3267414474267536
-7.39044757011034
-10.820552263371072
-1.168915232356602
-7.386797561276316
-3.5671552280306056
-3.0980333068725967
-7.03407199136494
0.4128010990978548
-0.5209819166262126
1.8504082203402892
-3.7818835360294623
10.581675592342727
15.51941690144918
18.84938341686132
23.572096072540717
24.19706028379686
18.90583386013466
11.172602896142473
15.293191196211712
7.671231362726432
10.875839068292835
7.942437202401881
2.8430263320431197
3.4966950336115685
6.7653371299467855
9.418046118119921
0.1452335904826112
0.9289694022171312
-1.0347130319194833
5.158640044291124
-1.048846412706379
10.063584978605695
-5.860364397431715
-7.405063219448238
0.6844434759780217
3.9346147600591945
-7.7000844464828875
-7.447169991369778
-12.100633257532936
-28.90911701614043
-22.310875689613763
-16.605708153379798
-16.02598638118284
-5.755748476703625
-5.854597244406024
20.141328206742283
4.585571709526482
1.0169627042349094
7.257694563102807
1.5849220682142882
10.387585140158057
16.40972141581693
-6.832283418302508
-2.0512126432594604
-4.514343451575095
-8.686856647733897
0.3814756735004767
-5.5082701100550935
-13.556565253427262
-13.487130919537005
-14.874746683475385
-19.546011147123693
-15.924515865567106
-8.598508753635162
-12.912931053304773
-8.015166452085747
-14.489873438743222
-13.387237038801851
-5.872325954403284
-10.088212943516334
-7.927493231385193
-18.80149420516024
-22.61733610266727
-18.185976554816293
-19.415416954136184
-27.925960851521893
-25.225769882715326
-23.584401320443373
-20.90079932697956
-20.033771260218185
-14.17228731496976
-18.428440493305175
-14.864427339576132
5.29523664646893
-10.291342503886385
-12.067917804866259
-8.559797198643874
-18.95963994339872
-22.043640589282198
-18.59678159248206
-24.615566487472325
-26.99024577158874
-24.656090295424534
-14.392555213190885
-14.015700396141419
-13.132802702513654
-24.913121637158408
-29.487370706766683
-20.826655534421953
-22.923021634733953
-13.862938396191312
-21.95553262330118
-23.217791235409774
-14.601320527654671
-32.377306317057126
-20.467843968242388
-16.703480407319347
-25.795476159644043
-21.189938615469302
-8.792984446455849
-4.543519102584909
3.1082560352245787
0.8797961862894993
-9.282229524584716
-12.976023150287144
-19.581742766903066
-1.890626274316376
-6.261805891733677
-6.14729008885047
-14.492601681297813
-8.114948562365353
-0.7268721341569973
-13.619688167823794
-17.839726124772266
-19.34925539765649
-14.760264043694699
-22.25553449388105
-20.467360547000833
-20.298856187603267
-21.510853968105007
-21.720542911006532
-15.852430313903367
