-2.1199840743969287
-15.956267984234215
-10.277436817241997
-7.363960618893282
1.4846004292929966
-12.547358663623445
2.6978488736462194
4.763647496376767
4.593367142656929
5.688017876539542
1.4408130291827186
0.7689731657836993
13.470380784487189
9.884931108606628
12.178517214735015
7.122377057220911
19.18667709273123
9.231164218072378
-8.6745875482428
-1.4488119464455502
-1.8099265636617476
-20.882387216840943
-28.12056136774923
-9.902918475115511
-23.136032637703355
-16.214742090295225
-12.451513265450584
-22.15314368399557
-13.400166164285595
-9.961808549596306
-12.517536229525346
-12.457310882594188
-7.9718265116575235
-19.167228736283732
-16.517095997619027
-7.272771579967196
-12.523953866438806
-12.796579925573251
-5.268887824812348
-23.291063033580734
-9.919503534876633
-17.087277231593422
-21.1676050642677
-8.975197872734899
-4.045168793700949
2.124130136626245
-1.995539114414392
8.481475532794434
12.710260561606505
11.083212475251235
-3.9105763184713407
-15.49222489223616
-11.003121423038273
-9.90749825541482
-8.1768722340119
11.09840330188664
7.146271715284576
14.308023920283832
-6.346464368874113
-1.8034292247282424
-4.967486967574394
-8.063461378423805
-1.1589778463965548
0.20012710610610054
-11.252290719982335
-13.847979317497233
-10.109861664346713
-11.401532964654407
-20.86186977338265
-18.43226164584144
-12.392993909649013
-13.520486794258973
-10.447028999975633
-5.041505396521111
-0.7414200246252359
-10.30378399139921
-7.272847215580964
-10.688340205499816
-5.09765205579823
-4.0496721953887205
-8.754957081683527
2.922698865553223
-12.724111032689414
-15.949779948603931
-14.695642962766852
-22.62125791312873
-17.567723496797658
-15.390444323551334
-13.348066972387285
-19.27423145362616
-33.659869069268545
-26.270727016645772
-31.923577757145964
-18.482368485672755
-11.399956283120687
-19.16877245051669
-28.127547654927998
-23.089427757994684
-10.667342410073154
-17.315918081634475
-10.317921071486571
-7.464033434321118
-18.12546229533134
-11.969413596857358
-21.521103585882425
-17.484876961580802
-16.275075504643087
-8.286772971140454
-7.341845212453997
-3.394668137912503
-10.935138345127823
-9.857888787468172
-16.25138372776716
-14.506338936336805
-20.24220000247238
-15.388503696976032
-11.940805547285676
-14.593117572188135
-12.148127224615667
-11.68643011074368
1.771241243589416
-7.744254560358668
-12.483078138140025
-22.94818713961089
-11.529875531994353
-8.75099664870884
-7.791956670413464
-5.612044719579624
-19.513951841070053
-31.457124796944147
-18.1737768294039
-19.105959856096046
-10.890482205142746
-17.665171426674057
-7.461673395575924
-10.40117979341816
-3.852660082166369
-16.812815763473353
-16.94035542666976
-12.951283093676635
-23.22815686774093
-20.403134371354522
-26.68625666846507
-27.683602306156654
-26.743164820917286
-21.49043519147909
-29.391472610097328
-27.735262606209545
-31.361447323674607
-12.70311581510274
-6.750004437617234
-11.191354500274358
-5.753283918786262
-2.199388598066132
4.089243111541291
-16.50892594527622
-0.27217828880114875
-2.0799441463522133
-18.83428368893189
9.603602751806251
1.5384007922458964
-0.5093131352137679
6.616772380953594
-2.9654602604755085
7.882861034912281
5.498240685855077
15.841476066707045
16.29439049933526
23.83351258224119
6.6204233279595766
9.655254514304046
8.03695071139044
-3.040068286191445
0.7706814813721525
-1.8243059996658928
0.3899658206465457
-3.462852763322283
-0.911595064303258
3.3882389293700053
5.272438353038479
-4.685800408459757
-16.45314093364363
-24.97227157602861
-18.733905271050226
-5.492771275867769
-6.335722542537653
-14.342713051911447
-16.576866006978637
-25.11514665228571
-24.756278362269782
-38.925172064510434
-28.01014910083934
-22.127930613447415
-28.04982116025884
-18.681113423707586
-27.965420440049147
-12.70085933029601
-18.39869845543092
-22.054635773683728
-16.339000380966514
-23.780260549157358
-4.930597092703286
0.5800273075356125
-1.0235740078445066
3.633583343580913
4.569396316033983
23.16384654032838
1.7997914646659032
-1.8486904544951202
2.1524442918845668
-3.667951348693654
-5.844095840596245
0.9703428667504288
-4.694106081158988
12.171364386552757
8.463545194709933
4.735511197005393
12.293674758634314
-0.21821336839724415
3.3345580349800272
0.3719171383414818
1.2210624615809396
3.247927242635673
3.430466728263524
1.0770075672691817
0.09381895636334768
6.790956215512552
0.4586217608414094
9.816760666983258
