-14.677678486924027
-6.999189074738394
2.8174076673942765
-1.3495894456254087
-7.826957783272282
-4.577920383932634
-4.640930353087079
0.15727237423287724
-11.73346336441787
-1.0375201441566615
-13.97616402129713
-12.493499932874107
-4.781929596447227
3.426592001916571
2.919392687286149
-3.3532041856545285
3.3159651369705134
-17.105566747154633
4.011578611500755
3.5728535045690726
-8.080716437815234
-4.382303253175575
-2.4147346179813693
4.269667166630565
-1.1417032547839134
0.036079248572347115
-3.3401774577511216
-2.387297701828325
-8.078778321695122
6.31457486343935
-2.7932981069670637
-9.148130031159983
3.8754790613300174
-1.809287169097318
-5.403156515284222
10.358425191395401
5.2192085246191935
12.717375227171305
9.079684786510821
2.811877980753393
1.3323790134541034
19.16460060985898
16.211656658763285
25.59390880174973
20.910342596748947
12.223246875746064
15.06848655898484
12.331396521717341
15.223790717193953
21.037899691946894
21.930680448648516
15.504706201987476
21.900760639661087
15.000617441334837
27.469767752377766
18.39950570732868
24.283043899309057
8.689197790012969
10.803005005405307
15.794567055180297
21.995453910248017
16.684636680993705
-2.737605340038026
6.760545314987676
-1.6994113053393574
-2.5574277905667238
0.7774630699058311
-15.925756708572635
-13.972531548549364
-10.773433915842118
-20.51105822582749
-11.346466046383062
-14.3830528979299
-19.157127369908878
-10.057534312350391
-13.55449997719261
4.47007115555728
0.8204979499279507
-3.3238103946762516
-12.835118434279194
-2.492398396881577
6.67942889965692
-0.32821439612134923
0.6519391397598289
-0.4679837471948761
-2.921882530056691
1.4517929106456768
7.510255110739625
8.629510790858179
-2.0090599341136595
-1.9456065663182835
-2.048787492404609
-6.647397958686447
-15.459215013444336
-7.618171181170088
-4.741435118687721
-0.7897567546380452
3.0794410821369316
-19.440006212849497
-7.206625921624111
1.4790201127675169
-7.860259545820915
-10.261241910275343
-4.7341632554581885
-6.916396502802037
-1.2104116351266905
6.027830200478309
6.432163785398336
10.865657117465757
3.842321380761613
9.996784062459348
9.505098141403023
13.972691959172142
13.81837088515528
21.330518888077272
9.184899471825165
3.114595618152902
-0.817638502095558
-5.536560115423084
5.747409905199772
-7.773741844275367
-7.226406335196563
7.0180670834362004
-1.013065043581209
7.62372353048904
-0.16671930750752456
-13.419996658978095
-17.34271938464938
-15.866467705846727
-15.838189228226907
-15.522413295896685
-23.008919500756182
-33.15507877036637
-20.20459228742366
-24.126217218412567
-21.875218364946985
-33.801324828969776
-23.20477201009512
-22.314947444487643
-15.072229535388168
-15.00469444155024
-17.149204005804393
-21.342049102000075
-18.997775557573647
-11.774817761118705
-15.525824292415152
-19.145404796765877
-23.929730666789123
-25.32888559380132
-18.840061183559595
-10.342599721439713
-16.353628663662537
-8.81866510237245
-15.258431765688904
-6.208474435698423
-1.769301777306587
1.4124027978694935
-4.44623850650443
10.606139251610985
5.707669426218084
4.024129263517579
3.7866710882954298
6.431633562100966
11.440720467919796
13.104311637895725
7.314836163760232
-3.1268213084456136
0.2664269889406759
-6.706110254259748
-8.485014018838728
-8.33318144329924
-1.2049576977632022
-11.297091943857213
-8.249824515939226
-12.96841621138392
-11.81205656023078
-3.759558894410048
-11.258086130064802
-19.868435294866
-14.665431380115715
-22.026171712016684
-23.361091649445605
-21.906785601976285
-17.942814208662558
-17.029238559053454
-3.83788536561499
-16.047336138703777
-29.756400110609466
1.4842361867209315
-3.1149090404144344
-1.9111041470925207
-15.687453605326386
