0.6173980303758061
-10.911744712337763
3.2705288499735388
1.8239852500621627
-12.552912673915856
-2.8513743738021256
1.1669233295129664
-23.579668710534946
-19.97945887153595
-19.100411807098602
-14.329819278399372
-20.67868539412611
-10.15226505376427
-2.788139356599108
-6.279484746853784
-1.4497625979961573
-14.736638929304284
-12.66733312773979
-3.509881666928429
-11.153244462213289
-2.8284721344441266
-0.9330299894127247
-1.565634254778772
-0.05106740475712438
-29.388579566918764
-12.433135933769279
-8.473326615038049
10.926416075213671
13.239461914309526
12.919201636811586
24.469789793119396
1.8580273029062808
5.611026729366976
8.186591551766174
4.136658491769381
-3.1478033350985264
-3.1028971096868903
-6.820187248878608
-19.51225192521745
-14.408243101196751
-8.339206010094522
1.9132552135155971
-9.033409132330053
9.081773249924305
0.32886791259357595
5.8881551031409485
6.948841221650488
6.468997182309297
2.8664032304217706
1.1904879600945948
7.3686650082895815
1.565932861996156
-0.1405702732802314
-8.926973210531663
6.703806926423162
5.575958461066488
9.603344768566432
-4.13235241769836
-5.977857732826181
-3.9775431636597314
1.754070592326033
-3.5831634171282034
-2.700960804868098
0.3805078166847005
-1.1451087407793588
-1.791918922682501
-2.3034785763182666
-0.4274925413569637
6.927021519731731
14.22862796985698
5.359033429412474
-1.175228908778708
8.276361553749496
7.810292195535005
8.382381904775716
1.4534208861606692
7.5157156116809425
5.4587521571822295
21.513224127926637
13.776429884734588
18.12021748962503
11.027527089697774
7.139878319205677
8.923264510170512
19.904425573453924
-0.1895067050775099
9.251548669688782
5.276231762627045
3.5547806144473166
4.68394663228338
6.29839813765388
8.602445419582658
12.719533136222305
10.89707335964033
8.160814980701026
7.728098689039589
5.6989783594944425
13.232357301911064
15.881930718588904
4.127190065073762
11.71286222443201
11.655347868786258
7.114418638924532
10.164094766179687
0.5861254931014445
8.932984562028109
7.465935944618751
-3.1747199279769447
2.8585893158236493
0.17386124219097301
-4.682967548422943
7.816961404633847
0.6749714189037866
0.32031216281344604
-3.4881463290164088
-0.6170066510690724
6.347113238310064
5.158646120087803
-1.8204238420071637
-3.4005957348217875
1.2961303472882681
14.369737190699745
19.108230242061282
-1.1215980284017046
-4.402297480403582
5.802941550829652
3.892371376092002
13.700472666767707
2.216823743434181
-3.5606698753178763
3.614223991062736
13.987785328264362
2.4780998898932145
9.382134119092195
10.777249245917185
10.458010027955039
20.134898343872624
21.724401695288407
20.551946652970386
24.995543951648887
9.020959756802602
19.398222052216674
26.031502202337087
25.39835149063527
15.5069064629261
17.411181966010485
8.115888425667112
5.372414412959112
12.479952532347527
-1.6771790260310366
-3.4069574457437914
-0.8812661625403795
-10.315417142820476
-2.6000109867105268
-9.869073347533552
-11.738955814889948
-24.603990338781372
-15.74690557992982
-24.149484029322075
-31.55553037457904
-23.080589819354753
-22.444502728677367
-17.686284269116193
-22.38442850899435
-23.62880033622363
-23.29705721967132
-9.06504077560882
-15.733214452098794
-3.8367731599908583
-15.769841162574856
-23.524785245173177
-27.782525686802828
-13.71431051824497
-11.269818130694597
-4.064425400206881
-5.495922798801198
5.728135803700416
1.9462637828086091
14.503571019758773
19.59989640531283
18.96853134902568
24.298652468741132
16.327156196031936
-0.008773925736418544
-13.437640023630648
-9.959512946198734
-11.905781984085346
-11.618523670686864
0.4452806575313436
-7.077897073821162
-14.153888923517213
-3.836132584935436
-15.074626749805331
-12.112479064776881
-16.17552518424688
-10.01188295506646
-4.5191554896099255
-3.7337375168974263
-18.749878441175067
-22.08600747025268
-24.97212802804789
-12.434497403260247
-7.965684777432612
-9.063677086534767
-4.740275158315097
-7.00069341245589
11.490803548170915
-1.938945022940194
3.5430792137772924
8.458743189837497
10.218114993296595
3.9282298218248415
4.821517406796778
1.2900629419129042
-1.568832827772834
-7.72024664379756
-6.60087365532508
0.09132553831086554
-0.9355774018031072
1.3969857766234215
-2.082875552427765
4.56733471434906
12.636289033101509
3.11842023988456
5.796500105672602
7.975331511158759
6.089778044602916
7.013686276636649
1.8717096552845216
0.600062613539827
-8.124653028028053
-18.937953901232028
-9.802490578784463
-8.652199464122832
-14.141078238751874
-19.438049799878016
-11.7273675166279
-5.871486193717887
-6.928471543278701
-4.529414402359224
-1.5997455785455044
-1.1414479097774992
1.3681094221182502
4.999671487222048
5.767111161800603
10.11034295836423
4.311419222692601
2.2031197481097595
0.8653461339540158
-12.943024578546703
-3.378231150337619
1.3804650428414085
-12.68599537836643
-11.844521799681454
-12.293515272375917
-19.643527976739787
-7.662485747684456
-16.92173387153769
0.4423578291439912
-12.2331424883373
-12.167674160643742
-7.114863101595348
-4.628191041011396
-11.614029844496036
-3.492305851463108
-9.092932980777245
-4.400026535287196
-13.415445559328376
-27.441829261408838
-19.603613375008504
-26.371339851960172
-19.741367710696352
-13.052161873258722
-3.6640365173830967
-11.015753139337447
-1.4140227476160294
10.121253755412162
5.8438362303634594
-1.5942085846100789
-0.8037306693055557
-1.7193056977301115
-11.326742170702193
-6.5124526654915655
0.8436519091277984
7.789947290895008
-7.279267563251763
-5.165242166071787
-5.22549547642162
-5.475673722478748
-10.767828367644167
-7.925006596922477
0.2458329534674705
3.6325374372761865
-10.1591454913284
2.9524231680559576
10.261816823807369
7.300301060030698
8.971081899830606
10.028177695407225
-19.692312520465077
-15.382376279879448
-2.290345897965642
15.932905092755066
-8.837526842729309
-13.133127723819651
-7.454457105699865
-4.537214420969586
-3.8374543129074548
-5.223076036375705
-12.958166360223908
-17.46074400800435
-4.549451819175949
-20.49218551660145
-27.699223566162313
-35.000595798369716
-39.85657549052424
-33.84280691532065
-31.805355378953568
-37.13150170838173
-37.57232446628196
-31.83481598606914
-30.65828771770545
-27.237008454200915
-20.54273604740904
-20.43301705169445
-9.07143926436447
-9.894290869044744
-14.66371767683579
-5.704132562010129
-9.181100683076801
-18.621122399688293
-8.813827986555658
-5.187556317065593
-20.40407377902704
-16.80982247256181
-20.318343314922302
-14.848508469461196
-12.966000435373026
-10.499392804800543
3.5356251142727837
-12.213027967136094
-5.313014909423969
-18.289677469393624
-11.431013678142483
-14.150960955358697
