18.48225753067665
9.021400858865682
-25.489783432245122
-14.285345918139145
-18.097232727605604
-27.23451336878708
-29.149844721250574
-31.504727898239103
-31.89550729797357
-22.92555398452255
-33.801464846531054
-22.590609166465864
-29.62986204639033
-24.51816430587744
-11.801194050092914
-25.33186043206135
-21.854269991638365
-30.02503628643436
-35.796077238745475
-32.77589908200875
-27.33027831102449
-26.19443076832476
-33.20661706860477
-21.838101494963194
-24.01996483391895
-23.432215088870482
-11.949853807064946
-6.307947730539682
-10.290337135561355
-6.018427730016889
-7.239970443818092
-13.653011253110744
-9.624824240286738
-0.3620358084337382
-13.594144134789676
-21.109894204807688
-7.8192561066172335
-8.469984408274026
-11.648816742897756
-7.983900977985612
-22.416386076220427
-21.901164224527697
-18.35269777084505
-7.19729596715055
-8.365607383840393
-13.48068705947104
-20.166525794614312
-13.592217114331481
-6.9123228734837605
-18.894976725564888
-15.251539260485814
-14.57693456881534
-3.4913031556008964
-4.659229765953678
-5.391960584719231
12.760732599614148
11.090907652232415
7.411292583614718
-4.427906744801432
-2.85866680353818
-6.249562430059494
-12.569569069339044
-15.908532091913056
-12.934858153679535
-21.654100203708683
-14.335728611928305
-20.59564868554061
-20.287026063380264
-18.1813742330576
-23.118206024580363
-19.30449096371411
-12.170756694187094
-18.7489260648755
-30.546935531099077
-24.418323002927078
-27.41312978026591
-16.39066687274466
-12.479662184152625
-16.675762060756202
-16.331963991354648
-9.7692786054204
-15.411106643501848
-25.30141134394156
-10.120467782212677
-3.160342781032353
-17.166590917855228
-9.858948365138717
-3.87055672803424
-3.867887276291469
-5.008625558214544
0.4497185797572667
5.879777046307793
4.202866093365763
1.7154783178068431
1.3609130149619248
-2.104101337736652
0.7160332757078989
-3.846245298770017
-4.779475496874869
-10.319004912614595
-6.2950184684329695
-3.1079804728919367
4.213612915967147
0.9913914710333512
3.49849796241747
-2.75348754802921
-8.417680519392261
-3.2458970547198733
-4.62534440744266
-12.783666199587493
-2.15891270324671
-0.210233510967309
-1.0234243262924836
6.268696279609504
10.243011908855957
7.663208462526285
11.582771817104005
6.995361946903628
6.873891904011832
4.961743547544147
-2.3193428287397606
-0.5172895726416014
0.20717570395892526
-5.807697793858025
-14.069048063700592
-1.9248390792523118
-3.4441447441303903
-5.362904921711254
-3.38242995750117
3.268501840710664
-4.130111010215345
-1.2287388199478195
-5.753434978121835
-12.049639309338534
-6.182184313281421
-14.811376601971151
-11.186112738663097
-4.838336620752754
-1.9456803806457992
-4.185207132718755
-18.62635352600007
-13.592013613604026
-12.155780916739007
-13.048567434711375
-2.7019822218498457
-13.039714454030145
-8.28921347919993
-15.25730826483536
-15.813868093791893
-11.423201214480665
-16.05290996655111
-17.875082546799728
-18.64442785388086
-31.33915743132864
-28.353777159122657
-16.029938682526872
-22.952748681571602
-24.01847502707335
-22.66588178853272
-22.8951587643178
-12.786259083400752
-11.80490373044669
-12.721496322388784
-11.998817744898126
-11.724372051504874
-7.154596214711548
-11.3330115201676
-20.39804094413404
-15.098668762952638
-20.695653543993487
-21.78646782480882
-14.407963215701699
-9.05821821102891
-20.02787158409361
-8.539791797997106
-1.801182153032231
-11.189451945638957
-9.440374071074347
-8.197257392586648
-14.449181636843354
-7.821709374752295
-18.043702811578324
-18.41467277971586
-23.393396377431674
-21.251840649841032
-20.778602390697376
-14.987084429515296
-3.622939106386733
-0.25858286301245664
-0.6789374997547228
-2.0372444651088992
-1.0797287379278346
9.700126533019217
16.020621802899658
-4.5388699138465824
0.3081746039209217
3.59847313737422
-4.066392206750317
6.400912481161235
-0.13176069593664005
-4.73698172435024
6.000834699961207
-2.557264832098045
-12.174659891582598
-8.517644007724664
1.6478734242564816
-14.940889316161599
-21.04271836524161
-7.723129193274412
-4.633622595295384
-9.4115893458536
-14.887896154728427
5.671968215269488
-1.5320869258923762
-8.823047148769657
-14.374406299880373
-13.947951328321786
-5.89247888234863
-25.294751052919736
-11.839984179840377
-12.669332898090165
-12.750276662678644
-14.082501806152473
-11.128500591013285
-4.154035976411951
-6.191869419945448
-14.365332852274339
-7.541866142348383
-21.188076803987325
-13.561418873051094
-26.27268304428055
-23.36847643128873
-23.36238237713311
-13.9511922412381
-11.4141965870261
-24.112678002869988
-10.02870599950151
-16.42390789629052
-24.27037991235817
