5.514049914051
-3.4735911620347673
-9.089604180817853
-1.3924022293887983
-11.400573583991106
-7.122479239873008
5.47429856818954
11.094849904839466
-6.452472919689036
-13.916764080349846
-21.863742996200166
-28.13990198285659
-14.796029431867607
-16.119514977347958
-17.649594601521677
-17.01463516064252
-19.028754178731425
-12.858976620063624
-10.974885610488696
-1.2783035298970629
-5.0721306328570614
-10.362650614141273
-5.242594118545477
-2.1586629965428235
6.2021661307701095
-6.639527501639626
3.418911549731228
-13.474268407496295
-18.2449333104444
-15.743501563905944
-12.594200426653302
-5.2190452069659266
-14.174132984366391
-5.249223227445907
-7.321964500689742
18.831615401124786
4.836495750772272
1.1948488004293196
6.909976766502331
4.0432073114672535
-9.00410782350683
-1.1877814248354648
-6.360806341440233
-2.831839793752457
-14.310024672247474
-8.850702070863575
-8.549157496937067
-4.545656427099455
-5.646017656593124
-0.13752372544889566
-9.78865682066628
-9.722513379975304
-23.173639904654504
-7.254586295021661
-3.8330681621648335
-10.430342690885713
-15.11754612184751
-21.853249750790773
-11.299864110811999
-19.97322906373985
-32.11195871071669
-11.437727054431765
-4.5176216617339024
-5.169761038853925
-0.7738002867066345
-5.058653447474832
-19.52515392190933
-23.828856586702948
-23.02431030818814
-18.668007087171077
-20.072412382458513
-1.8621020617047952
-11.431102180926027
-24.818413193612752
-16.874583454864126
-19.96363012972253
-13.842872845869474
-17.680897423047593
-21.967483984129466
-12.554218536634544
-14.461820387841636
-26.704722137152068
-10.405429160569506
2.154905442461477
-6.749821182415102
-17.334921394106566
-14.388140558789045
-11.749084989792442
-2.7464748315752403
-1.5491472717733636
2.6945439448616484
-7.783068555252697
-28.514608665790682
-35.571922570238684
-25.987905246290477
-19.976762320042752
-3.6459511836466967
0.4819211503024478
2.911992032149747
9.579436641468211
20.845714218704547
10.660442634447199
18.775899174423746
16.216883575524708
12.075125766050466
8.586331774432576
13.13290495208443
10.03995850543863
6.920851310267477
8.750355805924599
-4.075553604404292
-3.987393996291764
-6.860371903726104
-3.6849536380822903
4.7945350255026105
5.256087155924254
3.2260780658740584
-2.8620634247711667
1.7549977929479914
4.749894763303047
-0.3693942530972029
3.5296402277625685
9.358194110337507
-2.8845927544808547
-2.0025353771684435
2.120719561547426
-2.6558120706926887
3.5648162662529
-0.6124575106688296
-1.9744112651981267
-9.623402141362902
-18.72553409074176
-16.0012570796218
-15.464705986008894
-12.923304122798752
-0.541035862841331
-11.648807050716481
-20.77153319789183
-16.397179203947953
-19.740854833962565
-6.392740118508427
-12.5572749358673
-6.856193272999085
-15.78529627377602
-9.761540810518888
-11.059854196454902
-8.599735166730975
-6.213036340399277
-13.496002178903373
-9.294182077608074
-1.1519168676942428
-1.7154955678721215
-0.6462433943192231
-10.136418327123675
-6.986618565406519
-4.691836098556165
-5.410833295342172
-2.6666370431187065
-13.989965801558439
-14.131748618888857
-20.765385208409366
-21.915820618029528
-17.476182963692732
-8.880197621912822
-3.2300979738337405
-9.13313624735994
-1.2081731965311844
-20.649234935933475
-14.097224533703413
-4.834955073106079
1.0769862390329523
-0.8518691488709822
-0.8083791731893492
3.0724519470346654
15.871480703779874
19.151902709409004
9.479258243746626
15.254078903326919
16.878932664380056
12.152127948135707
10.699647416797447
11.342274821630062
13.871132458679476
8.811223657006401
11.364531598789362
5.954361515826865
0.21160790796941947
12.843356591993544
-1.6873745642370688
2.190518753471835
21.33156955952244
1.9140166041206041
-1.0190727706797864
3.128102787469793
-8.422800221352059
-16.446653697574007
-5.443512114042781
-8.670280072870531
-2.5180660886135398
-4.376369784455557
-9.710757236822658
0.15589792567094832
-8.36449542897468
-13.654036966710086
-7.251211443517297
-8.79807239344594
-8.085664876305781
-2.74817857106882
-5.048281218658946
-3.0910389360610138
-9.806032853097218
-17.04653382321117
-17.152328903947645
-10.52642822253328
-9.813557176037822
-8.601153217717641
-10.526392970279382
-8.59483257139315
-10.468188955768872
-12.895224275514364
-5.4810514091298135
4.507068806584829
-13.672419843781723
-11.362360705471769
-12.342166450852124
-8.678126822921795
-5.216530570351704
-12.11548668970748
-6.8177288620699805
-21.14345684526438
-13.972045485229485
-24.5242872109934
-29.401586849459342
-33.83092060455873
-34.07983946758528
-23.01529335184452
-27.514068126517078
-23.78470532263162
-24.012898720513693
-21.52049670717062
