-6.773552058200884
-8.296010864971244
-7.358092754882143
-12.453907304325035
-13.807162545367735
-21.867080994029013
-17.505401145162836
-21.937754655942484
-19.490112894460694
-23.03967576704068
-24.33077703332813
-19.538018842985803
-28.648257873673483
-26.62647818736789
-26.601235732450128
-26.765488008069315
-13.78612351638133
-8.565150896249746
-8.174584214845217
-17.31002260275075
-4.215311756756602
-4.4338391546119
4.50116554223361
8.50915358822492
-7.912011144828153
0.2735358225303998
-1.345078636149309
7.319255227548799
2.3206035941382988
-6.8708887469435895
22.801639125894535
-0.5621605180125593
3.6715030456011126
2.438212703047566
11.513293291614414
13.40170287951696
-7.6390589481169915
-15.488963862481802
-22.710242058820313
-8.693570520447894
-10.505426206888883
-12.794719440188684
0.411023250954668
7.7180409021324685
-4.080030993672726
4.8253398537794725
-2.5196606845544007
-5.865202050881747
0.957346999997939
6.5509859735872675
-1.1340909767636562
-10.973614525244178
-14.844381947482676
-15.043675706030132
-4.6161926207322495
-9.844803377424784
-6.955337435736562
7.521212445618863
0.7712680087200353
0.8392635895004362
-2.7990107841232317
4.632828794151758
-5.031437641106702
-8.748909249843338
-1.2181907326537418
0.1545032768452526
-8.233083186337666
-13.168121042426968
-25.271693932581268
-43.647527363125974
-30.214863364458925
-20.56521745777022
-16.660105927583714
-17.6905171330705
-15.743104354940181
-28.08437086826484
-17.417502850229965
-11.88599710920742
-12.01639160203836
-14.471941813543545
-13.117814959200294
-14.6653674364223
-26.846971513798923
-23.148471763235932
-40.58436161101052
-20.06853432442765
-16.750528308419153
-4.510412718295464
0.5097678338293389
0.9031472708516848
10.988836588348443
-4.887670995503392
19.563780524297247
9.437205689051883
9.072182545354078
18.040680611141948
15.979793905241015
2.376301625946293
4.395266261180429
-10.142681016316251
-11.409849672683904
-16.29082210689635
-15.236601206542609
1.609521434405223
10.163658427740529
-5.158059972844568
-3.1918029609166116
-4.566003269779835
-7.68495265456048
-6.9789284296854985
-4.505339719656239
5.959668524867202
6.7428188754795135
-6.767371155530813
-6.201908743730363
-10.021852360907832
1.4213515443598392
-3.6798623231997936
-9.52158281108924
-13.42145120528882
4.568758756062661
5.709049891290226
-1.9681897896183058
1.346050998292483
1.3521633076488984
-5.45465676307143
-5.464297846851343
-16.33734226706693
-16.727693649330188
-15.190306259629425
-19.924207357445
-27.60109144731109
-17.32405454257092
-27.204453981209518
-16.339644699363614
-15.891099997461168
-18.273859185337503
-14.621369519427711
-13.119318965705713
-7.757694313929597
-4.857264881189226
-9.760142164797855
-6.682033029282218
-9.564426789613984
-5.670974940186567
-6.8238430138118265
-4.259416686000199
-10.660752355666693
-18.46198251825048
0.10273301490321757
-7.073448371342943
-0.3679622040766923
-5.130447470495373
-1.420403526169257
-16.30832817308333
-23.078357138932148
-3.6436797168190336
-9.825918915052632
-5.84549186909104
0.8597811135217367
-2.9672538405517237
-5.893621599999106
-1.6671161267877241
-5.521560181775273
-4.155363803572583
-0.37909082877228223
-3.1859860347404854
1.4277925566375735
-7.952905529505722
-2.0014238804182742
-5.460094845366722
-5.498275892980427
-17.127190287746345
-6.536100549761271
-3.1475736233681726
-11.931541525087244
-4.169871291262698
-14.226478353426847
0.6537010254717043
-9.052646496641277
