-8.578171177508331
9.059038057945706
16.40900940081058
7.253943795520816
3.958996697156806
4.5128788283761985
7.26919104331337
-10.711354474733566
-6.082478001463964
4.668491258973652
2.3103591160740597
13.439247262020409
7.747221872420702
16.898223785803115
-7.941880159759643
-13.797512253080358
2.6451353530391617
-12.206335923390501
-17.668597764738763
-20.842757273470625
-21.365842326320838
-19.6333576528483
-33.43358910079645
-22.699964066456786
-21.672784556525674
-26.80636037379221
-10.114552562424423
-11.576151377879992
-16.83829266860036
-25.35743480807784
-9.7501135135298
-21.038972616487264
-14.232205716613993
-5.1141220775708565
-29.44891664287055
-31.400296830351
-28.589623285738917
-13.937848277834403
-10.344655728553258
-10.662150809072427
7.820563810857964
-13.462600541072895
-0.7665660722028927
5.949555392984054
-3.881484321122195
-6.3428891186160445
-8.099454625343864
-25.56655111857965
-16.092977988566066
-12.017510232141886
-11.368143107150381
-9.289878780162915
-2.6632042441365753
-7.022630918867077
-22.002535679491736
-22.799126014598645
-23.49630872250021
-9.744395279765225
-21.13783516841954
-26.202983451327892
-22.166917080376805
-15.1417484992467
-28.659184713284567
-15.416649421502724
-21.248845408941847
-15.027233104645514
-3.039232887832592
-5.611061486237708
-12.733988028622381
-19.051825910920037
-10.893517223939893
-4.875549155658426
-1.9392162335879888
-4.81889797792352
-4.21371294126837
-2.316468840136692
-1.4853635364707345
-3.9170492462797584
-4.717492437209444
-9.722926655012865
-6.7470401401844535
-2.072403677785021
-4.276370739423287
-8.321171529094553
-2.9542902993313205
-5.966452179566053
-13.678527970668075
-17.13076961143213
-9.493163938512813
-13.047542524831565
3.742067946984945
-3.4077650961086103
1.0103648955986142
-9.018561556629967
3.4937885136318965
11.341737517009095
3.0184850808273462
6.1314124402134285
-9.33172581192268
-11.33279492663541
-15.60131261850793
-3.21485794373055
1.6402064725634375
3.416378689360137
2.059645905384425
-0.019283743416856902
-4.463821821037004
-2.8083724579432583
4.419718927789644
8.718244375628908
0.4934713956244192
-0.4395457030324178
6.352754179096428
0.6406070295999432
1.7256350580959718
16.30405759182999
0.5851330509348621
2.55574794884746
6.80011324090842
-3.3331605743911803
-1.985734750512066
-1.979908259395372
-8.4849537837783
-11.18378366380534
-8.401636511500236
-8.533180851917317
6.009084611373645
24.805067038324836
17.63396780771685
16.540661137673823
10.78571354327776
7.530581505944605
12.367262893492244
13.981712986002274
7.373497394872378
3.154994196396721
4.866858682698081
-7.253881612422889
-4.15918311075403
-27.245513824524217
-8.767657699174261
-15.93599190913779
-4.1770957097678325
-2.835794283555505
-2.1697134684656416
-4.406321822649558
1.9481352252851605
-5.19089914842407
4.162878658689234
-0.8164883026343698
-5.774992906504103
-7.719252278035638
-8.574162749104438
-4.863869232567166
-1.2430998480122928
-5.975433442841256
-5.3052670369480985
-7.932602019953411
-10.037208669596904
-8.033868747249128
-4.135455260393893
-6.994063890001043
-8.087795924986944
-8.275251298570009
-9.638876318803069
-12.117599481002788
-14.677957544574358
-11.591196140810355
-11.952469295441372
-27.70621512777956
-45.99450659631745
-36.27005040233996
-15.827807098232169
-21.203707693898888
-15.695473039692809
-1.6782433467232594
-11.555043991856552
-2.6442619552366127
-0.4692815365720917
-2.4975198031169024
3.997248898078996
0.320030730511472
8.474331703175103
10.974200599837092
10.931636028525924
22.86093481151225
19.2713164999318
6.5386197386258855
0.5528970075682473
7.506909877952054
14.821952940439868
11.41023715021502
25.772445099618622
4.1775602045955145
6.226138783383738
11.49219010327244
21.614052648338934
8.027201705465577
17.092857045011918
12.085696965562516
6.081549046911073
13.25725439592626
4.633770339614481
17.813927802808138
6.4895987552575765
0.9515313134530308
-4.4554655989843015
-15.185464549575045
-9.099233494892037
-8.715615365525048
-12.338392103111465
-2.0890689174451
-11.058488902614481
-12.468653952669449
-14.882797762725838
-22.00606352259809
-10.30659997963225
-24.431433951396535
-15.561263616129613
-24.929625560555593
-23.029865724695586
-20.576259946390337
-24.897148187384115
-23.29451916917071
-10.996592325788743
-26.92231928053577
-18.310068006435444
-20.814699548437513
-6.333514838871932
-20.095033648035752
-24.066501327132478
-7.99667872832343
-4.8524114823259294
-8.042777055749392
-1.5201600738257963
-8.296274215076519
-3.7774845266669685
-15.846350910063734
-19.39032499372361
-11.416130725437892
-6.286160161964571
-6.864363624536392
0.806617289343102
0.204682031925414
1.527367884263174
-5.393451991951918
-21.203563492179995
-22.84454596067244
-18.85962179730505
-12.758463069895976
-15.903020752699812
-23.17974207222517
-26.302913278947038
-22.836257834629954
-19.952292609202566
-28.815727499813107
-16.49843051769407
-13.928540252495306
-20.937944024592493
-14.221970058823555
-11.670097637186911
-19.439334599364358
-4.395872632613324
-7.242828825316484
-5.3368466603070575
-1.4335701932617722
-2.1347923517834184
-0.5633324007440863
8.650844202585906
9.30534664427733
2.195717855748083
6.9062909632630065
9.261884468528747
-7.9656714721012065
-13.172165957636349
-16.77560336688282
-9.40552486615441
-12.056288819685173
-2.6817393720378475
2.660007381810519
8.358983349945298
-24.51921964083961
-23.822188535652305
-15.453317986817856
-27.280858182125325
-23.02614362308585
-23.406968340526966
-34.07035886822369
-26.393647295441138
-32.14641324378114
-35.518946116361555
-22.768056068168498
-32.115826745332114
-33.326288137836215
-35.28240943093943
-21.262413783482273
-25.021439067381795
-21.698392224969144
-29.156823102251
-23.681554218200837
-24.09859435012852
-21.646647892085568
-19.455646908134714
-9.395645162463056
-25.02533899402038
-30.886945038091227
-21.07244323229889
-18.856085395204452
-31.71579011648489
-27.516537810099678
-30.24201720178348
-24.393895154893197
-23.981032399015398
-16.978852318506817
-8.101067515733764
-12.423416678031733
-0.9562960176756128
-2.3276293970724486
11.444424208621395
8.498220714876549
-1.1236166410575676
5.091834098449871
5.606139630747484
10.088737654296304
4.612584058228994
6.615945347823169
0.7632789170392297
8.858468779500233
4.1986275404485305
