-2.6783697285017407
-3.648707242806167
-2.5660487136640637
-3.691149096910989
5.622838643437446
-0.4598510094574749
-3.6390198542096255
-13.06686548792367
5.721345558410546
6.6683727038223655
2.966422757285243
11.967956172571776
13.426169132631856
7.222992325666483
10.504606619894957
10.957217809601925
11.949448160274509
9.942072310064802
-7.15989736374199
4.2499190601979135
5.9795165078343695
2.3493994943723373
0.00031372757967574444
-17.64707602134776
-15.422710599483542
-15.685609618734894
-10.905065907583921
-30.34819307824441
-21.76191246393024
-18.361548786837773
-10.046904803223176
-6.635964953912812
-6.598975281998082
0.24824244766117998
-5.274270087892881
-0.07737502641681876
4.748220732458846
2.5137339639893006
2.7251693191476107
19.816524968232414
15.274990027784725
1.215997211210509
5.771722493326124
-5.540918545780041
-8.704343875106362
10.063269177470904
2.2776773705948563
4.913250102733513
1.7336291774169117
-0.93269688931385
6.287251119938254
5.538929238143965
11.977951331701044
12.939081244335242
5.929589827926329
22.028482578953234
11.190242093532005
10.715284627536356
7.016063386890282
4.610818218724153
1.1447799790622029
-0.029758402795672212
-4.578933069722356
5.164921019704053
-2.6832057312078406
0.5286577202701422
-2.3988281002624907
-0.38186523595846106
-12.5200163515366
-12.887130369489622
-17.576949191998498
-27.197378816697373
-5.01989478595585
-8.205727479277407
-12.776124237597944
-20.40810261908501
-27.58090139416948
-31.044093142848254
-27.408544374185567
-14.297838351547249
3.3847679322089554
-2.5420924402125045
8.517555171160591
2.192134175324595
-0.7798894719847823
4.573057000476751
17.984439455268657
1.5348264899350037
7.741633630333491
3.6531024358589472
8.550349269506397
-2.7244443645255263
3.438056997759116
8.818097350255412
5.511694573450477
-0.5709421022872334
-7.587650991503468
-10.654722502604033
-5.696758768222728
-13.355263085401841
-7.108730450176602
-7.825860735586123
-5.3650554926423855
4.193482043782011
11.164417623142883
0.7571587214242381
-18.6303487610284
-16.643711168904193
-11.87270282120601
-9.466004033425326
-10.253694522644835
-21.07134399756404
-15.69141094297364
-6.8820548866745925
-4.302015384095925
-3.201092735505911
3.6415206986968167
-5.687300529862018
3.7425362949899514
8.50346173493784
6.909171716283808
2.3947577370353064
-3.233410631632424
7.631435838958282
4.483883264267199
14.81169521891549
2.9093682472781697
8.481003475751002
-10.41862720993463
-9.67989964954302
-3.319088471549269
2.4606320933330443
19.298286407810007
11.473561733672064
21.019756759972605
5.055112190847728
8.256073564424202
7.582591558575626
1.5831672320288608
4.745512249121954
1.4224845439426834
5.104616114556849
7.041601481658896
3.7318518586621767
-6.7859154746562576
15.22413024112385
-5.2313430045308795
9.988234581261107
-0.1668133331311831
-5.785805495032308
-12.322383974220385
-8.753591704269487
-12.533085330098865
-10.264866972626344
-2.500233382176277
-5.0431635157286365
-5.835500666056688
-13.289984479996669
-6.234051240396117
6.6661094918337795
-4.407670157147087
-4.7699988708439305
-0.6014528520316766
2.416892163076884
-8.71434518885245
-7.927062799844763
-8.396624660719208
-6.702568631719153
-13.818940677016506
-18.22997918323637
-7.213610046225572
-15.616925890946
-11.837807205846252
-16.701821858515824
-7.677240826908588
-15.569459622467447
-24.158628966493588
-12.285555923248735
-16.731097621689774
-13.702290433636653
-27.870354291987656
-15.843873101742995
-23.24939497758067
-34.72508271371833
-24.167321076301324
-26.104839064649052
-22.149099409624586
-23.15526893057065
-19.561042743454326
-16.28041381479402
-12.110645851201966
-9.141834141546001
-15.730455979384198
-19.141018290097946
-5.86881339683937
-5.825890966562603
-8.110802958015414
-11.57712123209016
-11.686123324719427
-0.8333906464202345
-14.827424931779115
