5.318463434608965
-5.069967047454436
7.797801350966841
0.14809707948912296
-12.708905820371205
-3.203393072155487
-7.9089317511235855
-10.642365596564527
-8.086815200450603
-16.58804458061302
-4.067716439538736
-17.282778997689626
-16.411700452458795
-11.296211219618476
-16.2783854173935
-19.161610198480986
-22.51905143305948
-17.642328558946932
-19.608446990659907
-7.834481487394266
1.9962973694233443
-12.63548385433939
-2.75794038016914
-17.098678685629302
-34.932000991824104
-16.625880695229892
-6.765887365346528
-8.278830264246814
-10.942194082546413
-5.908900599144733
-4.631833053796447
-9.123952619275233
-19.641624536559288
-16.04361188782464
-8.571616826159866
-3.454075205739936
-5.768897376254091
-24.735606789928827
-17.592932853684573
-20.174804715741644
-26.227840054558328
-8.46038178001338
-4.352444953637895
-7.434618416327544
-4.506440015378536
-1.5086006375155792
7.525089548308117
5.910524134112912
-0.5904033893012359
-9.3249907663869
-8.966318913350518
-7.181690517420379
-5.866663370223713
3.606102408273722
-16.664005649624578
-3.426714740779216
-5.565143907053937
-12.375597643683893
-15.14425606464046
-3.3871294281727065
0.7064193405202942
0.5462718582475369
-1.872019214169912
1.363320310914316
-21.719552485671286
0.6807571389792781
-10.48297128599124
-14.62531053534455
-21.410363292583348
-20.445329241659262
-11.200979889633238
-17.95394937596917
-12.76884582990814
-15.173556688759675
-27.535591620466924
-18.411396744693207
-16.174295651357912
-13.495656127351284
-4.9169390026150275
5.596748766884774
1.0652388072485324
-2.8642441926572944
-7.453095554726202
1.2263671817935653
2.697962429276776
11.45000370460542
10.448525764552938
9.638995707150928
0.4488292628821951
-0.33538047550994626
