-7.157848772093907
-11.050481466051727
-16.419171630588956
-3.780747311529038
-17.52532182051734
-6.536365988498349
-11.893005791638489
-6.641391168066898
-2.992731154415722
4.5717083295211065
2.678434528844376
1.3822089916795823
-6.909486899138329
3.833124189170853
4.187327039096201
-0.19659279015756825
0.2975861563900993
0.8548595317796763
0.598355602822929
0.9091607050396329
1.6523836241791734
2.7142678557064563
8.678116225384626
-1.912009975341588
-6.149500490611104
0.9067176909474892
-6.079748612088637
12.296618341660588
18.76888425875395
31.228410072816416
8.634427686512721
17.881276719933584
16.44318809848517
10.136078187697604
14.637422179822913
3.1627347446504817
12.138166362001302
-2.1824470895614088
-5.801813671425142
5.170300982534077
0.03133882781953494
-11.79850786270422
-7.818500679007349
2.430507277508065
-0.2538271470866104
3.4182876108312934
5.247472921017052
17.12882062203158
10.541381301076225
5.761147243383688
17.298698100197942
6.302650174994062
10.216662912075165
9.639574839551157
19.051717572540642
8.018812439500978
19.32796759097148
7.538702698931003
8.689795278311191
22.537486970717726
-0.4930583799973109
6.033934725045811
9.682911935732085
1.1928628265006889
3.8393383177170186
0.4345170963317226
1.0775709423271769
6.712507050152631
-3.0547817306890153
-12.120220208436114
-11.740224963283714
-10.218597243397463
-14.868068808041155
-15.453656451459649
-17.301936308929964
-13.155022572490209
-20.869366739843606
-12.567225418151946
-5.380325961631634
-21.286639195595363
-13.37666515618914
2.0995052073047265
-14.189579546238752
-14.21066366894804
-4.69219746901541
-12.451031552430422
-13.566640368907349
-2.736672809692697
-16.39155118497612
-9.336359660171624
-7.379215942009955
-11.81027369650995
-6.5262695514213
-0.5247230639007586
-5.09564398615625
-12.388196461139447
-11.437787469900401
-10.998185804320977
0.4796255181881588
-14.792382582985818
-2.737907358870688
4.207418170288723
-1.4650855549882664
-5.951480832786566
-2.2105863853051217
-1.457204030138158
-8.473791832562915
-1.954382843230595
2.1516022356304934
11.385258088583436
18.971919712440968
-3.1204506741621976
-16.011066244824363
-6.705033111189959
-10.20101802169119
-4.6770936979517685
-3.8333311334337257
-1.187533022241911
-8.769066176991391
-9.335580802378434
-12.890188478880358
-10.504427613423415
-24.989127300685105
-9.851928264354658
-7.472218328104329
-13.859750080196777
-15.714036003675654
-13.206351933636384
-24.761988519843143
-4.313297719362386
0.0358063736264071
-3.3141900803771223
7.899963006106021
-1.0151827013387722
-3.180792641648072
-6.809528927237719
-9.910434423127224
6.96602281914903
0.9503834721801576
2.5298751867313283
-3.314301986985491
-3.536689207339061
-20.58905027986084
-7.091941849826816
-2.4229495772937137
-9.74628712301019
-2.997101010368225
3.1421129281488622
5.424127181594713
-2.599109488505317
9.158928808109195
3.5463052725950903
8.624624048684952
6.516011212570738
11.012887552014787
9.870367258630408
2.4425672283468645
1.268257980422968
10.238445660513714
-3.543538664869797
-2.470522545473321
-1.6932207209979568
-7.956550905556299
0.4216518470338908
-6.0618845157001795
-1.426272737363942
0.68490931875229
1.1765855432575916
-3.392805757219979
-3.1829062099865904
-5.417505576639338
-0.4858796555745588
-5.706236514398702
0.014322738257839487
-2.5302323669240625
-4.817435860696618
0.01756195770157616
-0.09090711066872606
-3.3137005684200584
-6.542913489468052
0.9604418317729536
17.49492629777714
4.489482835043262
2.6142718735577843
0.5146407526954693
4.570326011813127
-5.928409153622608
-0.7505335717062417
0.21472304593489155
-7.682094976779053
-9.859503787910556
-7.11219323738399
4.723795558675783
-12.844933790159647
-6.181393275145668
-7.6071607020386915
-24.732439973301787
-19.426306684500002
-22.38207773648467
-19.805065776394827
-9.598100987949667
-15.812457059983108
-22.671108266835574
-6.7940776830865826
-25.604596639187086
-8.172426279577856
-20.357407696085954
-18.81521971422312
-13.280346559004554
-15.222876704728975
-4.040411543483923
-5.930246977417737
-9.43481701255878
-8.47201631186751
-2.027771403342684
-3.297904451363251
-7.871265694271852
-8.040360260943839
-0.9538630760069432
-14.705121638454337
-10.71062051790464
-3.7155314485860513
-13.83340153098373
-14.334770000783534
-15.70943135341934
-10.208966615276967
-15.028400103227613
-21.246081251091088
-8.269325079009162
-13.117232464412234
-11.911022352705322
-12.01257955501278
-9.333003458052263
-10.61369971152548
-16.33482582308616
-3.39463824414294
-7.517459942594592
-10.474670650703708
-4.955414219579937
-1.8195253970868182
-1.4395066332288446
-1.386266804112655
2.418148971596132
5.55720034841263
-2.7609003677024937
-2.6550182332925285
3.0655248335597416
-2.627259926891285
-0.9029291526596268
9.022553563615944
15.185857759567218
-5.753425633993522
-6.936962701421294
-7.768733607479283
-13.496080063531823
-13.578411366196482
-8.478376266940638
-5.7500179373783755
-13.739027265417725
-18.946938773069554
-9.175594464386066
-15.1007905227721
-24.13800276057036
-20.762730850719358
-15.866260214894169
-9.878077869216748
-15.875243997816673
-6.80165616148677
-13.176451159302408
-10.93374953842268
-15.115734262924581
-4.900154544636411
-18.13216697918866
-12.808380059347794
-10.217037078863408
-1.7173768133900242
-14.52154088776866
-18.176940248808886
-13.522020260682552
-3.2757524936100113
-2.539393188123092
-18.982232560803517
-8.99658535273234
-7.503715858042357
-11.717801996152945
-7.307265124553933
-26.56083404694337
-19.193389577316864
-9.808097841793595
-7.663159158084186
-3.033644373428778
-3.3774676186778128
-6.92194441396224
-16.212463642082106
-9.62765369051243
-15.999316444890745
-12.859780431436574
-19.25187702523021
-29.559008327308987
-20.64689378615953
-12.658321428755801
-2.4652753785387307
-20.80300244538368
-0.8159524249532839
-4.011195408678835
-12.360219555584164
-22.168735042496728
-23.390655367545204
-15.638640150019533
-24.39839007538179
-10.14807667671448
-32.0840140171309
-26.554258219633063
-13.46543027566932
-22.31086315974579
-2.6014128662954903
-17.267971010802405
-12.342812505081902
-19.97952319285416
-13.208579250434955
-17.31421034384836
-7.678919714174638
-17.728915186135815
-8.32811994881905
-14.129128933014456
-2.257023852862766
-10.389271239191308
-3.8894336662383533
-5.074014749304762
-1.8409108168335495
-8.931539016286816
-6.2363591933728575
2.3006750357675543
3.5161111908573233
8.824181299132832
4.1256272097606175
5.192300632760348
0.6449927461086867
14.518978795740304
9.96705179261125
13.747894518780686
10.898511283645828
17.33053504639387
15.050315240163028
10.445419486474984
