6.780165013608725
-0.7726262255996479
0.8091193331437203
6.238991686451333
14.96071013406494
-0.9502914108529192
-19.773971137517265
1.6816102043538477
-5.833913975908603
-0.24708651796084985
-4.743739034787877
-6.551462047548248
5.934787101719951
-12.151050191133116
-7.568124558712378
0.032123331264839974
-8.276419464538131
-9.410676365330431
5.590956281485443
0.12712222896354652
4.924096635971585
14.578499922605353
-2.888840590026492
-0.1676900726583959
-8.663116343060375
-13.014831825361636
-16.36030458365594
-14.302973395148715
-22.18769622570453
-14.41777872525101
-13.343710088875186
-14.378438377677028
-11.147135298322675
-14.452081466813507
-9.292330133286331
-6.8098369172149615
-2.541821406843104
-6.826767714175169
-9.105138840691732
-6.625498666397604
-3.5081083164056963
-7.837117493400013
-1.2689360133338867
0.0938198036961795
-4.604273580913198
-14.327850032656741
-5.032186872375705
-9.659141093829737
-10.637324657789312
-13.314051027091812
-8.542421641737999
-15.940846749109518
-18.684955959649454
-16.29910671505191
-7.472753620162291
-20.595183887922442
-29.634974082460193
-31.422380875295747
-46.15763654863212
-32.52014603817275
-12.38744958891591
-10.450345339026267
-16.074304754863206
-28.83635294835898
-10.55146182298618
-7.493012477461125
-4.323357521947962
-2.810951357664619
-18.787448397116663
-6.660583330878911
-11.460759456628876
-18.447419142095974
-4.884448090943863
2.474768865758475
-9.088682220076642
-9.677459816319038
-8.549744885039782
-0.591523960320245
-6.50476320795105
0.3720242538933712
1.4050321080785568
-6.969244818551588
-1.7339449691411246
5.8074565224626395
2.4981279615430383
-3.652619585217404
-1.0119282053876484
-0.9410183356978656
6.929492468874702
6.180804377842856
2.7688561179745768
-0.06557007312689762
-2.3436404878823294
1.2575029593052744
-5.463391921224856
-9.438533519717963
-1.8676786514625023
-9.145719671335026
5.8423953827841135
4.965995657802255
9.301567267999566
-0.2009235767474
-2.714693207527004
-1.5543098532476016
-1.8820895049306088
0.8894644650305913
0.04465461419644277
-14.435308835687824
-14.215150375925225
-7.857231310906466
-10.197215543099825
-16.569130789816874
-8.26269268388722
-18.118344956282886
-16.056316201595788
-3.969233520607058
-0.1228600132165232
-3.959347943102169
-5.134463709739028
1.7259777465534385
-5.822112826138968
6.574514400691898
0.6338330185013101
-4.534956688746587
-18.505187199224785
-23.44738806559328
3.7085528167192483
-18.54677624970651
-7.635186627763484
-23.202451794782053
-14.812949126972539
-24.83401829735441
-9.73928192923139
-3.297212594318216
-7.09355533089828
-12.973508049919019
-8.236639015795259
-9.337250622532222
-2.276138663120088
3.586760020620774
-7.243066001911362
-9.251025140319213
-5.52185095180475
-7.314630769834117
-7.523312937829225
-2.0011568179591883
0.6796804702511794
-0.31693368293913393
-1.596962487890296
-7.400909067634574
-5.386861490625295
-10.347814016970734
-10.029359217630336
-11.043803339714648
-2.688553645869167
-6.055489788609386
-3.5883187542201576
-9.367769543328047
0.6406485671960793
-13.09392476418086
-22.865786957964968
-13.662079527554404
-7.592482826103513
-20.025408108353496
-16.182558112974313
-16.205620397825328
-6.461364299067888
-6.6728400641459205
-4.239966129814943
2.7433603168573315
-2.3446969769360666
-4.213535997360414
-7.227743901542042
-8.558216532973278
-9.993481233456494
-11.884708443410132
-6.768435589990165
-4.855461751977591
-16.37996644662391
1.6328365388413686
2.3814074235037057
-8.857609813354571
2.8979608021928596
0.8871674700054218
-11.023575160176687
-4.473397145979964
1.5826739949987858
-10.291787944892883
-8.137268716741621
-4.309228248682499
7.63063567665091
0.8714373209814311
-3.044223178089525
1.6907719845609444
