-1.8782011605016116
-15.352547974067447
-9.688982152945293
-7.099767397573325
-16.75146570628685
-5.807978662223103
-4.384285535474017
0.002969697043919245
-2.3339052880800795
5.429931457535354
7.024520552905734
2.9464296115752147
-14.995479113072472
-9.506731049588758
-4.557231023028982
-3.3990190510124094
-15.492116594317329
-27.39227034908457
-15.442757434401484
-23.19068243306191
-25.30270166056737
-32.12941677263677
-30.81454497937957
-24.709926095902
-14.808965826304044
-15.654372748030651
-12.474708377047735
-14.56816612942989
-12.281400717025823
1.4570041652901082
-4.96531985753555
-3.71633086446452
-4.292716580131815
-5.309710963918048
-6.808422429447432
-20.566069005053908
-21.36518009731173
-13.670462376437564
-19.063803060843853
-10.924342538794436
-14.642555466427195
-11.41904431243052
-12.35301897138663
-17.19281394976876
-15.114444502571134
-9.902254070058722
-27.59922159485691
-23.327702687416092
-21.553131631415933
-16.912365573405502
-10.247201970295306
-6.477128690917233
-6.4255309828773575
-15.314515509693713
-17.738484619965167
-38.51929776237853
-37.72796872165749
-19.033138637330122
-24.42103845879363
-36.58918672586788
-20.756520195349218
-15.697549552544038
-23.145204528733405
-30.147378911342674
-22.84150184788919
-18.131753181196476
-22.468032571646546
-29.508918834306275
-14.257406292808595
0.9697611480870408
5.4764024452279765
-5.486850478132172
-6.5836741049386385
-5.626038436222644
-6.698373409831906
-0.43060451399047134
-3.078697473229825
-10.522449850400264
0.4842841079158389
-5.691336546858058
5.860656391787572
1.956955050975749
-0.20038846893387766
-20.12389129770465
-12.743521049553273
-5.294576925113208
-5.029001434698944
-15.148820105247975
-5.7156329659247085
-26.78446117347137
-21.227337229226862
-20.389384634570686
-15.608954125429833
-7.49773056605641
0.4591263427831098
3.9293983308466505
-10.65804725318268
-0.2808486258021458
8.6118144984153
-4.579190094057995
-8.244613287820224
-4.231257947398624
-13.670076448557062
-13.498728714412124
-4.735540679215457
-8.249602910649816
-9.526749678739598
-14.311896434354185
-1.451665487679805
-2.6592498554371065
-9.640326852475752
-2.3717291047632
-4.866648453340612
-8.143991086000515
-6.802513281226751
-1.8765070579639909
8.700802884113367
3.274262794265404
-4.586404499477788
8.144470437203715
-1.141203768200285
2.7927161747798634
-5.696043278371266
-20.627925816137555
1.5053257361623515
-6.263283742754923
0.5074117363831724
-7.24516238544289
1.964176219814944
-10.193902952870332
1.4546380684997626
2.420809015174105
-0.5031156684645989
-8.281363861380287
2.0688038593083524
0.2369924104788511
-0.922548259488952
-4.903498235460531
2.7470185571848957
3.8285581060693823
0.8296009774375825
0.015455459850368437
5.253519706661325
7.1160814039850155
11.839612182522561
12.943820573005034
10.716234577901208
2.680813226560911
2.4970987435131784
-2.793489190078696
2.1445435401471085
-1.1715338054461446
-8.777780869094135
-7.548341028018028
-3.351698106057576
-7.995449382663353
-3.6049204311975847
-0.4640420447898555
-10.031427513505887
-20.650978428036307
-15.419037491941285
-8.887160916302953
-13.715902160327722
-18.046846982783094
-22.443212712580753
-28.5707465774534
-21.32381956659225
-23.388634887396968
-18.485008531786896
-16.54046680262449
-11.240561802178474
5.5968828806342765
-5.153298071903189
-5.2167237395203
0.7402061236166998
-7.980727554066289
-3.5429392849111245
-0.13021307864189474
9.780128761283176
-2.3072414361244094
-3.7797103777065257
-7.5762355909766015
7.582918250460252
1.2326210276267064
1.4309751673196458
-0.8715994886819025
11.840657803613686
-1.9842967702300447
0.01302995535724658
5.698211168826956
-4.388658402814468
-2.340996844018929
17.393743462134854
7.6446873594496445
1.8052943078815693
0.3805770097250929
-1.9033210235443043
-12.404152100741472
-21.47291795743205
-13.809588180959695
-1.9509659230753504
-9.536294546915943
-4.196334204815916
6.1418351371203075
-0.35431707292420783
-2.203993498055098
-3.752181759987057
0.6428945817673459
-6.012957377074633
-4.286719024378342
-6.6285827320442205
-1.9190290820904528
-13.604966097464747
5.468047238713764
-5.97047426362179
-11.014792005696542
-1.3824216247274093
-8.165764119898236
-9.48899910559668
6.961942022694162
-10.797039927227779
-2.486317017046863
-17.58876684170811
-15.613017670333619
-27.15761524689837
-26.153983807078625
-33.542875822878536
-34.51558710539422
-38.91334671170306
-25.356152532173482
-22.854521237498336
-12.287811722743001
-7.658126099311838
-15.850082868239687
-12.640660285212526
-16.366726885959242
-15.783618284734642
-7.297920487379764
-12.369171462675329
-2.432316682198185
1.1335973284420653
-26.280643926114386
-10.827442461876087
-3.4040580083060816
-0.4372949418783924
4.4812257105424385
1.0173326827963818
-5.671908498609947
-8.513041915312211
-1.490390208171133
8.649394564947642
-3.528920523790996
-5.532320088660246
-14.175229706599323
-15.110985384392507
-5.590807224151104
-11.926877652153205
-19.053394541917886
-32.320216268281506
-14.780546215977616
-19.749536137374026
-19.245472141020546
-15.773546044142867
-14.261892367674779
-10.141159960438316
-16.314514887341954
-20.19320052049243
-28.045069342534124
-26.580127210826983
-21.99618959509741
-28.327159969017547
-26.31249321534513
-25.771688344143826
-22.019876077034716
-25.94006927090917
-20.231814787735992
-13.866535172153034
-18.433893126091963
-10.938784260757641
-20.06996795340136
-21.379586138152725
-29.11374786848526
-28.743321267652398
-36.63300255815965
-30.207487187105475
-28.594769440322967
-52.928304310041455
-23.231283511245643
-22.153852201356987
-10.055329558154575
-30.64297302155576
-21.580771208505038
-15.902811499973394
-8.077498872131942
-6.647728523210951
-0.4368164580558552
-5.78846652824486
-15.01627353505311
-5.927064735818754
-17.578373628514107
-14.48998383673245
-11.857937537520614
-21.436375575591292
-36.77977750865554
-19.676376143249904
-15.808462678794596
-22.78275140243647
-18.538812453790566
-7.9071612417482005
-20.637450605284897
-24.2137251228684
-21.116071425482083
-24.659425823533798
-32.73377613599822
-37.32212013294433
-32.27108370990811
-31.539855616348767
-28.061143108551782
-23.128659898064733
-13.012935002629533
-5.695671273350874
4.8875672656626685
2.8651424995828667
1.603099717214589
-4.718237485693269
-21.246664524615547
-17.438570552312008
-16.07122338079792
-17.49990885411307
-17.56743517230306
-12.304579200194445
-21.32635988125176
-15.689558082145927
-12.096972124969025
-16.336378822884214
-10.068750441287348
-11.137420015269972
-8.934299075900412
-17.949988896361226
-21.294759913483354
-24.55241545594538
-14.619370167524373
-24.21282307377542
-19.35271607511905
-15.114856861326613
-6.314704974974421
4.330803087484848
-3.2509381234430657
-12.287638475498614
-13.670543413865852
-5.227682294280141
-11.581400923766873
-6.592503364244871
-7.945166013373232
-5.820018303937067
-1.0284149473730928
-10.432790243829157
-13.792271552768696
-28.912847341745486
-22.38026296277464
-15.348001981325698
-21.41329322069986
-12.701111482059654
-9.524527091840724
-21.95069281521865
-14.538344553328347
-16.01337781142208
-9.321529806808737
-11.994274457425034
-14.867593562475223
-23.788951476333853
-17.597696228221913
-15.664311533267705
-16.326182675928973
-17.47371966279453
-14.98766584538916
-18.6431976776326
-29.713591181256277
-13.099701144537313
-12.274180670197945
-20.18561981557822
