-5.146649697108551
-10.145683198341171
-16.154658840069033
-17.393653179918086
-8.560137689005272
5.222126540754428
-13.386377937413313
0.6806282284451471
7.926976505248621
-4.807517719475418
-3.4030106160624363
4.2249005694514485
2.735646616911513
-3.279107617756853
-3.9843124135108368
-4.9340588931160845
-0.30624684677616115
-14.222865938937662
-17.682963908813477
-13.95080015659318
-20.48061572843569
-29.34739444861166
-45.75763557485126
-21.962414510261713
-22.056670193980388
-23.021957104608802
-22.710607320279077
-5.405193656098101
-20.283402164003665
-8.748667577225252
-14.761596488410149
-27.405244387777017
-28.851522891534373
-24.955676259059743
-12.491422027940953
-21.877066314605408
-22.127386834678113
-25.955267590678147
-2.1302284448582984
0.15869901191756186
1.3233843191714885
-12.046702106841073
-12.715013653755904
-13.89227187165766
3.0628202119144845
6.024076727827518
-8.440188523684885
-5.6930502019586156
0.2385056278194545
-13.355342567568206
-5.495482385835491
6.789760017031866
5.175645028466745
-1.0635050950456475
-21.27621824275266
-16.350774801096847
-27.35007205824935
-31.606988688990544
-16.458005390977547
-18.65422839429896
-15.362131785077569
-13.528469156338724
-23.11575710049735
-24.124823735000906
-15.488359015602605
-21.887014744054014
-26.71185440742137
-19.876503677760173
-2.3198878431424017
-17.46195908599082
-17.909020657026254
-21.797231001312603
-12.258891714639653
-21.785776393669693
-11.489872383458009
-9.17346340022182
-16.02315095293846
-11.440384157124546
2.89160224922088
-5.310767846888472
-5.031895334645292
7.307441637027807
-2.397230689614968
6.195986585261589
0.5471884821297774
-1.0287572103860412
15.577877257130986
-6.389646295199224
-7.518350878097925
-0.8203098952883572
-5.006925951146805
-1.1490896563087838
-0.4978409168777536
13.092160528923447
-9.10630547935328
13.717122830084294
22.01307380457705
-1.7050187772834031
-1.009240834593339
11.49443872599296
9.069723773521089
-1.3445962663645927
-2.8265514386214616
-4.01048368656815
-1.0103862918720536
-2.0094079100175763
-12.532162976965234
-13.159875965938836
-2.961485919225144
-16.887307594868417
-13.507255153718539
-5.952512057231373
-17.23476884472802
-16.698300772630073
-16.581490299584107
-7.810393946047823
-19.331459904909767
-14.571765188504644
-12.429189125048346
-0.5369273087075332
-5.710852640399043
-5.33314067860579
-12.168545815821304
0.3039740775067153
1.363513894341528
-2.5549785232378017
4.0992936604478905
0.3130616782426281
2.2765047947596218
3.7853748812655663
-1.364953322587989
-0.10788823810201728
0.4411190850795404
-11.141804291319541
-8.976127243172535
-0.0913095011504291
-3.570329364923988
0.7898773503236489
-4.4197572240665695
-2.580451881561281
-4.337207569602497
-21.104327144101347
-2.5670472965577824
-6.797926215398808
0.4898081308184433
-2.6594041337264214
1.3186734298535712
5.770488929424232
-0.07375576218126809
17.339452520776927
10.516645229252893
24.250034751496205
4.152447126955826
-7.616994507745799
6.906501341313664
-11.175962974884277
-5.676473840066695
-1.921323685411476
-0.76511941610599
-2.9607475845170166
5.155992047256647
-0.8685163891713505
15.901947213296289
0.9339560330883322
-2.9967114441062064
-8.213885444149728
-9.416658519203374
-3.8756107164404017
-6.328615754298662
-17.099949725474442
-13.784835716913335
-14.267223210532048
-16.776598495639153
-9.440977977770947
-17.15574519788847
-3.3702901074026017
-6.690038553500828
-1.319552777132678
7.072130977871241
-6.1182974758274495
1.2003693609784083
0.6360316835470605
7.76206850453408
11.011171838387463
-3.6009596722802595
1.355074615732718
0.9102134230837332
-11.546543122535574
-10.425743191406145
2.2426976718746268
4.639267507194671
11.243095429794016
7.581457406765697
4.5687102054245665
6.453335949617963
5.229393894879378
7.442906039408403
12.193141359780022
15.977786804703527
25.576984048893646
15.887143466769912
12.092238134848868
11.265433073685989
3.740641111099531
13.691977542546372
15.028533842420373
7.110465351264894
7.523814541223756
6.571400180460532
8.947431052024529
11.971122847960393
10.931435233953602
2.159237005238152
14.964588593689324
11.70053292303658
13.517861079342602
13.904643071190725
12.533220451957913
14.004511074954063
11.364278173108547
7.745239275417914
0.4664116319904996
8.009040568217964
-1.1712764001920573
-8.707300587708168
-21.58224512210031
-16.738234511513447
-12.5608839301041
-14.967765422291627
-11.224924751411647
-14.834689145468747
-30.487408238010048
-14.126609680102064
-17.820728596941553
-24.804046751008745
-41.32951369215494
-37.045204558024686
-35.40306226141577
-33.32334242271892
-16.564284119133447
-14.102578079844026
-0.570188709021723
-11.122301516440396
-9.62299168405067
6.928721136483278
5.3586145661008935
7.461784278483513
1.2199865686717943
-5.508646793931638
6.524384522953025
-6.4731542814669565
-5.8661131275593315
-7.8733056563903805
10.47674479170008
4.6008640955567355
-4.554283965152002
-2.9681880820029978
-16.843651766308742
-5.524843112904277
-4.446329307513088
2.5332989811909545
-4.663401838125013
10.373113054261458
4.4914402841587195
8.674960012852743
