-6.27552906344397
4.929757811990631
7.823849009106631
2.728254445557713
14.006079639805632
14.54329127365046
-0.17060207256795715
13.388057236293688
2.169843273409107
-8.380178309490942
-5.139417620315714
-5.923492433726554
-8.883700987526653
1.132530737617217
-8.443264478980357
-16.09508258645652
-26.513170626564307
-17.530397983555247
-12.384435484316876
-2.7713297331995737
-18.146774932484792
-5.114284889521231
-18.88272810704791
-10.220745646864764
-14.681530074616122
3.470065378954556
-22.75779205478333
-27.25447594640601
-19.558127514999413
-11.39109974104876
-31.78750335574901
-12.669791414067127
-20.199432773468768
-24.088538081414452
-22.38266708301713
-17.004673626295844
-14.241425112682213
-20.19353078447363
-10.159603880149707
-7.354864467634584
-30.88681132431615
-16.323381267009886
-20.565504831622484
-16.248592149262777
-21.330449978405667
-5.568826589970619
4.7226783671747725
3.9952003826349225
7.546008143436416
3.6182953685781514
16.874953170116207
5.5562927831540785
13.030731569197938
1.2172160206318878
2.3675053386251257
-3.4367722009691133
-1.6053292796636378
3.2965880732076296
1.9869677199209832
-8.856973584455133
1.4996129018636382
7.3724235312709006
5.118162170122557
5.258102971779096
-0.08848616787882367
1.3886068883922165
1.3888623753619482
-0.6029359968510022
9.350744983137492
6.820584887658603
14.806522699206393
3.241974717855398
-3.5756663918965885
-3.1654357256176757
-6.107527556173419
-15.255000485950596
-20.38142089781566
-20.267819790146252
-31.833400522709397
-10.657321871760157
0.16065937445875647
0.438796220199742
-10.235641993400783
-6.732164744382085
-5.895216517985048
-13.12719045349849
-1.1131945437433497
-21.125718985369797
-3.6959949243355767
-12.663627346297051
-5.889349864238629
-1.4346060931405762
0.8837213818187803
-12.285409009815144
3.4013889406072138
18.184812460840412
22.281323559351886
-1.0758499502942769
-1.797527926731009
-7.807947662255603
-7.32970869905398
-9.770257109069993
-9.134437347285848
-16.21659497288329
-10.378271938721651
-16.081279842033485
-22.6603156429788
-31.488501402100805
-31.23521152699778
-28.623325988185673
-15.523121656315706
-19.29343614372683
-6.6960501295293104
-1.359194645463372
-0.3219643597245382
-4.408089507083534
-7.040228275293903
-7.945035507561681
-8.747397103035892
0.18386637132678108
-2.42534336341538
1.9357619738317984
0.9319733281564164
6.410765874933671
6.945758938845732
-3.357938998780796
-2.2284765647279268
-1.339590026783236
-5.863494788569992
-12.356789161123025
-2.1465976280120587
-2.9622772981573884
-13.642780248996385
-11.271977375328404
0.3941578052902708
-2.869867807495857
3.8667717060209847
4.37320613899589
-3.963731727016723
-4.552364279167655
-6.1598590437963034
-9.566682974228764
-7.197390681570464
5.36195573847889
22.09249898927819
14.232967352335287
5.4956602620854245
19.664649110800053
24.40273931345155
10.876726876284387
10.104521276199831
8.103224878876151
3.5329251854586032
-9.158552891825533
-5.168394957940175
-2.023363108210361
-14.310793118910787
-19.293420030309075
-8.6104158006145
-20.83017264279513
-14.475789502349949
-33.369466579683305
-24.535066932394706
-29.252972595937294
-19.95247101095097
-16.9715690003897
-18.018024407875444
-10.890277777160414
-14.348266942395634
-10.950170636555047
-6.34389017972432
-24.560114353448807
-7.728177838661329
-6.065564134768777
-11.20735274200631
0.8062397895969291
-22.149623727879405
-5.472486018453572
-12.79199643877968
-6.2478013529495575
-4.6972486188310585
-9.20921778926538
-3.295334934891033
-0.02301358275742769
3.5918330505858065
9.62374757357927
4.862475545096983
3.5622715910052314
2.0800433187201834
6.04523328533507
16.00531028847725
19.466391932836828
11.925256062736914
6.565405663774669
-5.394983245130955
-9.232890094380792
-8.672026094630281
-11.111065364101762
-7.07393181241945
-6.849338576600295
0.12505302309584698
-8.298166935060936
-3.0954594210988646
-10.913806825908086
-8.841210989396343
-14.443959196804936
-11.109619462271828
-13.991726581157884
-19.71946597548238
3.9344141744163377
-15.150620969847223
-12.206149312941749
-1.3839496141902092
-10.605488918564493
-19.87402513859521
-22.259328273525878
-5.669340682718944
-8.296607205252219
-12.722456072883947
1.0177258056996772
-8.084472732047653
-3.9934333212757176
-7.556596066829729
-7.7283739626505055
-15.739850731242786
-29.04747572588991
-25.194679602614695
-7.2145888780108125
-15.36976875460088
-21.495061999803266
-21.833338199567045
-21.79512352970633
-20.17321096374201
-35.909151672322764
-30.509596936601227
-21.16718331559585
-13.210177407475287
-25.95748663056847
-25.844366155018978
-7.7615012750654095
-9.711463667496684
-17.017589393774212
-31.27611477379497
-22.498278089649396
-22.26590626728523
-15.886019719709074
-18.809707596286653
-22.347626490447183
-17.8656333066887
-22.374037738755657
-18.515351681136888
-13.243144396826821
-9.908401059910778
-18.02222402411801
-0.9187292764809992
-14.518133541729664
-16.307432641017787
-3.199321748716687
-2.299367077980365
5.091374665128015
