-0.505337522657855
5.26447210380527
9.885569087632149
-11.581858494724145
-2.78588917646187
8.455720189953357
2.217548608936876
-1.2424499464448089
1.2410005487629487
0.2569074202267473
-9.152376834740146
-15.625655901796335
1.0303220674056026
-13.535518681386735
-24.80921123409182
-13.266032883751082
-16.31863360052035
4.031442758009528
-5.9777941023755865
-7.783208512615287
-4.597087621986387
-5.703448218474264
-7.2747899699132645
-11.386240423081025
-6.336101676647072
0.04641256551963747
0.8844302643570592
4.806705384634
6.195489482684172
-1.3390221078436864
-13.42871215156635
-11.23318180240929
-16.141098022320467
-11.06368254305738
-2.2008845588096477
7.13431435746574
12.386948608101854
6.026288390670777
-4.8803631891668156
-17.876282406576248
-14.283815795166161
-13.854021627068276
-9.242766742507836
-26.794487194829212
-29.82138209190098
-35.252699684261216
-19.51125475623542
-27.34191533652201
-16.129084514487452
-10.369202381842157
-29.500976784336967
-24.841188809971147
-36.84703520055218
-39.79949996201018
-21.805606686941843
-16.776549283157244
-18.22625329827173
-13.11650360124418
-14.876401678301017
-18.566054968661142
-4.267695598002047
-0.8214545618774242
-11.97218140825427
-10.365127652805688
-7.657919100900216
3.2335871390780566
-0.8478486144111366
4.854001606886127
-6.116195514252027
-11.924080903361487
-5.401868244552354
-0.6560083169898241
2.1480110746432537
-7.4282046457405135
-1.4069205807635874
-13.961575442099855
-2.6143438659746403
-11.126206210339117
-13.654069912139967
-17.077339357843304
-27.82168729537227
-11.942481457780636
-13.065114677276284
-6.224325836667718
-11.145284207209764
-6.4414439893811934
-10.571711772172858
-16.554675477086757
-14.461852950146358
-7.185414894795137
-14.614635021902439
-3.4178046910051134
-2.47791827994254
-24.634110548644546
-27.282839500841764
-23.647088405902945
-8.550076044050497
-23.731894084171614
-30.290128513082905
-7.641690053503997
-24.94775709351845
-19.27620457180455
-11.991194348957816
-9.511681515251023
-19.85487007898804
-14.59561819559241
-25.45072634188175
-9.552193486525665
-41.08537652883223
-10.374775711695262
-11.374538377534186
-20.666324982786143
-26.170094005874578
-16.820590677478382
-20.53463124671258
-11.419177532803307
-12.329538481441679
-3.8790428011250686
-7.530801539092053
-3.532827737078536
-10.348690761264727
-4.675316771555673
0.2691050115131214
-2.70518395123428
-1.5001400971671894
7.453248056757238
1.1065266603248225
2.080958758267374
3.2775075264389946
8.574105628722386
3.932763997157389
-8.283853966896476
-8.189898661954208
-4.479035348844201
-7.762026060049503
-16.000275713972115
-8.574377693141269
-14.151255894791074
-8.668418731727957
-2.9926606967460847
-12.892374203720285
-16.53322542499805
-12.471797810586338
-18.24640101408738
-7.729140846892354
-5.794420926559693
-2.4461928497251817
-7.798247344550923
4.93952493821854
15.097950755820674
7.591916806227291
3.8527228431671046
9.034063639876804
14.637845850447727
21.175465330173413
20.693107552444054
13.658364129429481
22.335851342855356
26.505423655649306
23.33312551241065
28.40673384451868
9.169753624271166
-1.0818743804164284
0.2757406623312571
-9.809206049843251
-7.5069854003908185
-5.6045128646769715
-3.4435440279786835
1.9265942689938
-1.8381764225827857
-0.7922839169111632
-6.5277046434675405
-6.722754396746968
-17.369362611163126
-0.19162153306975668
-2.9190281010916914
15.719767197868967
10.785475550633494
2.9938484437579844
1.4817992455996307
9.171786356894923
-4.7363832887332205
-3.8483464536891336
-4.2578422147297665
-6.009086812398668
-0.17344209189629492
-0.9926365089764068
-6.002124638220818
-3.6518999889392223
-18.511708762445156
-13.706643411934767
-15.720219001654874
-7.167471910059311
0.9379948600665664
1.917756428939848
-20.29482703025675
-19.551991772385215
-12.933050975401148
-7.202675840710791
-18.36610004909044
-3.981214546490079
-5.153569498913416
-7.371217880869199
-5.9227677093036055
-19.551541739048982
-6.886153804450568
2.7793964711850863
-0.06615374244331705
7.372088879117864
-2.301243100999858
12.071744291801169
7.592855990399662
2.7789884505559685
6.078682281403389
-7.0191877573568515
-4.119795713789525
1.4232674499385227
-8.11207385259826
-10.358323517422882
-4.63383820349223
-14.295580858552912
-5.654670667673362
-6.746039342094088
5.670249916938207
-5.733107379261651
-3.7544311613307504
-18.337886930400213
-9.960531388232706
-5.676892329123769
-11.214763535097477
-11.99138914651766
-15.468158471140478
-12.857954134360414
7.1195743092045545
2.101875882245994
0.5620592317773677
11.402121409729027
6.6244668454843785
-1.4531058612436751
5.544837551734357
6.1377691728020665
13.174979497553785
18.47738951646364
11.415012738192244
5.483942392435494
0.447146119349414
3.6704140407162766
13.890917571626428
-5.011088655317327
1.4930173000028069
-6.204235003314607
-5.455905142561695
-7.5630434214245845
-21.490058964008647
-1.7302866768997385
-3.0790031116014904
-12.056536598341074
-11.031951461974932
-6.823702096222041
-2.9184878047935467
6.334871917525487
-12.612205095087527
-8.405129453815693
-4.404531904941528
-5.767565676014197
-4.937503146930028
4.355407627202418
-0.2298660545363991
-3.938372377592738
-8.097111680070372
-2.0823310783067805
-15.558923281908028
-19.048464944042436
-20.86229640461808
-5.794398189679053
-24.15998643605453
-7.6372594681737676
-29.651822197387823
-14.304705350135714
-6.758222502503173
-37.242627851676005
-2.4232849570168584
-8.488089518434382
-3.555835037712308
-13.434934790801153
-16.77941240085958
-9.86519590318008
-13.324698472744027
-6.544575542273312
-7.432177068400321
-9.916849713454264
-5.813402497271129
-7.230854583035969
-13.54037324727541
-7.0290345383195545
-7.619638839270783
-11.233766068823336
-16.739894063394356
-9.833715914470996
-20.611725819322515
-23.2318159341674
-17.97068784285712
-10.092114608211867
-5.505428637667447
-1.8132769809079503
-12.244479423739099
4.976639873621385
11.333957760104704
3.037596119198551
-2.288302451040812
13.7865279319264
11.441720955369801
6.3552064781307145
10.310466028502733
10.795133945879837
0.28915559184911177
2.525636201326165
1.4902930320550694
-6.355215776698532
-1.3349526139722452
5.243428189820329
-8.123095821340264
-9.452675293807133
-8.848924074063493
-16.132086877113633
-20.171838786223
-19.621484469579393
-18.387853859399925
-29.25425248013532
-26.574601485957665
-15.976654627412856
-24.25329018833834
-19.060928301341892
-24.15587247672818
-20.80490671920764
-26.341613745054822
-21.470291385029775
-25.257379723950592
-31.391719076733484
-9.343226732116023
-16.158036171947742
-21.015259102864608
-14.861687138013465
-0.2581239834921624
-6.81605349896737
-6.081632124557316
-6.134442584159122
-13.083271697458382
-16.32030226384176
-17.891461742093373
-20.399415364125467
-7.592746741855391
-4.497054568813285
-16.182791780994904
-25.584376724449807
-20.577072409511164
-6.509787137459608
-8.101529487761384
1.3460131434862246
-12.651794902708838
-6.147554730294996
-4.724824843432189
-4.00948375706142
5.006701392722749
8.434438442710759
5.249932542981399
-3.1537376413854803
-4.392773260577159
-9.907571416608663
-10.448661052221738
-10.684959615734767
-10.289802631649957
-6.054790785769622
-7.030626328837233
1.6951996592974732
-8.211863318701699
-0.6234465076095916
17.792261858292125
17.70488179663121
17.357631579580982
24.691129646220787
4.832397056682908
1.0240281186870883
12.325930409158088
-7.004742570227952
-9.835898115789279
-9.69796867521336
20.854055424858565
5.860178980301847
9.408000710362217
10.340398080275456
4.926548958145094
2.4654492083385917
12.416940182232326
7.4941550357210325
-0.4586830957963876
5.517264489494864
3.6806562375070313
12.052260854150555
3.754179135321032
0.39276588438017423
-5.677322648775028
-2.5424795693442146
-19.73463993296671
-22.056694684555783
-28.976161168540997
-35.39904027990401
-32.22472471649455
-28.664558115437234
-18.048886429699053
-28.50431402380084
-32.47760223769147
-25.60605380600022
-39.13919439065918
-32.6434419400673
-20.27750415856853
-31.17869202928637
-28.487203410097194
-20.690153720046414
-6.583924060486277
-22.54838984966541
-24.802366081300825
-6.720926884380468
-6.184606537513621
-11.708608524690554
-9.09180283240244
0.17660778197626426
-2.6738874395497434
-16.925659623591347
-4.6757839830604455
-2.5200871140641987
-15.193782117283964
-15.690379832519172
-5.048635875422129
-5.605949054135441
-9.873312102776106
-11.510000739863264
-23.379631879072036
-23.289256732303485
-16.97367766657635
-27.82368296920055
-21.533236316885986
