14.832884927228529
5.276397489155691
13.875487432336707
20.719830661500076
26.18707601220393
14.253541915202794
25.80941688627982
14.195532230142415
-0.9286970835178886
9.504472379202397
-5.63561365854
7.1049841659437485
2.0109173847047583
-16.928049573225433
-9.4826248776641
-4.00516112868166
-10.32764767818668
-21.6842894608146
-22.790527046561852
-24.688461593844128
0.32485464121295804
-14.724373856539508
-24.16884054776125
-29.0384478798808
-36.39447118768353
-20.648946969769305
-16.295614000806378
-28.763267494830316
-21.764252055085144
-5.459848507322239
-19.142462616470603
-22.426874412019373
-24.00485922216146
-28.062839081759197
-23.857008403296266
-13.375747726909115
-17.78929255018329
-19.014078846108326
-20.110762179128773
-23.42317090002492
-23.710272272768012
-16.297524088421827
-16.224649678058903
-5.600598515267688
-1.2651634728614791
8.771911163392495
-6.531413217990444
-0.9875319022171476
-7.786423988191433
-12.622978238119586
4.576160199152393
-7.172350134388621
-9.089033136881326
-14.19685276020036
8.146160871556692
3.671334448655686
-4.631417239914763
-2.685898839401455
-10.969122801323852
-13.475461511820187
-11.302243377766633
-22.254281393603243
-28.846955331565628
-14.213020916887649
-15.855184346084519
-10.000089171175283
-11.367264420789564
-16.70061373064109
-4.526051278696566
-6.603872684694654
-10.296504435634855
-19.902855816560297
-14.011250082724466
-6.780617510505193
-12.4540230236074
-7.192655349860143
2.8692938841558675
-0.026782490824679702
-11.258275001901168
-7.27068783568894
-13.652411822714269
-5.19382526129837
0.3843959221769269
-3.388095672250768
-1.6600010330794608
3.7830909972378124
2.493285921742864
14.27502808711304
8.826534423248257
2.7377039899549707
9.122461997680572
10.09603267679945
6.779526140518546
10.938703820328607
6.046688893236518
12.346327618328116
-2.2231379263879227
-0.2607130441914885
-0.7802623073205271
5.061963943664003
-2.277124305282073
0.8223848651996456
-13.477610722747489
-10.173019988114048
-12.014478477545275
-4.792009582063477
4.18150470722185
-3.565898024908709
