-1.3500352528527335
4.64851286259681
-1.2652550253786234
3.235280749246257
2.448334058068623
-2.5393663232936183
2.9788604842768316
-0.8001695641106866
-2.747765216415869
6.977495982351312
5.202593778889144
5.733337214814673
11.863070202400674
10.315784000963612
11.099148255782664
-2.0817791384772466
-3.5141562475602925
-5.458458232763269
-3.3599385154318746
-7.353084107640915
-15.389950497271395
-7.4606657189267676
8.168919005986371
10.649301922917358
13.15340336764811
13.091889779139494
2.1015154310440565
-1.7028526393931454
-1.0022349125837888
-2.9590283075522463
-1.1549811881602503
11.212937991212733
3.3960439092790464
9.185148110571438
-3.877645956991609
-2.440877369307397
8.151484291789085
4.61140950907
-1.806976899328488
-3.8129182197788674
-1.6887014833025773
4.793378425096932
6.231830190218072
5.2335388727626535
-4.826299566649017
3.5113222176827024
-2.5801059943803555
-15.427281785047047
-4.847882897283797
4.440656223511505
-3.959725917631955
6.050533822263214
19.03693390066165
21.890695355551763
12.850108348385383
-4.861760881308915
1.9178255099347248
-1.0285266529884092
-5.042966428761557
-3.904873524119497
-7.9923232252460075
-7.571398383638447
-5.567959083841597
-9.296564372490222
-6.051090354569904
18.439907302523373
18.60279895225527
15.295891005736802
6.68814517438197
5.666882967715641
7.330775138451918
8.483998035153844
4.481270768225042
5.195197869724719
8.863933213635232
-5.091036928542855
2.8048277296089057
10.241293843882458
-1.548511673074784
6.3329299606486416
14.677020205355904
5.548676747890523
12.34629295289635
11.223215318781682
7.4856161001644805
6.244350824754188
8.51313842369971
5.640835388817212
8.981175832267047
10.405782050215457
10.695978365302118
-7.177838979009605
-2.9122900927556117
4.0280602891790025
-1.6324966177170699
11.172049814297598
5.049315662332487
8.547687100360998
19.905057077013034
19.265353142778164
4.224708177465294
0.2170777304851029
3.5743809746637583
16.39176676477102
14.070429227876518
10.480640855815617
13.112189761366544
11.669744316692428
20.553255621257023
19.54167994777514
29.24888514173234
26.39107379137839
18.51205048035273
8.537651537291584
9.521325145010556
20.05742722670289
8.882291613394488
4.738362298866512
-4.129527481226625
5.3738111851512524
6.682886817910668
3.018224782548904
-5.9613300731378684
-6.405305185280707
-0.8321410887090281
-5.336076631892313
-6.192527921311686
-9.632211087142533
-0.9684105718795132
-4.889074327103517
-12.531638384492268
-10.89045813106843
-2.4068248503011143
6.569320617685895
5.234362523821769
0.14004736290879993
-3.4765186407847364
0.7023254969225363
-4.498310837213557
-5.9903782212205945
5.479487295490554
4.721732654544956
-0.8518001733505665
-9.985255258449612
-15.594216079815832
-5.384522695060941
-1.8800821069457732
0.5044911973813364
-6.7655518799561385
-3.1053503553752164
4.651399646608267
-5.099569657530068
-7.415412195079744
2.1088633885854997
-6.912153013228383
-6.541452762350835
14.762203328729688
4.520964638179881
9.286790212037108
9.99952590733465
13.988401626526215
12.17984899095231
15.109166006245449
17.13712958864644
10.783529647170763
9.147448010983014
9.741375738968623
11.664949391768975
11.205347069629461
-2.9581420146358846
14.24254604233292
10.103076283394458
10.590354738184434
19.201707248429386
20.62147623476148
19.294021665527037
19.29668268766036
11.519946998954625
18.19778687001137
11.500926013984948
2.773631843826176
7.831226442661048
8.491353845633354
14.371023252361963
10.276467776448976
7.559751698932314
4.9767483725822
-4.330115655940875
6.027670837613948
2.0611830918652285
9.289533747998757
6.991227334147296
3.0219208357807643
6.626804454370912
12.67751399432624
0.18706284715045315
8.324874613895629
14.713669915873067
8.05413157604107
-5.083906612802335
3.385910637101325
-7.759840752754888
-3.3609676143690383
-1.190796305672561
1.7615714529192317
-4.645895221083432
-2.7184812004685805
-5.9374781930344875
-8.166759001387527
-1.8186456725343585
9.006846959912416
18.934828811958283
12.099762500823735
16.137495279765776
13.188689975608616
3.8848750597375865
22.489359900480398
29.768253166425172
26.25372984653221
23.07461971318975
12.696805434532696
4.712409345042998
5.979647226057445
0.2477950574893465
-6.60045573296558
6.298802308850924
13.941101373337068
9.317107035976235
0.8769419654119003
23.97193991576675
14.784536211587252
-5.0393118448993555
-11.615999356410693
-2.132070172694157
-3.0463602888503347
-8.91134046994416
-12.734832605139458
-11.449572005159455
-18.987891929000074
-24.796018429166317
-17.861176777039322
1.783422361930852
17.118644813781177
9.35778454351616
5.841306575671057
4.393179678965211
10.730936705230992
18.09558417576768
13.540278922715466
10.557308030125172
10.395882463080596
12.182675714886123
13.9827639013626
12.403998466385506
16.130250404960748
3.4746279208180124
1.6573427497331137
4.31000030378109
5.110364868845177
-0.9755157045274544
14.660320791312234
16.579557165086328
0.8570684291196031
7.833122371322485
5.1052855815715725
11.33243171683218
8.703812151039317
5.561740213271352
-3.0815820335114132
8.088257540235247
-7.48480727352857
0.5602095223224075
-2.8410810309390477
-4.07120350842132
-1.5948567032215926
-2.9032591871749087
5.159620230335476
-6.1638771701361526
-11.932713884753035
-8.198705620801235
2.1540043339586057
9.691522941330645
6.4747441445547915
-4.3769710646588695
-5.48363983071858
-16.27945401328254
-24.13242924570101
-22.475969631798858
-22.466726577182868
-20.771788950813477
-20.971849173417073
-21.23022879210146
-21.41571397829149
-12.297224146103165
2.410110237749232
15.437362172454918
9.368038889051762
10.364113818557968
8.729824579637057
-3.4113179716659583
4.715088297569752
10.454758206063893
6.139914192584013
-13.960477091953946
-7.1736968402078425
-14.830934166041164
-17.283591395649257
-7.795625804173291
