3.409117078576045
-2.470141239692552
-1.0721764001804188
-4.370356957042313
-2.8166139024344266
-6.539820429301003
-5.368279520203818
3.598118343973731
2.9821302975410915
-0.9600798087701338
7.279090001821934
1.2330228796531235
-3.1608261406928846
7.475520180840894
-7.826061926425644
-7.84801710655285
-16.586135982159192
-14.676019158566449
-16.568454258422314
-9.94407339450168
-8.484228371874249
-13.177701808141945
-13.407175236479688
-5.209985812826968
-2.387839542006854
2.896635350372895
-4.556961433983704
3.4021588551156605
7.054505909237952
2.9708056372915483
-9.845370915310994
-3.5140224463019103
6.292757143933665
7.276841242763674
-6.144636836539676
8.877560027969462
5.377466272070816
-4.11874278172734
-1.495866240596065
4.613980662806318
-12.568515691968312
-16.25283036944148
-21.77514109261549
-10.735908700505666
-7.177592137884168
11.011511802561056
6.573962262980479
15.749302094118885
11.005926982757789
9.52951839784369
4.803657581662034
-0.5126200528786108
7.346467947494968
5.03634518836787
-2.393673446958086
-3.5216770141843514
2.796742288285542
-5.298677679749366
-11.226869452172382
-8.621243245383189
-10.868209561163162
-8.618916273592866
-13.704027113100338
-7.138896114589159
7.919168239267923
-1.3323364710424443
-6.184499736977153
-3.0482726023719624
-4.2563970434040055
-9.220197011460787
-1.7395658149241957
2.9616255189815344
-7.7698011357024575
16.183160033234767
19.37276347995744
24.28490035781869
10.197978546460917
-2.170130498951289
-4.742764983262358
-8.110337632692465
-1.6718221107072395
7.538592872623651
13.064885293981085
15.21734183364202
27.225079360568852
21.66928976668513
14.896036965583313
8.644710845088673
1.6780513466017477
-7.0473047813807055
-10.625348829153726
-11.261349498769471
-9.121621754697967
-10.717250713125939
-9.279518126693752
-2.1061201662223885
-9.900104954792905
-16.757031095760837
0.5664346110366424
10.85529299332783
11.436632714358046
7.8380103478231105
10.129907619309268
-4.5520111879977865
-3.5802384528542763
-4.316119694886456
-2.4896589012117345
-1.3619039135923867
-7.114089759745325
-17.367848461971384
-20.28469421025185
-18.28988021802859
-10.595897559185712
-6.767746428636196
-2.328550373982163
-2.302527534139214
-10.73762045291877
-6.8260350941897325
-12.597706444192946
-11.638937294972758
-14.199667444803273
-8.498869007163911
3.8385847332296272
-9.330254984467166
-5.8585033882278905
0.2660302816606382
-3.0135738453486227
-4.851670630433596
-0.5798010445415018
-0.6144596520090094
-2.058652849798201
-3.2109439478532655
10.023768571543034
4.630396895691527
-0.21174412497870265
3.34260157778554
-6.300441556031753
7.094343699607786
5.5032230954988215
-0.7734290613053812
-5.791880214297122
8.520180524443159
-3.3298660854871165
-9.24902810910478
-13.974684658548574
-13.873279030543358
-8.1921641841029
-10.110002578767805
-21.06939444480366
-25.110197406495985
-24.45243049311993
-21.374717783368517
-20.99401754288792
-10.97597973897846
0.9440261537442056
-1.4762837133927178
-3.3052955437776887
5.432217518038557
5.412567055494425
6.680796898222486
0.06643255700339959
-8.791134962194338
3.986822095184996
-4.688546513150425
3.90480359009931
7.9786877306857535
-12.635604099185569
-18.50207488464069
-10.88048078227173
-10.871648323974282
-9.083592754916873
-2.872847128870056
-13.659963785636359
-11.320654814740093
-15.531321466942506
-21.749632437972775
-10.521553225251862
-0.07801067715078104
8.837369311062403
16.883916234314526
23.055470378279967
19.67958564476282
-2.9077749066218312
8.628723315562214
6.254320499378195
13.186186584434152
9.632001602817665
6.9272896767796315
-3.646643729928309
0.947731896931446
-7.9707980919530925
-9.294528614701852
-2.356180686276041
3.9967226599869607
-1.1475214387244521
13.511171742455351
15.45482170723042
-1.0970745778859854
7.958377899836386
-2.8621854691921134
-9.565095037431453
-7.529772436159027
-1.0302482990005593
-7.7175851498018835
3.46118315329582
23.887450257447764
15.330358213880146
3.760924574461872
24.54325474240329
-3.3101691779254567
-0.3525999928284617
-11.487649761638313
-0.4271401491321134
1.4342147257531257
3.4706320331872105
4.737732039525205
-7.395285976801658
5.738019856625888
10.089318438039095
13.977245707326258
4.740897523607873
4.9288079719753135
-5.780458620238446
-14.108206204256986
-8.931052858138063
-7.207390973445243
-4.661535872536046
1.1376516866968265
-7.0546197852142924
17.530889890660664
16.383116497649393
7.86806157872252
22.696695159747748
11.124584112073915
-1.50752389934705
-8.301266199708081
-1.6422690254854864
-8.037153198998178
11.090302674503546
5.418658308445886
9.943738081842904
6.888890121155952
24.5825802213472
6.432107068529384
22.260901085978126
14.980320260910235
9.740840072174652
6.1692270003836445
3.075030250552558
15.143982116940215
8.98110467489489
12.330138668813865
18.101559528649737
15.240849927795635
9.047826482331525
16.3222010861868
6.460525793522959
6.414603974390554
0.2960961271138005
6.513047643348776
