-10.776170165580972
-14.649962982905187
-9.774118297657584
-21.82522809056468
-10.931167613139344
-14.670524822744026
-3.0500157383203947
-3.1192119430789416
5.520061050711875
-8.84497505933285
-7.037023811316861
-1.6287344915671054
-4.675376740768829
-8.458499327877762
-6.486360151289492
-2.207765352602381
-13.723045546943226
-8.433440132672839
-7.915766664416173
-5.659146947017269
-3.742023590402448
-0.7387161404467687
-14.863430347154358
-16.89317567214114
-14.467017024815481
-14.029326498157964
-17.869757749392452
-13.911211274481126
-13.66816123182339
-9.728885145503313
-9.399521751208958
0.12504597571791845
-1.6525781416605856
7.330359119438724
0.9106190586791864
1.8681169868058007
-17.717566476536568
-20.942631142637307
-8.715540385276757
5.2254656977414085
5.028432246832881
-20.40796761955034
-20.980277701595842
-17.277678700912475
-14.65630769404839
-21.421721161186408
-23.25390506265017
-19.191632067855267
-16.423048734034378
-16.000354572816306
-9.978483558301368
4.707318295714246
5.9656211692092525
9.315270366181917
2.5012631557731964
-2.8059280030721023
-1.0131146493219694
-3.70172389834972
2.6212884406120907
3.8945253005788203
-6.234907579804697
-2.1159314218299587
1.0493384728742672
0.2586121711342394
11.310495983085266
-0.3496721783319103
-0.266907715497855
-2.0146962263206185
-6.018193966248866
-1.8887313274688504
-15.356115510479764
-7.578612700689926
-11.765473582475993
2.4906916417780427
-2.6091568368738254
2.973678747724519
4.822746464481268
4.859953713868395
7.3863372800081555
8.287359614343194
8.736551072335521
6.831431928766662
4.993857740748378
-0.3506022278289627
16.135155355977027
-1.270677650855694
1.6334415448751425
-4.7404770776092615
8.396903987460611
4.959013843534347
0.28539454023974703
3.2962848069185435
-11.094945544686038
-12.21890367081938
1.6611857188263217
-3.696930853392332
-0.118009856219064
-2.3068809096017793
-7.766563725191479
1.8881843085408079
9.618481532211707
-0.7369239464086195
-3.1390943641474114
