19.661998169443333
4.8875259935618605
11.583994301899347
22.384322339845237
17.934420949376694
-2.1071642657138403
6.49336097608058
6.391584396103168
-7.719590522402348
2.2550584210855047
22.88373537348407
5.486597164970823
-0.9714164088036784
5.874770139771115
5.52960023013283
-6.717690969994179
-15.072216558232999
-2.046979681835441
3.0772078738717235
1.1383266355855692
9.327806527263661
8.22471653007001
4.813141789559106
3.818810088042993
-2.2381728052447896
-3.183044224275977
-0.21279635279348225
-2.549845970013453
-6.590749594487376
0.8358024042033592
-5.140252267156722
-21.838002537445227
-7.975265116812787
2.2406383803957364
-8.53357893626095
-1.3048363280662991
-5.021873073828113
-4.221845941037665
-6.903481636811452
-10.158005606787393
-9.720486628081037
0.2931961719362536
-4.884741281827954
-14.857722504335413
-0.6925112162418752
-7.590691230587346
6.299097534377777
-10.24123216227711
-5.067377120661554
-6.508567190868097
8.543998982365801
1.5872008757608496
14.14826040215717
11.954377209695165
15.04699017581415
9.717756086055537
1.951343509420396
5.127567623995043
6.517338485083037
10.429873885211496
8.074247066733667
3.377068218452322
3.767651338643098
-1.9406747993798736
1.5159670438380743
1.0623398892314941
4.869894864809748
4.2215853849454295
24.96507014606984
28.990837666238946
23.847613450602374
15.00663641096888
12.321106664072941
3.31802466473711
9.100503521682834
19.195875574202763
20.461203103840408
10.107928041647687
13.159201106246927
20.411792841266355
19.439535315532016
19.626070054659746
23.50233475398107
22.430261882407606
21.846596424936102
12.671680529975927
9.325890733852505
7.805473577409874
18.49353376142307
15.962609231021895
30.65384632407986
34.97455412670471
23.98261133064622
9.75889692886328
3.4853807374172217
7.5882049979372415
5.361652628169101
-1.0481086028162938
4.902817926087977
12.289521436987537
1.02623303946089
-0.6366398615730544
-5.654228276495268
-3.687844285611444
-8.37210708085529
-5.0945393164185475
8.041982861385256
7.658922321156242
-14.490401417317354
-18.75206233215245
-11.406016281757289
-19.647095923351152
-3.726745649767905
1.1267011329836445
4.655443037324939
2.6311196500385137
3.4827306226186088
-1.8290599496144335
-5.102135683725677
-9.731048623648377
-3.2666143405905794
-4.3390327913633255
-9.357472656882633
-1.4797769233191698
0.9851312455302615
-3.2113219653916474
-9.519898230452089
-8.592716951171257
-6.4995414444883295
-2.5778344884584263
-6.223767031003123
-12.799808920804882
-8.053085854436985
-8.449066768809246
-5.699611022502746
-3.439375353064623
-9.285833367564807
-15.852834114490724
-21.74249893585188
-10.779966946569193
-16.015255071952332
-14.179329442670916
-10.716183941860841
-6.514437290444187
-14.638832331521506
-15.487583078654046
-12.97816588831252
-9.130757075880457
-7.8402439014835075
-5.5766864847865385
8.079458120995172
11.601548627589539
10.600929471446657
1.3860223392129505
9.08969194512162
5.890643470528947
-2.93376978245678
1.5402032575256377
10.389195197067918
-1.9263080424685404
4.547875795838191
7.357800567154954
2.8359478563837848
-2.2250704226733355
0.94143095501216
-1.1955190878180095
-0.8560165485143714
-5.906882015445143
0.9801734669473724
-4.435224255636661
-4.083223068743298
-12.84566322532616
-1.1828651849193008
3.8303214122430265
4.1451408206542935
3.440875944258138
2.2663151524079423
-0.04464194442976478
-0.5270665141552866
-8.235795934655902
-8.323818953916536
-9.306168411529786
4.359286603368815
8.39923633402074
3.895788366718668
-0.2629010855404394
-1.5565034385945338
-4.873808835046058
-2.4416761280201054
-3.166896101462301
-8.839788048544133
-11.979943740511567
0.2273694181659237
5.598686552673182
7.387962232141438
14.286255007116635
12.99625188451316
0.2901465030100105
-5.2708239134641675
6.019341664531788
-8.92509722246209
-14.779338188715409
-10.121012890400877
-8.39635252557472
-1.7948361088464284
2.6612183383897348
-1.9667530696415136
-8.497230864642464
-2.139441717363249
8.7988922594189
4.8709388038942985
6.922179480515302
0.05039420479138312
-7.796748159752567
-8.765637791398731
-14.752629488213936
-12.929452268219045
-17.92505970573902
-6.847869753122875
-5.758610045365919
-7.501214540245132
-13.453735031167616
-10.492329780436263
-14.696271852934439
-19.05066821132295
-3.9855772887116903
14.941289212947025
9.843089173911503
2.8452991350110466
0.16202693163773954
-1.8315709227008157
-10.158376474269287
-8.270783279810562
-11.986573908605244
-6.551593720577848
-7.001433583863374
-7.772612060439374
3.598748252348104
-4.777648915841676
-5.999433414521432
-15.390135542682648
-10.575225320846464
-9.240578312520256
-5.556830757553871
-9.47950419612782
-8.3931502692068
-24.267282729306945
-16.215845081751254
-16.086844648881097
-11.975963849724453
-7.799216524000241
-21.025914600076735
-9.967634006308673
-6.194483168437863
-8.65493203463956
-7.932549135235848
-16.19719540748432
-3.3899088820128385
-12.742122930198779
-16.31897028372928
-4.93682495507177
4.039822477812551
-7.723756520283793
-9.551438000338386
-14.02681123576672
-24.31107259701807
-19.693750097932405
-15.565077907296011
-20.583754106734144
-9.842334629726992
-5.821909552375217
-0.258611395209183
2.096549082509921
-0.5998480159140117
-0.6508268214908949
7.332946091248591
16.933693452663917
6.774896390486653
8.097595024521818
5.0969689254987784
3.9606048209001288
7.737765810822334
9.450446341789707
10.930119209731954
14.146867362938199
5.764615900986018
8.57613218995594
4.68428457814231
4.330770477190521
-3.4111052909425754
-5.0464632417516055
-3.831016790769784
-3.0126840546180516
-1.5911617335093144
-0.7512515511821142
0.02852597331118774
8.077847815919291
7.9597205964594995
12.546852776579941
15.04008851388779
17.43769493351709
17.30661236287671
14.371755196866278
10.36380905334009
10.16970716034526
-3.8874716790599115
-6.481295991940581
-17.53789135292677
-9.887400844293783
-21.45188768833572
-19.329208783866317
-10.427087082650738
-1.9060878710503844
-7.615629601484863
-10.186799086999628
-19.5693508743657
-10.998906973916876
-14.395940142743912
