-0.8529829297696021
-4.016694348813776
1.639777907899859
-5.246467920859404
-4.478748958174343
-1.3402084752589265
7.971612699144508
-2.011849814195893
-6.140253371192415
4.273687599808961
-9.916255366535204
-9.563351512532442
-11.314909603894119
-2.9286487209987633
-10.424048352837296
-10.501472964326851
-7.227691954600535
-1.4906117198293638
-8.436782858575567
-0.5769274277168955
-1.3327126084272265
-8.17309782977202
-17.03826292413503
-3.0675295558028624
-1.1134687813389663
-10.608559589975666
-19.366212161512166
10.675942755430972
-3.3684046852489664
21.537987288929788
12.193633179238464
3.247724873517873
-3.1470233439727444
4.920567708769544
5.9277247891050795
2.4213324595619303
6.8135009909219
0.8157822926319926
4.0185727349887115
0.6541589219168644
4.601444280261375
3.026819538018226
0.8439082541268853
0.6074942056332432
1.8963103840286768
-10.094383500368568
-10.470131485008789
1.0431344194125771
10.98664228365645
0.0767990015463484
-1.9856113814860563
-8.850984795753476
1.1513467185948438
-1.4136989653073662
-7.333449182317056
17.42763346961877
12.663727188322067
3.8828662625803614
4.998247505270959
6.148694174592853
-0.1119943798285296
3.5500055610663583
1.9491046821306788
2.967511751201853
-12.934925318785545
-5.547383988384805
-15.260162006604498
3.6882549818298567
-0.27968285745295995
-4.5608105665419405
1.64283825483544
-1.1861616700925386
2.7746683007244237
-7.977857658430122
-11.033169098716526
-5.744058757619778
-5.049105205154917
-9.01639087133539
-5.926714161043456
-6.366772763668925
1.2994846353318512
-1.7261453123154082
-13.896593736458952
-10.859125923789334
-7.194825663376409
-6.376772234949802
-14.199395016829335
6.550450459626807
7.057605168743584
-9.322299276914872
-3.0086653037055333
-1.0735909895262044
-2.2231516874896817
3.862260521085892
-12.146741923758569
-2.5768018661264183
6.3169531745437215
3.9315507946653288
2.9390366453414343
-11.524298755145098
-15.915681732551727
-15.291192384903065
-5.866259344899709
-8.578472442339969
-12.549922927992466
-1.375506891200537
-1.6690496795818726
12.666296285279687
12.40005589523802
6.932001885701549
-4.832136414297748
1.7644298027698206
-0.7486258261300763
2.5032481775092714
-3.6278902372160204
4.494310955694611
-4.876632959920711
-2.241489081036937
1.7648834751886298
-5.171678223170494
-8.855141822467415
-0.6469270170994941
-13.810449582647244
-1.4473184674657584
1.04949653322683
