-18.707559932448284
-9.965091097925876
8.784365482577787
-11.428829924212348
-2.038362986183254
-0.9020019318174946
-5.084830874136034
2.0341107570264416
-0.9790047773262028
0.38624619468099336
-0.9214286304581434
14.408584929515605
1.436780814405032
9.186755657503642
-8.144574386038359
-12.473445399694018
-12.596754734262994
0.2878972757799662
0.6492582031135131
-11.574007259989095
-21.223282921832077
-18.322302710162607
-13.792165451949264
-9.091394895143507
-13.4682383003297
-19.30636635073252
-20.494426399921373
-14.326864261931451
-12.666416900002732
-12.903141069578133
-20.88137775847352
-16.855939675917075
-20.657249640687205
-20.31409385283456
-15.809087417532805
-16.851932110394213
-6.313233111463732
9.773321571648102
7.106004706708129
2.180025059540419
4.055420627528519
-10.559247417631967
-9.314141421905363
-1.6753905402642932
-1.5204781606272575
3.1058509200678253
1.781363304646576
-11.84109525773558
-3.860028563588447
-2.010817146480905
-3.017572583915919
14.781717797960699
1.3286243020643569
-8.615211552066993
-5.751825372124403
5.2377522594854495
6.264858514312134
-0.9550173678012042
2.7793027898702323
10.1921472629574
8.053013324050042
-2.725316896130803
2.7716860500319034
-0.5335397717753932
1.147463362543738
16.091833676551644
19.748116833191254
14.265105793313285
7.24051459828901
6.606101159789255
-7.392991590852517
-6.2883741441711125
-5.9714834452009375
-13.041674433321074
-5.719849341908826
10.489295629950725
14.432256356989331
16.11547083968892
12.334855341126154
12.09282704411855
13.528110890217171
3.9441190469516663
1.022210547738719
2.646608661887317
4.660848508290972
17.084999158346008
22.184751187921528
10.937384764860148
11.405677482874445
14.521741331625595
19.75858161215873
13.828984257401588
-1.3930227887099242
22.3339801338652
9.283077719432985
9.024660392716099
14.60684757805556
11.872224717389212
9.701753584828044
11.405547220274846
6.021074269363597
10.516269726158068
17.939799681628358
15.480918498782437
9.338727057807498
8.129377984217507
3.780321757793247
5.902193448483128
0.7875538003378333
-0.9201341229642036
-1.6469082880954822
10.626651576270103
3.2131422418056466
2.8140857451422523
0.4806759481947148
0.8514539689104333
7.915154408077202
-1.2498201252200882
5.071008528494974
5.331858150700217
-5.030137039454557
7.0421951940578404
5.21426188302884
10.364561385250227
3.6690134424194194
1.880868730147497
-5.110435402660305
-4.160730839782855
-6.834961295583272
-8.389035816017374
4.536463011621202
-3.722020648579053
-17.049791799780458
-17.73349804033917
-21.441945409982726
-6.8102205420631385
-16.9788015398889
-5.213158186533343
-1.7043174675643318
8.536737417996033
4.630429190184151
-0.97195104474868
2.530749689462516
12.113741702041436
10.27775319116927
1.2940498179707631
5.434206299278761
3.776509438057479
-2.914601209411908
-8.547330341204189
-14.714619367172597
5.505931095649671
-7.497680055255034
-3.842100689970253
-4.460386323162192
1.857540784248148
-7.6063667910987585
-9.164020978144544
5.25322314413036
-0.3322803670280624
-7.377737614650263
-2.3333134807615137
0.4377781694694481
-2.206352874913617
-9.469245382947964
-8.584778930881777
-9.252683573536741
-2.7333864855039827
2.0654963440379968
-10.341612923520195
-11.991582740602073
-15.618501569447695
-13.052638537082649
-11.436747741926832
-8.481637623685799
-5.8623001166414905
0.4741168343164007
4.864781797969428
17.5150484529934
14.632723412046692
-5.229853741505939
-17.61228878726104
-24.100015385793892
0.3332017487439823
5.479802058141033
0.7706160613303946
2.8186298704064328
2.815420917602732
-6.16011017504307
-15.695618344360307
-10.977935785632914
-8.167007879577485
2.1095043180174504
8.992206217072898
5.747306180917622
-4.317137502160412
-7.918599330254853
-9.603012314064868
-6.901024379700559
-3.819196004190673
-9.888556767969158
-16.82534893932097
-17.066499296471154
-11.353678986487319
-5.881888764931138
-9.771107913436607
-1.9490189616134248
2.1292900329189104
-4.811276635353247
-0.976080231496248
4.0675832190786165
9.173038618386627
-0.8069337578546079
-1.489061659223369
0.31085243952313096
-24.8040119274895
-14.486584142230015
-12.022250817283533
-16.296807940687653
-18.46448197088795
-14.549027732011005
-7.070500703569032
-3.045034711578422
-2.5145885732249202
-4.2877478006855885
5.539235651272217
1.1197926646989174
-10.34103710111166
-6.299746863718298
-7.775085061024057
8.055285163887964
3.6890841779501313
-5.05647950335266
-10.096298642478297
-1.1433602886037892
-9.510467322093156
-3.5036860553721327
2.66201459035582
2.469526293129873
6.611315134883985
6.72251647569562
11.125972771295901
6.416416116612173
6.642083299480258
6.421550918052847
10.056003000880317
-0.20345427666535232
-6.8167861772981935
-5.2862019396216615
-5.044431232893438
-8.168912751473437
-2.24139920670516
-14.727593180310425
-8.27292295719785
-11.738429175191767
-3.407790990222193
-16.020230918994404
-8.06395066217939
-19.688721311695176
-15.484852748364565
-7.615509117163565
-17.225760756399755
-12.410563518468106
-4.554724235493459
-6.730845960156522
-6.9909289916761415
-0.6018225260889496
-2.5286805600226816
2.2233868166691084
2.966366491133558
7.290457142002156
18.341433564869266
3.202701203471292
-5.821140519408536
-4.64214054278242
-7.314173815753906
-16.73450952138073
-5.963803165574273
-13.927786640151256
-12.09155679972265
-26.94493051935634
-4.330457326811005
-16.750072153390775
-20.187002652104255
-14.685961491154922
-14.739654231300811
-8.104821548034861
-3.6837809818970753
0.8140517526999381
0.4143938944035126
3.5373217794924083
-4.111521661432474
1.6245335703713313
-11.771607469335196
-1.7601661350781217
-9.161658514475695
-7.987579123753301
-17.137325158413773
0.6284712396326765
-13.402776580624838
-12.800759887397305
-15.790918526108953
-16.587384968159913
-16.954235346851462
-14.489023987728796
-14.41440591049102
-17.01963918685415
-22.397389078272077
-21.51789449263189
-2.7881871971646346
-3.3871876157060807
-1.5515160168393956
0.3394588680242767
1.5096796954351903
-0.16625198878853426
0.9562913448918056
1.242245220133533
-1.882932879181296
11.478162123120716
7.194964083174233
16.772750206809835
14.397928247020795
8.791959861397409
11.359078790216895
12.667464910686665
-2.5077856436427006
0.6846246126299264
-16.158836460449773
-21.611416328630604
-19.48147181406076
-24.152233875592174
-29.903141427059456
-33.1462911321357
-34.3428080290918
-32.33977872147533
-27.858353737693363
-17.20945507146111
-13.883165952373895
-20.347023089223345
-25.447888072567626
-20.61654693793491
-8.027561096748089
-0.5105589304868771
-2.0836848506340817
-7.384676645730321
-4.933589327300599
-13.25569818633684
-14.186976976929786
-17.464542230480493
-11.876982658842405
0.2575920153019664
-11.052150175330512
-9.879870648721774
1.501635364725049
4.519683022016331
-5.5964579086068085
-6.633019693781602
-14.281434353311534
-8.814003340336162
-15.370184404656305
-14.075711724077955
-5.608845954675235
-7.123516479748553
-13.246882813702712
-14.027042102490668
-10.938425056408501
-13.727813199613635
-22.518477997622018
-21.501018931388973
-15.205079410876706
-10.982913597230928
-10.541817432709855
-12.754563129734533
-11.209909751019213
-6.153362181700912
-4.407271745747586
-13.624182295157109
-5.111729433584858
-11.460125959033663
-12.65340119986721
-5.088955143206408
3.6304536624930384
