-11.761518242018811
-0.5081394780704128
0.4352847988760202
-14.093543912396926
-13.065455034163074
-12.266077772328206
-9.062340093189306
-18.33657683099931
-24.644637534475862
-16.285322316029735
-18.20281612458749
-8.193656178056289
-11.348225877434269
-9.870741479777227
-8.523783397440031
-12.937104392899649
-12.07730759108301
-12.391729209342193
3.2955395728529
10.240570531556418
14.862511065082435
-3.2046267006657883
-11.954259065771
2.0978623472762616
-14.539920114527972
-20.214097690050174
-17.623586846446692
-13.541269379224696
-12.784668919691939
-13.296498408744318
-12.645611913997678
-7.444926069752258
5.2091448502642015
-2.2980763020866335
-4.3964717816143635
-16.70205997040907
-13.980275813040954
-6.883181029271993
5.39202097000152
-7.3498456194729505
8.00123184371496
5.433016373882586
8.889204759709243
4.570204035166138
3.982952252779025
17.714218354765222
11.383561885874649
3.6021272287615145
2.3485682901050517
-3.955775462984553
-0.6367926127521659
-2.159064559728009
-7.6018087579647045
1.3099967632826
-8.622212167770362
4.8664159101632025
-12.240187025731736
-20.515414603350997
-8.843378852682795
0.3828176850411971
-10.36687755782101
-0.4015655663825906
-9.873694508545556
-4.715418338419575
-9.483760300040062
-7.609504678724519
8.517271398322753
10.678673219094907
16.049076320903033
20.97260397654221
24.79289847539351
31.411534456209502
29.786802630592
20.13409949058599
14.28407847447538
3.2517330468076233
25.639781452791706
13.3441604905195
-1.9699281761887648
3.0386588939142856
7.254517249523976
16.49177551309049
6.66035756782217
17.069229417606113
14.693547608138752
0.6858210460245691
10.711122404726432
25.397723946122323
18.040119835199363
10.820657539604683
4.250954989437795
-0.7711974351343208
4.452463347817599
-3.2309042529861998
1.2143742269447946
-1.117356143077188
-1.9021636118221747
3.230923702167153
-5.169201556427313
-6.0747057426957936
3.9188208528557062
10.575110387343864
0.8295201686376946
8.79209952986718
2.809813503630787
0.4201274676674285
0.3608818355571326
6.552050279951532
5.023239026687984
3.8615669703281266
-0.4771632719284121
5.599143102736564
-4.734619147019593
-19.64395802483117
-9.40523683792496
-1.6108158462330908
12.932873313990589
12.383521347187802
-1.3886020542619926
17.470464102953304
-1.197365277351431
-1.795439311110464
-1.6427804330326552
0.6301304365665574
-4.403562950826749
-1.3211026922020426
-10.194434924902783
2.6816467871316245
-5.0353295286947475
-4.064211041905776
-0.33462227703798963
-7.117120166689185
-10.58863571152478
-9.97062846023571
-9.604107440474042
-9.750304101569967
-3.274684880414252
-3.3521337618435925
-2.26331618060444
-5.513170117627539
-6.658070292507741
0.7975197126482637
7.922000960745122
7.799482219379959
21.603425845230447
20.519046947487848
15.415670266968448
7.204465687220523
0.6463426534166319
0.7607806798541925
8.56855438389603
1.6766698710373025
-4.786920396380653
-5.805344146922095
-1.31385836381079
11.379357971682065
-3.2870291880969704
-1.863618557303209
13.403831783580715
18.65546811403214
11.175209973834217
11.704595901196535
0.6535936401079988
-9.318658850818565
-11.545845603363027
-23.57972134718472
-19.37456160143337
-4.326273844370008
8.975193145329074
5.564237487120361
3.5091663297759306
-8.45688989177628
4.130177780533517
-2.4191495697278795
-0.6162989545069897
0.9817022357483136
-1.7084124898284043
4.486515790582291
-0.3006001448560548
-2.9075824842753217
-0.3857303157936498
4.677375525422616
1.568717785026445
-1.8460297940035912
-10.721584968575447
5.00472562000379
-8.297802565203238
-9.505247246982034
-3.6683012489194176
3.2745179340137605
-1.6877217264318234
-5.691923763048747
-7.365098821074718
-5.534673449339964
-0.03706638276707188
-9.499544252404366
-13.24537587095505
7.077792786597816
3.2487077552807437
18.71632056003434
15.703863276387533
14.623048813190756
6.023419310221013
-2.17516865170016
-8.723805863501886
-5.946159377690037
-13.33873142604474
-13.537079578144386
-10.013521170230677
-16.688226930277697
-11.377123077959867
-0.4032579134873757
6.9333366255791375
2.9271053782009067
-7.815016616799149
-6.556444810198051
-7.0692962147964336
-4.481768568114184
-13.224781957148936
-8.170515943917598
-10.632574358135539
-13.070040802081005
-3.320177818353282
-14.243611519274063
-9.953644382718952
-7.483574360202449
-6.4035427754622125
-5.216303678164602
2.2232967769637657
2.793065840883444
6.280134861114191
13.976184224971476
34.09596934623316
17.702294280348422
20.081673111267733
15.04433112433789
15.139930451525078
11.181941077388185
3.516562661172866
0.0012805215883591064
-0.8162559901847326
-4.638620786511591
5.997636699553338
-3.017483648756357
2.9354177324261994
6.2638817918714595
2.5047173505608806
-3.0186724866116688
-7.426668974282749
-0.9634151405067802
3.0353013519775085
-1.3730631082799938
1.5548453959393869
-13.722868093318008
-12.228640521275963
-5.915054408090341
2.6612784497943838
-7.348659960377819
-11.831277300224075
-11.823757850985027
-8.312927812410491
-16.626901166301316
-9.341075378393633
-7.391661560395228
-7.2034613334196695
-15.633281396473715
-7.409984679323152
0.2125300605194176
-1.3827590195801938
-1.4499886715831494
3.179357049279734
4.121849545002322
2.225634325732876
4.657918561993577
11.131287244671624
12.244002979357994
6.3150000924126966
4.574468212082048
-14.144555399631448
-14.544968697144096
6.6696994626981745
1.158411039507539
-8.435919320578853
-6.8500128161753615
-10.545522590912844
-4.035567334815691
2.5387521021339032
-0.4845413263659844
-9.881290728459048
-5.252938144008351
-3.5373330941495364
-7.115760955302079
-10.690204622201417
-5.8738040278613175
-6.677948858801828
7.389378993865313
10.967068168726463
-2.3515922720746487
-4.314477447798929
-5.766693109495658
-3.0562102710337347
-10.305173917028464
-9.770818158383424
-7.969631631268514
2.5662005909197663
-3.2696378455146187
-5.994024492068869
-7.056304366780503
-17.21755766342843
-1.93866866553222
3.4059178160739827
-13.742903075306485
-3.5461025746471115
