-0.41043314383340895
-0.910593925408086
-4.549981651009493
-12.231890843980002
-14.789793804139006
-22.80771807440283
-24.35387226614096
-15.710877699325405
-10.403919309152236
-11.861500626089061
-8.979421648434911
-3.892732937252384
-0.7317098258835805
-10.407351843976027
2.0739006217798166
-16.061786884092697
-7.710987669136883
2.996196300214844
12.540921311544306
9.029013136394779
-4.3407638291701565
1.625710427684403
5.778625858622987
10.345136886892986
0.972720274615368
-0.4925013381682824
5.4116717353899
9.526183863631632
10.123665712430563
9.697567430138077
-5.502930992790166
3.2606570655815883
7.575980212254675
4.9170805463399265
-19.304276085135893
7.349987697198669
5.445180893855468
-3.1997284604566776
-3.9043586010032056
-16.697495126961854
-14.243444804957207
-3.508057640523897
4.806610407076277
5.115768769890874
4.927448381989337
-1.957612570728389
-6.589749742952365
-4.830844961279621
-2.855989042361427
-9.239343223810515
-8.684803344267563
-12.712752525735485
-21.862024673353137
-14.695085517203715
-17.517111037143987
-8.905868591595976
-1.0093798912352636
-3.665817963010924
-0.4297233783284392
-0.5555715739542612
-5.9621962318757245
-6.793484207657902
-8.26376600540002
2.299371306165044
-13.269094373260375
-2.909532992758869
-5.551459570317158
1.7979870286818735
-10.102542428671493
-17.785607961307427
-0.5670940045020945
2.308369085674129
-1.788455246393999
0.2371382405293151
-4.030800242916489
-11.872932908326375
-14.970443425889256
-11.620774196384273
-6.252925940442983
-1.7918760361742685
-17.232507313090824
2.213515149280626
-4.768761866262988
-0.04576155946726241
-18.622407452931217
-0.12016383567829834
-14.472987666736367
-22.962330733757128
-14.609765452870109
-17.46778037777187
-16.688697498852935
-7.0467871890784695
2.7671629991432174
1.5786291637285157
5.683170046168369
5.3908625942328525
19.922748379370603
4.013113977154448
7.516696735530566
11.423713496809164
10.996284752118804
5.030387682309066
1.8145232253151025
5.7556300064911285
9.29263594153308
10.450296717913279
7.233240837773982
-2.018658901854925
1.596526064433926
5.3505686659627845
8.286870479643161
3.060437519151246
5.910372403096241
0.5144240621860842
-5.373645562894223
10.499862008541273
2.7582963277240475
-1.5768406193113522
0.3071706129163983
0.7648945889919867
-13.362322065112755
-9.566995080701282
6.207810617973868
18.221198743999512
-11.11681876923043
-24.02043517525322
-25.160810523035387
-16.87934196899826
-14.030302061151644
-18.386483287066625
-4.110957542301166
-7.470468894228696
-22.958296918982853
-26.318710532614592
-29.248355513023977
-20.924701915262293
-13.384043150110747
-20.31814735888123
-25.015052520117326
-7.720102621033548
-6.301062519863052
-11.959677490579553
-12.368882543787972
-12.317961128289523
-10.068960468086017
-15.031733340319564
-3.9643744091976534
-10.113686526536004
-1.0581554562980862
-11.973521552820532
-8.492575390043815
-3.4935822095119757
0.8820076592125414
1.932249235320107
2.791341188917585
10.082844367494145
10.492591974856404
10.678359724358744
7.401928024355497
10.013395802686565
12.414148973429599
16.63055842561914
6.979191402682071
-4.435631614911241
7.367362310744138
14.081357783400641
16.388763887156944
9.6373351312234
3.1020121924711908
-1.7125113522184476
-3.456007445813738
-5.868601526379234
-11.760582721301088
