-6.901555022557018
-5.344794099604348
1.9020359631215609
-6.113809465325559
-1.9876657336538053
-7.845197575213348
-23.507449617182022
-20.987364457836808
-0.7699300113647808
-0.04344566913127017
8.500114884033309
-2.754691311866821
4.004080605920282
3.1205440650040632
3.913454508007506
3.408774248974536
-1.3006445776729878
1.1143625143309956
2.3035286252761065
9.264377430587214
10.503736055109618
0.3199357272372621
-10.835469028791008
-12.892465233192546
-4.150660218898314
2.4327684554904265
5.285927857655474
-2.963463455949708
-10.790067566974594
-22.89929906766228
-10.823480821807149
-4.100251112020462
-7.281048928159616
15.387752210865983
-3.519213299006703
2.020472432446191
-4.539828261794437
-1.3836893204420302
-24.65834983590706
-21.696995000554274
-16.931299970750402
-16.004421668535432
-18.82486548008891
-13.069147290896645
-6.505753904282257
-4.125564010801518
-0.6676383879306961
8.657837056938524
9.713251076008616
13.726359747720052
12.99041194979403
9.462219178460426
-0.6406474236141267
-22.901807667402696
-23.3332214013402
-13.646590397194679
-0.4794107441204001
-2.7700640146054014
-1.5766850844908296
2.778137745991016
-0.6512194613138185
2.767782391339648
-3.503831843008629
-2.2811617450027275
0.6773995360011635
2.5243472129849938
6.911295838856226
-0.6972551123299997
-3.7328382607538932
7.3016163116055655
0.2660140104809089
-3.335894396305925
5.77018512541601
0.8515102975772034
-11.57910321697479
-8.335227116227772
-7.097682525766153
-0.8921098806356241
-3.8986420188974784
-13.979205489254973
-4.459406322148328
-14.011504641585233
-9.626830983788008
-10.05829974875397
-10.339990589121806
-14.247432603130214
-13.031773179748928
-7.584427940287085
-10.229270388555411
-21.59090627424883
-10.257716567767924
-4.909336646264223
-11.605759933644665
-5.537138123540824
-9.538600605360855
-5.1168793819942575
-11.61305533626255
-23.134736662371214
-17.889368507263697
-13.101729416687212
-4.327698691183267
9.746050447102077
10.579576031619393
19.334639125074187
20.063116734625023
9.901672382881783
10.408147178367717
16.639529014347847
15.839595873384411
10.265580062142119
-0.7262535901006706
2.796743190475704
5.366479775613585
10.564843458287012
14.723900937328189
6.705330425017178
-2.0221935669134674
-0.5108890161286789
-5.722361653853534
-1.6910224316874334
-3.716029579835593
-12.589821238366385
3.905130571824912
