-1.0522048431490627
-5.405781851232307
-9.183605882519863
-9.09151930644177
-5.527181849534983
7.926744778449419
7.293747456277805
1.5126864921112888
2.9643961503584304
-9.545129677775801
4.484348438625983
-3.338782810290421
-4.47916780915185
1.9264045006544068
-2.919899028356594
4.63622483933991
5.673593040399378
9.048206766392939
15.025460212063232
15.80956681849715
13.404777103473926
12.190031258199113
0.12427169778406025
-21.339441287094623
-31.77206442119805
-28.964407722740717
-28.17001355164557
-23.589130399784683
-14.469744817426696
-7.003753139669577
0.9494628456433768
6.614246332531628
3.6707372817632624
0.7224249476696641
-10.015248953445619
-20.87054141170779
-27.030311414244892
-20.895386193040448
-24.55670010669484
-28.954888699727007
-6.289350882593024
-6.409719055117713
-15.205913800291023
-25.3308562553518
-20.614871316168752
-13.058228436547296
-15.24851669023599
-10.314206886292505
-15.87006835159801
-17.06605971537581
2.6020103657669
-3.4147358172597966
-5.1844346194464555
-5.568111773624281
3.237970569319068
1.4631528186509446
-1.6995092163714236
-18.337236554302468
-12.21529392735902
-5.984880791096318
-12.684102081595366
-11.23862019670119
-5.466426944234419
1.7624337006184896
4.4714227710653525
0.3092551486836312
-11.822157358211744
-2.792237106258393
-2.5836743049725737
-12.429213361494053
-10.539041487355748
-20.58326474120621
-13.663797112421307
-12.247244684507985
-4.49816426060703
-7.579964182213573
1.6303649846092243
-4.951088700539302
1.759518610331615
-4.726249904009725
-5.686237060904593
-5.813000916154385
2.094524831530526
4.152519212046666
1.9622339977064225
4.93188099416526
-0.4746316927541427
-0.4023582167157021
6.906608863018159
-7.765173434611522
-6.6660727270064974
-1.69402377856217
3.2344719402068622
0.747801782238722
-5.8351563182884325
4.3922790288824425
2.2946730600216343
-1.4424474657873174
-3.467033293690056
-3.0987394416940366
-9.334351681412787
-5.835320464099864
-18.795899993886046
-17.472476257502574
-17.044632847337766
-26.029134804506747
-9.218192093573641
3.2017898037729116
7.574398321229237
-4.32231247484316
8.860163543839061
16.355117550815955
12.05913316377808
9.594653892471507
7.748728085004053
11.139820078878088
11.903765219950426
10.33857833912581
6.573973179256848
5.856576876542358
-5.787374812720313
-9.294103447201671
1.453925380479936
7.209129165066725
3.726799833043055
-6.230817186156318
10.780521640949974
-12.874854682372328
-10.598630911084783
-17.489001136082106
-8.864855531723784
-2.9607976347284186
2.2327524567031665
1.1535930699724852
2.3526531442740133
2.8714135854552194
3.7934320981820058
1.8429724862902352
4.63169336501943
8.752135157742831
0.9635973126302972
3.5481978613631946
-4.942846009723239
-5.940449805902428
-7.632138097664423
-4.437512974098161
