3.647838636734911
-1.2164513683183893
-15.797143389735858
0.7322575867359334
1.79448037065857
-6.087435845399143
5.85886284565945
7.945406940696932
15.295203779414331
6.379799830882631
-11.31374230775133
13.539037833479025
-1.6115620493564058
10.38572723141966
3.306419530318339
2.5584513048113893
-3.7060893402544273
-8.473369796275009
-12.298427336493106
-0.4163169766469277
12.241193459528182
5.288080119386407
-2.7130607060683647
-5.933369529601852
-9.951213346044275
-11.343020166479876
-10.829917722033963
-11.81723404792882
-16.37145674203805
-14.632788177148653
-8.860790445938449
-11.020096796517544
-12.967342407538311
-12.68985613616205
-14.124529646925232
-8.010224171411203
-11.400646137779686
-5.625835035105417
-10.103041661607364
-11.148971180082247
-4.7828403782697535
-2.6852926691667403
-15.281789579593186
-16.385458984708738
-21.49430260684414
-10.786969016089246
-12.652763031608215
-6.92726605514372
0.8746366856735827
-11.790660964787886
-9.256383581841703
-5.336542310052026
-6.628142902607085
-2.6627215401320248
2.7636884369367607
8.204207273841371
-1.4468454843523642
4.859943118717585
11.168916324946336
13.100877499095711
-0.4915680316230126
6.127061789745041
-6.688711386768263
3.6005178987591786
3.501600568440188
-13.214414749533384
-8.60466322448782
-11.862680781854987
-20.365534366156908
-16.437786737272063
-13.237152344949493
-26.057512940697215
-26.4862503875313
-23.57831860532012
-8.402227664895845
-13.532445024943733
-9.233730330795467
-13.156517436515193
-14.672025469498957
-11.021946355050158
-12.079187904828705
-12.279679858591855
-10.481138740053954
-13.422846884638162
-11.875553087803787
-16.00430724718867
-14.763508713354707
1.011561854620963
-8.317415422656298
-8.130814146278407
-6.216481426248164
-5.7451242810289855
-2.8602026753397762
-0.4855630858218802
0.03948374758530997
-4.245193636003082
-9.329762503599257
-4.715253206149076
8.156932126818706
10.706663682379071
8.384462820955338
-9.396740527117409
-7.19414971434997
-9.991682257345744
-2.9661470435489217
-1.1265606436620448
3.4949381228697995
-0.8832762309750678
-10.607372469720906
-4.193830054519276
-8.691416128884285
-1.980131018481808
-1.9297600012469864
0.26613031609886506
-6.314226442316048
-7.889745885174153
-8.891058841531569
-8.239086502615265
-0.5446857021241602
1.9748682326356752
3.7830990221737295
2.6556380119116394
-4.751377550995294
-11.281623849454858
-17.09285765962093
-18.872345475829867
-17.72481175782977
-10.313579057009461
-7.679714181175705
-12.005660405368866
-0.4230571846210805
-3.2302498983622123
-1.8956683808828017
0.113265336948155
3.5869310595935695
1.6933587763112448
-2.252421778723229
-11.894802952699619
-11.36956644137482
-5.9837410550145815
-6.17063889679929
-2.4769765220919973
-4.001437568742953
-7.622360546705397
10.429787833860493
3.4526847544352908
-4.59600972742126
-3.4698791605351897
-5.764825616308018
-10.168777675403257
-2.158486098872975
-7.831263789481215
-1.972657979619552
-6.602346580318901
-7.444036246731938
-3.7860902334511577
5.393256887267524
4.091011947260759
1.077976432539348
6.094200366869787
0.528917252370075
4.486579973165074
-3.222170427940921
2.7283658839713048
2.153112006126129
-5.036134496625184
1.7927699186350734
-0.5403450845540543
1.9463702839119976
6.779669578877359
16.499899597987824
8.304056940685781
9.152518368451656
2.0769382175782822
16.595352089150413
-9.030912116900204
-8.31791647088986
-2.7497862158504778
9.499058027396751
8.81099994873759
12.469565800928484
11.537723387724672
20.459789050730336
23.813146236038794
21.398811925562324
24.26619932161715
18.826582242935665
15.374882334524765
15.559463151377294
5.552282929474599
8.062567530248431
6.143411622819153
1.2954425396524345
2.2473692171791555
5.113143647693483
4.211256635516857
4.205881134176736
-4.201618870628357
-2.3619459864548604
4.122557656888223
-8.121686759473803
-11.222787174941283
-10.16741932024605
-2.8405994883566166
-5.623498676254189
-6.417050513799433
-6.662381304332185
3.5178179784360224
11.424499670988105
2.755011960609113
0.7997645403557714
-2.5612931655671667
-4.571170728401323
3.5419662758487798
-1.0445550915553168
2.341352071956015
-6.996265035259294
-11.99632174930509
-14.344439383142305
-3.249316376395293
2.144507971075249
-17.479405264849557
-22.929579326850213
-25.354224206244908
-25.300466527794914
0.9347601864512428
15.124845467464652
3.616187224669674
-4.095313591246882
-7.976115462149317
-8.277158512655582
-6.533547721508203
2.433619892033062
13.147714198011027
11.39833593459063
5.4344756778166845
-1.9861427241431455
-6.30781457721173
9.20882935139593
2.6646584159388387
-1.417177876606032
9.227407493387007
-10.889303713176815
-8.773396185575892
-3.2878911395436536
-4.821523327778994
-0.2322358212910757
-0.6432592355947744
-3.3401305671474875
-12.871300788241033
-14.190122196620045
-2.0760108139577707
-14.484487051982391
-13.50971805079638
-3.8953762381924615
5.105712979207363
1.2907898892755008
1.5519331022833245
-2.7853507210287027
-2.7588491133660717
-8.543611022002644
-12.712791697463606
4.625385473948531
-4.671203715459202
-23.16262920596411
-22.942890882167227
-26.92122352624409
-29.967941343428837
-28.85437420358409
-15.182535325088386
4.1971292581888076
12.059443036694308
12.316288739994311
7.356631403888841
6.6482478658482815
-0.9381708095664676
0.4883936675485986
2.7309343548778666
1.941239776622551
0.7027105429927928
2.497880640404715
-0.8238660856910213
2.47423007578235
1.2517747778625907
4.8647983688300585
5.737265647195648
2.2577998679925897
-1.0238276106424549
5.304974145878263
5.748188485393353
2.703076789574762
-3.7383501217629616
-6.057630826431781
1.4827367449289932
6.044519212265679
7.599267969157902
-0.734485710667365
-1.474282203165943
6.83787834010251
7.2007266693642435
-4.632883930357932
-5.326856869407601
2.30781502820671
4.338191361210422
-6.113274961621633
-8.764522011000912
-1.355384921817688
-1.8475499846825612
-1.127237439585738
1.8478750526662528
-0.7168242656956146
-8.224516754242321
-5.0005472382724605
0.6695132185945797
-2.8084461981044
-8.132798924493567
-11.253232710270748
-10.760213961957431
-11.100933114041569
-7.681618443797629
-4.339178648355047
-7.1082910571296445
-7.024196807099108
-4.9194481532163215
-1.4442803041066274
-11.216599855799354
-4.615644882258326
-4.849024403260651
-7.863226624868263
-8.079476228811004
-10.225012455047873
-4.342784609692451
-10.703949078780287
-15.461943058262136
-7.0204505324625845
-18.076474836946186
-3.5375159294449663
-11.556856305057659
