-2.847485413114152
5.5845676764345455
4.673186457588356
5.858280429436834
4.97738996805147
3.845391511289785
4.273018770972181
-19.35788022091205
-9.900147144262787
-2.5940635923877307
-5.291597481451756
1.8744991843994476
8.879791751921788
2.05440958694148
5.467255055200777
3.0472607829216165
10.51571488664002
0.017174481729954783
5.761021757013067
3.0528522954750765
-4.8419536735377315
-4.014711656819451
-9.004583017626892
-12.626625938403608
-4.964875486721855
-1.9982848910529265
-8.670695081627612
-12.380469746739815
-8.613810815149144
-10.425538955343985
-4.713802125762287
-6.866232173927486
-2.8201929122221427
-9.946800455274543
6.727335382459918
10.298655943942391
12.874506515273707
9.310281636445847
3.6373091756329887
0.024763712884043186
4.59597510770017
2.5042265086491566
14.174167230607708
4.104219515039096
8.131098660467506
-5.081369648181278
-1.5791605477077182
8.944317143420689
-0.43621868532393937
-4.40771329061063
2.385002678362445
-7.9742491760085725
20.072955686739572
13.391117469281145
4.306851513822436
2.217247230833308
8.072602986698714
2.723455442179445
-2.5927981448716637
4.984526335945123
10.183905722644866
13.148384682139874
10.326809114286617
0.3995713225994702
-2.0388287559941203
3.842235776852883
4.709521838163792
4.703212063102948
5.346232188931005
-4.952740004843512
3.349837633011831
-1.907673269653666
-1.287848910854131
11.27107771138978
7.330986169867481
-5.8513637327068535
3.4293397511164905
3.648598724900688
-1.5772009474777808
4.023231917490486
2.0151013665830466
1.1354445857487725
-1.6035561565431538
-3.0000423881647165
-4.3258159842053745
-8.777428813187313
3.1393359918992347
6.859961914002197
11.247232959002774
-3.3647364496141323
-5.074843328411973
-4.246882627635759
1.2125124194695824
-12.104338750203835
-11.436236910951493
-9.859357383045516
-6.0003042905285895
-8.535573285151807
-11.506985421782556
-7.095850305369687
-5.704349137120063
-7.390326038705679
6.1111634628143605
1.31223741127442
0.34127911953530765
-7.743213597046354
-2.9934544846352096
2.210238072586019
2.782453083808225
-0.3126299509301138
-12.921134592342105
-25.834063799906936
-34.21074582168022
-25.143983050518546
-28.97373271499065
-22.700182863341073
-18.711870986861285
-17.494430037947485
-14.479614266427033
-6.071799244566346
-5.244719778312355
-19.65964359386473
-2.4782913141924574
-19.48791949619542
-12.899668806150189
-12.347094016664373
-13.26607864229332
-1.9724367862558312
-3.4014265323562336
-1.5690466708872601
-8.36884541252496
-16.83171911142632
-20.99646137581169
-27.364044456609502
-23.640291222575197
-23.54200579642955
-17.16553621522834
-8.971637213412832
-9.609874902515044
-12.49346293368956
-15.233135414014793
-14.073515778881928
-13.167363126489407
-14.33312694618956
-7.260473312853326
-15.434146115398288
-11.8384700598373
-12.069954437431175
-19.61390730190648
-22.30525388186872
-6.699297890432449
-5.990500348515947
-3.50959953198498
-9.820178728321757
-0.8321563036264602
0.35061157314458874
-5.406454173936
-0.9343132640160678
-4.3182922180183665
-0.6501318135243184
11.745452695221285
13.560385275062485
14.562725588667705
8.287026112786606
-4.297988935818415
4.082692294497937
1.9742260965425988
1.1648381587451455
-7.250697493813777
1.1890348743962469
-6.271463576165256
-11.56400240155484
-1.6778735893206118
7.900475516324271
14.175898870180399
3.6130283508741896
1.2966681279156185
3.844946551500164
-0.5950885380720587
0.9683314549601376
-2.443655386631177
-4.083106778020011
-2.9306624371684378
-7.739672528110008
-10.053157365361503
-9.757645760442806
-14.091923618918473
-21.260815668967133
-19.170291949143127
-13.427932452083366
-4.433870123993533
-16.23002671606347
-13.414529324158671
4.5854669361949645
7.1338374563033415
0.3328807351438258
-4.27311497419673
-1.7548080322186337
-4.259280080704143
-7.494404162206415
2.949171822329669
4.8316523628909485
6.076375538112711
5.035558092527296
1.936890893336897
4.505240780238336
7.94983088445306
9.828797359955852
16.901778200795448
14.082229969952087
11.395746418590505
9.267964980513305
6.67928625804966
7.194837109110322
13.642937459989842
20.445076635318202
9.678150919241023
5.65107683532625
17.24818238058656
7.674527633799743
9.070919811524114
6.048573041425228
