-1.4041030218274946
5.1599444134295815
0.7576210590364251
4.511048492164709
5.276045780816358
11.962279827307935
-1.7492793442112575
1.3970746357702881
4.852095406447479
2.4414279561968963
8.258550511396798
4.19722677952622
-20.006756632112133
-20.28622855834047
-19.159397738880546
-9.343075819048156
0.8421578300700121
4.586810064814032
-15.600907035072
-10.270677624056137
-19.27973361898584
-23.903986814694985
-15.786043483019524
-5.481968914660501
-9.647742435063538
0.16432865262543805
0.8233727104492362
-1.2533649335465935
-1.3296379613211795
1.879174617980903
-2.964867913228628
-8.631941741216457
-0.27420190422395496
-5.329079653084029
13.51093606907549
6.548386062821477
-7.159283526421106
-0.6727274093253576
12.926617495864654
6.7898265829258575
-14.33584713019979
-23.25671708989997
-28.52007865973948
-32.153532073660536
-42.1055834045431
-25.61132912599201
-34.36149461507074
-38.49410630414919
-31.735529311708284
-24.01365874112844
-15.888605139514633
-9.225728729496346
-2.3478692278527102
-6.595357764034126
-5.695254103239032
5.29248110310955
-1.0587707682579055
-4.0038854496864476
-7.8078718892262575
-18.68089252422159
-3.4388257924386125
-4.184650421939562
-10.093445294783507
-3.5413060151598827
-3.0671006805763565
-4.514092073854401
-1.9027037497703128
-2.449343472500585
-8.548863905106376
-0.8087156403710564
-7.184533670303644
-5.7205983036951205
-1.7058180776722294
-8.379714376555027
-8.599930428266456
-12.828292480811866
-8.85138261709582
2.061372814561352
-14.408626750544734
-9.389651738204744
0.2299102713642497
-7.159675769686407
-7.56543245824418
-3.5381119097647216
-1.031209679137679
-6.1304563655315505
-9.565340248272568
-10.70223392548859
-16.902464434061365
-11.512960587797304
-11.59952680130523
-24.8870312508127
-14.283021168006325
-18.69996699429748
-16.72051702342402
-9.768126463354498
-5.564781373259948
-6.662724402489379
-9.073090512751056
-13.53195961222361
-11.71423476758116
-8.309880795883089
-12.126563943137
-13.68181400163305
-8.714448456897271
-9.162275041806653
-4.550055798631704
-0.2692202208028411
-0.11446891404647032
5.40867714288978
2.6413709501345766
1.0491757896335845
0.04679869672331141
4.429856657277182
5.963710114409777
8.82396981661005
6.79677800876656
12.877990651854894
8.346048181574371
7.849095799606945
9.57700939695341
11.046058525440895
1.6561333770691231
14.346528164573016
23.395065424649925
15.77198571682446
12.53906850511395
-1.4957886927645083
1.3114144265119574
11.170950897870476
10.842931244323278
12.815948130095368
1.159757857616121
