6.0462697658951035
-6.269768199301713
-0.6965099195994061
10.144024458208
-0.6592687127892727
18.152181197740873
11.542880600099375
3.467630926942188
3.71573686224935
4.880639476524684
7.667877460987728
19.483283208908368
21.93264769697652
18.41705074619661
7.654367820356888
-8.552544414768818
-18.574851603903827
-13.119757954646024
-5.8848418491501375
-7.544066340691782
-5.7980909059871415
0.08320573137358149
-3.486981956778189
8.307144951878254
-5.983045199033215
-5.041476848857081
-15.541880199283938
-0.7016542848158711
-3.2789107224011333
-6.204250610215684
-18.00224365089823
-1.1518722938196215
-12.258262450541705
2.525450316057233
8.780926788257155
1.7930149613490014
-1.8773522557856488
-5.926690879996022
-12.098665944716954
-5.492881674598742
-3.2364318637245693
1.6737154182182497
8.341570319290122
11.904013540084618
17.094931208249548
11.589682819920494
13.878025325389554
6.223559869744411
5.006755213010156
5.946554201520644
2.2286679581134
1.980843771621856
0.4560410096105521
7.706661611328434
4.618106273529902
1.3138908278620558
6.1428500274476905
1.2217653779731086
-8.45310309297104
-9.293532587122943
2.8483219495649714
-1.6651712369740226
8.790257332040623
-3.320442643060849
1.1905788688452998
2.2350478452141767
-2.2534610847045067
-5.157337517164333
-5.617434035807112
-4.762927441144559
0.9660022109868042
-1.8117623146344959
0.07220660463030015
0.3995743379743458
2.9992984470998643
3.461576546736336
5.742697274794879
2.06200427075968
4.257203346505428
14.555643751475296
5.212731041957516
2.863488169442283
5.39486562438913
-19.424180025573254
-11.195465833458119
-2.733758347138276
-8.3126411086366
-7.125949326518907
-21.828465574123214
-5.607869774368782
-8.86546216916433
-8.502506199333299
9.113982291786062
-10.592086485733542
-9.410730380425493
-16.923120789038702
-0.978788855081618
1.1393868773203897
-3.1418073977799
-0.2285491402984643
-0.012772216041091465
0.7801734276965435
3.9738323673372533
5.954545142683654
-4.973317918666057
0.2658267809625781
9.503407280665208
5.66780254488854
12.701975295707452
11.788951228996456
9.894329003709943
8.311121751159124
8.133277940120944
6.283477395385129
12.254632062174895
14.624994783515369
18.636289900793635
5.160861991931243
-7.500938841091474
-15.153667546967444
1.5701013027222317
-24.98434591631859
1.139631262943503
-7.9954813108433695
-3.3569065988921496
-11.140161893616133
11.461510314591214
-10.365282592617794
-10.649139219762642
-12.668978980698494
-8.156212705488166
-6.0105510333798025
0.7534454608010722
11.066068083676125
3.572324692806432
0.7675540083445404
6.881324576427982
8.266357979303553
3.2377628328396137
-6.314368597013728
-4.705316325033052
2.9370768821602766
9.136362838266797
10.578553752735587
22.603277114957727
12.277300998166185
2.10306068685477
-2.417739422324673
-4.4740106903748815
3.5866377185436247
-4.721015715729792
-5.281554392674966
-19.876730114957148
-9.613322814777305
-2.693322309719858
-10.599370311654289
-21.47545149772198
-4.954196169803198
-5.295519651026561
-12.513415175924685
-4.153434030459155
-6.103873844363908
-8.89431403446564
1.2224490691395895
5.6084578379702625
-5.7512989009597675
-2.812921386158632
-4.616033730815229
2.352965821249093
-3.403304299447869
4.458127119347671
5.959511550825957
10.808295904651706
21.52114581062047
3.89294076374578
4.878087225513517
3.885833610661882
8.098753017114426
7.497890537573112
15.986995284942095
12.330569765579124
10.050756822581608
12.302778229776887
7.109023446543832
-2.950160911575792
1.359628903085261
5.6362562264780305
3.78233705777603
2.2176440885811517
-11.591172858517606
-21.669658500443422
-12.294832435020107
-16.824698989664224
-29.5322973455866
4.722949024266359
-3.303671007953181
0.7825408183427099
-14.806881639625454
-6.5337879277392
-13.456550803880305
-4.179222791026647
-12.686116098141135
-22.934757843752898
-10.148003360320887
-22.524997078713053
-1.5897441755198147
-5.572807312535106
-17.626073368354646
-19.507304878936427
-20.448592253075052
-8.452264192979012
-0.2950862048279974
-5.461429412569075
-7.903872686632204
-6.068595753076849
8.583768741552477
4.602803562356215
-7.4191896449187755
-5.973535612991972
-13.23912062343235
-4.785399416750789
-8.373946043839604
-4.2959938154583135
9.822026450838964
23.929752711410057
11.730993134133431
-2.4510415386108484
3.549278023896699
8.603807127968654
1.277973560302171
3.537636806771969
4.53940740699376
1.4009136049335618
-8.538524169151495
-5.429049324124988
2.9435155490076186
-0.8672891113040655
-1.1220010153942928
-9.692563619326826
-8.184892575201014
-6.757593833035037
-0.6577740788517218
3.995914927006092
4.6367870861961835
2.3010215669943004
8.7140295816977
16.3464256382303
16.879065091933526
11.244943347685576
14.806802666173356
11.592008477847367
13.916418292165039
15.437615583648293
9.642348644567855
2.507320148089124
-2.167346616087932
-1.6139306169361507
-16.667806616348898
-22.987659417529702
-2.7538764817554706
-1.9709787815720516
5.063482572605738
0.5575816145098159
-0.7548238016885886
-8.291188026987813
