6.198656901934558
-4.807371987710297
-3.968676779505578
-7.762581806230205
-1.5339263780036003
-1.8818622476180888
-1.1456708827542708
-12.836926655104795
-19.91496160864942
-8.009589696012336
-6.877440896554996
-2.8008884852501787
-7.002827570232518
-2.616809770532314
-14.366017764526086
-4.724560845156066
-8.554227814900326
-12.393776263121824
-7.391114382764983
-9.36526010509209
-7.630429136756049
-8.787229089473197
-4.711647855093221
-9.016101539165835
-8.255250048795746
-14.492347464797742
-16.822783284967326
-8.389499232649424
-5.1148010438189315
-12.393328572425904
-11.47085127664231
-20.00408544430347
-16.532342090340435
-10.000747571505405
-17.174996019289818
-11.54245292663843
-8.527076264851802
-5.164162098288659
-3.7828821969589095
-0.4764449883022882
-0.002227599005774393
0.2815248217792827
5.205604810850091
-3.983538111786063
-7.8640029794366395
-12.907481882174721
-8.410153169104355
1.1498634993692751
-2.2154795213370257
2.5857409032271783
10.51719855185317
1.3558225936633388
3.6240413807012417
12.480140245742124
5.99797601871478
3.706177423788651
10.048079324571967
10.782761280863
17.739408832456387
6.090584083564201
4.9371369619010705
1.936280380018084
5.697264995835067
-4.396721892286886
8.992655954301664
-6.508434059096531
2.806616787530896
1.4107636533857455
5.194884566762752
8.954405469719351
-6.414690900889263
-5.529090525349279
1.9939493641977672
-3.625767344196304
2.3981980005188803
-8.858613351195352
7.290917822497669
11.849638662306342
7.900459907561916
10.671502458349003
12.016697274929106
3.7871017235683793
1.6963417027147851
-6.925816485140379
-5.323933223017521
-0.10071331097361444
0.4713703602423581
4.018026316901859
9.434935730487094
-2.9456056943300366
-4.975398112443985
-11.387857851392493
-0.014125807937678713
11.721173074246366
-1.1631225268942966
1.9879013502301184
-0.7375124698410396
-4.07184953110505
2.410961127192152
-1.7412048854222033
9.343791249883274
-3.1177329680393773
0.11373008970504885
1.0337335090892177
5.689722184857706
1.273554427566719
-1.914555565447725
4.9656052073140335
-1.2714262669083078
-16.479644576579346
-4.764714553150912
-9.522880759083671
-15.923040871947794
-13.923431433645609
-11.353118978036408
-14.801817317517145
-16.927379051243758
-19.078137156148003
-20.223628232294647
-20.737001642076105
-16.634907621364686
-16.54732467033485
-14.159990849595887
-6.30773390357417
-2.009882927524948
0.14278104267327982
1.8514772461233155
7.561805655977156
12.82874663098392
-0.4037387465593361
12.760112159871184
18.56489947942528
34.41462501126914
19.65247776145164
24.58532570029764
29.476559335254798
28.006810821171648
28.601039736330442
26.072599525301037
30.6071778476262
15.935312326544356
0.4182887315474583
19.293786514577395
12.205772387095154
5.542627051657172
6.299438322050388
3.157844015886384
6.8785748526465325
19.51707336959781
18.011892121387067
19.16840107264895
15.64054842614769
12.959848569469653
7.502577924921066
5.069201696827084
2.133752188607382
11.899653385208529
10.418888771262466
7.053413155430562
2.815254721239835
-5.85417148803301
-5.749850810679448
0.8652283428539855
7.6995535213760125
4.38549087118591
-1.1058312268218773
5.348034655020051
-5.8335384439134685
-18.022988568840773
-10.01493834173999
-15.887616982788515
-17.211016275514314
-16.72179062171139
-1.7385165903326538
9.072810886183198
-5.003961506555932
-10.388838704610032
-11.524694150647752
-1.833826159907211
7.802007262392013
-4.869951925013653
14.44097636234998
2.7098298213942247
5.51130799022974
-4.099050941682969
-3.832340261563602
-7.730731646864967
-8.321228327395552
-11.410251355918858
0.9963586866709464
2.7955755326575606
-14.974417209406814
