-17.641437679225746
-12.696812317046295
-14.740792997515754
-14.980632424317367
-7.805133725484022
-12.787462706950155
-19.848956177904046
-16.88696525975948
-16.09713560901716
-8.362679340640623
-4.07796918547916
-16.063789912096677
-9.622094433002466
-22.380371041510887
-20.76909103646811
-9.056612282434909
-12.813359774215323
-8.226872775043969
-14.83964338684709
-21.43865012789217
-15.709633299980721
-3.5312336672683844
-8.597307825700593
-20.326179973480915
-16.139250321365964
-11.296258525611893
-24.05422568296661
-12.054384977020126
-2.7004507451175885
-11.208055441832714
2.4669388147441764
4.068827177850086
4.888480783814957
11.704689647169774
15.086253525157936
13.775579649478953
20.889031916059114
16.2827778591695
12.279872244744872
1.1070619766425915
1.4568074945673366
1.6493824530014989
6.2249343835086925
9.774318941270113
7.618656311169167
3.856461846918665
11.859609753407627
8.025837681934215
0.9405545500115414
0.6526123593905655
11.822553105395803
10.277843964737393
5.199642252251247
0.7292684022652691
3.79282618955326
2.1945067077477565
-0.16889289548548078
1.3887126907574718
-4.764695295715853
-6.8287221925381605
-17.5145166863222
-12.642516975572413
-12.559217096582088
-18.28153420969388
-30.62823335718476
-10.950523472236831
-11.288762718039816
-15.01930719924728
-7.249749963220467
-11.23090909892216
-4.771379899666271
-4.900366379533207
-14.042263660005071
-14.850952126941907
-31.14122856726241
-13.899082432238894
-8.500476230099784
-8.300290270536024
-4.9232549132599885
-1.7331129671499086
-2.125666074403851
-4.3695758552125605
0.6024561286151748
5.417076799895392
0.6804778270619919
-7.9913695765868304
-3.04252390803193
1.7904770705180058
11.054565344195332
1.4822096593773777
4.261943977068197
12.897915993943863
10.387047442138456
0.3427376975587009
-1.707769787428838
-6.203633203966485
-14.669347548235535
-11.613149227446756
5.316800662008724
-13.186927554525885
-15.646982676840027
-18.252050496420054
-11.90491119236857
-20.646277351746665
-26.752616736298737
-11.264212334227645
-9.798515827727076
-11.300180323215306
-8.138910669864451
-7.884666149395782
-3.465265406078922
-14.383195951768016
-11.455735118072946
-16.19104950813781
-11.29198762704663
-7.290234163459162
-2.996499092844917
-2.011055155605637
-10.130293695084953
-8.155562811911077
-7.7212250152974375
-11.268872937762357
-8.737914842806001
-4.972295990979601
-6.440517418006714
0.4489897864683899
9.238069620057932
-3.6047324109125887
-12.344330518870724
-6.0829363996526755
-11.203941455887508
-1.7825166876426255
-13.798226805383225
-15.67411928831308
-6.005208376920849
-4.1803492493308365
-8.832777609583465
-4.582665007267252
-19.109328952497613
-6.9082106466476985
-23.20848506176424
-17.46115355433876
-29.225329990326628
-20.22082938137598
-17.21168466379642
-10.64897226487358
-13.40430793821116
-7.296354830079463
-4.98979874016437
-4.079274963210247
11.381329406700347
9.386200918473552
-0.31206506217132035
1.1723574858594672
0.948496345816398
-1.4731319983235156
