-6.025769077267575
-7.3489520814858045
0.2457036501965324
7.970788373587742
-2.9151104537839214
0.4636852076517676
10.744815722843859
2.1009846139498505
10.051739397115922
-10.902524842481792
-11.239808140294759
-12.423330585814455
-16.496049962848574
-26.83985945471259
-20.203089649463337
-29.34763702296845
-11.053696465707569
-20.44566061112014
-16.481922117195452
-24.636223708546147
-20.38344150283049
-21.931176854468642
-16.70216424779804
-24.318698308673802
-20.57882373543961
-14.458645432386833
-2.897696714160429
-4.037809401107318
-4.6205051476239785
0.7608343856200613
9.089248611107612
-6.201291386171817
-0.6923582647525799
4.580947099861807
0.3748396461761509
-10.991987471057495
-2.142983156972598
-8.345986492063249
-3.5812874082666117
-9.623313545629
-10.781749687179074
-1.4320660967261731
-11.018569079970703
-10.74118263994602
-12.127756880666926
-2.876798997027339
-14.699085518091024
-16.003189503420163
-20.99347312531755
-20.40288705421091
-15.367879666267779
-14.152744150111694
-10.977328872211784
-16.344881530583447
-8.37576054936895
-14.293197612511024
-17.502141785337255
-6.024036646366882
-5.9903807556895625
-6.702141782104918
-2.0082680142337312
1.5274064364548938
-8.45852292920624
0.9865926041790568
-0.2549209564687468
-1.9074872233803035
2.021683277458638
6.895969552436863
1.1857194466638898
-0.1917651318829417
-13.544840936274056
-7.49173545668341
6.1439797131991325
7.460935053974363
3.7106428349219502
-3.193983423943385
-1.6664897640924263
1.0600020385870843
2.2046668058582024
0.8843085795501902
-15.225279648625419
-13.447184197039164
-11.269466110510631
-22.167710073130422
-14.429971682273564
-20.534872986823412
-0.8471761890508588
-8.03759101230585
-15.567793228201172
-13.196491967357915
-8.020683912188401
-27.631697119649342
-12.741918459045849
-3.729737704501453
-11.344462725409048
-10.257849344032072
-1.2304596406553112
-2.9446862943254866
1.7497270576123092
2.1012051156510827
-2.2494740173672554
0.6447844352604377
-8.420367762982563
-11.77414457547391
-13.120016036436851
-27.515665210979318
-21.914606901332363
-26.673511853029762
-24.066294408725966
-24.846466941452327
-13.713789838052028
-18.512841868996087
-8.897684786780031
-11.648115155908284
-7.262975010648816
-8.454468162450073
-4.298251568009614
8.92013007079607
10.447791477728066
-2.450049323493754
6.679947693341035
8.150447365418138
5.799207742092669
-0.5613285126816779
8.529945729742137
6.334705779953499
-10.928664885118026
-2.711568689312851
-0.8477584952318464
5.338259052237804
6.0101083813740575
4.061877344861983
-1.104200831166352
-5.2294849870627065
6.472873705970567
-1.6797945828035366
11.77671526657485
0.6354813936532563
3.0104878950121114
3.6753122582908975
2.5463295283045486
-1.4424659837417126
0.4165312213707094
6.7744800486717365
4.113062501493018
7.448048796834312
3.8141516917791813
13.242490305514558
13.864472659885738
-10.102031617787183
-0.8107919241047374
2.0953709569415584
9.108661135943516
10.203126132616848
-3.8052872299394833
-6.066197065211548
-12.42191026750383
3.5877730747733456
8.727663391818997
8.051907686694967
4.5792522246375915
0.6483486214760242
-7.467162934756208
6.466443263659853
-18.365742360087022
-22.866063235623866
-25.56505405489029
-15.67965823612553
-14.191162266250611
-14.041924492612651
-16.504101653927894
-15.427442335117204
-13.011517438887706
-14.70684639142085
-16.440247233295633
-28.864894633414078
-26.53591210844649
-24.59314618756725
-12.59591698356697
-16.76919907430696
-25.712684534600072
-9.817163519434162
9.65550028789115
-4.0704751516407285
-5.746102224409418
1.5057799829020662
-9.119590464410312
-5.928781973864075
6.929598854183342
4.401446523791622
-0.8695981790773266
-0.20138735368284186
0.9892062216085928
-11.73186387424885
-4.2255639999060985
-9.670037042342353
-3.08042801682634
-11.569680175076686
-24.154510014792372
-14.982331853950553
-30.290914977471484
-30.46466216167783
-18.772202798813158
-28.987450372060824
-28.160971890973787
-23.925352232240485
-19.66859776190463
-20.310169278621245
-27.255174745741712
-14.359932993428053
-21.778145144596323
-25.65595324314095
-28.005366428087243
