-11.766890141797694
5.44058520003554
-4.2704314456664845
-13.028876272641337
-6.759136803997812
-15.400890725906631
-9.742496693078511
-17.844348034557985
-16.619614271230496
-15.0366394390036
-17.146081371947346
-22.783631902031807
-21.14624865193847
-11.406991516907306
-24.59695440870745
-21.937351507884635
-29.554734885317067
-29.36778523911613
-8.700681709525162
-19.210953652078885
-21.239118811712693
-26.176998863243238
-30.218564159774882
-13.891006564770342
-17.530788574403147
-25.306675165102448
-19.92919094548061
-18.495576630110524
-16.694390697530768
-18.998066058490263
-15.182252768504275
-4.735090704803803
-18.288100936857763
-17.968276758131932
-5.777151971364175
-4.324752493113815
-0.8701499190348184
-5.13181899391972
-0.04812592926126296
10.92760025649564
-4.204122548678939
7.572217352245842
9.187307188995273
-1.1696251442635397
1.8605138169831037
-1.2899091314603293
-1.181616317860127
-12.921666892762193
1.4374926231211842
-7.123994844558784
-11.330171152650713
-12.651167229985068
-10.535480530893423
-5.286180638717168
-9.01097210116232
-20.057322040421298
-10.923087869720213
-18.50231003405973
-7.2188825759616995
-9.997754365175329
-4.812633460220874
-17.2092432382328
-10.273741574535707
-17.99883754956655
-21.35393167701041
-14.324796006728786
-18.96632493147161
-23.30557643481141
-30.279024746991162
-21.679596491772347
-5.495911608302858
-18.609090265951075
-1.8922252858823132
-14.844055759440387
0.3726133208717716
-20.457861196169752
-25.44190768526989
-24.723736098994397
-24.056884683278746
-27.41928823460404
-29.140281065073623
-20.183083743753016
-19.087179198120975
1.3374704481203326
24.118194358210484
23.523114707676786
19.470972658971238
16.06155922893903
1.4292017070879743
2.817520680726055
3.4857108637278214
-6.064555440168731
-12.727713435334227
-12.216802537555274
-6.609876273183758
-13.807210768672357
-4.520514037767374
-10.507014496670324
-1.8403874765554171
-2.0839897985114892
8.222503348941384
-3.1864099490648816
-9.890760886432162
-10.268601805820392
-16.58244327058033
-12.197796522124937
-5.237211797466796
-8.619549869163531
-6.033416695417338
2.3940447253744037
-14.213964821851796
-14.89257446402239
-16.754739117988212
-12.775777209193954
-0.3059848662728694
-7.655096307627707
1.4279886673133182
-11.414760582724625
-8.793386259786468
-8.614580104375772
-4.16986551957769
-10.966936674264954
-19.56630934370532
-18.82482699271902
-4.3989881812194005
-4.39791516484705
-24.303158357488844
-8.718868363953288
-0.938707140038274
-18.267888898233394
-3.442412349735132
-9.737635369028805
-27.22219392337598
-20.13569031873505
-19.62059122508759
-17.191680038514495
-19.085833823979346
-14.711894971038687
-9.734511770403028
-11.999850159669116
-16.958920781693966
-14.199916980946119
-12.17143812566476
-24.08024851424072
-18.27895587829641
-21.10406817003712
-10.948974342710226
-9.351352159604824
-21.221506883537053
-28.386732495241922
-6.490623031105492
-1.9889952289940231
-13.573475828630517
0.2300414741146513
4.359447252611496
-5.48758762212969
-7.4971538321628035
-3.4332191610798732
-3.365750831336262
-16.37830411413809
-11.916927664660887
-8.893527583363012
-6.814488580855941
-15.178291591516553
-11.289836385440635
-27.51427194887971
-20.527271286346284
-11.37180519140783
-9.768135137412669
-10.599747333644974
-9.421544307658936
-2.5463146764771487
-4.39933588879085
-18.302949427862337
-3.1199656971234937
-8.28397790558624
-6.954360299119681
-6.1091131678418895
