0.13774065988220655
6.470483456581736
-3.507089217228197
-1.4967738527454015
-12.1359194084273
-21.726404611361193
-22.936806145504928
-30.13080974178763
-27.477027869119762
-23.88026897192474
-19.55084385360165
-4.027486852448692
-9.888539716292458
-7.69498742552821
-4.584973235501373
-12.452223886809506
-7.1447789899557135
3.2176682448171467
1.3621317485475646
-4.260337413071273
-8.464566558369166
-10.790654670971945
-12.6131465219099
-13.612639339683886
-13.121054404342006
-12.630999772700699
-13.352303933460645
0.2433811612026789
-0.5454200209337776
-5.8588156022075
-13.925416771313168
-17.703924041627776
-1.5024470089256188
11.046032263110883
5.096931248433969
-6.884819662390263
8.403679228358074
-2.6858513183407595
-4.733157584190329
8.946168007854283
-1.2089553822097066
-6.6343355963061335
-0.7504893563550653
-0.5162499597215727
-0.7183668067135556
-4.237880346181379
-5.501483631280708
-12.099533173472636
-20.06890593137697
8.056230499887883
2.3797346446482464
-6.614641823635335
-17.7044408813803
-18.79969471580392
-20.304459899389254
-6.6877447389618405
-4.36923180136222
-12.936860190362651
-14.874362264442134
-14.908225448785801
-13.911738972975822
-14.135117455449267
-13.923113683668122
-27.46197729858139
-21.554759648448726
-20.596839464352552
-22.556729782601533
-21.579667036250267
-10.056230979647065
-11.290147499397236
-15.42997556394639
-24.462590034940906
-22.38985671256176
-10.195828389050043
-8.435084166267433
-4.957277643138902
-11.490115728784563
-17.87409457781841
-14.849507449162333
-8.436095721058313
-17.125604689899394
-6.300915324609967
-12.167075173440676
-16.171732975162076
-12.510857590311518
-13.594225139986715
-18.53232305388005
-25.715399868617578
-16.768804489735928
-18.612317999431294
-11.553906602472274
-18.910432745992708
-14.12638736445576
-22.55824934912372
-27.654846833851405
-10.980565008284811
-9.097662797837248
-6.44231139554613
0.20510712640138
1.236829522473093
0.9809678745339931
-1.912766369311244
-4.20731712866754
-6.711052910816834
-8.668348693994169
-14.736017476412785
-0.7216112160149498
2.9510184912510917
-0.7267744986367858
0.497607691622539
0.8418458520573079
4.366126253308398
-1.312915064347068
2.8310473721236065
8.722870872134537
8.706075443662284
-0.15542886651539267
-4.166713495902624
0.5655569439212029
-0.8696984236712693
3.0277586653021813
-1.2882625342015102
-1.4594372989035218
1.1133129811458176
-2.9047675963468484
-0.8516127984874764
-9.095694321455033
-11.877755470421409
-14.214432754329948
-17.33717012659997
-8.848156563901703
-7.494626017399508
-1.6745571243800488
-7.163276258599378
-2.4879174764878655
-3.963191307692071
-0.057710402395663975
-1.903107227336393
-11.014246162328503
-0.4748440084314714
1.216770935082732
5.626041351634169
-6.778081096518424
-8.34519743963425
-5.553148709599829
3.057345059827276
-9.030493707732331
-8.06843966124376
-2.7064998987269187
0.9123087830569792
5.592764384936813
-6.3102103814666775
-12.883989496546144
-6.439044858909117
-2.638729592602445
-7.929633846040728
-6.181099632914567
-10.420453195440404
-22.151223085910004
-1.301593011750392
-4.76288045050422
-6.208852330571988
-3.852017763847269
-12.967642162241813
-16.268472995138914
-13.19339195083838
-23.012127721337524
-11.122570193706084
-10.334020862829195
-12.615127161650346
-14.699089569573223
-10.589108261406631
-7.784674067501827
-11.765441824998353
-17.61965584760705
-7.931248289489241
-13.813528658825442
-1.3515860116460283
-1.2795796827978685
7.1008046606261965
5.535824425952767
3.1652892871621905
8.445825329697984
-5.071916411835182
-8.286426471254034
-7.144494240364756
-22.730401481645647
-23.874918462183327
-11.781795963469213
-17.6827709752128
-19.285150655984786
-16.29395728828159
-4.91539853010586
4.0991226120189586
-7.916590937959957
-2.566963162176732
-9.575890945130606
-8.06360139787801
-17.383090697899085
-9.613622156399073
-3.783171448078965
-0.4201145669255326
-9.178071108884414
-11.15776172148308
-11.742014888132708
-10.096884458646516
-3.4259198310739523
4.1719379648503665
5.424526506184662
-4.086020363405821
-4.084230454932049
-2.7160700500244084
-10.941253595536642
-19.584926710155692
-12.423517012074337
-18.466514987790088
-8.47895839948866
-6.973828809207164
-19.129260203127078
-26.9697190532912
-20.341322170355166
-18.218996906886264
-26.222374116030718
-7.846611035217161
9.15082640219113
-9.48342850733585
-19.159214574990834
-17.906294970975054
-15.579594590719529
-22.260789841408616
-31.65565243048165
-39.449328483874154
-27.783113310498123
-40.43819202884266
-43.30135387079192
-31.031491850615588
-20.336247934369727
-12.619226840314006
-11.36722036945315
-4.277085964840681
3.10935125187357
3.6129150195275703
-11.781511498169156
0.7639630828899131
6.199511668389362
3.851539459148919
3.7744632696680473
3.856858014189256
-10.794475962314058
-19.846101824807157
-23.647868564038053
-26.457617522740136
-22.47943881748074
-19.3073673602938
-6.108076633756375
-5.8473902186932
0.5081987916379087
-5.924154608225543
8.06440317126051
4.8051917279790235
-3.754534504449898
2.8114802084827306
4.093616194672918
-10.44098843600345
-19.965739886766624
-5.934138473147857
-13.529246328312144
-11.87547979177351
-11.005115968964398
-25.98454551412989
-17.951670583195646
-9.569814115899096
-9.882245460729326
0.27078736728732883
-11.749382094537944
-13.861438899412573
-4.575615602671516
-7.4757661765159975
-30.4956649004006
-24.684347825574754
-26.00434429052153
-25.50973748612051
-9.171043990559694
-3.4294742974833787
-0.4014963790543719
13.69060499948467
1.9636462733353304
