7.744458744317218
7.752334050350008
7.865013215891071
18.636909795899662
6.690181370939813
-0.6423978265735185
10.808530065120065
7.855150085147664
4.2908095428854445
-0.19785513861874832
-11.904178301468253
-11.049184725893292
-5.5157229658538744
-1.312117107699923
10.720943149747423
-3.587862422246568
1.2265478504117444
1.8454962019250856
5.287361796756061
-12.008378297343205
-11.173074152611614
7.284850761981452
4.132111878640405
-9.255131934618415
-9.297104981091307
-0.9678747724138989
-12.520487695679893
0.5114091763267802
1.7602778418386644
9.116782348803252
6.871348976643598
9.469436422654594
5.965111369716362
-6.686101865278577
-8.960925032300857
0.8164774727147546
-2.3292414926707417
3.6824459085293215
0.7465240655135358
3.7988397387971036
3.8317678254981833
4.388160992982601
7.062624584826148
9.25325262691072
-1.4811947650587762
-9.865733288170636
-4.312493802894291
5.031383900148179
2.9720424084430803
12.520417961286102
-4.430534110015445
-1.1362035710271423
1.4748688646681694
0.010519605986623994
4.42710703726569
10.571684823279234
2.7931969010607527
3.8821814886395374
-5.733087140120065
-9.103049613337983
-4.727010493322339
-9.493742106244392
-1.5842184535434851
3.7049471167465784
-5.697009475304399
4.1906931964763015
12.660643118380465
3.336152618362932
11.573632602434252
13.00659400396431
-2.631497143903188
1.6378908468012536
-1.1727040018901946
5.351204985235679
3.00561654692553
9.458058670371113
5.552679961548554
0.8680498580075872
9.429923926233062
-1.747221134240127
-4.285699995460003
7.118627174029332
-1.0926412519240039
-0.940321076853442
3.017544901671912
-1.830187558524195
4.489456758972564
6.814041634538014
2.1469254386183647
-2.1100720632975447
3.6033669196112714
-1.0385666515263925
-4.6903383808141035
-0.2745606349770477
0.6291701103217711
-4.312679218272873
0.8305610466591388
-2.7789283736855253
-3.1035526275430083
0.8824303219358005
-2.309539635581509
-6.457351938858079
-9.702332795802166
-7.818753741233441
-14.866348797509158
-20.678440918657294
-7.060815308538394
-25.329136291699815
-16.98367292382091
-12.793010007390127
-12.727800638873221
-21.642413786274837
8.244413120589615
11.139891973190538
8.827923763821586
5.795603303961451
1.7091870727885683
-0.06473004122241406
-7.383372577996965
-0.3734616022434679
-8.259882974258412
1.6824862976515862
-3.7870013789423713
-0.017418616963659022
-10.598740280692445
2.043955664626956
-7.245700301644161
-4.707325531707759
-3.940115128776156
-14.857261773142467
-13.80755088318238
-8.513788949943018
-1.73727321019172
10.435633620918706
-1.3493376104459174
1.3226949438133082
0.4145723694397875
-6.314569807855554
-0.29309228951002275
2.6974753425469578
-5.321546165712731
6.471477501663057
2.2589316408931377
0.6418107489978809
6.1160620274187085
3.9810578459212542
-10.1784395593679
-1.386706261160436
-3.5510006631595283
1.0924044640931083
-0.5969692591157589
7.8074807559349635
-12.237424032489386
4.7763784394216575
-1.2877796242506128
5.763042295356165
3.4832675155112693
-4.561417492809925
5.009793334829227
-3.304800089600373
-2.589603751611595
0.2091214203428981
1.3534044520290673
-23.77204137120555
-23.373318165406122
-14.105851500483935
-19.590208767716447
-14.856943200021238
-22.57877022264319
-27.94405559333548
-24.01302171511968
-29.7019163786752
-19.321954294473183
-10.571023053239816
-5.579068361743214
-10.896914831666352
-20.873934053317736
-7.3064800804165
-15.108465098376298
-19.499495155022828
-12.920502712085344
-11.492120219799563
-12.200962254149056
-15.472250797287765
-9.462960004415525
-17.708170910741092
-14.720942420801931
-17.5567385416173
-9.903535331657473
-2.5008584154309528
-5.376846318779763
9.791295962473294
0.276174608776591
-4.855709684725387
-11.139388093640523
-17.02026965789025
-13.145066194522816
-10.934595690251738
-16.524799010406447
-24.62028425593281
-14.699064393447568
-19.630540670463272
-23.538980861445648
-14.532650858405116
-10.548381482454314
6.919483465556643
-5.612729052812097
1.7281543579561383
-0.5310753632952289
-5.189869699579889
-8.482617692878447
-7.384027341722247
-15.2855094358408
-18.61521154703213
-16.44184994363377
-16.754237190669087
-14.397357719336457
-7.199518552459867
-4.327023265027789
-12.109409465176864
-4.094292191562237
-11.056582354413015
-5.101469413289499
1.3827089213095063
-8.974836795512433
-0.4899488834906804
7.968481985992732
-2.0368443218951184
-0.6755137184621303
-8.469547664550813
-12.235420301742375
-0.9154852961673664
1.9812356252778875
-5.127281175589223
12.589649886265248
10.197138367933233
9.502379395332824
4.263993757073008
5.4623762204687365
4.99516554829406
6.110864696523013
8.046417999011664
10.933047540917759
7.34656641835332
14.47635877035163
6.176949120678081
-2.9895674065026783
9.780565421090449
-6.723332062868441
-0.08252587670863766
9.427425772111222
-6.0152129627313045
-3.916365361056795
3.4038841632325068
-8.684143333222453
-7.430859570993321
0.4571124977050497
14.308971264858698
9.976976513440123
-3.8043328881381897
4.984555577821905
7.809139892035217
6.577711267681988
-2.256376313111496
-0.9643515371144038
0.5876720065631871
6.806899092220753
0.9156499534350792
-4.012875183886487
-5.157488927346787
-1.983464682707759
-1.2494292802578857
-3.636499506179452
-4.113235806739155
2.396351497254761
4.934514493946449
-3.2449453540491517
2.9411256806247743
-2.7330642301033805
-3.8727925023565457
-4.91738894138515
-2.873046257884814
