-13.84581710493902
-18.51125005189127
-4.003050422663173
-25.022043602090093
-26.863739088943216
-21.76520919422475
-21.37266487955045
-22.96028210470191
-29.7909361275525
-20.71009700368549
-27.588551132383852
-16.58744880378655
-14.45143217109691
-4.246875429274398
-8.765405576833201
-19.573950850309483
-18.269729731761803
-17.83414645252135
-16.384146697612707
-22.260184766529694
-6.683199374135772
-24.551517772901377
-22.489099864461352
-14.367786078460052
3.3639625447375043
3.3506541940132366
10.688441690607801
10.421435573464398
2.8722912348295773
-3.55838596637016
-5.096414897402
-9.081123369159494
-13.817116810562265
-2.9913903559601365
-9.64003521653
-18.13132135103559
-12.02850118536532
-20.25827160946278
-7.670102342646562
8.581025339385564
2.520872603550314
5.413189818770757
2.4014610009642445
-2.2462122115509997
6.739483917294406
-0.4974613908530388
-2.185247027535732
2.6878067107437764
0.3831664740930776
2.1784507986751573
-6.705880072795592
1.528475027218855
8.007975305649905
3.642981617178607
-5.7470910448625006
4.851923181828653
-3.5389386173660315
-1.03079863919098
-13.881536861500532
-4.511471167709583
-10.839387511099334
-10.902166049289749
-15.441734041582482
-8.673713247696242
-22.66803977072823
-17.683917443891808
-11.515961922615507
-9.970134344194467
-6.258067467712004
-10.59774557701212
-3.2772908523899766
-15.686503993756498
-2.6234428349781744
9.318468793351926
5.943674621099827
-3.335017869544437
5.207093422026816
5.0301656028484265
7.616415258412802
4.524688574640894
11.201974398741422
16.917930879098403
33.42387673279833
13.151120716258955
-0.1808444441375241
-8.405475187330529
-2.28189865909967
-12.006688751393659
-6.7054183178256395
11.822271093250613
11.834783023771072
23.17414851964632
20.623622007762908
25.31288227875309
27.42984880283677
33.148783892852336
19.53513890828178
28.84973421025221
13.627760277141693
23.119826540271863
17.27988135118058
10.446464019765552
5.596930679488526
1.9484633575275718
-6.568666470179709
6.5384378312882045
2.1295593731814013
-5.8345543309953865
19.814920825685427
8.360495090019338
5.779612412758317
14.094630100374804
7.80934957477865
-3.7585046020166333
-4.141279626615988
-1.9626185563310337
2.8302035236599457
-6.214214852027518
11.77962369111048
-1.5065597448503232
-8.091128786884598
-7.8662157579663186
0.4370372754720169
1.9238168952163253
-12.497242430403668
-8.212049436332935
-14.536419428814268
-11.865190176485152
-9.222247034104946
-4.531698035723227
-6.2390307023822364
2.2153485125966927
6.752135486328747
4.384899662785822
1.1178066702542002
-2.0179221584748483
-1.3939635332700289
4.176218573028323
-1.242026362392908
2.559657633300036
-2.082844747260216
-9.182188589045523
-6.760769913847578
-2.554641954281232
-0.5812450414856845
-4.459310087161662
2.9632061850421554
9.9529307649419
3.1924631774508194
-1.391681945541102
0.5917049464857438
-1.8047286313499569
8.424464327851924
14.317755426591091
16.112638192748847
22.19060587833811
15.19258399539062
19.537351082541033
4.377289391098207
7.293537449467293
-1.4807312940259238
-16.64833222988267
-15.305696337758693
-10.216709971922828
-10.389607889816645
-4.773369873142866
-1.2379460444783144
2.812968028190214
12.90540568468108
13.600004086282173
0.7976619755213471
