-3.144334668202467
-1.455158415559749
-7.249103333063365
-7.857316401220814
-0.5772285458378791
-6.642607865302674
-20.75371629493285
-29.150891624894967
-6.474943619931604
-6.52482418608745
-3.9005129598910457
-8.257123803104681
-18.20042662607498
-13.523577227196304
-14.233972448612224
-19.895618078066327
-16.866667976759793
-11.68226436548248
-8.21227938715984
-11.211884222618036
-11.987079259325556
1.8711622702881707
-12.380645590926145
6.669583640269963
-0.9648326339438864
-14.54312892314099
1.6794976295285624
6.038006388674666
-2.464075646325273
-7.421428994570543
-5.306478432087849
2.131785213031923
-4.1864090409170895
-20.768429129196047
-23.597074118591266
-21.715302222756034
-36.68696655168298
-28.702312782694612
-16.25406725010682
-24.20569536362723
-15.486679328659545
-25.0075720452817
-22.5990003469468
-17.58664963457556
-20.115087518064254
-15.569310700033698
-15.140635353363836
-17.950043991210695
-17.452658377956155
-12.682661277763886
-15.558998687409073
-8.67521551068905
-14.86998868330606
-9.630292458171935
-8.784445099278571
-7.353789987096164
-11.518854138639623
-7.479750307384009
-4.625573479292863
-9.167646961311387
-18.01082779342479
-10.57467729346842
-1.2712420496778651
-15.53890305118491
-14.409524983212581
-31.617779475169893
-30.988522507583948
-24.38465426023736
-22.39201043974194
-13.890488247101517
-21.23939973037217
-22.746997911439163
-14.000854721448135
-15.276660543915241
-18.993254678590716
-21.39640347419159
-17.898378048336948
-19.532302991221677
-8.575617848504214
-8.952163357684931
-22.132189953869972
-14.389533756016615
-5.53835015400894
-13.146216080049467
-19.125082049020985
-16.274375536303534
-41.181116514016274
-23.60140782118631
-13.758492683038154
-27.898265282205557
-19.01836061266865
-20.70897429077253
-12.530872837096679
-16.912675155688348
-17.522067661836527
-20.359333705986078
-26.87029818753406
-19.73422602091573
-14.025746657424385
-17.079951054743496
-16.442686313027313
-12.04983405231504
-16.885278425374903
-2.1315131250037345
