-0.7522608221562702
-31.13240146253904
-4.6178165115756125
-1.6996364850551948
-13.83714089151994
-1.2356509726922311
-20.664502032221588
-18.08827145961834
-14.909483467562499
-13.933065224168306
-12.774333731738727
-3.499993653164279
-14.939135899091331
-14.871752951134436
-11.498703395030908
-13.172603169825654
-12.801492732097266
-10.615790033884508
-16.51995856189478
-16.675283839464875
-11.686059190919455
-12.655790448945975
-22.66817523879413
-7.016463794451558
-1.6159600341300517
-4.9269360152358725
-13.858699014967456
-13.745290991333649
2.6067540270852088
6.475246299498353
0.3704691964341244
1.7766987533983478
1.928803276187844
11.364455645893118
6.095407881175232
13.722399977350245
7.161159980744282
-2.6094530278424948
3.4479993991745967
4.59982699240229
3.666015040036192
-8.52549171104489
-11.716122462109
-7.089551360870582
-1.4315249047224727
-2.612382322714454
3.742916220705297
-13.228959074080413
-25.76405194001148
-13.149044047092811
-3.556505067886393
-9.842172136328212
-5.9598122285813675
-4.9874925894399285
-12.517041115829658
-7.9958490257291075
-18.84373957533888
-21.755802650167364
-5.140992913623868
-5.88255800286774
-25.70327358916504
-13.8051038602176
-25.33839521218213
-21.19619813274292
-15.417584556935944
1.8938110367082488
3.751338594546478
-7.285572908542748
-2.2741956913881882
-0.5237186323108102
-10.114348451371457
-5.420401296866788
1.0413928361641256
8.33007151248652
6.9623895753242016
-3.504210378526312
3.929089842113355
7.939440533555047
8.516361941411477
11.427684938195505
10.285888001485453
7.970045554932881
15.681292940340727
17.16782834455719
3.2093654032278107
8.214897219491649
-7.459678701664117
-11.051813355846301
-22.24867990553804
-28.773653016575324
-27.378033921860773
-27.271264170467788
-31.793980293331515
-22.688682728853497
-18.69242272125665
-20.16847977356696
-24.747096594483853
-14.439959429061222
-21.869789278241615
-26.41144101251169
-0.7742605109982611
-4.372750905219734
-1.9391885088440328
-12.212304779724699
-15.059330667681664
-15.054035374449455
-16.759932612745477
-17.586716168640564
-16.55119027483486
-8.096081381443746
-17.712861382947008
-23.54927240866317
-12.885335380044374
2.7734284411843615
0.9894858145586632
7.257616685508291
-1.3287943658260462
0.7928733436237129
-12.274421571526535
-1.0409823092579578
-13.481702869985574
-14.275766958994017
-6.699654856943106
-1.737190065060452
7.593428324004264
-2.4300440701659434
-9.527582958586738
-24.40188858837329
-12.945752048033247
-15.711440151679707
-23.477419380080075
-20.559613038417982
-22.689880127945557
-24.493621931995676
-15.059677735060651
-15.069964041470561
-11.326636760062325
-13.20089064346194
-9.766884032828818
-7.340927696247449
-4.028600488154378
-7.368090257874813
-13.70277025790864
-5.432861598142795
3.558404176353569
-14.50805860389459
-10.643758888878557
-4.920561608276592
6.7834780159245165
5.151633189513454
2.43620781078109
0.09157570987574122
7.491092646699426
8.704459987328606
10.137080431913132
8.754354553325797
13.200927953993913
12.634358234070563
-14.32535945987412
7.6729826045822795
-3.2992730102397423
-16.318963913918108
-8.153151452988851
0.11357993339033355
3.956938152225976
-13.748923817223904
-7.882697752120688
-16.831495889934168
-3.508054445906168
-8.906990180440602
-3.832803096891777
-4.976022764097529
12.589916185343121
-10.648630761852155
1.506433883506454
-9.940361717580307
-5.061703080698679
-9.85418825114708
-4.322914492041779
-13.598741762890985
-11.30334247199577
-0.857964409697668
8.306117895415658
27.99101893746072
-6.54024209986803
7.58937347200155
-3.1504326691925097
-1.4598720433386927
-13.057052333439186
2.523267003894977
-7.05891845070271
2.4502500921630532
-3.57906574762484
-0.7361414923344548
6.418430022832949
-0.2907014366813891
0.10330532725787804
3.7338555390983488
-3.046375563484693
3.251628749988857
9.580414678311207
-0.8616258806097903
12.130347941434207
10.143951019524156
15.471101482849027
2.3823272255435763
9.723094501081347
13.971175666291954
11.595987823186665
0.8868566469678767
-3.682930438001533
7.421305807301831
-4.722894757083547
-11.196649691055189
-17.41124356337591
-18.554058824334327
-26.0912808046561
-18.219319804119642
-25.949553272733976
-19.96915419322155
1.6393407681926497
-5.245556766601714
-3.926200968485541
1.1449727836787562
10.150083356251447
-3.942409723917436
4.156626517934627
13.235225224874235
-4.31499129857144
-9.831548350073946
-2.9794719058157004
-8.124078588685371
0.7709821438618827
8.871825614154185
11.071754710514293
-0.1201306279891676
-0.25391894000303056
-0.9468128274879948
-0.06082915133204024
2.675319465630301
4.269942736387967
5.46618615385354
-0.4612886340034546
-1.7230308871694973
-8.10175689204055
-8.436893702073522
2.519283041649709
0.4241728444178925
-9.395609963973104
-17.110685902753517
-22.169965133321536
-19.699207430201984
-5.88547318637142
-4.417903563290954
-9.365276398432764
0.39554246468212506
-0.02442626017448532
-12.265620328320244
-13.204573463724527
-11.137298712194251
-2.9850376181488616
8.612032492590112
-5.397901297904924
-2.1377138779764677
-3.0322106628505874
-11.995929165528054
-14.213873112905006
-1.9203421975320312
-10.74140843316694
-2.9205928679783435
2.0723243818613453
-12.228326682239691
-12.638263386792364
-5.113203517750579
-8.721915098398366
-4.321590536344945
-7.8851213701718175
2.3893841579961665
-0.0149178208795868
11.703350991090131
12.2822323875885
30.212381376136804
17.662493823867592
19.29667763379209
13.777015838748126
18.098420412769197
25.259959328175587
26.830209163133286
18.404460203969226
11.836880773391615
-6.6081266187901475
2.7700045980677634
