-7.517042913599764
0.031358031268406465
0.18955578336603415
-11.481921987829594
0.13220311995957415
-7.18306927519409
1.527719753517251
-3.4285067066290846
-17.742885229326188
0.8283852880178112
-0.43054273979795865
-12.822190345585385
-6.601463178161103
-7.527569745930762
-1.387192876130488
-5.513781131320616
-14.879709900737007
-0.7997606605763468
-3.4801729118233418
-1.8365721776345416
-1.167903349385853
-0.9414701027389276
-2.1166622687475267
0.8958569847994541
-1.6712612427515203
0.9200194272890424
5.98892286855166
10.969284044444668
5.394585564889881
12.004977066763143
11.139567757404112
22.389873591764427
18.80164011608545
14.677497443929772
13.530722407518475
9.042272348929057
17.42420126188674
20.641826986765125
8.495602000861117
11.567797761479245
2.823706309492054
16.25572913162572
11.592266559417153
6.5435328732810305
11.505179991420784
11.92293605106879
11.004224780783131
11.19313303397836
6.1109886846909145
11.7219839585642
0.6982521391369776
2.2305706040805795
-0.9240996180789344
-4.038793448997425
-6.914143587015866
6.315367744784559
4.97605674037754
-11.207469073773217
-2.877848283888661
-15.715100359155278
-15.777666268254695
-13.183204065294676
-8.783844452867887
3.21718777413596
6.97033234026133
2.6681112821495363
-0.3872923238227982
-0.3132084106463431
1.6174410769625944
6.208106697931697
6.924657464619697
2.300236663917496
5.486158048332995
-4.245387061643315
-5.184628022642342
-8.376325050887665
-4.1566304108105765
0.7672937367597529
-17.82246637836646
-7.357707170044799
-7.012480356875392
4.6867432098582285
-5.150730970058649
-5.225023953465404
0.2824459200070257
-14.632079251476405
-3.2169747646700064
-13.155061691415675
-8.354985346621064
-2.9644672887172234
-11.923937001046028
0.13548404126756228
10.09355914177378
7.3197691663975135
3.7164358206653394
-3.5314659239748125
1.4726993000637734
-2.9039586231981365
-1.5881902924058218
-7.161480836245603
-6.8720882895692315
-4.451515021347031
-15.68318987346483
-10.811578057944551
-11.576560882345689
-11.035292811734589
-7.901196131484113
-13.489361167750266
-9.671011252510448
-1.680077779333624
-8.625313361147823
-0.2716664559577964
1.3799798274062494
3.210440118333678
-8.422041737752455
-0.6335685498373163
-12.080639107453651
-7.252496255219332
10.964918704660096
-5.972098173413503
-4.8658858271043774
-8.171647171185441
-9.941272598570317
-7.023012476832943
-0.420187679530115
-12.268573783177672
-15.718074181616972
0.15293317429266606
-0.06707032851711456
-6.458936863940602
-7.101607161528904
-14.721898377403926
-13.695909999723597
-24.72989593255848
-15.89515908346479
-7.65793072525963
-11.315677272363315
-10.45832714620428
-0.8456894105438385
-5.973575634109397
-19.721262323924872
5.476221677584403
-5.914996867853207
-15.752570453165443
0.4657696592239826
5.3092743964524365
-0.4059493281147648
-1.4218230473590376
0.05179665126136336
-2.7751696987961947
-9.592452880357463
-22.740177564256488
-34.46579681250462
-32.429797221099754
-19.54012133343593
-3.962086805706029
-3.7619385643741965
-5.426013229933045
6.68213246414807
8.37492788598611
14.64074953096367
8.276447280392409
-3.0983753775620864
-10.037946226319745
1.274666876075946
-1.884936327687786
9.139663178275327
16.999767942735176
7.863351784089654
-6.018903475848725
15.744123101434903
-5.014219147995656
3.882785658928933
7.879212696849263
-9.695823648741321
-1.8482253874122268
-3.7937208252279055
-20.46355168176284
5.276583627831855
-5.180526951126952
2.23053152077672
-5.40257099549377
-12.959279860741866
-0.10335207799398233
-5.461519803578738
1.2051780923144966
-0.6291392228948016
-22.4451695196155
-3.784460596007037
-13.043908183284257
-23.57096473271293
-12.463744484408831
-19.876374321860983
-7.0360342403255824
-14.075763273218485
-10.25579977176546
-11.258805436423021
-9.329706699892213
-12.402092077962472
-1.5690237863285128
-2.347674441781979
-0.9788273260760272
-6.430097853233665
-11.888886937320411
-9.910923353525689
-6.347855753379883
-12.159927324975007
-0.4770378128384357
-11.87434455877983
-8.697337078481105
-12.28247830063946
-24.75596475842472
-26.011673221877714
-23.12332520269347
-29.621955971017996
-29.73602074043613
-29.641846868817293
-32.96835247629945
-29.28609800393921
-26.001098422506853
-22.939098393305287
-19.671475884025103
-19.731302966878395
-13.42950992853089
-12.824999422105716
-10.733260878578486
-7.334929650719416
-10.938191620972724
1.1472970002129332
-4.086212951978124
0.6767458169030555
-9.223217277017572
-20.56654133583989
-8.380031117917165
-20.392245707248836
-18.276209947642744
-5.664281026801946
2.1223587483839004
2.7557604280219654
2.9053146153658367
-5.915776039785434
-20.263753059897184
-5.033026312516023
9.199127865150396
-9.724748421234642
-0.3235364250484299
-12.84824817476128
-23.765827956983394
-18.01745960772844
-11.119021421149874
-6.717818596337343
-15.601449733230215
-15.029355341347033
-8.055373814507726
-3.822442313548898
2.2977887542772417
-2.315473541355961
-1.8465407498346211
-0.2543527791101057
-4.914689637186342
6.336964492979247
-0.4481703800529672
-5.99956064100393
-11.902616440731896
-0.3875081160687445
3.5544123834769303
-0.5035595944764846
-3.30546823281163
3.5719541504404466
11.05481503607206
-2.8230254103219337
-2.914118124618022
-17.37193084129185
-8.940213703758698
-1.9298330692795265
7.21971747038872
0.18030620043054496
4.835519578025976
-7.406232304544162
-14.930081192652016
-8.383125806551636
0.8121250771517904
1.0527557631718916
-0.6040399826671842
1.7321260231419635
1.5085206249282728
-5.727572873275091
-2.3547351652717974
10.524915146980149
-16.066634104587038
-11.125982960677456
-1.0097122954914055
15.03343526747936
5.284602867117158
-5.597571875967118
-0.2595165023088725
4.1828837894780175
-2.4216836638696795
-25.14330659665246
-19.837861741116875
-10.065136036601606
-21.09362335596797
-13.412872406273818
-1.9542441802899213
-0.2553557002971806
9.274324483916816
10.858512233418233
-12.194456363830394
-5.503731208642637
-8.474635801863679
-10.277814559394326
-8.486916282272734
-12.461087700718588
-6.910237393749663
-6.6910411469736255
-19.266427015578174
3.523020498988377
-13.583322258564714
-5.483548636871114
-3.6503983112007927
-8.169392400369404
-26.333869658123675
-20.425962333724375
-8.68010505585512
-8.31801313275464
-20.027866963759347
-5.5146565896660364
3.3069063383009905
-3.7950886511415027
-4.722270724588538
-2.984793648439734
-8.05794754040746
6.128084113201328
-14.554927131883158
-14.493897415809029
-3.624707141177369
4.9655568042174325
-1.615800003385317
-2.356152706109311
-0.5689693639770054
-4.351471808271495
2.7794651493652784
0.3083281679500529
-3.5820170218166565
-11.804501682725814
-6.303548290764935
-0.6012465371727193
-0.9299971203451104
-17.26989096064487
-0.7614307595872888
-5.0089247375737616
5.3438080966647545
11.131843277778604
0.5115437425162891
11.902878481777412
-4.2902694007809385
-2.487690571973828
7.7160647729515
11.987014412627211
14.666441209000151
