-8.47127812338321
-15.133370764114009
3.4818746616414846
0.13813803437399336
-1.5603546581926395
0.3583855078283627
-3.524559867205773
15.959872899386255
2.932552521617564
-5.877712085684371
-3.953716861343052
3.8854473037896233
-2.65162336766131
-13.361035935681171
-12.908248639488914
-5.610620579672289
-0.8038988915157799
3.752639201443351
-2.669769464136325
-3.6647083293320817
2.5417237250391946
-1.2859230090535645
3.501043107818905
0.9484349298851841
-4.827367392347655
3.7229250589739573
1.0652943664644647
-3.5609742360947387
-2.676525171273814
-3.7708999637611074
-4.231737967950891
-6.058296300156991
-8.893386138425138
2.8486271837391994
-6.324429567069885
-6.805444076923075
-11.689839614451092
-20.54850479191342
-18.1581337704717
-20.143827720199386
-19.889849074036427
-17.107651859984685
-26.320466058744913
-15.352417929551866
-23.579967655952863
-23.992668601456305
-20.27501786005836
-24.147190396952528
-18.42798793336435
-16.848403822511383
-28.730011291247568
-18.216016626489587
-20.384686653612548
-26.42153989976213
-19.35521262600385
-18.526584444423285
-22.55783915046229
-11.211102607501152
-11.485384715774165
-11.012829180337999
-7.8787565640617245
-5.6231543299807285
-7.580159976725652
-6.420042407573153
0.9305525508967564
-2.810214523009717
-3.162834277024112
-11.882834237705696
-20.1561359290803
-15.859618445894325
-20.63611823791021
-14.654983161587793
-17.584083634294668
-15.209304473149734
-21.35124049263611
-13.955181312272616
-12.702147778695593
-7.00128788588178
-1.9322993089966283
-10.36729983217653
-13.665014946859586
-15.010082495083857
-14.681577743257579
-8.785260314177139
1.0872431181748845
0.8201790876342457
7.035281571541513
6.688238370437232
8.261558574995336
1.103819672837982
-0.9042741275424856
-7.35926185467749
-9.10552834960467
-5.085218790497108
-1.4029083167939194
-2.552871784125878
-2.0406786244531507
13.893895941281466
2.721547338818372
17.809375484642857
13.786749440054336
-0.25604638930363244
19.15191227269711
9.21501049504119
20.910446274446343
10.874798008561337
12.55493375466705
15.011944575552436
11.478171034799738
11.763740848041055
13.842618434039421
11.743777352154732
3.3966094579544865
-7.283285825729234
15.440914143450286
13.40370137448164
15.64845247229069
9.004667564833719
5.734537399984196
14.453634629302789
12.877528266219088
2.3086344009177493
10.11977607867051
12.946780663397089
18.939729630041253
12.497576064348813
15.285444049401672
23.47931994420476
17.54383648332259
11.711264418019553
17.608161642479228
17.840451886041418
22.934951250722452
12.814947561334511
24.783585059659014
22.737754020000004
24.010877210714863
7.491444539501019
6.750701026951232
12.196315938956962
5.892408726016499
14.830650452494893
-4.877705718106772
-0.8695317096276329
-3.8544641115416023
-8.942127074979473
-19.974772530032986
-9.090830610389313
-16.723795256717487
-2.028890601290721
-0.5413830058500981
-6.081893448868495
-3.707509612608853
2.8340181174086547
2.304999262188141
-5.821678386385611
1.7292043150806031
-4.604146141674442
-5.796849313228103
-15.965340683332741
-8.407859395818349
-11.903399286487248
-5.571348109480492
3.6214818153204726
7.600856753340253
4.811487606376513
12.478615740003422
2.1031363601608466
7.805598582300714
10.061822408904225
-1.3430379103720038
-11.522784673069975
-5.815657150192242
-5.126649931558405
-11.284235577435654
-0.1979322654828356
5.926265429729002
1.8264675839069866
6.9385224351052965
-8.552516796295924
-8.70019776274752
3.9271783882193514
-5.94842343372112
-17.294772377983247
-19.971379392031373
-13.98644717171868
-6.649745471767117
-2.6696620859511517
-10.291361569599664
-13.029446244560992
-14.37273247750236
-0.7486303584252609
-10.812099446232118
-17.77382901567325
1.0829037033777216
-6.047478811393335
-10.306284092988227
2.0475380591226706
-8.512486998881593
-8.705109010621246
-8.195982930511283
-1.933901834964162
-5.532880414138912
-7.55801844292176
-11.174120485650775
-19.85151056839762
-19.283398883202835
-16.23295310021269
-18.365179518708388
-13.589178148164333
-9.14369266644888
-16.352523402153114
-17.75184395409576
5.000668125104808
3.6184494629217543
-23.16341078282868
-8.578055702720427
0.8268245507009256
-7.663131758454402
4.971827638487391
