11.225614282464123
-1.909685066665064
8.604010629982692
7.019420155479279
-3.12151928839712
-12.932690005371056
-3.878500346406788
-12.319849263059929
-13.414267566559195
-15.818417116407867
-10.802736354001613
-5.813312888245058
5.690461201812558
-12.802509969933924
-7.730557783109461
-6.366413465471318
-6.371924038709703
-4.866818156092651
-19.505375267367228
-12.694680506910432
-15.930683975900395
-13.142960445116394
-2.67733773603058
-9.606548383998335
3.623142598432471
-2.363834560854079
12.763322539809925
-9.676157145138514
-12.947775040360206
-9.07302371543209
-4.288235541073925
-8.184066834200523
-14.832675537417323
-13.701726641455961
-23.820231135339974
-13.184444625188085
-17.514028399421218
-11.490475723130865
-11.028905723405806
-16.908799842560178
-12.024819428744705
-12.894731067982962
-18.03106229810804
-12.60755015406982
3.2620412554888683
16.122062448903044
23.50637732546611
29.11260805893164
17.00217939090604
12.647806763996707
22.064214676817087
20.8769701935468
11.72066077409804
7.150013661600157
12.80403312946112
17.2343508816715
17.206777129461027
23.536537640736622
15.95697134481067
-4.003478862913187
8.725502234160059
4.275032684246641
-3.73294621829004
5.317792870769179
-1.3150950356595559
-4.106104358044781
3.4528735859899236
12.017120690788259
-2.322854513748002
-6.266739088830921
-0.6222029690954147
0.3221168117648421
8.166115551600678
9.99383158586858
3.859716226084076
-4.269677392121867
5.195640696164858
-0.4616534257617839
-2.9202162706447456
8.018514224130962
4.2812304311923
15.596861699482446
11.92618503413985
3.625219659903784
7.241102699580113
1.2794878529960707
5.009016218189231
-2.9439620142168903
-7.215086634334643
-16.582094714884892
-18.32838715856592
-12.059853670491867
-15.811883911423696
-19.92217778643971
-4.249316138410856
0.29756310135320874
-4.732962689595311
1.5723620275408206
-7.5834381873643535
-13.864456765998948
-2.9261390057496337
-12.160064419936981
-15.314005823210223
-15.617226777438242
-0.6833632413356556
-15.590207192895546
-23.737878086879
-19.083423664731914
-8.821679726423119
-10.45628946528429
-10.610393033847613
-5.268985718851025
-8.832799542342476
-7.01813117074462
-11.202012403740984
-10.944704230794477
-15.084446867486346
-13.213217662143562
-5.2074400322961205
4.526865722184677
4.435209570090113
-2.758433322523011
-13.783495616058055
-0.01870594072358885
-5.728633210783775
-1.4537336105645216
-12.010516359528424
-2.118920954572592
-0.0014467242307230907
18.25717105357912
11.288000755058027
15.855041523238134
20.436601004804487
10.058229418659746
17.548255968390905
12.426729342128112
-2.901933013652529
-4.053362081533126
-11.905843111005776
-4.496162417710897
-4.998901061374326
-9.161699952363962
-12.735009984099529
-9.840632929899721
-11.456206770116625
-1.895654972244672
-8.63873273777666
2.9282020398234745
-6.149800474978294
-0.2035307491539787
-10.800627724652557
-12.708827532998445
0.3451296332926986
-2.478213895814524
-9.818965508362766
-25.2403262623893
-18.07747091191791
-10.828279484709425
-4.158452544098597
9.814858784439917
10.583294069097787
6.939755209228378
-2.272533397532252
0.30346968187344986
-2.9788543746306546
-2.9280834144337096
7.171977213809432
2.340422609523206
4.284669070099665
-1.7343360445095155
5.697576485078372
6.991879582364994
2.327667139998313
7.276742658357461
1.7386992666008831
-1.040487258007783
0.9398143158853576
-3.5050422586863053
1.3334420175960688
5.233453696339106
5.847876237094238
6.260837871157718
7.354502588250086
4.956676795004406
4.839425259597488
-4.919586863254642
3.948129944564051
4.84801335110982
-5.851314556672031
-10.885211359248485
-13.115569265561314
-10.888007354304717
-10.815870769501018
-6.037125380420141
-9.593789291904447
-7.039601054550058
-7.505133583857584
-9.91937421131811
6.065553625568754
-0.8495510822443499
11.297737262980187
6.18527146013798
1.787492273752185
12.841472541124592
0.7548934465046879
2.306718155588498
8.606976098303933
3.7824054576845056
4.916922280566715
8.724317044214684
3.2233482073720765
-6.417464535088589
0.7833092521584338
-2.647189207634736
-20.860261222674264
-2.3379235480074
0.8219196459309045
8.90091537416867
7.997757713299697
4.956352376877894
0.6509999456593478
-4.3731793053750465
-3.0639356284658774
10.362037616050904
5.130403194156048
9.387422306411151
6.226986610727499
4.112394295836774
-8.151334145507562
-1.8972174876789836
-3.500584336727933
-7.294167663427538
-7.957077098580361
-13.930165510000606
-20.0402342590715
-17.291404506356088
-16.16012150261775
-11.210259955385377
-25.444898004730092
-12.778117595744176
-9.472919591277453
-5.9995225162129735
-1.553696986687656
-11.373771440974878
-14.439652556253098
8.577778157431593
7.7817937572252625
6.031933625592019
6.7330047106089745
-1.9741530401372782
-1.4498532629781145
11.327270747399947
15.861583066648256
-11.231784115485604
9.198996646226037
4.7372807226170615
6.104799358730454
-0.7752298228399921
1.2501096508963978
6.7110511794685435
-1.6457962986854573
10.159697573038537
10.365902996547582
3.6706974389566582
2.7335591152593066
-0.7368910702283142
2.7935243950093263
5.419750819441035
-1.7336418879290094
13.676384835640368
9.65353811652341
4.361595441460762
8.95319089976315
19.722809985467816
13.351830880027013
17.962104474123304
25.04046077065036
7.8756294782168474
14.476910417239507
16.70047647567085
1.2482602187096916
0.5939202009861901
33.47329446748309
1.4131616140901244
1.013700471000373
6.865736734548098
5.5679808549207435
2.7295119187017054
11.015049154482448
5.242765910031982
0.1815025145633899
-5.930286976914832
