-24.945269736985768
-11.061484940754664
-12.773433586877976
-7.2410701764603616
-16.114195424435458
-10.821221476837582
-8.6273531463695
-8.884038560838247
-5.061756673204783
-5.098046209160807
1.8732528380068825
-4.774922414319144
-12.854456544602227
-9.1733330573759
-6.373337198883601
-16.72505501380223
-12.69333562888822
-2.333124559619207
0.5571769474970613
-1.011376733920069
-5.906749860920731
7.960358220551869
7.9892154893982195
15.134541730015776
10.573553593694246
-1.822452026613541
-3.8573281268738016
-4.0010441627725015
2.52943972657876
-8.23725746367584
-3.0252842852842416
-0.422313606531458
16.163556667159465
16.344031765208584
6.3396879592937605
2.774032876595413
6.820586269714446
21.279720197687432
12.837614524880474
1.4603378963881974
-3.1541704964611887
-0.7931269228761313
-6.475505384523282
-3.363362363666509
-2.104487139873793
0.10375864892460736
-4.245255633256507
-4.261937990074497
-17.228093270385965
-19.030022865681378
-25.848562933299466
-20.86180734824945
-11.817896775039964
-8.601923004905853
-16.917814597460573
-12.480517926527462
-17.564167680973593
-11.7732016376702
4.6034505200511155
6.414504980883331
9.996126008808837
5.988591507440339
-0.7435704253651508
0.8661895747993467
3.028103539164765
1.7329611958193425
-7.142593774231345
-15.813370725721727
-4.279728498788748
-0.4520830689693992
-7.334320641991701
-8.301341485269534
1.2808596768638048
-5.165050007607533
0.24074768247594025
-4.7344650710579765
-9.674539016751762
-4.15399580531856
-0.21691437889060905
6.44819128725429
6.7786398880735375
11.757577921532354
10.462755048191534
-1.3645085811960176
-8.297074600947223
13.345202594133019
9.593543404022776
2.9048894497388864
27.02446350064118
26.036739416767112
39.22929006274817
22.93994781283121
10.765666261625345
3.2047065413882567
14.759987772338919
14.133840149598074
18.180249323964073
17.369460241599867
17.467650132959992
12.912386898779992
5.553613269186116
2.9608884253317624
-0.4680641586694962
1.9264454414648944
7.0262607211848565
-5.627140042531526
-10.45578113261974
-1.6723310455632816
-0.6741491465549456
-9.101940579120603
-12.606399670766876
-9.815264297599981
-9.158452521240195
-9.438995075724119
-19.710396836965057
1.296594543534754
-5.172216029915097
-10.508933027828123
-13.65739517859516
-1.9302089929281196
-6.98694457177352
-7.9657409623244915
4.728802797297665
-8.223299187384747
-12.519780414098758
-9.678613779531066
-5.3573835794942255
6.416580517562747
-7.389315241237898
-8.875776653823914
-0.00765254791378044
-5.240930413629245
-9.434038835518995
-23.89416319614457
-23.53636742629304
-5.484366032168845
-11.250855446948249
-22.89603266712949
-23.81019243684409
-15.351323255627673
-13.606902238279106
5.026559744193934
-8.765536976490752
-5.058541617934007
9.586874403421655
1.6595880606385645
1.5322386165165107
4.495041140165418
-1.5930470009706446
-2.090088301607051
-1.6780204116222714
-18.554303052111226
-2.8322020672879087
-10.285442946641016
-1.5969955799968607
-3.5501384538889464
-24.374916679047388
-17.51594219620802
-10.07202356038566
-11.397126325954494
-3.863974881799999
-8.670231984308653
-20.147930467986626
-11.92113242493044
-8.320922191832867
-12.757086152888501
-18.47589912720316
-11.334430337414037
-13.741608592159116
2.64491204677021
-2.7347244966790742
-10.115056473811702
0.5379115002410776
9.178726578623591
6.339182525270128
-2.633225489177712
-23.122755884184645
-27.07250567009069
-25.059977976939717
-16.083740484014342
-5.855763187351161
-7.9460760264687185
-18.709162395373326
-18.886882764408934
-15.011680094632124
-4.987539322445203
-15.134446469278318
-8.44566195489258
-8.965341154636935
-7.621622304323558
-12.282776411130774
-3.60068170722026
-5.70525029258187
12.636922407971554
-4.04731699816202
2.6994574618178246
-0.296046870182941
-3.1006891677647523
-4.439354386954104
2.84866770787418
4.7566235369463055
-9.658947465026966
-0.28453861870846164
4.415609942553826
-4.149092881385909
-5.280073616994743
-3.2914019603962177
-4.837387099823507
-7.927875049944166
