-26.980436568585315
-36.54174420005639
-35.428301786560546
-37.28096170127013
-15.822589096055632
-24.802956406597087
-18.665964837495576
-9.610588012587282
-6.482748094686174
-3.1262046620009034
-9.96535764814018
-12.227635504875515
-13.445461355172254
-19.062697791982984
-23.229356532786664
-17.213373584134864
-12.635312402642073
-12.817090687651826
-17.91197971839284
-17.19284167616869
-20.82157959427445
-16.17004872144124
-31.447414406978396
-27.742044755667354
-22.52981730580666
-31.55999749014072
-28.289425681731476
-23.04830538873673
-18.039655908663864
-5.713720074636231
-2.1039232973522703
1.7236942508967474
-7.436910714189434
-3.6864741237746887
-20.262857449638183
-18.089198015390306
-12.140777002492705
-19.343449824150092
-13.264182826808335
-6.225285760293951
-2.5818544608735783
3.5271386451975304
0.94496456972789
16.31747716296991
12.235392724815213
3.8358311131179175
5.4642809965914
-7.383436953369372
-2.331998873980488
-4.620438851632722
-5.174969260279808
-4.122744002775387
-8.870399691897639
-7.762530373989352
-9.478639246273413
-10.646091467710336
-16.896598769952213
-7.30832396956083
-22.52002029251182
-20.19960025556412
-21.453203055133287
-25.030318248327376
-31.818897929482574
-26.452830201407963
-18.51690398834952
-16.342411645264296
-12.677246029597692
-9.706787564543696
-8.32469916166608
-15.953513200055255
-11.730878908377896
-20.68876104573671
-29.584171281313363
-29.8360630731392
-8.937233984880393
-15.191921815969545
6.5942937539773006
1.8363893590290008
-8.111421564194979
-18.9891351706642
-6.463817212223754
-19.782773110921394
-15.606324413630473
-16.57035693345616
-13.873463500068777
-18.052065106055487
3.425417560220723
-9.303401601532576
-10.124296082985332
1.9846187973747884
-7.812839633143331
3.086804999419851
-11.414448696993947
-6.3630481305795765
-1.3449193040093852
-10.564061818626556
-21.537950817637892
-17.64117692107293
-12.58994775475302
-11.322435967632856
-4.0973948955860005
-2.612526577415069
-8.301541342658433
-10.668870940218346
-13.283099841545727
-13.40882931111207
-12.637050288675132
3.3444790949012897
-2.2343818525717682
16.350986464302594
0.4967337460439746
-14.349033171908939
-2.1662749944997417
-4.2478105030041275
4.04638951632874
7.986228944460986
-4.633263302552892
2.9232188908595598
-9.819853953374018
-13.910422111378464
-4.443558173056019
-6.96120785044973
-13.491072621659775
-20.122878639990514
-13.193414019297645
3.769383275449554
9.20109603368492
4.944526538872678
12.061320885395633
-4.9662733097492335
-0.013208500963163727
-0.033654851185250606
-7.6990351970855935
-1.7351621662704082
-2.5775848719864607
-2.0380912295563784
-2.9489449181014096
8.144841883113882
-2.5786655776821688
-4.252487519553603
-2.5307313597883314
-10.883215946662318
8.986854680139535
8.001871510609591
-1.1025601373086522
8.65969503999946
-10.239268106060042
-1.8352291299929735
4.954928169270857
-6.860209091468827
-6.822868508940258
-14.270954864833884
-23.27577954880013
-35.06116370171984
-32.66942774981605
-36.53555510762914
-23.761853249591283
-13.816496630137024
-15.381738606409481
-15.285407897906953
-11.008849617778866
-9.513050144712665
-14.224596774854165
-9.598083388885508
-9.254600665225595
-12.312404974302705
-14.191789691930998
-10.116025837850538
-1.9138835725102463
-12.690264759520144
-18.17682760497167
11.17804291384058
-7.066562647514092
-0.029330765038817694
6.45654582916683
-5.182151682333068
11.835699161975448
11.573275584782667
6.56088065127247
13.848709327132456
3.6404886049568432
0.3773820136708169
7.572420367204951
-7.1019304051844125
-8.209021706250365
-7.199787176016525
2.5951576378239403
-17.917417995856212
-13.281106884661765
-9.282694645843993
-12.471283539207564
12.242465861526728
-7.825275234406894
10.837146634241366
10.334322230886842
-1.3783396233554708
0.8661421787677013
5.692501011230621
0.8467347809910715
8.636634892208846
1.5256947749485863
-4.470068684305488
-15.648760396539467
8.77377849988168
2.7903788914063994
7.245937274678493
5.315276623036231
-0.4358035393536789
-19.71151692007843
-23.52890182827209
-8.980093980151334
-8.381577263329978
-17.97433416629747
