-6.370662150140767
-3.66573122349038
1.390346598387608
1.6600649255778193
14.82444819995199
5.831418320135249
4.420867576122129
0.04072109172610764
-3.745964775172607
-10.153634306493776
-0.6069945241863792
-7.7574015945925625
-2.7199382919159207
-10.939317961620972
-16.775205340574857
-16.846475639344238
-12.070764320216966
3.804366863804779
-8.41787228867992
-6.7047288014014725
-9.1199293436743
7.611598336619033
-4.4540520840735605
-3.8729295183473176
-12.121133668796208
-9.02121431684266
-4.156838535403344
-9.66692495624277
-10.589455780649972
-10.2788872441557
4.369139086913886
-13.882852591400054
0.8991135323845889
-6.671584035721128
2.829714277523621
-0.31762865765843146
-6.4882211963722165
-7.610128870010113
-2.7994508245890333
-2.21193635504882
-1.8393368703870532
-9.69183673355922
-14.316245482809432
-15.329074706968347
-10.072439417115886
-9.434039345274542
-9.193246609884193
-12.221355311688347
-14.774172187154416
-25.10992125233727
-16.603766813859064
-24.689993334068074
-15.988441869320798
-13.929991071135097
-9.381638753343564
-1.1169411859929488
6.4430696414799336
-8.822110556016439
-4.351865461409541
2.8439690055478257
1.2169839294530074
9.44943178583279
-16.184005991045268
-7.247201626775787
-1.646567749104451
5.77758784310014
-3.485060169528903
0.2272057682033648
-2.8640715689074088
-2.2270433540459265
-10.80117285429417
9.071827557048644
-0.2995307545341809
-7.791139038456452
9.358247643137588
-9.268268297844171
-4.592212540140789
-1.12552880859533
-7.3554106100695025
0.8743377619241515
1.5579998955378525
-0.3783333822522568
-5.595403533814824
-0.5065022846002767
5.994839000407528
2.059964352557885
-1.5949453600968837
-1.3593238578796207
-10.957955074666476
-11.784674967688696
-5.8813328866441035
-1.876704445647148
-2.9503073389096297
-7.225918680311286
1.539771599825854
-12.828137239282215
-0.6394536366465109
-4.423912030279685
-1.7713271611777397
-1.1369388717785622
-5.914492194820988
2.4867526524549044
10.6224156691602
-1.5267418678540046
7.341830573001869
-0.7005449690805563
-3.4880369506055664
-8.34616886288544
-11.738806763352015
-12.63532612618293
-9.893971975238982
-22.415570005761946
-18.408007033100787
-11.266884590438496
-6.2530643841554525
1.1990387662954742
-9.582515398230546
-12.270770159577046
-5.3185964923855655
-8.630970978543047
-3.0636832813106722
-17.249163702957073
-6.0292559966196455
12.651239862910366
19.48507541574989
7.013933499384365
6.933994953401285
18.047443902303453
22.290708381468924
16.731267592207647
21.051464862820747
28.008107613158607
21.05921112294091
21.704025287145914
19.70973147743103
16.9378584487337
27.15717888485581
17.897933283068586
10.658122051752112
4.4033196535748536
-2.427285327001933
-0.549966216877309
-2.6321063045522566
-1.58628009458377
-3.1893805858407815
0.28267979465115284
-5.848216784601194
-6.4011032606578775
-2.0196700618588195
-3.194569479301542
-17.655635792158453
-20.568452476496226
-18.60549265762089
-23.275948214838
-13.22444773262735
-8.777748885084634
-10.386862754769352
-9.256821793251312
-4.157803353931328
-14.25164654498091
-8.666363138703082
-9.106094148551108
-9.637216189535222
-13.230568562689982
-9.48644682997599
-1.7502032791751383
-11.880407735018293
-10.630068111872063
-13.534896007557515
-10.974964497132046
-17.403426588817965
-8.25230050973584
-14.346946005866355
-15.617660046094985
-15.716159353640661
-4.5489406047052094
-4.84087745263032
-10.548548913103383
5.7918530290696975
-1.291712370710717
-1.0300970935423408
7.462217520677978
11.779258670133405
0.3991406694853855
6.894863544201113
13.168246613912133
4.357885380772645
3.618246014889592
4.842736883810843
4.765166296874499
-6.336562540635124
1.2230203501106898
-4.5416161665792485
-11.819816998105582
-13.061150274994535
-6.301217575023896
1.4740820353415525
3.481462298876982
-1.3346675683640166
6.23260370042154
0.7291244313105317
12.617867547651914
-7.581373126014899
1.998780871257363
4.934874181070105
4.681471956702607
2.73655140781197
4.992522120260111
9.177076717880654
4.611243765746711
6.933495899524393
10.168661308403498
8.87064390456558
-7.290596153843224
-2.797777908083225
-6.688104549561447
-19.65229856247806
-17.477208191770398
-14.892422550086634
-12.401623615150907
-18.333401701013774
-7.488983098755092
-17.48063024078149
-15.098515783051214
-13.903006484503686
-13.49491875968802
-14.137164585858095
-12.990085921649436
-11.130833059972854
-10.523209815007057
-15.532439313713141
-11.890153167998092
-19.548783712139645
-6.032192201457537
-0.2577362726464142
4.06776803834685
9.242537046518537
-4.2413503378036665
-1.31550004844942
-7.620016843239597
-0.3183644149951244
-19.085475220399577
-5.1722989596093
-5.9374948381537775
-10.312988799960596
-0.21188570966499806
-8.464113615497716
-14.420856153755233
-2.1221236927340343
-11.676682055811956
-4.450601810356711
-5.187061231958113
1.4872918226570255
-0.27393963390398074
1.703479430323495
-12.84795949925926
