-5.3080391330985455
-1.0895497680837314
-17.75603988069426
-3.057856446121213
-18.781629504003966
-20.077834974906626
-5.081582704195419
-12.888579476162628
-17.616761896979803
-7.879699631455824
-2.759411324644753
1.7426349370145862
-0.4269213517988957
-8.55209195827018
0.3809083066697011
3.6486372395368014
-20.207887721155274
-18.18907402894078
-4.934213947537068
-11.921239759121015
-17.26321298023041
-13.93120801662978
-0.40123107042648376
-17.60248262984423
-9.155853078352829
-10.840153706533368
-10.830446656868961
-29.77043480072032
-13.703070503561385
-19.102221390987893
-13.598060548526313
-14.053397744743814
-22.315371474959363
-10.121819939809466
-4.544640263816797
2.5553078893960186
4.5163045989813275
-12.439249159430195
-20.44856387430921
-15.80689193486812
-20.769971769623748
-14.532291393251569
-18.27125415581241
-17.273860663647586
-17.830519112043934
-3.737138659899068
-8.59511854678262
-8.507286213969708
-16.29437746584235
-3.3196405900735733
6.461538843656897
8.048656603618458
4.055650774860989
1.8915200345159584
-4.1245799948402535
-5.546224143422995
-2.5023792223478387
-1.6267775554080657
0.9824731297046844
7.341721171537482
0.08143387339072196
4.990620771213544
2.7022904508497287
-10.812884391233938
-10.380248209981039
-12.851357522481642
-8.133041613583718
-6.43449385252644
-11.926177643941456
-3.4219557112187164
-1.3192434998475506
-2.2921098797950408
-13.48550884191977
-6.695748078628503
-6.306284962861022
-9.832626223082682
2.9485118306180675
1.0509925831668545
-3.113607201267935
-11.84988460256861
-12.519865365650025
-19.04044872678361
-24.895506444522194
-15.23938917169756
-18.916602266785667
-26.264759802348532
-24.398035488594083
-19.324985970190845
-21.192631552678343
-23.83597923661831
-13.517958763866536
1.4922238199660471
-15.127007921587865
-8.170173240594123
-13.250761755567668
-15.927845415460107
-13.527738250968072
-21.085911760792968
-21.596051418875827
-11.569965244349632
-8.83569082584718
-10.95928258352518
-9.165868893077432
-5.115086997280142
-9.265356443502416
10.254804022853016
3.5427545737055253
-1.2829334765886942
2.941049947177575
-8.105219710343796
-14.59592275302946
-12.584839169075005
-17.041989424072938
2.491818203347812
