-9.790981350891679
-14.923036048298595
-20.01830277936285
-16.926355297711055
-14.964993316783692
-15.351251815439987
-11.972415409166071
-7.985836799202869
-0.9016428462216092
-4.011058463545885
-9.667495535475076
-7.929191968548567
-2.7182484214477203
1.7363556993258478
-2.1278623969600603
-3.3322537237338152
-5.186970514613546
-9.673421699303088
-10.702298348102863
-14.259036947182976
-22.46913223223851
-10.31632757390888
-4.759986206784116
5.970954470376166
-5.4380323686513785
6.660712066663008
15.898423341167119
-1.8524899282284468
5.765289279154014
3.4440896389189515
5.085554993348973
6.402078652875848
2.2529254862695622
1.5709878903622905
1.073018590256374
-7.7214131656601115
-7.081883486807728
-3.7280799486697385
-25.282574658327203
-27.810843938028
-28.104703619686838
-24.410170744182476
-12.3260647484559
-11.995400791937833
-13.00330513609882
0.01613015128450736
-2.0587733054253037
-5.6785471330527
-15.545444913236327
-16.474684393837393
-8.799223995696687
-24.889497415887327
-20.96169267023949
-17.422628253420086
-9.404714258088752
-10.642288681261057
-1.8149790681531923
-15.312988800129967
-24.10549726368629
-17.710142449445886
-15.035971451026075
0.9481847577197386
3.19008616848967
3.110881890942891
5.841838922378162
14.111343457825935
-5.711099633788264
3.4452077555783065
-6.8663725167494105
-10.326342130110595
-3.303975394774382
-1.788636718399086
-3.4721822366792647
-5.012172731086632
-2.759303870523962
-15.600449947376811
0.8502161133964363
1.542943628457864
-2.176426116499504
0.8988533962152637
-6.3839994424550754
-5.826305315490852
-8.420983441726863
2.9862833509800333
-7.26299747304162
-4.342680102387654
-5.458558626968019
0.01823138492209702
-3.5264220207858115
5.63216695120936
7.652180975739
6.540748991175997
-9.413870391263648
-6.8537828124981175
2.3568294992527616
-0.7022336837234028
-18.874242262596255
-17.386652118147587
-20.6937916861843
-23.429830689056622
-12.760325532470969
-20.460436223107195
-15.4212495708566
-14.154659613514385
-17.204130746886506
-16.839106980051852
-7.310660056685633
2.394190148338084
