-2.158050280128383
1.8456181667941207
10.24035579927041
6.538772448404304
6.406950468065619
-1.896151496791488
-7.934904280457821
3.185255228490482
-6.029811298531678
-0.9303460955476271
-3.0022819675037233
-6.767069231558724
5.877109629366761
1.5560943331749264
12.831837124788613
14.392055578962779
19.133105430632025
16.292134854296048
5.763416478190807
7.438022306918564
8.77101666488323
-7.245757487352573
0.3645275811736664
-4.367247660358103
3.4841514978482153
-3.2349810528708933
-2.8910664141376543
2.0761780060015647
-1.475811253735041
11.544928529597636
1.2623752605690708
14.655192171080381
-2.065098612507205
0.22880998174612785
-8.581494012621086
-9.33648442040356
2.813321990446589
8.562709428522309
2.3665283770254377
0.004275701762598888
8.187722329768771
-0.4719822670323191
-12.939755505365488
-9.759030869836664
-4.1511414425793465
-4.948895594012541
-6.472062137658815
-2.976092010772837
-6.668325891844946
-11.516395421643107
3.3870613109596417
1.1708553217348932
-5.258623778443882
11.765373232404356
10.64580484671237
5.766649707567061
-2.4562039835104224
4.090687649274187
12.464892111780165
20.434263237525155
5.11948653984546
-1.6108304468358992
-5.1203205557779725
2.4905816629504582
-0.5709628170195018
-0.009529715323803386
13.312649056496706
9.632212435165627
4.848784022239578
13.280867098242945
12.495752928900806
14.69030917961098
25.095964488595914
13.261304538293064
-2.8623900755205267
0.6780497502471872
15.157073791750832
3.294532399665413
-1.4717766083507773
7.687996929516013
11.897662737626055
10.621465628868675
-4.4292790113993785
-5.0042761114709275
-4.423682147061
-7.1790173467408165
-14.302171788575478
-10.529359758986253
-14.64055417539332
-17.30412486627519
-7.714465186667937
-4.285194747230658
-13.530590413380633
-13.584054404692711
-18.88971688957385
-11.237897758516985
-20.793108585691886
-21.155086634049013
-20.09140521787909
-33.15105107931727
-27.67917710390635
-20.24960159898365
-16.673313018687324
-19.90619840091464
-15.854741757230787
-9.2384088353194
-14.36076889482251
-9.510636608594456
-13.810554713068068
-7.726982294685137
-2.4588779083286614
-8.58527260130613
-16.813040369032468
-17.751163083726066
-7.076145366549258
-9.045964188566264
-2.3194792872091137
9.929799778819936
-7.075913356020585
-13.111989556071705
-10.66709133524059
-16.825847442964868
-16.505963847309133
-16.655252476772677
-7.970273472936727
-23.848489389347183
-25.04663629674285
-18.315596640775432
-14.883790811748916
-16.69951313789533
-12.291062711566127
-14.090456750292633
-13.188652154707912
-14.158202762843564
-12.480688185033653
-15.456962030471717
-10.829238216989756
-13.805137121150162
-24.39751650121923
-7.2153264846082275
-7.036980520274158
-5.32824183198483
-9.621589849311643
-9.581080246971537
-8.545246805253491
-6.9492295276650085
-3.4208222462489526
-5.826737279239353
11.475399143460354
-5.798926486623001
0.014547475569776784
-7.59171315713962
-0.4275884015575737
10.850249856831674
15.361415770799251
0.1278750349267248
11.92884304705516
-9.193910625141255
-5.600566114508194
4.389249573917536
8.285701536446897
7.0053918715708114
-0.833548532174889
8.263399967463307
2.7883819433594645
-1.7505877723664598
5.570407285512041
-0.20288473993416384
-1.2289758903654984
-1.1590617912562062
11.513391409198176
-16.52126740708453
-1.0372268112755945
-3.6169334252223866
8.71855900902473
-3.1367899303143574
-6.277666958737714
-5.271655901929214
-16.507353454209674
-3.6346108826900654
1.3073695386691722
9.154376716122893
12.44306964108762
-3.65709014637484
-1.88775722417412
2.6146065039213027
0.81493190590689
-4.611703090184041
-2.8694163440954035
-1.869877228845894
-4.748601548790658
10.116007539634623
25.44328034089445
19.42564265385769
7.88597622096754
10.277751901161286
-4.066266501792252
-5.9888433719185805
-1.6938782617489785
-4.39857404048924
1.3146187890995813
-4.590783991459254
2.064508076148738
0.7582310062178796
-12.029337458746731
-11.49521640831846
-5.961063436633482
-7.209416573813143
-12.422740975099158
-6.121385638558452
-6.663329509435704
-3.144646808047243
-13.848385869835893
5.39478931951885
-11.329750226911695
-8.201423825523285
-5.394269130156312
-7.553410083892995
-10.825199456692157
-6.543816916706687
-1.2415883429869137
-2.767626724175844
-4.491208644919179
7.548469262153895
-8.263362093983043
8.630442647111492
-4.958295924688583
-2.546592002204409
-2.992875550780669
14.766060255482031
10.812491748655688
-6.411812329575198
-8.696126494485753
-0.6913033196674404
-5.34005528478587
