0.21927927630479585
-11.102359991373543
-23.838396668657346
-9.548439149692838
-5.018691439742087
-3.4098878754494883
-10.412481209851329
0.2920978065197974
0.8435191205645558
-6.488612371399838
-15.707925848190971
-7.606706099586824
4.885726957021616
-0.8443138562275957
-12.967474014827664
-13.509503581162937
-16.427049263187286
-10.382902386993662
-12.241080266039178
-2.2325375073051577
-7.188238039198982
-19.783756771162867
-18.426295098556647
-15.310733593480794
-15.459197421310186
-24.194140740661286
-22.953452526039356
-20.999159010083197
-16.364326883667047
-8.876002259228553
-8.59914682596475
-10.33681267279938
-11.533981456284213
1.7496376278633692
-0.02172292467121676
7.009517607754652
-9.941447457610373
-8.269461264026011
-6.532825240660694
-5.569978736328952
-1.6459922562225413
2.3849985298382257
1.5605969331508445
-8.659458092548087
-5.003194559822335
11.697496376830358
-3.385609724141577
10.975185150805695
-7.979232923068697
-3.872597018892305
-22.0307049019412
-20.22750141373769
-21.062455155167576
-12.829167399456393
-9.846727123373725
-13.119265065785651
-11.815450801703731
-13.639280472746222
-8.156325847906388
0.7676603741098174
0.7645898828665613
14.212215887257981
18.44370436965043
15.997672298390881
28.16221799066559
-5.185504745896559
-1.2897201236983282
-4.22856101929516
3.1937700828953046
9.091237264048607
5.265558477082113
2.6870967704791515
3.5286564307159005
-2.5877464483757557
-10.624724571791852
-7.012409483002328
-13.793639863182303
-14.761175986723266
-10.408139904796599
-3.292264982451273
-2.1765298703400675
3.4400848940646127
4.177470547214586
9.967934448871514
12.608315574382427
9.012238089741926
-2.3190270644354034
-3.913520121006065
-3.0500491392555134
-0.4734836385303378
-0.6834765411407375
-8.208179435988036
-10.006224722603617
-2.78378379724214
8.601770898725624
-8.608412373617343
-15.288401583745985
7.796047002911192
-2.3864703667580622
-2.582889823825755
-6.273572322841558
-16.366709825505172
-7.9076745748614865
-5.557328536322044
-0.07025901722557612
-4.671781053752414
-5.678995241968072
-9.772406941230713
-6.7776519171461205
-5.339261960372509
-12.463919311148286
-13.655702899906494
-10.033662167759836
-4.691860016226496
-4.6604721863495095
7.1945649182791565
3.1983088725397204
4.747124835295597
1.7208460488708512
-4.658238357651331
3.9568262280065696
-4.124681138884055
5.6662211545322725
8.009018752243705
11.90129807697911
-4.526517204121529
-4.292404617440454
-8.07608620506134
-6.3739743666092386
-7.148129681562369
-6.372990595517414
-2.01892149734266
-0.5658855502154528
-8.628205402873755
-16.769699643147842
-12.351448711040758
-12.243070329538195
-3.4425596273068138
-8.475899931902637
10.226300908773528
-1.8301972142543024
-8.833883028372687
3.975050061100724
2.5437405341547645
4.151306018242718
-16.102494043053802
-16.743338677820834
3.3387349995328197
-3.86729635912962
-15.9480012733858
-24.66241899176093
-19.704366763096708
-15.672678121019313
-16.178679816665866
-13.383868698058876
-11.361140525205595
-0.815548995933896
-7.1371417390480625
0.9225198855422726
-6.742007558764883
-21.030713241288144
-21.152318272189135
-20.13590169043788
-1.4122774827846265
4.581835964900944
-4.828876733221993
-13.943487410319527
-9.944608402666903
-8.068390044683298
-16.784837857448373
-1.1752031619391052
-7.450232840594933
4.6077356650698515
0.6589494757657848
2.5165143713673195
-4.953620107486993
-9.747077454911091
-3.2336799636313245
-13.45115571224009
-5.641549479101746
-7.179271563519208
-14.009245946848154
-9.238468420877052
-3.7758794278844263
-3.7682545361682167
-5.182320761354017
-4.840592434120444
-10.703683789538106
-4.340413945781538
-5.549807814963024
-11.148930899318746
-16.04936010900729
0.42075293369606587
4.440292605201512
16.28545039360907
-1.001144955509596
7.4250257304905345
14.891588573946756
17.431304046774944
5.751377610168168
2.307742836142487
3.9750260743744015
4.514915474705107
0.4896522476399545
1.1556138075915487
7.554606215810495
-5.0299542753266815
-21.348798991127698
-11.232466141315285
-10.325478560814952
-4.221188505595562
-4.801771730016936
-1.1615375438057658
5.783214904891684
-1.965765623978014
3.755502751107013
7.810872843581411
7.117783494407027
8.228871795195893
17.420499507132448
-11.761243206119001
-8.677622153043881
-18.33043581148053
-6.909337782363916
-8.485980634316313
-10.019933641570681
-15.706292802769456
-12.388835925551176
-3.39373847346506
2.2885061951782206
-10.293129596133618
4.718050940264524
7.693663932154021
9.39028459874658
-10.495631734485
-5.3581286230541
-13.151199537097757
-12.831470132431665
-6.399140598322398
5.500379778477988
