27.2802061207402
-0.827947668249023
2.995406781992348
11.455190528953047
9.984895400279713
12.743705483853836
-5.181816845597991
-1.42212298770573
-32.69694783043857
-31.352439530202503
-24.42632163259735
-20.31921356437948
-24.742102239552068
-19.672372992446626
-7.732197602998724
-3.5666786997766127
-10.046247105739116
-7.544711045190548
-4.9971046847805365
-12.937368839767366
-10.949442804594584
-14.658204843754936
-29.720146968351827
-16.15895095744729
-10.7237822109492
-6.893469056658812
-4.423246174306106
-5.6423918418177905
-4.543947227982325
-3.1418908424645773
-24.56839914929259
-9.34250751486485
-14.691880525620856
-14.524595783550234
-3.4900576003464816
-1.3011090398872658
-11.043123776786576
-7.8347691817606355
6.631056873658742
2.6548901193969505
-8.590097796337572
-6.801880835808344
2.42933758256067
1.5170785418563295
0.5257973772418357
-0.6348174870855047
3.6224530760354408
9.76898594284788
3.670512314264233
6.436459083600438
-0.6308074925584513
-0.4986326145476183
7.794538409247777
15.037218391686144
9.231057223823315
10.625421362756155
9.370079925646452
12.343600081127846
8.949605565194034
9.137239807631989
-3.5576852441338547
-3.133478830744127
-15.452493660626569
-24.324311802954785
-25.76563713657818
-17.266007965067764
-25.80870539724009
-20.80337164051152
-18.24854232022105
-17.020847683327588
-20.760667082628192
0.3314910834540805
-6.453896758270062
-2.8767385600837785
-12.764712449592759
-10.759784551500802
-13.958971845881347
2.860660926474747
-2.148726987539955
2.2020886483870337
5.324689387354628
2.9693803939988723
-7.740974558783615
-9.664518715233948
-25.02394164211695
-13.221480626396302
-13.827179099640743
-11.239678972706598
-27.7948518983847
-21.50360356214633
-10.621702280450473
-14.255166271133318
-2.6243107648373107
-14.881276439544664
-12.008348204107925
-1.289926185679941
-11.148692641505
-3.74647852516635
-6.1902247382798405
0.3733953539742048
4.245969568071877
1.9048084225807849
-16.000427732641775
-22.257271805532756
-13.43449957793392
-18.71265515049639
-17.287710073366366
-19.32649866909801
-34.915960261270016
-31.40843633987611
-21.055112655592676
-23.05807019833861
-31.143197675435058
-24.798818075205126
-27.854142475824336
-35.02193527670633
-17.828688724405215
-17.86243145257465
-24.897915900688528
-22.37266747428461
-18.319674218987178
-7.366763216366824
-9.866121293034249
-23.10541660388833
-7.085002338980282
-6.603250126625573
-4.936555313265182
-3.0450263630046894
5.899639570814373
12.581473068441491
4.3960828656237485
-0.6029234030315626
-0.7739064768177087
-13.275947317104931
-20.15756595812897
-1.8002377087151888
8.325902827523755
-9.98073821233814
1.598489520639498
0.9765268336544491
-8.312320933254274
-7.516630530502804
-5.554358523770365
7.11421228767937
2.0988460797935886
15.585881043836658
15.118141052214794
13.990977137862004
12.619480729929645
-13.763625941822463
-18.55969462692577
-8.602333949622539
-2.969770358152081
3.1238983992755505
2.822412055466022
-5.095576743596196
-9.65308230251675
-2.163041910153712
0.3702645182107337
-17.622349161938285
-7.788044729762378
-10.767098240425248
1.3357761946266038
-9.956684283115749
-14.112113423950026
-13.073314346853394
-12.948348090297525
-5.359488769614528
8.02339072582892
1.6053570640178605
-4.448282535576574
-9.813825495016307
5.784387661579959
-1.6335134524796018
7.425956253329827
5.60648848408271
6.829374998672759
7.556650316624942
1.8620793017951056
8.081054916109718
1.3814334874064509
-6.291974266311692
-4.3621265594042615
-10.397112041375859
-6.972967996452843
-12.722067797816331
-16.016573382116704
-1.7738877870639749
-2.681261740967316
-11.834773698201252
-5.599246814829368
-14.70040792213484
-3.10287127469428
-1.9893661714993751
-1.807379409889432
-1.2552856167698014
5.7276604543159575
5.344368868497138
-8.719549405204843
-1.1544932771145686
2.751424069237494
-0.6092804935013746
1.3011966930379593
-2.7713372628738355
-20.47196042992119
-17.49166078983323
-11.587500902348001
-1.7896231319815346
-7.232135978340567
-17.935379843843158
-10.124491729624273
-16.693624169714074
-5.5940714966152525
-15.033703703357522
-6.848355920747848
-6.6783613549479925
-4.83221221376869
-10.962639467548106
-9.708323261418588
