-4.581838789168692
-2.797138352389124
6.877277721890242
1.5905221526403115
10.303063509547902
0.463623204426697
6.999762557819264
1.1753217677642978
11.317702636331074
3.9237527115545294
-2.7356270036893
5.01447664505371
2.5149092133058586
-0.250399246258817
-27.73359550218925
-13.89136192091439
-11.05633146279104
-20.902078667918246
-30.803614347261917
-20.03973371403198
-16.63421453162043
-17.424489612699972
-13.346169234054155
-25.629347039428858
-31.930234015581583
-24.688019250964327
-12.12213997182106
-8.763038818068784
-21.734007040087494
-22.241580329341318
-23.299335027439128
-16.321904708438
-17.90780805399446
-3.8876075487947497
-7.938405885261532
-5.629606803732336
-14.82312995895026
-5.105357887456568
-5.707186115515412
3.8184023767729873
7.365315307842146
11.56453864860832
-3.760207116014442
-11.46852030266599
-8.272921577867619
-15.350929137414838
-9.304884923698832
0.8898712214396634
-9.25430188685162
-25.250562405539103
-1.7956439865763874
-10.262776001610634
-16.707295099195957
-16.15083123144487
-19.712465521579595
-14.479731036251845
-19.234475077481648
-26.168693112293624
-24.337172509129925
-21.79124560622559
-19.62690051018136
-14.489395253859678
-15.864671481678212
-13.29449522691381
-10.459193370859513
-11.984501079201017
-5.616938209892013
-11.038243012594775
-13.649950339895547
-15.737909622002526
-2.3748276872672442
-3.103422274001168
6.903515062962242
-9.138000470687409
-6.306271340680624
-0.8852606933736689
-9.977087231035053
-16.996838609783087
-15.521626623048999
-21.057916522063987
-12.872201770453508
-15.205709163592982
-25.798833652359594
-26.188616104061136
-32.32914301654038
-24.81467702146032
-22.588064500056078
-18.360728249711656
-7.691689504676657
-14.937865694179393
-5.181853715973847
-5.2322731311505
-0.3577279073837353
8.01679026242344
10.447261700004136
19.530978234890323
20.120465306962853
18.587522163699635
14.165908969297615
18.35506480093003
12.825536088653676
14.876168485204936
13.343526015549537
12.242441145932146
5.6733717810702515
1.6731905545605923
-2.4608126476711205
-19.6961548026283
-26.020275980824966
-19.613561304066103
-13.300489272571756
-8.993787410438943
7.685561923534789
-6.32949399060156
-4.665497394069599
-14.033868197869921
-7.307607535415987
-7.525184618585454
-13.762431336238613
-10.319900087378391
-1.6002507503974583
-7.40815300629358
-9.44748950344951
-8.784659633324804
0.15286878338654258
-2.6947363831346767
4.513737338725144
8.40479823856975
10.428898588071213
14.131628850816154
0.1293375678952171
9.962006913178692
9.809194015465993
0.9436463354193424
-3.755173086403361
-6.668803590816071
-3.3796264922068966
-1.4813474336691788
-13.489945749722313
-22.45388701344264
-8.743543337407315
-11.551578847735096
-9.609175406003796
-6.790583256547135
-4.6338320039529455
-9.968129900721737
-4.190092715418315
-6.486835181864882
-3.907379716304686
-7.6075048239687035
-3.0249460734383034
1.577493517541929
-9.190477052309221
-11.44886371746648
-4.698757649702714
-1.3802701790121648
-13.390181842106745
-6.074212104906184
-6.308653035366576
-8.937137161496839
-11.78996417920208
-11.292822370148144
