4.852964338336029
1.135792017488337
-2.710247191432531
7.763105013275455
-3.2401655597750256
-8.488443162864073
-6.765790017415338
-0.1780640406045774
-4.710355979398941
-0.8987379182935407
-1.834353329731164
-0.18541633405958086
-2.47907209441371
-2.585970585204852
-0.30675227710723035
1.6431997123032
-10.139925513636532
4.4251321218829665
7.21183675003836
6.386998901465978
9.453197395660014
4.31781774908927
4.440507654985733
0.6179211607515239
1.3672506244150582
1.6793393142022346
3.524590468145948
4.195230277426892
-3.813272296081809
-7.7026332046851325
-17.393507641113697
-13.327886881927226
-7.434007910985144
-13.747655242565733
-7.5691754582246835
-11.457431258295724
-27.673150817024002
-19.99645565305906
-25.504082917964286
-14.701324914157913
-7.1906964174909325
-16.4881463815665
-9.358591918746287
-3.150806542939992
-5.625982784758707
-3.442748652267455
-9.01954261309936
-14.736680340139696
-7.30272524027276
-0.62335870602441
-5.463856912088319
-2.0102462010545747
-9.761886400067013
-1.6856850984378915
-10.531138361114557
-12.251282992978787
-0.4852633669112755
-6.355326947811344
-6.107726585525344
-7.460067395789196
-10.47968179673405
-1.1014361748642096
1.3063079575482992
-7.207621571060209
4.073773839875244
-6.313709735728059
2.1353266305197987
11.171104477114264
8.103647901562068
12.257674014678182
-8.724353145557004
6.1618332909080085
12.820414490668242
12.965581512323649
-1.4626390524261488
1.1720477795968562
-1.7579865645919055
0.3051237720547947
-8.314965497299022
-3.719822475071036
-4.753351732519999
-12.415562349698313
-8.457322525686035
3.433270050402562
-1.2497523246229776
-11.184392138845382
7.568348015897503
7.048598661422304
3.2657848346242067
2.222954013018129
-8.441809508387724
-4.715171539396351
-8.32024293919422
-8.300730289543225
-7.339816473738147
-9.973518509283256
-12.502241660188362
-18.905900350655738
-14.699747532991385
-18.438345329156306
-0.9462437341161568
20.03262795059899
-9.389728780283342
5.648673935207771
2.4714670147026663
0.2798030196317068
6.042874862589126
-7.652232359838327
-8.991605356014459
-14.588790663548783
-10.044772551094745
-14.51958293089712
-8.437202559171109
-8.985099190870592
-6.271970747415782
-5.787523045996393
-9.133907278552565
-8.798724717931009
-13.213229688091669
1.4405432608566502
2.8967054175445943
-2.8458950559774268
-5.798654860475677
-5.997070641729345
10.455178861593923
6.803824234395489
0.3212430261624053
1.2628645192007997
-14.825195522892614
9.302815398185416
1.0868327514347988
3.1427840631169714
4.170105771449308
0.00020313595281041784
1.0884517611422946
-11.891943666159694
-5.180064302581708
-9.529288177623126
-5.408423228129946
-18.765930773822085
-16.03253584393991
-2.6924426314312973
-2.0644416279551296
-9.338866897595937
0.7019056386268198
7.638265041166928
-4.683562115271217
-4.067551435720194
-7.7979598762638735
0.2115933307389864
-3.4690278808429262
-15.14492797880153
-11.30661702848015
-9.922300974620914
-11.439091169242433
-1.4429558443905193
1.6677038207686499
-16.54150725527528
-19.933986291563393
-6.421431315158143
15.320449604972042
-2.4803268519257307
-6.031329235062746
-1.1625381769818477
0.647011933401884
14.16477442081444
4.030553622254129
16.970575084265025
-3.661306217097156
-6.541108364371417
-6.4316464061720815
-8.589762025541349
-20.685162912543717
-20.419393243301748
-7.6740311806349215
0.6265556958597204
2.8829402299821907
-2.787787208830081
-5.546494199429814
-6.63543416669037
-10.200668345822198
-12.419441315932355
-16.568877465593268
-16.402475527918455
-7.400774277479132
-12.730588235995848
-11.446390090525096
-11.78697799372075
-10.006012845845328
-2.1810798792998884
-2.546860036669309
-9.53296501054353
-11.27199264532928
-25.615921535262636
-8.82168351483213
-25.221562900036243
11.824410707265587
-0.94898085548463
1.9739759414439684
16.38652878084902
18.686096563853802
1.5565056944741955
-1.1970370221669084
0.1914805795721583
4.140933991093635
4.440212330932386
-5.105861344479788
4.8548272354100295
12.670351729136346
-13.298910341780696
8.301455640940851
7.387063576090678
-9.617271776698017
-4.6644100118835965
0.09422637120784297
0.4925238837965248
