-0.908316168120067
-10.554989998481693
-4.720061396171581
-16.264513378202526
-10.88523845655927
-0.6887280250648758
-17.5630857475511
-5.661813719405551
-10.524640684653127
-4.475909993026695
-14.971320751563141
-9.420456905698037
-12.34540892995701
-16.00119805112338
-11.0267840227618
-15.245073988439731
-15.606466798724256
-16.105320050272294
-9.211920586738113
-5.5216337249861995
9.5824839207609
8.225013851506219
1.5161876294222365
3.770537360228804
-1.083735431080153
1.2667715547069227
-4.372506324268669
-3.8044505553846317
-3.12150655689232
-3.8616835588846143
-3.0904184520724303
6.7481596267242185
7.568067902217971
1.647673438434183
-0.9208683140067327
-2.1977825717987334
-4.623613282421178
-8.089636916971052
-16.486015666482654
-7.986240140429222
-12.306588169924922
-21.45340495571396
-20.483571661647783
-20.391806022060106
-21.528718729374624
-1.9030354878291285
-4.0982252674150565
-5.993352055954668
-18.039199830955386
-14.762960012257562
-6.743419043607099
-6.559828607807847
-1.2694972223201433
-5.463781347645828
-5.0216819493403735
-3.6355907633978712
-2.7384910374383757
-3.023901859952984
-0.2653026082607193
-0.07178630957402843
-1.029503042106674
0.6870655448441859
-1.6838235806304247
-2.193297180828472
-0.1813396826985764
-9.117602129803126
-4.850407073588301
3.715678028394767
7.665646413542255
1.085246316089187
-9.059606580779803
-9.040022620490301
-8.057219278961286
-2.6982093606235718
-7.143730096293684
-19.514523026150613
-18.819873110364163
-15.93508651735136
-1.5269559909975192
-5.2599963791762265
1.0678510852590375
-17.903517834467184
-10.484511266088848
-17.15066551104994
-6.46399137636897
-12.24652043218271
-17.918381868432782
-29.452430684762373
-19.687727795493892
-18.31474705219703
-13.46355603861533
-17.513798487189792
-18.526724808746547
-15.83778746089862
-27.010394672850126
8.35029716324803
1.582226472417065
1.7891977730798767
3.4445768416674705
0.581949253952357
-2.1121423993459545
-9.681251077930758
-10.337375608450706
-11.665997894434087
-2.323442780518973
1.2536381283070472
8.905261659889087
6.232346358086832
8.83216788153025
8.79187181518838
-0.6866169956990402
-11.062772140796127
-9.956619814079064
1.0791379467061573
2.4808951712638407
6.293312487550462
-4.151870387793997
-22.977927626202874
-13.142824060003436
-17.66545341760962
-19.42205829647079
-19.2452935053132
-9.315078533174587
-10.705335192021883
4.320488934247543
0.896301519329532
-3.0161195709095816
-1.5129803745335242
5.752160448341003
1.683149422877661
-0.5519887428210505
17.638460830830557
12.416464556057113
11.762144139971536
6.9319153727241325
-8.849017565056776
-18.819805631875838
-4.986632923926344
0.6135395798410028
-7.834398374592812
-0.5167074715184221
7.113904954039488
-0.932277203323818
-3.6930675902697887
3.19917829110893
1.4420155284006388
4.682653443490398
8.97639298748397
5.96082578962801
4.914596647946358
2.8504236742402744
-2.5649013548412984
12.350848512830208
6.979324362962822
1.3729849273602193
4.084366244307285
4.573594872422071
6.670753380445316
0.057849948099650425
-7.765111018064017
-20.154715360412506
-13.420818121858394
-9.68863473014676
-14.970251760933536
-27.94730256365404
-17.187757463058883
-9.71903289893857
-3.963476252665112
-9.69183065338725
-1.9298217125771333
-3.2386483799674988
2.8185734582779194
8.890600596568968
5.889008601081255
-0.1378054718973391
5.851613594998017
-10.470991581259817
5.740266365259992
-4.417009999437241
-25.450821271210586
-12.883959385737702
-22.260818370272432
4.708017085421292
-3.30985569945827
-0.2832222561299689
6.36495442255438
0.821653206005813
7.026643663869621
9.417255874276211
18.14097007235653
6.222840967353285
3.0612438483736684
-4.059018054123496
5.91627069544955
6.8289149620396685
15.642673052203396
1.6282958997507475
11.830616770824962
1.127356233024546
5.548593716194584
-1.2682145940868743
-13.724018892297444
-18.398124224280316
-10.633085139276444
-3.6232034008641087
2.9235185975896547
-13.776610091181867
0.1841433347096424
-9.755205110306074
9.42011886544444
11.29214760606286
10.769329719719279
2.3398615966517986
8.894890504824295
6.724510940946011
-4.642575859428267
10.33356135623536
2.6994970979075803
4.326481242678134
-4.825668079382694
