-2.556927805309852
-14.546192362076695
-2.80490250154328
-1.899179143575312
-5.191357045414576
2.972962060691056
-8.116596561356262
3.3147574734742684
8.708068956293914
-8.109044905862223
-18.679878114148398
-9.60869659723992
-6.656672759244557
-0.032178924114246214
-3.0288784814702057
-10.7991892824471
-13.30896680146096
-13.073511055821935
-10.087751077968226
2.561574583596764
-1.6022039531332648
9.357805133615589
21.14998025622552
13.878143110322993
16.996473947243725
4.254403698999998
12.702368169112315
-19.231090918279982
-26.95210876027285
-25.643761033954593
-33.68112696767031
-34.53276324591953
-34.50235778509817
-26.022173896502228
-29.416762101373696
-27.91214292697557
-36.04356457244811
-47.03446644353907
-50.081934960053474
-61.37457226966704
-46.36276173508338
-39.47590620769689
-43.93620371252945
-34.118650953768785
-15.550215508640143
-22.935910189238452
-21.851875842592925
-17.2823889885732
-15.581303576329674
-14.251551770844188
-21.227682763813416
-20.246093586717716
-24.95366281907289
-29.984730433234724
-4.808914769887732
-17.431229570690828
-28.771135538408465
-18.792733821636592
-13.306717465219329
-4.963260384503446
4.583507799467223
-6.948651885247358
-2.11583743744771
-6.456668071201374
-8.068441268503237
-15.121562406486476
-6.668220389380389
4.454063073521397
-1.1968046025734629
7.423305824396674
16.45270616843807
15.122813003798132
8.492028895028854
7.361344041552787
1.882939603169134
6.559419919944446
-3.9417439743091185
-0.6677993043225068
5.087619756015748
5.239975866224238
-3.2821188602497084
4.749732527444453
9.289283088584234
-5.771486869790747
-12.99897670343292
-3.5691376469870177
-2.6412061292109903
-10.325760581133304
-3.8780662907804215
-4.605196962352181
-12.225800585204825
-4.666933417110279
5.668372561134587
-2.1468082895941363
-13.504745081322374
-12.777409574116902
-20.266403020272225
-17.579415303564634
-17.8523567438252
-24.641498669860677
-8.824048800291708
-7.454361076260276
-2.691922753174919
-2.3402753124097955
-6.122914906730827
-3.158518100548259
-3.2960360807678595
-4.569610722105068
-4.719317058802655
-4.649475356996347
-0.021004782636517696
0.06350082888251288
-6.998959185173433
-12.913181185758512
-6.559915386085493
-11.91182089936099
-7.477476217321214
-8.17032969902901
1.8611989676111276
-4.218627503452077
-4.9647799448782655
-4.052738834236308
-1.4478733437642108
-10.297337871213324
-6.130881291790272
-2.289763698071694
-6.262523412437995
-8.479130627964956
-14.234619036582362
-2.2496033387799974
-5.101780000735578
-9.619237855670947
-17.525963312360645
-11.082325842182255
-1.0808539533801806
-9.479503885245364
-20.604194514858467
-5.714255707916781
-7.5518794970165155
5.179085217206446
12.247391842970655
6.1484618388128975
-7.1261273631534205
-13.66493800489108
-8.996295300155621
-4.834935863677464
-10.954145739834873
-0.266693822569742
-1.5844515166291695
-6.415420622189754
-8.642509393998353
2.35036950197819
-8.313483271921044
-13.529663150072222
-4.920712027460546
14.612691799105505
-21.499100662612147
-5.524848369232722
-5.7261639058865414
-4.149032575345222
-15.040659926405961
-9.926432456686241
11.098981566262667
2.0357176904694816
0.7039277487430021
5.740054645902559
0.8728271138083149
3.2590790769173585
-6.701262311203972
-7.995156654059638
-9.567473073075012
-4.372909624076164
-14.205412470031755
-13.896475581636288
-12.44768925167644
-5.561693653165063
-2.3783985668168426
3.725003448341015
-7.407100363562996
-3.2106137523165232
10.271487247165897
-1.1778135058073884
-7.80216758149533
-10.148753490987707
-13.032835269457502
-13.297864149429893
-15.849754051286494
-21.71787239105505
-16.59529013954425
-28.01121816280661
-4.4591391611834315
-9.769903655920537
-7.32613104312127
-11.873526544830847
-16.80065827076223
-10.577220249991992
-5.231758203485334
-2.003404694197416
-8.901745668892609
-13.73453688845326
-6.7525089526103
-8.49172733203174
-1.5839740326340102
3.0799240197003805
-3.5262944663073847
-1.5564522414525497
2.7941572968746247
11.736372474979456
2.3302382028860857
0.7540570078329589
5.2731301860654405
-0.13310468872742892
9.908533837268731
14.136431670837224
-4.570599542031898
-10.223141293947775
-3.4340466979779176
-6.1935055429178645
-11.458001318786618
-11.269920759700506
1.6919477511227243
-6.227692089818759
-9.963335910919175
-4.4118948077953615
-3.1701508078974205
-5.708292831474727
-4.2236901171678625
3.472524088121532
7.184787736353918
5.224172964507298
1.6267419461354857
2.2109038863551467
-3.5403860488099235
5.945072660496532
