5.113923668002907
-2.787120512728285
-2.8770813737975787
10.084925192659158
14.0278394066675
-1.130417426245087
-0.10134482065180256
-0.7193779942385822
-3.65294065044216
-14.500646561334786
3.5800299227882273
-2.560527145485716
-1.9166986172220728
-2.20477776915281
-4.192609776206482
-14.377772161499147
-3.4107750788660787
-3.505518641514585
-2.674992160661939
-3.6105526166813458
-12.867103087927266
-15.276863669300498
-23.66303294336048
-17.909011381342527
-23.023059483528552
-16.78876141725374
-17.20718432839502
-21.22461149935813
-22.10349315048727
-16.47479256342603
-12.362973013390553
-8.413610656500309
-9.079399562725277
1.0901970004168684
6.5058985246872005
-5.675876490792455
3.2908818786771703
10.542461836754349
-3.8446208579476027
-15.287565243174145
1.8804096819577767
-8.336154072233287
-1.7941625015232971
-5.31887157829168
-8.292386326845735
6.108348642632116
2.0146621761259653
0.9054017231277778
1.9692818836165715
-0.5851546956922303
1.9427986471857075
1.829045621217701
9.362540564194386
15.530938144481965
8.175015859930774
14.221000544053394
0.16804590843711514
8.271881632873065
-0.2242342504542314
7.73980101473575
-4.610895507362755
7.646175642699915
4.411768378570523
7.231776549242975
6.1799025851713445
18.393154491955915
2.1497455510885057
-2.424440651333393
-5.4461494116788325
7.2560602448615485
2.870319287823444
-3.594923814159116
6.197617991668298
2.0172717884367333
3.6854914745634417
-7.876887521835653
-6.5482012535031835
-11.89377583108235
-26.66847424228891
-23.371641543221926
-25.469773849212512
-29.28374456276655
-28.53042362916128
-29.200616217714934
-23.147942202593885
-13.716366487448205
-1.9981639539968277
10.565210684354419
-1.3614110954795569
-2.1450841916558208
-18.448796463971426
-28.61640181235481
-25.600321958282127
-7.23688795919721
-6.389354017910005
-1.8154740423103368
3.1087076246447873
-1.3230695350186386
-11.384583829977153
-9.606771983797175
-6.531518813620119
-11.785601523688321
-10.992829306737242
-3.4885157191371747
2.4216451963617547
12.079735317368215
20.447603433224266
25.09604861820439
31.334765190105948
27.221854596638998
21.57317699189239
18.67134380084785
20.177751078020282
24.920443165404066
20.083836341443547
15.724326669650035
13.560732237259185
20.659645035522576
18.527755609618488
15.22701912296251
13.725319365700017
14.63045712615746
0.2324757282882222
1.0036615768416948
13.952291680195279
-8.7751007381386
1.3999577100710958
2.098897477061529
0.509977528849625
6.889512872482053
11.60670726297912
5.160215639298417
7.501159768363478
10.048108170745962
7.286480401960898
7.676396006581204
3.9688287476602175
11.659298403694086
2.5016443825171057
0.1351530644638867
23.447085839882018
5.316740196532991
22.831378981594572
6.527556336794852
5.185369961745519
0.398741707022395
9.93074457530305
4.7831349899602635
-4.198755885580663
-7.21448456823655
0.06888540359074906
-5.719340362436414
-12.25725907511166
-6.639404786844
-8.21163287550783
-8.373259360127213
-15.82600426111202
-12.316300442151869
-12.066365268582757
-25.44681618114362
-21.27345108791197
-6.518557075478459
-3.984359621970144
4.872303647284168
8.286731234396777
9.068573821132507
2.338989149071516
6.6332152808937375
13.833273173301807
16.91561796345361
5.729281733531393
4.828033021272753
3.362728064039334
-7.153642423047187
-3.3137834103278223
-2.3406900547296265
-2.202754520304827
-12.596880019669962
-7.561066613537018
-3.6312627348619686
-3.4853999750732894
-6.302383010123881
-10.682209021588138
-10.381272957720443
-6.416109350438296
-5.426507271241559
-5.984071132454601
-3.4495018953391163
-1.218256209484302
-10.508414730608068
-2.635117970913437
-3.3567931260486934
-9.436749038484162
-1.152946216585964
-3.7973606595354057
-1.3313587452553748
-4.345009954289494
-8.026041352621403
-7.2642656562944925
-8.413361845869778
-3.1445877488843523
-13.68318988482975
-9.157075430176258
-3.1187680591853963
0.5123798931230116
-7.152205081273701
2.4987740045829394
4.705977862825934
4.551021842173691
11.939218027898375
11.123787214129116
-1.7135771170729155
-6.8738067566341226
-9.644837544486123
-5.52955682223212
0.06564600887257034
4.055961321609812
0.9394945736804896
7.3254194451217725
3.77896773944358
0.8744259537350096
3.9515044552170218
8.755767846955862
6.7621253734302185
-0.29464354079570515
2.3824368161197027
-2.0628469678875265
-7.284106306087327
11.244002941510065
-12.611096017594884
-9.4687038782028
13.668157066899118
7.933490354127604
2.1633496554134464
-4.865941723931011
-3.7410842175885985
-3.8398824675155967
0.1795512479223785
-5.935408457741474
-6.755214609226979
-0.1827891220778996
0.4507575716661961
1.7711892164926963
-1.0770987335807067
-9.912217450280636
-0.9979284435825037
5.3719239933615865
-1.8366395381971656
2.397856911241562
-7.840173227260535
11.872936480936465
6.590450740708626
-4.974483573986556
-4.384650349342964
7.025404043734724
5.383470426000309
1.877283828464664
10.540795168401553
9.59720736448919
10.530580074467693
19.63727617096321
17.9942379944112
14.821567115833366
17.253023722713742
16.443179774467534
10.910228516583874
9.859351541665994
1.4788859997995858
10.372376936520151
0.8365446744865569
0.3914805686372666
12.303917705728178
-1.0699006632086878
3.0640654682097117
-13.648145187333087
9.224262414663132
-1.7242241904231208
-0.7537954596678856
-6.7981991894068345
-22.67307910639545
-20.552247963431533
-2.2881131711046496
-5.52112248785296
-5.339543819143983
-0.8691151545180298
4.374650023324375
-0.1536019000265806
-5.77893783646046
-2.8944850269209157
-0.2497985787194159
-9.160748504311774
-4.222502577616857
10.928339843477415
8.302174540785245
-0.31518977212572424
1.4584343436441052
0.26777713657287144
-0.6617085255006886
0.910685726074168
3.8970020517666697
-0.1700044268313987
-6.8246449661101725
-1.5958108940929852
10.347869986189265
10.484088556238929
10.458586657764883
13.546202775910366
2.9215113140161337
12.546973260295882
0.8940577517749118
4.9409964873842185
10.019632352874114
-2.5402590046269595
-16.56928831034214
-6.3090524554901215
-7.906943403276562
-17.13500274647007
-10.980058843675295
-26.546966018849602
-31.537538576099386
-29.142296125590853
-13.721319879067345
-6.5556153166709015
-12.814182501354544
-13.337981960980091
-12.991332067099021
-15.587554321628756
-11.62238341946188
-9.828102075789703
-13.570803033085008
-3.625561968804376
-1.6096225771605133
0.8377473319278816
-4.248570941292772
-0.7369870473519258
-2.09350639888408
-2.7394267510932377
7.713526100096005
-0.9126361631873312
-2.3055359007097813
12.111801994353096
13.040415878453347
16.94211910281331
14.600470097632213
9.287269477939157
3.1051936596316967
4.610404333731836
3.119330655218965
-1.9221379406791648
20.40893389393532
9.282868645977867
