3.456178568765869
-0.5351845886496505
7.8722834733511595
5.04457591906259
0.8637068383969355
-0.7544207970529404
14.644347239693715
15.619055347819204
18.26644194624221
11.154516961955645
-2.695772950057157
-3.8328454268608527
0.6645374012441582
2.6775526815050945
-16.014448247222006
-27.236035258047096
-19.843588697957014
-12.493568080232265
-13.66673475414735
-6.156579576598964
-6.781276325048933
0.2806725991556566
-0.22065363473210284
-8.152715019273929
-8.472638984676957
-13.064645948732315
-10.248292572440427
3.2368501535933216
-15.859897038980973
-21.027569416977503
-24.302642532002697
-20.854775162912873
-23.45175363447649
-14.703620637841674
-15.264649499019685
-13.742500816432125
-9.645747997821275
-20.427027421761483
-7.0945814334206165
-15.241369494185484
-24.94273965859286
-5.147023836480574
-6.893551815798267
2.9481661324913686
-6.9306050200995175
-10.158235733282165
-0.5697635418540692
-1.0195570372977047
8.861554751050527
10.33096527604501
10.773224632532415
-0.7994391017812953
-9.25190066050213
3.177693011998855
4.3503226687434395
-7.531314561538878
-4.478339792102773
7.957648542086423
1.188095129515161
-0.4957080356540594
1.0226358935581794
-6.6569147658910905
-7.555702876987174
-0.185913841578957
12.711106631790395
10.830117492762591
4.493658574992279
8.449087058603473
-4.195584576989064
8.313902003210378
2.1373761627858863
-10.312546781973886
-3.2945883525650888
-6.2543534193458425
-4.627880418224864
1.6972983915607156
-2.6602166429737593
1.3124616735432788
7.017152814101218
2.2849609157852595
10.887924417972041
4.667002251529792
7.379509796783995
-6.027153426725345
7.446909613688892
-9.875488472140404
-9.380056138183331
3.2678630507716613
8.266883614880179
9.21384187500292
8.08489972454245
18.390166029154912
7.6599798920152615
12.702474592833426
11.454841392113352
1.2834268183048347
14.406330169354147
10.723550467362713
-8.919099111328428
-16.712246500373194
-19.632192569641624
-15.271758582733069
-17.52489094193696
-12.402026269624448
1.931088365896301
17.863590021762562
12.14206528599772
12.833438285678994
-14.535406249296406
-8.899957360176007
-31.392695677377567
-26.12978300420536
-30.7200542514823
-24.682545890253287
-29.631738941457805
-7.503557070331849
-10.383781247384356
-23.01647847369509
-16.484405926625335
-20.46623690208381
-12.852455888425885
-18.59270788118455
-24.987255349221172
-10.396077142636814
-11.826902416643925
-17.217672836356215
-3.4674401014418037
2.532751223353415
4.285030228552014
-0.2640158227591432
-11.303243355570256
-11.498860989708936
-8.165895787540459
-3.410653226631484
-4.716936973936538
-19.921437267206297
-15.04179226926512
-15.488258440013235
-8.376802101585822
-18.274836124007393
-19.648527212441554
-13.910061852325404
-17.581182747957786
-17.795079382911602
-3.5963455538067586
4.994549820803221
5.965972233407679
3.293246562116628
11.652251349935172
6.949617106658319
14.413760846673238
9.855063817585226
3.8314313873305568
5.305521526035191
6.8776107663860095
8.593855425476201
-3.7743982290525313
1.3615965260055056
11.755470521755836
12.203562740296693
19.057265819541765
-12.547809292636234
1.3426574252684602
1.0269133710444471
-4.584886551004294
-7.953964855646926
1.9637184223595983
2.646107486314845
-7.562814244390565
-5.8766714099499096
-4.992326930904496
-21.589487333217782
-7.041248608161428
-12.83458514504004
-14.603258316877382
-12.476791033114312
-16.99555005795462
-7.255514165343244
-0.7356563079051857
-4.465821122452648
-6.604434774957106
2.294354824981028
-10.35867288177248
-0.3144969029606506
6.239945616231254
-2.862327116376714
2.3266136544499725
-4.8850469218436965
5.893747230111316
2.526910104127276
1.0815773187791609
4.464940338224637
3.208068272719888
-4.235429678459052
-1.5343326464223086
1.6644175923759794
-3.7103506778631337
-0.5759074923724287
4.378718847754535
5.563325301872703
7.613170685875711
-14.089094901615567
-10.643705608005696
