-4.169960082469705
11.047905814093014
-3.4650939033152834
1.1588002831472786
-0.5073635094840427
-8.288338203164093
8.306141420552205
-1.8873962482516236
-19.972602584141946
-18.3364617697822
-22.90819416607906
-25.455057528433304
-23.265512151352624
-22.69452824354586
-16.452393222955152
-6.857390951826923
-3.753879227484647
8.557709078388255
10.042691610700972
7.417898022673413
10.18970446662714
2.228638514700341
0.8732757829173987
2.0589770482805947
11.2297865814955
7.446997752614827
13.155078089998181
20.952632546895725
11.753909185447323
3.936872546969036
4.729313235599037
12.266445240481572
6.1698036707707296
2.351486000986489
0.5121672862795548
4.7605906373053335
1.5141983134595944
1.7144796600390928
1.1494182342599577
-1.8688943042915445
-2.1671677828122244
-2.5587661006056224
3.865205582904936
7.705257561487107
15.536607066493938
15.916464798649214
3.395091058529166
3.6551269464580094
1.775066339190947
-10.639910054671212
-13.781993323271562
-18.741168913526334
-1.2857676578658568
-4.54927909442598
-3.392470679843893
-4.521905951519554
-18.263571210350484
-16.249652309134706
-6.446230478327153
-2.48087993164218
-4.27322389401985
1.157921849336181
-7.750675012429724
-3.2979245275934983
-2.7017938368986565
2.5712840824018537
5.940920647112341
4.18845365975245
0.9682200550601312
-6.843558621896994
-7.6930956954122545
1.9835034493405617
7.7861354515928305
7.454005772852964
9.581833824415405
7.716496852377725
3.257236374995893
-1.89402657257598
-3.840691621682422
-1.1574793807605863
-13.734508560416222
-9.631869639503076
-14.78163050725692
-3.4174193324229623
-9.097141053036387
-6.1921881325503625
0.4567723157519135
5.732660601970746
4.428596201235297
-7.163513268863897
-0.6320941832224628
10.205964072721608
-3.4446848849803513
-2.348497016023726
11.18794312548204
24.200305423803634
1.7969369008084373
-4.672468323162707
7.044871342060798
7.385602174360508
1.3162159953790011
