-11.84733987501333
-14.841265355407106
-15.844286745017293
-16.334626577422178
-14.519542359835643
-1.4697881360869929
-4.259186087927862
-14.869169177441671
-8.713195748780262
-11.00264098204543
-6.3903164817773455
-4.813600172866023
4.203303225352887
6.290804634643254
5.63160124500605
-1.4530600020631363
-12.644407888646882
2.607094170259876
-3.8158943288293834
-2.2971815726282783
-7.598197977126762
4.1645844547431805
-15.8322155350173
-1.7440347365488171
-5.652880250836398
-7.259242285764886
-13.101902816488519
-6.278625016465875
-2.2536078562588977
-8.824946032757973
-1.2066246168983217
-15.473992740323885
-5.547104828839692
-4.284096206036561
-7.471693143001016
-0.7917637414845962
-0.5152751431405778
-6.05627575517526
2.3349464247037326
-8.973157321901466
-27.272590862105233
-7.903096069607506
3.358430383098673
5.3014403355945054
-7.8991203183445045
-10.841269159300378
-0.7779763997782666
-8.006451039128764
-18.918862298067072
-23.37914421127601
-11.365371928048203
-11.832359325943072
-20.38047034462567
-3.0955165707799663
4.587708550958721
3.7824250962731023
-1.4904814382531415
-10.502062753164033
-3.3034043388868217
-17.219974073802426
-28.422254544570198
-8.998716351756329
-10.917027709132517
-30.71337755234202
-13.591204259554234
-17.89637108095948
-5.679462847483282
-2.3285683547745353
-18.204270401133368
-6.1640498911445905
-10.03576747565574
-0.23924437483922364
-0.8669768594648066
3.2456546207661314
2.8847727888749684
-5.517003245234417
-10.45158707431172
-2.9019357670445087
-5.593361580084807
-2.4551677289855416
-9.8259225190244
-13.06418175332376
-15.048975079781927
-13.904199069477086
-13.859146701577856
-12.526964880620351
-1.5193475117244672
-3.094993203973515
-3.763082796964917
-8.11332107398289
-2.5353013926262538
-12.263466007443943
-10.155300883014668
-3.2183318371403566
-8.258353975815185
-7.026041120347501
-5.2002556235546455
-4.434355250251887
-4.20063747514227
-13.407988573180038
-16.51159627265264
-14.99423326594001
-13.046619102412865
-15.43111097227398
3.4084328142397085
-0.5707590451123759
9.961661289885315
6.029388069563304
