-6.130166673792759
-15.196114702587726
3.62171658887812
-0.6876715253025039
6.625423489811007
6.558377883891537
-13.37852260503632
6.303872036930388
-9.11383420943707
-9.153774865222337
-3.197985911895029
4.692350221163215
0.08847088833097573
1.1471899393209215
4.627901783473032
4.171409310354209
1.099074690882591
-4.499290015308277
-7.620689081181018
-3.62087049754092
3.2307328624218687
-7.285163776544037
0.4031271684272108
-1.8559192705138248
-3.471488472325881
-1.0830069725495513
-12.958630803307194
5.835956380277183
4.28456298940158
4.022331997783919
-6.699600805423456
-8.460027832833081
0.04453030202177603
-8.252404796090548
-24.4348054950395
6.54843710182087
-4.576236031585907
-7.149206989835376
-4.258074671937362
-10.910636457125188
-14.159402985631695
2.9729698095129584
1.8480912162051781
-17.567893622044554
-9.948641625239805
-5.784809997861825
-16.481105421038247
-15.45030077531701
-10.410698166107046
-9.700174633294893
-16.838307509138993
-12.50644532933192
-11.269353599183303
-17.230615459345255
-16.210137547259688
-23.41452788575275
-27.212984469834147
-28.48554496536293
-19.810993293542673
-22.634717715972887
-26.253089271968133
-30.88242942429905
-22.671042496960894
-22.089322197437774
-27.490055851857786
-9.819521674743484
-20.74452567359786
-22.596400974341535
-23.83895488441853
-25.11348677447725
-21.769337093676214
-20.704527592491797
-14.153848716742171
-2.657005276389561
-4.620626537088152
-6.81698598987577
1.259995068615127
-0.8984095389967701
-2.333969758659684
-2.0847487602377233
0.9008908254598252
3.5267621422641398
-4.486774671974568
-1.9902032695152012
0.3412127041506417
5.403805499586271
7.0701369382760975
-16.99829211437066
-24.645691274903694
-27.434776663662078
-32.36898631172533
-28.7093318655968
-22.18945299257083
-22.50533929914432
-14.668531237246134
-27.136113935640783
-30.55671709313957
-8.186307774010169
-16.100529355172615
-18.293661644413614
-16.909358162345963
-12.52201397081917
-15.316676766898766
-14.186353522230151
-11.105232228019593
-18.870259928902076
-12.97920787179173
-18.897983078465586
-17.345075393935087
-24.956035263254428
-23.72161009679505
-25.24868772213889
-21.5210815129063
-16.886042888109912
-16.30426746985604
-12.031961718706846
-6.471051525011254
-2.7786088595714835
-8.27131777020716
-4.382339193232121
-18.19605295308103
-17.651900373716327
-2.626141150884092
1.1126171436936854
-3.5513467691619147
0.10398794888461507
-2.3707512034537404
-3.4836257524527765
0.18187494353232966
16.61798438346143
0.4687112198219468
9.034738070852782
-1.3654683713708138
1.3146523410103357
17.411986159559973
-2.119922352647541
-1.1143599625437612
0.06057211064879053
-4.007989422967246
0.9562988291358336
-7.691418834981284
-18.38534258241816
-15.254130579957053
-4.832683738370972
-10.256555426798336
-9.513562961688534
-12.023325446061484
-4.475623336686058
9.21188044749186
-1.1767194287420957
-8.717916636050395
0.8266343955923728
-9.883464779682859
-16.60559282380775
-7.493284304249935
-15.051532600913868
-24.112660588358988
-16.10918899106248
-22.97240774997384
-26.95373529112824
-23.985846154715425
-23.372953251041945
-24.75299534598792
-15.654429670647634
-8.008583794580026
-12.202707919770793
-16.07166354995156
-14.55432479424667
-11.001108771453765
-1.4836076846309891
3.383171884425876
0.8352590687842506
4.9422061145836365
-8.491603100169144
4.394859263990039
-8.962704722671786
-15.997922653508867
-15.598099594540072
-20.57631249506697
-11.970959029557806
-4.2685494577116785
-8.706120780132986
-9.599648831930253
-13.382065210071364
-2.3287270293556155
-2.6352895170560418
2.3047559720490542
1.8432946170955444
1.7256002407150812
-6.085778874912896
-4.113007502561305
-3.1127848661032553
-15.029651269880926
-10.337031551878901
-7.852831830670249
-17.62877187236648
-27.24790490890905
-21.312591972554227
-14.252352081175617
-22.027917581712344
-17.500906916398893
-20.659664029379748
-26.965580671527626
-27.78416545429183
-27.74566248262619
-28.982001889564962
-24.650413035744638
-15.150145977765288
-12.353915925898402
-20.908094690132625
-20.92245827253517
-17.257793837507087
-5.88632916911611
-9.05238319006235
-4.372187939381022
-18.756143449540964
-13.183353046439445
-8.246728406336299
-9.623233522832273
-11.248857578076496
0.16021675527837093
-11.520539340209286
-9.682771554569786
-14.32763390075937
-11.706575081893801
-6.186298888635694
-8.051820095219284
-4.179860420575548
-8.477082418795012
-9.223281136395483
-11.521172225979777
-0.500296820988418
3.0943313048094856
-1.3373506296143405
-9.508286521512193
-5.086313138942384
-3.6099912701317183
-11.707807088536004
-8.601980785470639
-11.897318831601536
-12.765745651639936
-3.903707425277334
-3.7358425529620587
-5.995856549513714
-7.575519070830633
-7.235210538711945
-7.786713520344667
-9.119144352769492
-7.465786697550124
-7.388600493745685
-3.974559237302064
-10.582422848179249
2.133780729635484
0.6489652725115093
-6.791650304530635
0.6723863818085274
7.634263296178412
2.490550759812623
-6.000317637871827
11.701603267625625
8.605064398215097
8.176250537514187
6.967953010757957
-6.468521254451263
-4.973330577087134
6.159108719957132
-7.730920172268741
-10.68866232968326
-4.367780021265822
3.8879445161569146
-1.9086381279069728
-16.5317024574544
7.8831497978939655
-1.2061218590798914
18.458438389389578
-8.506327091944817
-6.2516925122965725
8.861137986723621
4.667983666996044
-0.7430042887140249
-2.9180466627701818
8.446308915258415
-5.434855848479584
14.984695743432413
0.5765478053318412
3.11654763021648
3.012664602998293
-7.760016909765768
3.7712151340632896
1.8535501512803465
-10.159255081555411
-4.900137959735933
1.2986603164197732
-6.274006714103421
-4.440599081056161
-4.811038261639427
-0.8415024121711141
-8.266487399172838
-8.635518506059329
-4.9989744119094155
-9.393111883687727
-12.986490085060046
-0.32246341291826697
4.19003865590676
2.0424127790939988
-6.095300364681608
0.3623441602057504
-0.999721237065148
-7.22041571638273
-2.6054181765836137
-4.048698328598018
7.235169636577077
-5.236700501642184
-7.550596067468676
0.44465153237787775
-10.384744651582752
-6.065619977508428
-6.761702171216188
-6.5020003211363635
-0.24076242124718455
-3.1110576434709825
10.697083544614381
-6.266248811074932
2.0671402255382816
-9.178924462656582
-3.0772179023278543
-10.729458481553367
0.3641069030672665
4.722515094408715
4.877933443192094
7.249247579098928
-4.833393643675471
5.208084223563999
8.831851204830524
4.1434896520553
9.984569972295699
-0.8150034177793128
-1.8554266842416665
5.969395287554506
10.459606840790077
3.4379006212564382
-3.784373662340076
11.131435136324926
18.846092580079436
10.533470505514233
-5.69220238999596
-0.1559395653639044
-2.1729161692951484
5.204956582947824
6.275177613555646
1.906002867543336
-1.184003868978431
-9.23840742857816
-1.083284342664986
-1.1712614222663686
-5.516951760056597
-3.8278950278242343
-7.492559457614296
-11.004676121098411
-13.293625631538518
-9.694058974073128
-12.001465918352974
-7.788444860853032
-3.305099076063793
-18.704549194464192
-10.06433636653799
-3.951389380782421
2.7943078208585588
1.4474808062241242
-13.391319665649226
-19.097777716176843
-11.923510101220785
-11.79662131133199
-3.195597144338392
-2.5413402568121373
-11.247252152220288
-14.683060362314649
-10.946054661454252
-8.597979147348271
-2.0354152637813248
-6.5075789167716565
-9.323071921127394
-4.851421994204756
-20.254745175335373
-15.74648317068894
-2.7450135796329302
-13.678179851840325
-12.064143577728018
4.7471614934390605
10.073087948671086
7.282043701496412
0.061397340940671126
5.9510719487454775
9.618438280889693
-1.5586517483160285
-7.5222316956952024
-8.21944425619193
-2.9421938122605145
4.298588236394663
6.1519594708007705
-9.663760327311644
11.21221846710194
-3.3407673116298313
-4.452534173164299
-1.6673113071334476
2.399536416480218
-6.8339822198295925
5.118570648331462
-5.1201597203581635
-7.511984974052397
-13.883883493115409
-15.494058527251553
-22.48063114630005
-11.26156256427753
-15.920274003314242
-17.453043046691285
-18.719229619191843
-23.41439102744806
-6.494006399991528
-11.953674446315903
-18.680906215989246
-26.07058374238295
-36.904803665601335
-18.762847408295734
-13.041080129882955
-8.594823315412746
-7.7815451154113875
-14.454154572614536
-6.944084828085395
-21.84216189238561
-22.70103131957671
-24.902826436364233
