5.521503864779015
-3.228747993055002
5.642655150715678
-3.2918820180677355
-9.097866594424223
-1.2349026750174903
-12.35385198096993
4.2239926211685965
-3.3136133471846323
-7.1612178132286335
-3.768424354489736
-8.405600852920356
-12.466685711387914
-8.716768958174425
-8.220048942870303
-1.760642081684349
-12.75684685610759
-17.925335686994593
-8.483724925840384
-17.82920490162553
-9.37201710275613
-2.1852684323064664
-11.798050879971283
-6.914393046410984
-22.789808183001167
-13.721391615243926
-24.46359096812914
-18.49602639605024
-26.25529658252732
-16.302460761034993
-12.567431992842355
-9.23381062517709
-10.375257285574667
-10.291268746858222
-14.736469213148034
-12.748585375425597
-18.255854198901428
-29.34080745108789
-10.725874257575883
6.541136521181738
4.904519674151048
-24.99173435307559
-29.547239563805228
-24.555893427685263
-28.852168980654305
-24.983541241814688
-17.551851801760186
-11.869020166949324
-5.447149229675536
-29.40767461852201
-25.672744772583872
-12.234146080229868
-3.564348088279261
-6.093965779559211
-5.602201808627149
-11.087646070269294
-10.31924245161368
-5.5928715678010725
-7.184736408951112
-4.38634139285701
-1.6090517640569164
-7.135065469955608
2.524145819693756
5.4252416081630095
7.384368519276022
15.0984264159302
7.830573876617246
4.153664328954926
0.6540411816908737
-8.271087035427579
2.2941014531389694
5.783004210367316
2.787595224053933
-0.7432243042459165
-0.8076613077474275
-7.1608863514898395
-2.1544887305743035
3.58929353353198
-0.7266871799123588
-1.1301795244596022
-5.591302761509353
-9.383059294534533
0.6442539989437527
-1.323451761333145
-10.808466649535012
-12.777625981079776
-17.631546801379198
-5.8114100762497785
-5.794391914149647
9.423545743969342
-17.301912131114875
-13.064482654212554
-7.907989886535942
-8.650496217787216
-8.108890548163572
-11.43603768096854
-2.0601042103531397
8.477865764170911
6.025296463895995
9.177401294531627
16.089578911507072
6.3736029942735755
-2.3265541673982577
-18.612833051489986
-3.1918033262896337
1.8625826718125675
-2.038732871939392
-0.8910899745919191
6.7086396592211175
4.982125519609808
-8.248434098708088
-15.538864856063507
-10.360758738575173
-5.080457287392801
1.140522601418592
-11.648234411246829
-4.2632006922233705
-5.36219510242653
-12.195559192300427
-14.279874661621669
-4.192692225684537
-1.5720727116633153
-18.333163545363828
-17.508415452634644
-14.744182801903179
-12.048496334372857
-4.315717552396541
-14.481323604061501
-9.44457896437392
0.18706403282310566
-12.370976375228596
8.263054789353601
9.368388767007481
-4.1239340854211095
-0.6136339500863092
2.2394395011155988
2.474570238108504
-3.9307440061795162
-2.418873413583635
0.026401786211293538
-16.205992104271207
-2.692511769650242
1.57877045870901
-3.7881921997142864
-11.722504959450648
-4.294627591709851
-13.119701740135849
-16.001761333159703
-3.456833503411287
-8.395751405309271
-1.9588840882438947
-3.898758109550743
-4.662960953682703
-9.73834590072778
-7.355400032248608
-12.878250536655074
-11.113762562408379
-11.027071197012999
-1.627647250240587
23.680210584679603
9.158958334757099
-1.884007625428229
0.022887317471532137
-4.293834995621239
-3.4862329741998708
7.539822516494111
16.227216941484073
16.301256347386328
5.542017356100012
1.0991291552421931
-9.508779856879627
3.711328032631564
-5.7834899961683695
0.3168561370697435
5.715978987830254
9.323849778569572
5.493603641807737
4.3554176417763815
12.534663385965555
5.208299745642276
1.998559502855208
-17.24964488005081
-17.410433840918177
4.9259524557413785
-5.8615960157757145
-6.311197766313102
-7.514842722436607
-6.705607391033702
-5.107093276567349
-4.323818333558939
2.4979721369968577
4.597300671338028
3.3116013947310403
-2.7555221636080134
-0.14292227616639525
-1.1803049672108357
20.078554255992575
-0.4957361084175181
-6.479264798521863
-17.121162571040962
-12.063464809766641
-17.426675644471768
-13.779117182681807
-13.613083586894245
-9.12674157833332
-1.4396019249715422
-5.053503706392132
-0.4831749563935291
-3.5592013752262783
-13.028165047275474
-13.783168947071626
-19.00276586237221
-9.308557330832905
-11.918914275563186
5.6653542030698585
-6.4677681661468505
-2.076888803112555
8.461250389082107
-7.55301830526265
-1.3848860888681676
9.496767417816312
-7.761938739019485
6.948648246595628
13.205841500425331
-3.7357369646040337
-3.7855035654040337
-17.438655369692572
-13.09580648366181
-12.965428708908325
-6.723065008721794
-7.5438845983646825
-2.188576998100879
9.883826274895656
9.246627180800056
5.195126036136536
-1.2126429079018024
5.105592449791726
0.6353983659580403
8.547481420430403
-6.547195262526627
8.351789678945368
-10.90388653957559
11.482030013869672
4.084759952030711
9.947174121039119
7.8139393950491804
2.7639806311423905
-12.078475375010798
-9.676863177279733
-11.888083519480936
-4.471842122492051
-15.676642193381856
-7.865632419267335
-11.435861191408904
-19.369874712672285
-3.640536930874345
2.918921160319312
0.32488834069983
-4.982288152697944
1.6126115694268075
2.100283662635048
10.216150933704164
17.7171677613747
-3.906534797123277
2.451435401921036
2.358336671230658
15.831931915296042
10.742310440512057
13.22648404684947
16.366964528799564
6.031977164152978
-1.3983011652148976
-12.402329031221123
4.7231055388784
0.10803298230998408
-3.686247834681301
9.753240666368576
-8.864698982568179
-5.3818330401794725
0.6974110708642509
-3.2298937433622386
-4.888881419290949
-15.024750314572053
-12.619803879780026
-8.412973849406926
-8.755139258319957
5.110596567223569
1.3247324480689282
-14.654044044944394
-8.13757961876972
-11.993949977098241
-9.739632693270057
-4.614838971077023
-2.3624940312077816
-5.427885235079232
1.9589685099316223
-3.67812941490246
-12.067007488565952
-4.492243684762352
-0.8310958368986655
1.5663102898636718
3.3773277781015696
0.2893617437086306
-5.590897664399126
-6.797087941586175
-5.880097781442164
-0.7602471835875888
-8.739419797341261
-12.450382785591195
-9.384312615715718
6.898794967687903
18.437150992274717
14.643244782554138
-6.165250688151955
-10.687409437677076
-7.049963140637227
-13.56814422829975
-15.012968822139573
-17.969065892622442
-21.10345209677132
-31.71451160061793
-24.823940650277272
-23.195971348230408
-11.637177986821756
-0.6769284067234812
-7.230674394691747
-8.587568548178773
-6.863339049692699
1.828187499651792
4.964315921133332
3.3263702559963124
1.7440301785715169
13.108472888723226
-0.8262391065301239
11.119830642802828
5.267060289786032
3.1100675732471226
-0.9144497214792596
0.9587167047734492
-7.686956043680242
0.2690028878352029
-11.581520446484824
-6.317929254344567
-12.631660228471766
-14.557136011583786
-10.980338367692797
-2.2174092065854456
-6.43461869568735
-3.319736199465772
-2.047683820579716
2.025045644207142
9.507832462093846
0.5792399387213829
-3.733264509598481
-3.355809762311576
-2.949516843472374
-1.5586290478928055
1.333583757857318
2.8908821721634546
13.869754782174995
4.759889804211036
5.005711822906099
-6.903155093378327
