3.9959464989723665
-9.821369494843653
5.007454440745457
-8.02977383019187
-5.103135074345
7.4498218996422185
-4.626824880049462
-13.290169036973312
4.454326258357504
9.967241017191828
-4.82347642595921
-12.547054545510518
-6.401487761571915
-11.612755764002989
-16.452325302771495
-12.344452747068877
-3.0233546362350974
-8.144591599622819
-8.557469077280588
0.48769795361307
5.506998830767884
-1.9771233066907845
-11.34244549022047
-2.624686985268349
-5.7974045370989815
-7.503379663387138
-17.98727844866361
-15.611126519129483
-27.19501460728295
-12.291369268006845
-12.119356474600856
-16.528470932204982
-14.290436825962296
-24.091213354994007
-5.150190680956909
-21.083393834931968
-11.371171800000598
-2.6347660348558084
-12.677653548725484
-8.463260220664553
-17.486140410256453
-11.927114717378005
-20.284694339404687
-10.456640161684717
-12.122968137808948
-13.705475495541645
-16.081863707004118
-10.094267564358088
-8.498497882581171
2.088181476267817
1.3181083357867514
3.133548971145082
6.204028753346423
-6.466109064757696
-14.459701669754267
-20.219452463624247
-34.04079081545954
-17.00130033278571
-5.2014109207037755
-11.754964144550483
-11.302459788068251
0.7288902924207842
14.910400133152912
10.193751920643525
25.129411606849715
19.44456916603517
17.070002184363233
4.147060917082708
-4.255015029694689
12.647269132003212
2.0810954639052803
-3.5393841265338337
-6.732994302754319
-3.060201694973796
5.172403425076585
1.6065039074291854
-13.23739383685212
-14.578935699767964
-0.06312691530839472
-12.13487735875721
-21.322693549332264
-25.16842048692541
-18.23977307617735
-21.44201785378639
-25.10127632116054
-9.043072178471931
5.675949783722127
7.621140580397125
12.005601252606544
8.065594826889138
15.799205873077414
7.5744386734818026
10.555591461057741
3.4582241788635284
19.60828707837962
6.180558802991313
9.169982935636039
10.697555087231033
-6.773392712897534
3.688400966422361
-8.396257881247651
-1.7843059920536473
-8.056294546797513
-8.030888646715699
-13.454448463608795
-5.087471152685673
-20.904615167268986
-14.256548869144805
-12.388374704755169
-16.722859843778846
-15.945043935658774
-16.50805609745835
-2.6366256298526074
-3.1090596341545997
-9.479000181372982
-14.426620147548961
-17.044418761480454
-9.200375200361275
-3.0519522502643306
-10.852383797553232
-6.851815252720583
-7.110718776438907
-9.342978314164297
-7.733920990843737
5.235811360874012
-8.809760209380816
3.53298949050879
0.5178668586649463
-4.348553551630946
13.733469136111458
-6.2642609620887955
6.3670339943141245
-0.8024189061281176
0.169521621284618
10.055138572197649
-7.701042956327112
-2.1369810495413577
-2.7072737637401816
-1.4211220810191494
-1.4036220602295189
-2.076727724919956
6.4455672691441865
-11.704382365929119
2.075460834140689
8.188866554724818
-6.023034798042453
