-4.910241553532308
-11.534173568860233
-12.375438124562631
-11.978262508847385
-20.2748240308445
-27.04708818423477
-20.700488803605264
-29.105767212658435
-37.80692151518927
-30.48382316388998
-30.5199059836306
-25.52562709393441
-22.38304367759197
-19.075282059530867
-15.47663032810365
-17.014861255000035
-15.409842386036342
-12.387974546971712
-21.33312536370228
-16.53822971222383
-14.135790854905743
-11.7962565395436
-12.783854421179356
-13.422936750443053
-17.914237524485593
-21.846551688149347
-19.113861145444147
-23.499818491120475
-19.86166831603571
-14.580925018901016
-7.421538688752714
-14.828440703317087
-14.056619304080186
-13.292698450751633
-6.0042232891536065
1.1184434386265638
-10.495992960136137
-7.985122279427914
-8.440712143684907
-27.88226976190626
-24.337729600047407
-29.164592467824427
-13.613513572704212
-17.52027767496436
-9.9028961879493
-5.158583792863251
-1.1551246139428055
-9.940100546608758
-6.683899650690235
-3.0626942239897947
-0.8259704788749067
2.2419198912308453
-1.226999567493207
-1.028749862109955
2.228065275881117
-19.333284920346586
-17.821018632809942
-15.324241564845257
-14.761836617444356
-8.70485283369537
3.9645662031275184
-10.502460155262986
-11.146010246048096
1.1555926218146058
-0.6699622560353214
-3.062605463723597
-4.986546335373864
-14.996028632422687
-17.713138596131472
-14.281387843015132
-33.13383863174983
-26.36957254017067
-29.350779156087757
-30.881439220842644
-47.52419895527576
-43.46332211857765
-48.92443578985836
-38.44996866572009
-45.45264368599617
-56.4405108027019
-33.307451371384374
-47.95890415057122
-34.29237970732229
-30.65733975079504
-25.467070589111408
-22.635845672672552
-33.02597273896772
-35.25887928118859
-23.367731756427172
-23.903456062114426
-32.27999920754165
-36.912355198858855
-18.596402747885026
-17.676031136619486
-18.876849970538476
-17.901502402835593
-7.221821367213365
-18.39108073148566
-18.93572791146892
-13.146298793234415
-7.2052600273061485
-7.7981886951079975
-2.6940987259973945
-5.6759717943801435
-13.366995804566967
-17.505110723501474
-3.0337920278623662
-12.682392332971913
-10.507560192458019
-5.543211614246495
-3.2337623839193768
-12.242858381184012
-9.606464874717306
-10.161373592369427
-20.13148704274281
-3.3826343331000506
1.7072765506883831
-7.461033509976919
-5.705285774000423
-6.534232268897616
-4.15196995867783
11.020339114792433
-4.330697030805931
-1.670693178568203
5.6528362280847935
-2.9850222932683432
-14.589425518971586
-15.540675704865935
-14.294297752069205
-0.21764673666465148
-7.558534466890857
-1.5619604342705804
2.3192958878781744
-5.738989986028972
-6.929373647132096
-8.791911307382954
-19.411303779158505
-25.12307336235075
-24.88175250256032
-32.336314309874155
-29.039723748887205
-19.18163121371566
-36.896265031138995
-31.589403449958954
-24.075095831663067
-27.428554422746434
-30.20236919249856
-9.79463487605354
-19.442279255561182
-25.106333453002428
-19.01644877220156
-21.163825290129616
-16.01495422553029
-23.40977860087997
-15.406555487842796
-20.516393917046265
-25.43705481816223
-9.87009960705574
-11.2185840014109
-27.937935416741773
-31.866578417888217
-30.151638925783338
-30.322717954226945
-33.79164309190889
-28.716500720306673
-28.37465851915823
-27.12218947504995
-23.622988724233323
-25.313100021369728
-26.8311748796834
-13.05811453486291
-13.230270415770981
-14.188911078235115
-12.778934263864498
-15.770986476161731
-22.107656810462927
-21.448002963217657
-27.424540682588617
-20.81115672329936
-24.945618648875662
-22.597323401760416
-18.680897021159087
-22.747154011701692
-27.12367459390511
-22.517626858581547
-23.862993498509283
-13.886966147298446
-18.10461502812467
-20.65983733631347
-19.721340027617973
-19.577548172415984
-20.254989769332834
-25.370002830483656
-23.597751032694283
-21.231778810173605
-21.401602378066823
-24.815770254967994
-19.198471277346858
-12.966274774108115
-18.475098718676694
-13.133161390582938
-24.61369837864893
-10.043604097631508
-7.758212785517267
-23.645029039927483
-20.826030402901573
-15.317010157583239
-26.163129092696213
-6.5317190613775145
-13.67102795019925
-5.244374730518826
-12.990513723646094
-8.009510742707016
9.640853217339014
-7.556308106079365
-18.34417924606723
-18.96690120508249
-19.337330276394702
-25.7525817057172
-14.625386583473107
-19.86640420107532
-17.61604866323287
-19.010527650724775
-22.976874882993922
-21.66987715733849
-20.569242855284926
-18.907906503449144
-14.750321925072011
-11.814166358893655
-7.188072301930736
-12.682976861854307
-11.599955957272627
-12.241542556157198
-10.209750662879989
-10.574047391154489
-11.597277040401616
-7.440187781646056
-11.827773461116214
-14.187896626135476
-14.740904710945447
-15.2219977401282
-9.897508162825867
-12.455051161237288
-9.491052693479254
-5.9635734394104025
-4.566141060188036
4.090191929978187
-1.7447588630049946
-4.664572633510382
-11.335404278543448
-14.539313057043435
-17.90769771032466
-12.642731098053277
-21.560608917314873
-13.063285489249227
-26.50712538599611
-21.722183932136478
