-15.48333765746865
-25.189623042747044
-27.082590859390184
-18.434986231266546
-21.004697845595324
-20.040553703378603
-14.830604164975435
-11.983115145875804
0.3401844222965661
-8.966812889751283
-9.002010094519731
-17.001592042291357
-18.774237209414423
-14.695355980513945
-9.444468964462924
-18.80559997102516
-22.820569091197076
-20.43656817210538
-20.085900462625478
-15.90705285925331
-8.683223731835872
-6.886564131278641
-10.373529007188443
-8.297652504030385
-15.289979390166168
-12.106438876948594
-7.971031136071473
-7.590287648927113
1.130910898876732
-5.622555636778
-1.407010653983226
-14.519648183860214
-6.84428498956969
-11.072412433521103
-8.964039665532091
-3.220367461876218
-3.7450632083161617
0.9126351650307158
0.8479508749791563
6.1851941847753835
-4.7223404667193964
2.339627916551245
-6.7026505426993355
-0.7094342894745878
-1.7309425198717965
-8.02343709207938
-5.3612819035137065
-5.436809063956307
-6.475608757013191
-12.456010314468248
-12.160240333217953
-12.517745652884527
-12.147659697395166
-27.17677431613814
-21.855800314743433
-28.047366370226975
-30.21737099995695
-34.163551336630626
-22.594226079501876
-10.601930950980488
-8.837468801662709
-1.257964919315046
-4.2567212955435005
4.846509456482403
9.897898325701345
4.028699317589858
1.5516035259885683
4.507168670419986
2.750794050397976
-2.408583920011645
7.352572619969861
3.750075725626636
-2.9076795468649017
4.906803008695097
8.71617767578182
-4.1282318771503705
-12.482149294415686
4.860779477907551
-2.3409072669145767
6.149710015966862
2.317902706058576
-9.418034982948672
-4.379406714294871
-0.5420597775419539
1.0907168878435554
1.978119566378001
2.358897649639976
-1.529997258599204
4.326801937211255
-19.521514521027036
-0.9627419558865696
-2.8592076045576795
-9.173245358506753
2.56070112705178
3.3733667389687487
11.83590750528574
-4.9649128537704
-8.217554851131649
-0.6407397264703821
-20.815610683480926
-2.3609760429934648
-7.715840525258391
-7.365550717462847
-13.743924611993963
-12.929711886904455
-9.76117747595194
-8.041400994984214
-2.73272269997184
-5.140621274835509
-7.633466865592744
-8.878005564717133
-8.619722657552176
-6.728790310755931
2.3497298644069966
-2.4478370202428983
-1.9239051340239344
8.285911131330824
-1.8034494361209807
-6.610381270506244
-7.001690604974521
-14.12639765425621
-14.107799582122393
-15.368106281288409
-4.5344999211646835
-14.9704123532475
0.8696927607161737
-7.097805410884368
-0.3186985504308043
-2.0376937923155487
-0.15651351400551566
-2.2416967642536347
1.6891176205346756
1.6637104882320848
-4.438241343966935
-7.711590241697958
-10.515533968840886
4.344342161419931
8.71584399185294
-9.96151176503426
-1.4848847677620935
5.463768000144259
-2.15325216007539
-1.7012533754229968
3.4907343251297736
8.293662281609258
-6.0549511650688705
-1.2457494307893808
-2.675402973388488
4.439839777445441
3.6468949623542617
-5.108281990302936
2.1812873828069548
-0.2339357329756402
-10.128186823822453
6.935629265431626
4.957429421610978
1.5899383228404351
2.3929564045617293
-0.9056909414692764
8.851185032154216
-5.144766352791132
0.8499012535328366
-7.757878220741742
-2.051331772349952
2.8699566077128886
2.438313124107893
4.7976637183869295
-4.748069789647209
-11.017098209394744
3.4715108207693928
-6.8793001901826605
6.117090485001646
-0.8108090212473721
-7.7296665454406925
2.836285084706459
-11.954371267244394
11.90602913250546
0.9860578514212082
-1.313448744008113
-1.9559956615284104
3.320849238559346
-10.872417051220863
-19.888347936783198
4.168510952744853
6.847254584524162
-6.23953528718446
0.05106388933198413
-0.9696076373879228
2.7293460042949835
-4.443909456642143
6.453897793922153
5.198220748361009
-11.806417436016185
-7.59451112893381
7.226110376369696
-7.227737509444256
9.129014524621988
1.1532710836952325
-10.769454947014141
-12.750184279348659
-15.806643379036482
-13.706933924168615
-25.280506995540318
-21.984807464034034
-13.452276645793582
-10.22321808400878
-14.035810910637712
-10.17543531149379
-13.62972782895968
-14.179099142876472
-12.356905960246985
-0.8130466393257135
0.26467014142651635
-0.16485412851171452
-5.1957350111029905
-8.71645602283722
-9.791952395515302
-3.9276703959102313
-3.2203582711536054
-8.348766827262198
-14.929891467934432
-24.65843870252437
-34.57693298842421
-38.99336505099122
-26.39418271864049
-17.57281970126441
-20.701640113719133
-4.243060391223119
-7.8727512831515325
-2.0729602032870043
-0.7634704007724332
-7.296654035577537
-10.443833095943774
-10.545148025673717
-14.225381316227784
-18.126637470426488
-5.438244298981634
-14.179356274876087
-15.158093428243768
-19.02915191164697
-15.40750326876209
-12.580062146907153
-22.443238044385325
-13.949615765443163
0.6196382371182206
-2.1667722160146816
3.1607038745359666
-13.032580769948966
-12.233063225254035
-8.109943371490179
-5.911743696884361
-17.718133107253774
-20.337882054590285
-25.95149967438977
-21.408729167538997
-21.21792791042449
-17.767456216676887
-2.1678515904861664
6.711972876619356
7.702468707566532
12.592140993928707
10.611515688873068
7.61813495993203
13.362881913517448
12.868619105492135
18.01816007516615
12.755053231492072
18.023566252057822
2.987519916393974
7.436179039558156
17.260352440503635
16.96629154246477
20.558971590574288
14.665111600731562
13.382400549158223
20.455852312166176
17.040827431369483
8.557314009063424
21.221447323284305
11.816892721489436
-1.119189346166911
-5.4844232215713395
-0.3933901685846943
2.3863497706792347
10.164941824373528
15.636340661536314
-2.8814740584597107
-2.56318546096524
-14.844850582251134
-2.5071864752510726
-11.103656431236857
11.379543267504712
-5.890266716230147
2.9455189454387813
5.339825375586239
-9.225056585789504
-5.9832729457430816
-12.434876088808085
-11.896088682784313
-24.01512491458321
-19.130074453512698
-26.481221202560143
-22.675082351703352
-11.220112638140435
-15.597033114810126
-19.25219179729352
-21.108701893865682
-22.733334029588228
-15.015764411051796
-7.521656095127232
-13.526492764602725
-21.139003418358058
-20.755776863717557
-11.466833163805793
-17.526062915942507
-19.047290591238045
-4.717620662808642
-8.035863828235996
-25.533552223571448
-20.99133779633618
-27.30187720789197
-18.28680636905695
-12.938040371409599
-19.682771972665964
-10.073227267530353
-25.238191884265085
-5.1514531276346816
-12.803157452703696
-18.616742899439448
-25.791441011324107
-21.04594614104664
-23.831140163849284
-27.25880637652699
-25.873347228441173
-10.014509055300813
-8.242117124965732
-12.887550952911818
-8.14750422745159
-6.787266776393325
4.973743389821764
-8.134375500904458
1.3134424349044462
-2.4471428957191934
-13.732053694913262
-9.722029233770627
-17.108421643262567
-17.113792878853527
-24.531558114935088
-14.79348082513998
-17.388069288524953
-26.622695484395667
-24.99506177664964
-17.850162641331714
-19.087014363280204
-14.824514147021587
-12.20478939354859
-16.363954337212395
-25.49944737195711
-23.112620635049748
-28.324035194916014
-15.71274574715987
-5.5222273619377935
1.1509481665841326
-8.972405711719992
0.22528415871610255
1.3400101901784145
-14.804382332917323
-2.276892865267884
-4.887290746108597
-2.6493902289447218
-15.002353913775721
-2.2155936344664715
-1.4541884219671082
-5.0159803910019525
-3.038668571158851
-5.792747339292744
-1.5478506440741793
-8.131589932209412
-11.777063839211312
-16.36409534251316
-24.359893977062093
-38.91381024564643
-25.45299273157487
-13.985075924056776
-13.620410326044135
-6.7732411263490695
-6.726940519793952
-5.487021805522728
-3.725285638266308
-5.404101963945439
-14.772855731598101
-6.21785881546936
-7.419121542667744
-14.689307440975625
-1.5133469349694637
-10.330560444771072
-8.549450098151754
-25.314360888005275
-15.408364973327394
-3.2005476140495643
-4.53989711904251
-0.7562469317457022
5.215514768568392
9.369880122572537
18.355367522861886
13.694252218806934
6.853179530759952
13.403670600646867
18.303746164213212
3.2018634814504146
9.444255668501148
17.60592233303268
3.384507921375814
3.796824073512564
18.075361259841465
11.430679940564206
12.415396441480944
-4.210511368401225
22.84133660880065
-10.546536906509811
