4.869749096283432
3.4455222336931586
0.8682335876780192
0.7779301241581089
-8.800517367012965
2.3317094589066434
-1.8653003804464772
-2.6607004069841778
-4.565902323398602
-23.333837220854672
-26.30631547179161
-10.768083784417655
-28.04764420582117
-18.44781666750328
-22.202423886912843
-14.24865695665457
-30.005006039586743
-15.579518111212556
-21.067663300535585
-21.28452445083353
-14.556735616621726
-9.870684434995836
-11.540927302106034
-14.860907211733222
-15.587026993735368
-14.860434283950605
-16.552390453474082
-1.415038514968683
2.9720424203136915
0.4666288739602383
-17.689977175535535
-17.059928526264983
-16.95513908810598
-16.672017867385772
-16.253710519404375
-10.980891030792415
0.6585858700670779
1.4594260729845363
6.659872679956781
10.88493731532125
15.048694435005551
20.60391490423811
12.550263111194266
-5.6223766069592775
-2.7995428175748107
-8.438693445242821
-2.4008182969074223
-6.393548311985853
-3.8180052215307607
-2.337303818918151
-8.45680735950224
-6.782275827719213
-18.46562855075958
-13.271752046660488
-18.950933410920488
-14.615030966420818
-10.407240267157363
-7.338832722253648
-9.299876047805233
5.8591248527746
9.981806813297096
0.7068142160862063
-6.098964150833996
-0.2233015459656925
-6.8604629121166685
-0.44686766052838106
-5.1256508077543135
-0.28348622533706985
-5.943981595524156
8.621616877193313
-4.568907092148444
-0.5137075019300614
-0.1775958221070534
7.115400265888092
-0.3582945699996633
-3.1338994722369384
8.543754081199411
9.027319951050485
1.373105661679186
7.376453562922153
1.8052817072083485
5.383634388288229
-1.8558306738495507
4.196626614852866
2.884336636817665
1.364986113524769
4.268947966184616
5.823391759394682
-2.183858456109832
4.954237066043233
4.798906065997048
9.088336241943152
3.81957704611867
-6.234921706316106
-8.91934701695922
-6.151727639460282
-5.423273060282165
-2.594079988077658
5.57924827788295
-9.730194282667163
-10.641159468362275
-1.767411440660584
-12.019930710600724
-10.42665102354416
-9.746021750951718
-8.876454666152839
-12.62193609272813
-11.940582964968705
-13.224612518296649
-5.999705800952629
-3.6459023773236465
-4.3114292654970985
-10.027416789720533
-6.799788531196599
-5.064201655472378
-10.561309200977991
-9.04099627040796
-10.076296004524467
-15.508632561916597
-10.696077262517207
7.519280192572613
0.3550949502456446
-14.800799377218661
-15.092251587163688
-3.797997482957675
-2.287538046079899
0.8641443259310565
-2.5415931922307387
-1.1916764798333226
-4.709564219824026
-7.13239685766119
-18.281429175657006
-21.600942414089804
-14.899811958317173
-20.978376369252643
-12.503062000528116
-12.050098842754938
-20.04618749957133
-19.19625776706773
-26.09022156178869
-29.678735798971516
-22.29069531749366
-22.421202559512448
-29.211454834652944
-12.946752164007108
-19.71336766220582
