7.915786779441778
6.800740225011929
-7.217255293232466
1.1968047254443206
10.335330206066054
13.769185588699813
12.391492053334105
12.061294075516242
11.385576967424722
-0.3270889691769132
-2.8434452542736444
0.5184477998170803
-0.29052631874011675
5.6402274177811265
0.22663337214487145
-4.368368899497308
-5.996256896897637
3.2540667427202137
-0.8815235305807954
3.4709263693322434
15.967522496601376
14.651206531978653
11.065772396088743
13.140589413653952
8.285460813219903
7.817356674241823
13.091922668401045
20.341180906732426
9.245305040511324
7.252790405391292
5.808957116608638
-11.398767743720624
-19.49308281051557
-15.365631584911814
-9.277264027385606
-0.6406653209655827
-5.841064522336932
0.7580693840474767
-10.188735715137293
-3.3774102755432818
-12.927244425257607
-15.52021507653759
-18.785047812940807
-17.447267862464294
-17.275780486279974
-14.182580916863039
-17.062024850290907
-10.878213936283329
-8.727496369206918
-0.8872938867420009
-4.6901986426095945
-0.11057264065409653
6.3187089270257815
12.835109572987847
0.11890373988879817
12.363131146474435
-7.09273752747991
0.384397703585496
-3.06529147255434
-7.460726390158647
-6.8381697860404405
-18.566140195188588
-1.4636696916839858
10.702104035659733
2.3076404159637334
-0.6100885460632045
-0.9512297661762782
-4.905382525733782
1.3509940574586128
4.322653076015742
-11.460266040724957
-3.5263446754199665
-9.583991847510056
-2.7396478262687656
-1.2675801441920416
1.1950417320972444
-10.605332043914581
-4.849564472923313
9.170916964321078
-1.882032975834676
2.0534073514184783
9.859795375796502
14.123099595943193
3.9955820355209553
-0.3975382747540029
1.2489468984741054
-6.0588136423293015
-19.229551939464567
-11.503119754403222
-15.676461481177574
-15.84820624697286
-18.197903757393338
-0.3328090254257995
12.031399500908675
4.621864415865244
0.5811597052911023
18.739367254396328
13.085789949722393
14.680401725593187
9.611902202841518
6.428783557769294
-5.502503182631142
5.078495356169097
-4.229592067482077
0.7200439839079332
-13.443281986098519
-8.059634351618007
-3.6474442499906137
-7.683942228888558
-19.3548382267402
-24.32057816825507
-17.153698376868384
-18.764037908861425
-20.967647031899745
-36.0018476785537
-29.37657001893961
-19.04046875404799
-34.725535856796164
-27.469480399076733
-26.79996143252881
-28.86761116566414
-31.258735297840673
-43.07883674471389
-41.653888113523045
-30.030141531679334
-29.816797295421342
-32.703886449096984
-22.49227256342972
-17.56555024086234
-14.21453435057134
-18.970553001680265
-22.436180134812652
-20.77100328491255
-21.420177153951887
-23.66778772811216
-21.39945304500237
-26.551734075052813
-26.33467252557082
-19.591802087625588
-24.148811600509294
-32.08733344866835
-35.49892884779482
-9.519176469198797
-26.453111967313923
-30.20450565269721
-33.57220469566126
-31.043367470530505
-36.51027220255961
-24.91976761899116
-25.07010926664373
-32.96563730792748
-14.735012715179765
-10.963051779159978
-22.72335946087225
-19.576061508918137
-22.42870329837223
-6.808846310501658
-11.661258152606685
-18.410706661262573
-25.165858826647092
-27.242339612072648
-30.644036336728725
-29.298364414908303
-24.055865462703036
-23.122705945855014
-17.51692656192291
-27.529642003485712
-24.06634524743
-12.285689277883776
-2.621390702476748
-8.155915615906686
3.840148192640189
5.747383577155553
-2.7095523073444543
11.052420746469386
-2.287637079698384
5.407253167548096
9.34093311861461
3.291612693004277
10.881435716708362
8.554168518023753
11.2674900101485
7.966609951759925
12.69279007584065
10.1748344614471
-3.2107773212356814
0.11606096806316064
1.0457214984192518
3.214876796916148
-10.985151543060145
-14.359104872524965
-13.6424012934192
-13.51593815235083
-17.066727638441325
-17.411574452681492
-13.640653777217679
-20.915194514669
-19.67424456804689
-12.41398408738131
-26.21803282145093
-25.388708836401037
-20.378285673865346
-18.34709993896594
-26.316831507637772
-11.89659881650434
5.757501147656879
-4.564662333683678
-5.364763838059513
-1.6082984050401237
5.13211518424886
5.5351507865581135
5.546148873769848
15.135601762307715
11.601374903429345
16.393984593410124
13.478700893907584
22.23918175310307
12.528647756766244
17.447669135346388
23.89988215263825
17.75665967384404
9.516366029205596
17.050190425172346
20.67097159697175
21.58102961824598
16.993668689849883
3.8015260401737647
17.399799070408047
2.2175426834848304
13.611800509510246
