1.4982633305467086
11.973480327898276
17.764346080923648
12.557111621481145
8.185207627506642
10.828144976378805
1.8678298165240543
-7.093931139241189
-7.09927827540029
-12.313866880562866
2.4428796675747457
3.3759504993430616
-1.081787105049866
-10.737484534876721
-26.322866295116373
-28.20755149665625
-16.734934905338307
-4.2774144700185985
-7.431222760202483
-5.953084581238008
-5.311267989091352
-13.012254476940695
-10.816797918045411
-14.041959957443837
-15.254295131953693
-16.407449951020176
-15.881493284543094
-15.3747487200797
-10.29260638527412
-7.751913027138404
-15.229881899463608
-8.274689993216548
0.3089367564384194
10.04790183120474
-3.3013666793105623
-9.3095774287631
6.347288814409027
-9.525488574193986
-9.312440026294713
3.759938984573892
9.900998800236236
-3.8121204977592336
1.9372210670129903
3.676453662904648
-4.388971814437086
-7.57415624441224
-4.7599063400109145
4.4305889145014286
-6.114208009340674
-1.9381418948824167
1.1653740101300436
-6.256828222722603
-3.1660989344827515
-0.1997126855279592
-12.305095806376311
-18.892277243992844
-19.71048594931181
-11.404685290679133
-15.619774809304287
-24.12054744463705
-12.655576314335173
-13.942809818048193
-21.789611824494372
-15.74901382414042
-14.214644770162053
-17.675027764316663
-20.6695816972052
-17.139808117681717
-15.240419933666045
-22.53583692818623
-26.39530739463741
-28.85726794809825
-23.76942259187767
-14.181389232382598
-21.205408836782766
-14.93538519219248
-22.979319681237932
-22.225848519261774
-21.197289747884593
-9.38608869162159
-6.89743526739145
-5.534161869881338
4.109203309526267
11.303504258058386
8.98679232609419
16.680293778864915
18.154340447189934
14.245550852029664
13.239193740239921
5.609406869203229
-5.8340971523213065
-6.480399616261964
-7.616127300628404
-14.687290244888858
-26.985836073754744
-2.56022681243094
-9.21202843062229
11.400785344500827
4.052538465392757
-7.678843002554679
11.292836951250772
4.6334663520576695
7.025497745965498
-1.7811481811662466
-7.762843151728142
-1.4086273581290505
5.528291374798728
9.518771842936204
1.5194785310402803
13.49600242878113
0.5000785127279325
10.882200805657352
-3.665551714210893
2.2969291276902277
6.6249055496091405
-13.685533393197645
-9.567288761419599
-18.15187985398785
-17.018104574029127
-14.52791620484893
-19.51572347699121
-21.836097144348173
-8.189311706183661
-11.303221836010096
-19.920660435315714
-22.882401036778823
-21.10127382499185
-14.479362241686198
-30.577566819035116
-22.36168844305981
-12.921941305319734
-26.35168007296786
-25.517728938636022
-30.18936465343339
-30.997230422272658
-33.479428234632856
-35.28694489124126
-20.04517792657384
-13.857750463496867
-9.42239878993575
-11.05843211205714
-24.255084277108626
-4.809446068596403
-5.549256785751108
-5.2548589233518985
-10.612011604492038
-4.234015918468577
1.4707558385454829
6.121101918496146
-3.752910711361417
-0.5001379280882585
-4.535670734184379
-9.033619578696891
-8.726696463947798
-2.2067685167351927
