5.042543361396317
-0.060654596927227175
0.318201497335419
10.956065766474335
-1.6073105145412947
-25.875163019552932
-11.91377766263472
-5.339978807507077
-10.686068833686996
-7.7296845119936215
-3.2969467898196028
-13.833605831258707
-5.289444510290129
-4.24542208618129
-11.831037292786467
-6.435079110466358
-2.2583476506481244
4.257736732586723
-6.729009679357402
-6.700638676490282
3.620493302453273
-4.460033434818229
-10.375858531593632
-4.912331638360357
-10.445052277409683
-29.059270114181906
-8.506880979093971
0.6535279690864434
-9.987769496634892
-4.849024651478568
-10.051762986509273
-8.782744677238977
2.239620290058249
-3.8225600491340006
12.010939297448655
-3.0936999258807814
-1.9708685098059635
-0.005589162577309279
9.951378574521943
-8.089153680355954
-11.664202841091866
-1.685289299686764
6.184987331020441
-1.6605716073779662
-12.382028331983856
-2.97362661087675
3.413545357923754
-0.4345581928660932
-1.0908806918227758
-0.4654829355848072
-6.528644270431182
-10.760797494983231
-10.565978853475926
-11.236924668888
-18.539621141576426
-18.637506859604517
-25.336432187258982
-13.859758902809837
-11.598601284180319
-9.026561891980103
-12.735230457494598
-9.33781500039358
-10.709023933676608
-8.296706869497529
-9.836927076366196
-17.129748141572954
-15.41839082790688
-14.045730577726856
-3.36054769643771
-8.498559186700506
-5.801680968809994
-3.648676631856985
-7.407620295502366
13.027320482128165
7.073487087694737
4.520504274830832
0.6754148482227428
0.6732015887554341
-7.054702061446338
-7.96167169472812
-2.548617748305724
1.2794896570094962
-5.8513342196125535
-6.984046558774006
-12.481117989446895
-4.618843872544949
-4.0309977423762975
-7.953717016326759
-7.6250314017491245
-7.091716633633059
-11.791628379691696
-14.941427445963011
-8.746423376136741
-9.152159334188047
-10.889548041875386
-8.256707892721218
-12.86101423485441
-6.782705773673422
-3.4106822040754983
5.666712461572876
8.873811776906118
3.39463283706942
8.596434331581587
0.6213694904385129
7.396422981804099
-2.276414134598628
-7.435771118474817
0.0995089841346634
1.7789737408446633
5.1418197682559885
0.06279086038380115
1.299899017424874
1.465253499776083
-3.5210085228676546
6.663024820235771
0.6195031018679303
-7.495216426560463
-3.9509523289121256
-10.885852188013079
-14.077783613612011
-12.056991264381473
-7.133157373664737
-7.575109613033075
-10.271811084345776
-15.713454319390635
-13.693520707640708
-10.252865214882988
