-15.144763545366402
-19.340927332096705
-12.295528469655027
-11.3970800046695
-2.7427599205459674
-0.8171078009867685
-5.187250556772157
-9.928691386222738
-8.624996955910921
-15.635382833702447
-8.61059515802459
-6.584148187769397
-16.399815739970798
-19.756718086895706
-9.426410356639266
-9.759561663273967
-15.54274166930105
0.0070431241782584345
-1.3292184057130645
-1.2927429192390174
-0.4332582352516052
-9.429873692909883
-4.507454032796178
-4.342314766671766
-5.485239504369336
-5.249760798725968
-8.230662954569873
-6.422700356606892
-10.344980986734367
-8.473495119864685
-9.112602131755278
-11.831676690910726
-5.220761988363425
-11.328431349952659
-8.06369201348768
-11.564576927758305
-1.7844038695967326
-3.4030334315052384
-7.247322354419635
-9.23496371091255
-7.0991564788412775
-15.662044210103106
-7.363623062865334
-7.622639356250257
-18.20432198518704
-0.7354230142550409
-9.272798957866907
-14.138996189511602
-8.94481066598237
-13.7420562703251
-13.860290667945067
-21.056896322276007
-10.000195211553029
-11.390284607823606
-4.42374490875127
-21.557808074057757
-11.112905794744464
-7.497595465259763
-3.6909685117634297
-18.70474196872496
-19.361228137791578
-26.673168000068102
-12.427700742457988
-23.876235548124342
-31.43509375381375
-22.20294579578848
-20.601225710985148
-19.333838401882645
-18.70453608774239
-18.654606526389376
-22.242564497166647
-19.53839945179384
-9.376061515002704
-4.847005519907058
-11.661075380571551
-16.467148795511818
-10.350351469432727
-9.599460438763352
-2.6151511533949314
-22.511237368922806
-19.022374368946192
-20.71342954951475
-28.00306843227425
-27.585618056188945
-19.152459372694107
-19.56727062272698
-30.418199018090892
-31.613995230769547
-21.315074711490745
-17.16804535610748
-9.429423606883002
-18.148193585344924
-28.129888195103806
-8.90991578896981
-17.487780474792014
-17.245369282158492
-16.800642525209515
-15.172624775599164
-16.875790868544676
-22.759566838357767
-16.061460477347087
-16.015028483511212
-11.81115786088886
-14.192387213529685
-10.760460012769027
-1.6077949671344431
0.6846600787604645
-8.547096230581317
-2.839889345690556
5.697227051328751
5.658468847385067
-4.992546580651215
1.970762428271701
-1.0525224840606764
10.955214861077957
-4.904751051745252
2.5935028085308645
10.67021480173706
-6.160029383131758
-0.8919092679758359
3.4220671697076335
9.478198230157547
-1.363055274630397
1.0362711962124862
-0.1833904231994767
-0.8106593621187663
2.594481859035997
-4.529739601644629
2.7553828384124146
1.8345807546673627
-2.316378294026864
-8.647022234377152
-5.490005368816139
6.786381969481436
-11.453472812790878
13.071324046773274
-1.6695358267137317
-16.745329496532776
7.68447452225651
5.1093218720000015
10.353974375291607
-13.389395399424195
-18.571927746794888
-13.134431258621323
-5.680985499331112
-6.408209025772092
-16.960803656146908
-18.802881061074046
-21.276577950937053
-11.489483109349534
-18.673216395068415
-4.153016511320358
-6.020024047637277
3.8845527165947904
-1.3450258216442932
-12.571318697073693
-0.13228902104694928
5.858605271380209
13.315074609661787
-0.6962796568618423
0.4172060636148681
-4.311832055679191
-3.812842350173473
1.2770940717490262
-6.1158443285868405
-6.841662582102621
9.222152648827189
4.012316387416044
-4.220354478726787
-0.354581489956702
-11.78425093122925
-13.877266551030585
-8.905389880626096
0.6330306674979665
-5.885989940699961
-16.458580201469566
-3.5349715996487303
3.4367394904195034
0.4459485973622712
-1.7185742738519316
-11.845395495033824
0.22571041915342074
7.519991199446292
-5.753831749013344
0.3634868531954632
3.475030070238634
8.918777448018064
-7.3146621067548665
0.4910342766970719
-2.4124728370941044
5.203766750625807
-4.3664372139046606
-16.232429318796413
8.913659634068924
-1.08634712789989
4.7123882597102975
13.269856963655315
2.3333034537221593
-6.252012538411324
-2.8251249192504817
6.751198953813439
10.420591751582789
-6.275652990246593
-9.494782027244801
-32.46154172533916
-22.872227713332876
-16.11118946033899
-27.476138432797054
-13.892074305114626
-21.350280933527653
-8.163765366750196
2.8889853396778697
-10.472310730055996
0.25107039446367924
9.636976529012367
6.990011128472919
-1.2853574811902837
0.5130920095698226
-1.4251473366678884
1.5686713375112635
-7.0836237183313715
-18.657520862459624
0.606711792238943
2.2320395978735648
-7.438337408854537
-11.698310513084214
-13.004390894754078
9.542443329268423
14.869995988750954
11.814143771793725
9.158687748964862
3.6433949419271583
-12.355090911372775
-4.426038916886028
6.175495127442909
8.991643800530236
9.807551258874426
9.847473479732813
5.176428399105526
3.3176368815111283
3.0836108903536847
-4.00357685948313
-10.9679709491862
-24.42891607385232
-10.6834146583194
-13.17757042227076
-18.886287190146
-14.957285674725888
-8.962013398907184
-9.177653266691246
-3.2379843261889723
-11.429159111628593
-13.40444951369129
-13.552586837465725
-2.435670889862965
-5.3547476391068765
-13.123335796677315
-8.722582098678712
-5.363323744103589
-1.5661155743671256
-14.15284690209106
-6.77772207500198
7.062347058079113
-2.1708481143155782
-3.3644524508367235
3.257713338619386
-3.43201582814242
0.9155572337207112
0.5811967052080453
-10.351892436128807
-12.36989210207772
-14.457516194433786
-5.326830414109595
-11.313495453074234
-16.893181696570228
-5.084778686684185
-6.8973321670619026
-13.30564661946632
0.8329048310330376
-10.150869944754648
3.4726311416201554
-4.4566734360868665
-5.246331991843388
-15.384657756605574
-25.553164802963682
-15.02274850771503
-14.85308034649852
