-3.642196229273051
-5.896462072948784
-14.858073622941813
-19.716812539246767
-12.571406018190752
-14.84829488571864
-15.044122525547754
-13.097883432102895
2.174365500913164
8.494550584239464
-5.194667306696684
-15.257527567849355
-0.7838261172917745
14.894569166822347
5.30531636961071
10.377270445722703
9.181570797805932
17.85059076489994
3.969242125820901
-0.5826280874172185
2.0411128036229718
-4.840419597099362
-6.300457857984316
2.9670143687102675
-4.706399929064976
-4.9042080333367934
5.880355916132264
0.634247464237944
-0.7689042180770643
2.3498816617172613
-5.772431389388187
-6.525287804115791
4.204819743729838
12.914900418993945
4.146901105881576
-2.1492007777959468
-6.542131565870563
-15.754430829534973
-10.223846061725618
-32.002808476784345
-16.245506810133055
-13.238358582459641
-18.758712191789485
-21.042043697391726
-24.76606179025416
-33.249996423977954
-23.905223337516126
-19.566383151313552
-22.07015887395589
-23.976955059708985
-20.218594098021637
-25.24905609837947
-28.443867841290285
-25.77986516386544
-21.377511211673497
-18.283566062601032
-19.276708464674282
-14.379706253935712
-13.3495880869908
-15.034558101434538
-23.936099084273113
-17.782478928655905
-10.846913708005744
-8.155673040105638
-15.063615212412362
-11.858871430935631
-9.152217356238268
-4.998765770888633
-13.189049583994501
-19.672211872659968
-29.432006820712804
-14.559000244354124
0.05861978330712982
-6.5312955869410505
-2.0104443336309026
1.5779731809111868
4.809655320165933
-0.9987025662543004
-9.697907432102712
-4.643163706009869
-3.1071264132327845
5.2826399357843465
-8.548702077416308
-9.176891319367806
-14.999931750420512
-6.196092158173765
1.8707646862685892
7.6203706874626045
3.3853933532626277
-4.612104298954286
-7.818960697978966
8.516507360149586
2.182283137400589
-1.8529246075285792
3.459863311339772
