2.5838612169007806
1.3075807214409578
12.591604669602173
7.3076070911894355
-1.9425254659160152
-7.7768864537299764
-12.328803453425765
-5.9297614147356565
-8.891336775857129
-8.413741452018792
-3.5619683123751287
-15.361440551317544
-20.94076722232609
-26.427557683530804
-12.537849739373838
-23.119034616936922
-13.2455055715203
-27.006498670726717
-29.106932198437185
-26.345009513789677
-25.22256435651345
-26.640341283596587
-22.77178548323284
-22.581481737727213
-8.408300355055902
-17.369139211107406
-6.9111437116087115
-20.019077581636964
-7.969621112818134
-15.312058121660488
-5.931383493274834
-3.1958610924495146
3.061833567560716
-4.8199451280116135
-4.8542040059553315
-12.258512570002253
1.2375163179108808
-2.9737224437323886
-2.893777948120048
-1.6315514710084849
-0.9349719547997872
-10.222559324168845
2.630182189688687
6.918092566143254
6.614712108202458
-3.83827174933639
-3.9075011681740666
1.3432679821484663
-12.169776392471736
-21.949472051756345
-5.039514841197487
-11.515635051328216
-3.6853172838685286
-10.964377256301658
-5.676860117776156
-3.898013758924215
-20.01916195544065
-12.68086705723484
-15.968494670784972
-6.083346215478338
-13.171152465420723
-1.5109918392592707
-4.076927200853706
-0.8667285801680191
-11.74797901894682
-10.37915496607481
-4.6942341075564835
-8.445991252180814
2.213190950567396
6.250378171069219
-9.825474966938216
-3.0554505080415137
2.6442346885054087
-10.83910993784719
-8.297636090083174
-28.849996551143498
-21.402475765658288
-22.313672720590414
-25.504953953734308
-18.744606831821088
-24.166660020280666
-24.080305252285232
-29.43637028271504
-24.10624623620639
-18.67337650624671
-17.108622343407472
-20.42661531756823
-12.037486727305007
-4.8077475971321135
-7.153587848617989
-3.933500267640038
-7.6054058807930085
-11.604111683943364
-6.909306909838492
-0.4032620433745865
-19.02735551837344
-15.752639369607824
-30.760023891821398
-15.50358614203584
-5.197888442685958
-3.539338991878988
-1.117354321455294
12.665854353810456
12.798052121423972
12.548680553637169
2.8938035482606117
2.020419659194696
-7.566721029570072
-6.136109785484368
-0.5163601766842758
1.1314530951676276
0.21280727774183988
3.2016563602997614
-0.12604286640227552
9.995709624359005
9.145898364243637
9.723482617053762
-2.506580870739239
0.26592475662007514
14.477992026595528
-7.061206695983902
-2.603499379850992
10.306233691744193
6.998004120709165
0.2344922828585678
4.600975058968562
-1.0089514579351702
8.301781859805923
4.666860955100032
4.834208479433436
-3.738883091675553
-3.735908725258704
-12.986005372027778
-10.087282022411626
-19.16102446020112
-20.903639572325236
-27.92265510126854
-28.71755786694046
-35.724697835982134
-19.266480206415487
-27.67934058955607
-32.30517893900942
-23.243557500131477
-24.85294853690945
-32.15048227008143
-22.93916264096228
-30.394488448305303
-31.468000106671546
-29.64144924036272
-28.971950843968358
-26.532003496315003
-15.808894222451233
-31.797790771539283
-18.890446129551748
-18.703120845281155
-14.596956264375295
-13.172848608031329
-9.012060777930198
-19.981983012007433
-19.7076208260055
-4.33731233172625
-7.645982373878722
-9.234942296456794
-2.7730114094296034
-6.846664206012293
-3.0301156082035283
0.4702484441439884
-6.476183085731341
-2.959074488508324
-15.107539466445086
-13.930174428301001
-11.672453388166332
-7.994331043946263
-5.5309015091469975
9.761133378575488
14.831587042555453
13.88386808038786
0.5288506208957042
11.670658576642973
5.710222547578896
19.185103415014808
20.33781195985768
15.26825092545782
7.727150442402529
15.11030352937376
8.195661326889232
6.131058859557832
6.2385284968430845
-2.0029279213922546
-10.33510167319864
-9.878956933715363
-7.75825515253417
-12.667107457614751
-17.271322046224867
-19.8010007863554
-14.571399510366225
-12.303533886273133
-15.99944415503756
-20.437260297283014
-33.61623258451972
-22.529325195871444
-24.381869888799773
-27.81494637344273
-32.266204579055426
-19.119686390788623
-24.866132547575422
-20.646621035237466
-22.93875215837
-20.986766288159497
-12.735650628378803
-14.848226337646967
-10.187481803979155
-12.14781358372023
-2.7923559484183467
-7.496964710026805
3.0169131994342973
-8.338929794516872
-5.370955832169097
-11.890942404941786
-16.752563192372108
5.844820102196626
8.363627693726702
17.512405948712047
19.304893161673206
21.91504153275045
6.638811505366792
15.567955943324876
17.5217420689503
3.1459234984916264
5.335994938761192
19.474260590521066
5.780120126408466
7.557628663662469
-5.087830314489322
-4.2155038889760865
0.9644600218883008
-1.7843386620912294
1.8619422739960052
7.715426127593059
-0.7485568312290285
-2.376173347204229
3.235487515554515
11.306289271419315
-10.373958417986412
2.6140341503517237
2.6908568223062423
0.5062848641980565
-6.479235129416004
-16.167609238868696
-18.57456037192945
-20.713154583784878
-29.40691471550217
-27.498396666424856
-18.77793071331054
-18.491104601244395
-16.93975720892968
-6.3123569155513275
-13.82181369920984
-2.7134079889191614
-14.168333498811267
-16.41586823907002
-20.243565313958012
-24.249807754891034
-17.706296735932497
-28.99663034301239
-26.07625970846103
-18.430813446498888
-10.418367032767506
-4.728731021296778
0.03556642459243839
-7.514302538982457
2.958912211423661
2.0625354166529437
-4.026372388525753
-3.492114286484852
-3.359278942350276
4.849809582543637
6.381104232623299
4.642412100172652
6.605073536944197
-4.453572007322029
4.636183383447172
-1.293069875976016
1.0493884645986773
-2.1791082568684024
-6.043328596109506
-2.7930851379009187
16.181934221832893
17.04414462933256
17.479855670653993
11.73528446956528
12.117032999376853
14.98930086438406
10.884764680219225
8.359721696509716
4.964668639636216
15.446619672845895
