-13.714871538193838
-26.2097493407799
-11.018739986537916
-3.2573308390814835
14.999915999959027
4.120116093390698
2.691965194349132
7.055134148668383
-4.042119584822036
11.444994752788007
18.4078352569081
5.329667088835618
-10.038754212906586
6.0264256654755926
2.25944347305153
-7.836734131911991
-4.037349974253204
-10.197869643949769
-12.673956580230028
-14.745815565340855
-11.574681351399784
-10.149428127352255
-12.245789523166321
-19.19896965062534
-15.687659349934613
-19.541817875701724
-19.192900836129066
-18.98491532932372
-22.71145779882428
-16.58734439558493
-7.082592022331601
-17.80061375303562
-23.365562791037725
-21.844017319984818
-7.758015884257325
-23.486442879053435
-18.12536935981289
-8.583094905912352
-5.722089779995383
2.681326430745929
-3.702180788236004
-7.086141099273084
9.637163933127828
-2.446922765858345
-0.7357561680684395
-1.6131987854352077
-2.2183546974324546
4.4754681299284735
4.617170711378429
-1.1405727815802251
12.340186006646645
15.134146489574919
11.621668594197972
2.8022582851633726
13.164366795092347
12.63812223124811
1.933495079613318
3.2028076106835712
9.879697779848296
6.055207089367236
5.746714099278028
3.608697865341034
11.009801134360993
3.0415641316537516
7.941570643028145
22.77917454599855
0.6700015116536916
0.8020988633072886
-7.963759959254219
-13.021659483946486
1.8370570928134904
-0.843100102505333
-4.582243976737122
-5.902088071380402
-8.360019707621028
-21.212808943785372
-0.7807212323309105
8.737094834970346
-1.3379883559904353
2.177564683683006
-7.935321127784313
-3.9808136088521033
-15.944511559666095
-12.577698268289506
-6.3736567106746875
-13.236907354055862
-17.10958542035998
-1.386112264984428
-15.433135798929849
2.4323167680222393
-7.075567386346598
-4.171775479080012
-13.271947736057824
-12.960518279771426
8.413024725441304
4.017153352233239
-5.2921656657863085
-1.250288653957713
-7.35864599385825
-15.622804202644641
-1.187288904057343
-10.798852276200922
-7.69562839988661
-8.212348773571234
-0.5406742235582241
-10.109442558869445
-11.69797024329475
1.5253883602237044
1.1439992451662917
-17.713119335595145
-6.473876930792744
6.175921715055085
