1.7095109599382918
-5.443403033725475
-10.245307697093141
-13.097024319729623
-15.696263734935785
-12.310713813563707
-20.868851807339585
-5.002729345227012
1.9533276279589917
-7.0040757867706525
-11.026457698917856
-7.033275796161918
-22.17362807016506
-17.68665839774625
-32.58176142227712
-24.475638852519776
-9.390379773119056
-15.241683124507748
-11.603225448159426
-9.759503504602929
-6.263074270227048
-14.22276219806592
-6.119621680285505
-17.239965734464914
-5.685711240272073
6.2363206482708105
-0.5488360412013927
7.34332336534947
7.728998428173982
12.874106441847225
16.46141532562801
-11.362634876087347
-5.7972535445604905
4.474072000289588
1.7780276497282002
4.687671109045295
9.941052856017318
10.7136959970018
-0.2507069231457479
8.652546845352541
-0.5085927565299002
-12.362724228920813
-19.983658763811267
-18.38889481672246
-14.071894103301673
-17.077700075969535
-24.07027503694972
-23.632511682390685
-14.067587287998656
-8.737771720880135
-15.169101279504215
-9.02211743743557
-14.812225188303707
-14.823797213283193
-9.301232975436145
-14.747856260576654
-20.78592471710032
-12.799653179524816
-15.76789740151528
-17.929056531019057
-14.718275954081026
-16.871434710981017
6.3773012607345585
12.031118607572775
-0.24366952347066004
-0.20361481132466533
10.600467606437904
10.802019702809252
16.777577769166545
17.063326589975333
16.875051762848024
12.18890578926145
14.96874556920975
22.083797938735565
1.114267752486664
7.332353491699671
10.212882195658846
6.544512736393437
-3.888451054819116
-3.976657865110562
-5.103614728059236
-10.966108460720275
-3.2322874959189205
7.582518549039456
7.230518208077834
-1.6351913095472816
-7.9283246874688444
-3.408134263729836
11.119250870118544
14.878768064567776
-2.8581633581926478
0.4688258964851675
-5.4709908080513205
-7.116272050436809
-18.458677595847305
-19.98548226726322
-12.009635737339678
-5.152653541744997
11.170090971400576
0.03558357849100647
-7.822207279059832
-11.990461338025355
-1.909517779659949
11.352022363632285
11.087360492208983
4.6107216958243535
7.014363872790457
2.6701416682326675
15.81500178146004
7.6544123327448945
-8.565011770635548
3.7894503110552855
7.468505803705912
7.8612476532191655
5.4501942921934035
-2.354949196629705
-8.760790924185919
-14.142156349975874
-15.70866707773919
-17.374415760375513
-24.120178574591375
-18.948024761378697
-27.016763239620598
-28.99212264017035
-15.829284146748734
-15.673332294668713
-7.7700265512489315
-20.892548368681787
-9.26296524577101
-17.136890078629705
-9.361934762582834
-23.700433077320966
-26.78890028521445
-40.91611554973301
-26.101655221871532
-20.2548978737742
-13.870407708091257
-18.138293680063075
-2.1603296240025998
-18.628055558458296
-0.8759356888556808
3.779146143206712
4.075896706483501
2.8690150509728887
3.5514887210931367
-9.72182136590574
-6.692603557428584
-8.661458316798537
1.5702499690200342
-0.499039225268649
-10.721201377281307
-6.2879539705624365
-2.2435949487535582
1.6882042010514997
-7.942664734460314
-6.756359288962141
-13.746824597685952
-11.910407132133198
-3.82174851546763
-8.947289136569637
1.8993537760290733
3.6873306235945313
6.652328090933532
-6.053811059163334
11.239259422402997
6.605104856597348
10.336231298127307
19.740030712220022
16.655130411747848
11.579663398358251
24.543743846415186
12.404007711705725
12.982124150675537
12.412673110650736
19.773869233145682
15.35833319663633
19.617378924579533
22.150383578399893
6.476669090163308
2.24131358387871
10.467157531018008
3.63428787204438
2.882781123463675
8.405249376999707
10.43033600395621
10.977948118462196
20.019252038440822
13.895234038163714
11.463583822606411
0.4846615891598375
13.133871268238053
16.374861262087723
7.605223534861472
-3.7276494864576817
5.223958014798216
3.0010481778283515
-7.551114025043893
13.137767024822226
-3.5845522665597613
-8.807297918501163
-2.9962757457581977
-2.6938251241622058
