-13.046594176578418
-10.538765961316102
-6.20572098493018
3.584542366582263
-0.5963376452435328
-17.963252384173018
-19.03993940180885
-15.321131984998114
-20.05894261182201
-16.933200848430605
-36.188715313732
-14.541617249295275
-22.084518938938338
-20.300967211426094
-14.19815010708624
-13.03982265153391
-20.37863849978655
-13.370071572842049
-14.554392777158387
-11.73399951314041
-7.157113951716214
-14.303433932491048
-5.901713602910581
-0.7798037137711077
-15.839724384257515
-4.2982002854724914
11.042056050894745
-6.552723918828344
-1.9170107122503703
-7.0534173413578705
-20.168482541947718
-22.621113921699052
-13.514308294084993
-20.02718472892744
-20.074825219158328
-10.994506555592176
-7.8318321691789246
-5.500425309759064
1.9690566687365851
-2.4616339950378467
2.0817813717366107
-0.7804953133917556
-9.78306582411842
-3.0080532727560736
-7.373223565497392
0.35002790741009554
-5.403885321695352
-9.24096378321092
1.7829379134139425
-4.12036342353968
0.12827179226365834
-5.180313824073629
0.1283350406167005
-3.754447092226677
3.2211930336253025
0.3775467775883539
-6.8213037988772784
4.759273556514368
-8.566754060327035
-8.654313489764446
-6.481271246637997
3.410042706653017
0.21101937497198306
-9.308568680521288
1.5216343785932558
-4.021564541735691
-4.820356906581317
-5.385088560705715
-1.053972604348415
-4.927045071274998
0.3525736104196173
-2.1678246411720696
5.217907885923669
-6.293642111498867
-6.0711503184804405
-0.4589944719534096
-2.4225310939629208
-1.4299194168662963
-12.520204522641125
-14.53749528671788
-13.800379822054744
-21.037896948137888
-22.03455036135837
-19.560496749907372
-17.90333440858593
-37.745919474096326
-25.294104946572237
-33.57263084575998
-36.03452693135162
-28.01551243332705
-12.327568543338026
-27.513970726822954
-12.124267813635695
-2.2430743476901296
-4.728062924988795
-6.727990088739323
-4.1525056544439165
14.360366163510225
1.84247247571288
-7.356366063176072
-1.8641480875010472
2.3121044618053106
10.866726614946213
3.9556302611896004
-11.499173245147233
-8.442453207457907
-10.068022197792253
-14.510445761717156
-13.004500644047539
-22.383476539622645
-19.93892663066556
-25.02155894325145
-20.48813878783233
-13.301129412623158
-17.71238656407352
-15.456704919226215
-4.790614781465863
-13.550286966810804
-11.987293972860751
-7.814029166930203
-4.561243685483788
-7.899298584881923
-7.23095290246342
-15.690603326428006
-7.479735252048737
-3.6543670678597966
-3.3638103504078694
-10.305979423810776
-0.5525029666114081
0.4457955141203117
-9.903897491821184
9.730315197955909
-9.649930076605447
-15.464254985478195
-7.670632909877492
-1.2085909653666718
-6.782013856149413
-15.270003231656963
-2.941796859277272
0.3576372400134089
7.335530734340075
-6.434492866116332
-11.434875553407633
0.10847310866566648
5.9381561882989224
14.77369089329083
12.7127093063119
-3.7663410219997013
2.488334711253501
3.6299191854394013
-1.123779209004788
5.984138002120408
7.062280845749892
0.938121460592524
-4.514242233334558
-11.799421133259086
-7.930399231026735
-17.721009845168016
-7.547546652314838
-13.700010312690821
-13.096535356758904
0.338909312461195
10.413428978769687
17.335964196546723
14.427514454620605
1.2762141059101402
7.706027630322017
17.135531922872445
12.243320608796756
17.163621667039695
14.820822201489316
18.381372797019967
22.33200360557304
3.3883551549366024
13.976172152678075
3.115904446523152
11.228687867780415
15.967090448547342
12.363333285931207
11.818489728158946
8.534573505845426
-2.1234308756503792
1.7315954596850391
9.822860201292064
8.212475431267046
10.485866907193222
-0.7358214244732251
5.4965527650742505
5.7346227613468175
8.74672036318234
15.751206193641455
12.002823488424669
1.5306096400491702
-1.3543302320953732
12.163888413311977
-3.3421947899324063
-1.7419273537080715
1.6659514563500983
-6.6009812802772965
-19.61931857443669
-29.597404468253995
-14.433370106221108
-4.271015944734334
-7.711176288156882
5.779594646220155
11.171452466911607
2.0411191487566778
5.568025865290056
5.53309963932715
7.515220979306216
4.025396056533881
3.4426653140612213
-6.626575928926708
1.6853021942114272
8.418703426639652
-4.841048804112401
-1.9712575428828472
4.782178282725313
17.701722232938952
15.528935318348227
13.810817690517215
4.070705966504051
12.546779083632725
10.477750760398886
8.371654866285564
6.828745695399449
16.548338675294648
5.156683266757012
11.697248491547215
9.276356316399923
6.70249339893839
7.580040568161326
3.7564972987283736
6.170614012363173
-4.371059212517388
2.5129384881232073
-1.59428662855758
4.513506356205757
-1.7394595541739934
6.158552517665257
-11.8157846754756
