13.622772523668166
18.83255059599049
30.33728650927501
18.32085840022565
21.30035617024603
17.476471487388178
17.652488889825854
12.93351348784091
5.582552830587456
21.900483181670257
7.481848836474602
4.28231093624575
21.759364457372413
7.55044530117584
9.025438177013747
-4.143743243387966
-6.935451603068832
9.539093694162307
-6.402170490794814
-2.1632438974716446
13.95688853086261
9.754952178161131
12.602121286882525
13.495345016726393
7.809885953556922
3.5740277446836934
11.483184603867235
23.98082680928955
21.283932168064204
23.42790100160128
19.470976479792608
14.325233552493188
14.61623398040092
14.998316002912595
14.233830969946432
-0.18559618082058368
12.820455288573305
13.404598588346063
15.580246925571997
25.548631769073314
10.491810556994782
23.15776309348648
20.757389336170448
6.8067205619904865
4.391458676998341
-2.7255122365439313
3.0851805755827715
11.244499399237931
1.980216508765356
2.162816789446826
-1.1978803166057832
-0.3765324339987081
-2.548599426691021
-15.043875680871544
-11.144387255814738
-6.986303110037192
-8.588109059880763
0.9156562606586373
-5.037874394510347
-4.193977153131155
2.711707469258417
5.3619065759137365
2.664162019163387
2.7353121120126938
10.223897672789514
7.093086078148089
-16.10053105038298
-10.243698972056698
-4.176267860068215
0.9298007919216283
4.290729401301567
-1.7749861464609462
-8.916841272908751
-3.148390118466778
-6.879824048970442
2.550918373045832
22.491947928231944
7.181546518554795
9.111399312011924
7.615792802318325
13.949061240494153
18.057552761133245
17.023661174014112
7.012772347740558
1.1885133757849486
1.4338088882229705
-2.608469199542076
6.680006790207088
-0.6669052897453891
7.610492610194067
13.903829527771096
3.9368821578397535
-0.9207002736830162
10.647667119922714
-7.510211497102729
-5.389471428927113
-1.352597511981967
-3.663037649610153
-2.7729051501194264
-6.9265057476248515
-17.992848010987316
-17.599210017339217
-7.756137817901138
2.9517512607347687
-5.283728199096452
-7.003794298968697
-2.8786835433974907
-0.9579757199109206
-9.114566871616713
0.18656159597034608
9.269135688474359
5.810606283972825
-0.4779238638084533
-21.604427123475997
-9.37847327878276
-16.704429270337588
-15.104199640344598
0.9546400590976428
-2.1389584630315714
-12.294839329199931
-16.567231260253394
-22.52023682374813
-17.496845228628427
-25.511691787352618
-37.24792620316483
-30.237415539544486
-33.848783615984125
-27.708802136832517
-18.893162204615432
-8.151155963334093
-10.721440464872876
-8.732061486881063
-13.52492957823642
-10.439583108535007
-3.933920227908738
2.0405905805567657
0.2698373402163249
3.05810064186536
9.876704435063376
0.9262666900930229
-0.8376699174163776
14.491273522113085
11.317036227207195
9.75737920765887
-3.0794534984416444
1.4195629312539502
19.759568544395187
13.692640859709648
5.869785767083179
10.541162972039725
-1.8868869005873032
3.7415171325807375
4.00602763670721
10.450990891141009
8.407609212222415
-5.377101468681828
-17.22317348022219
-11.690096868942135
-17.123579646680227
-11.865999691402294
-11.896308405013935
-13.12074334081824
-8.734644862737062
-8.52375037008568
-16.32095288187007
-24.10595401738993
-30.76686660316377
-18.329640327728036
-4.470756950860213
-4.112471803479578
-9.106973420665488
-0.23196931092010126
3.4153981532657585
6.886688598821228
19.835385209769797
18.10586636262549
16.214703084187807
16.678545127334246
19.71070686461828
13.099377136138882
17.905985437360002
17.932137398769328
13.127599962341332
22.96177293073513
13.689460598483072
21.128914661540325
10.404236547067528
7.1213708128730175
7.548918496976927
5.842717013972857
-1.2950797214460117
6.727384152732934
11.886865752779373
4.229757538495491
4.9301657215609245
-6.0318918030410895
-16.991784871225093
-13.454081838308413
-8.223827468576967
-8.964846861536008
-3.652637270390228
-7.5758841003657125
5.920130484033685
9.561434310988457
-6.023905721580439
0.28377226208173056
-6.864985575385138
2.216478058201809
-6.18117102138957
-6.3171857326444165
-8.446108474956418
-5.970131816531807
-1.8764168917795776
-4.715592390139554
-19.768387811941494
-9.022493968789144
-33.760937159351734
1.278553723376248
5.1034486881269245
10.42169540190225
12.275945431066999
5.4314659323010215
-10.206834727359698
-1.0234921432454138
-8.092712461888633
6.846535278600457
2.6813013542106447
1.0112887545061755
2.3903055079582525
-3.1269632151923483
-6.739716384367965
-4.651705694799132
-14.30492170580864
-10.232875854188697
-6.708393602612192
-2.6906070230751915
-7.368497281166768
-0.9462485705021272
8.255829701223185
3.435349772482785
6.081207934255419
-2.725598287886464
-0.9070648350674962
11.504757777149232
8.243113672291964
14.191789011650677
1.0431386394177935
