17.601038512337205
15.494644257100164
15.134269509527778
2.4051583865057222
-3.301739481871463
-2.2515867078953096
-6.863285324748138
-18.927247491386886
-17.31583368756263
-15.449363255813868
-6.194627365281782
-0.2607057029996652
-9.992995994830961
-5.482647575298324
0.8226863921301869
9.859993799731775
5.0862811681460185
-4.497286104306956
-7.659275779603528
-13.856283783527262
-29.53012756501895
-33.45024208582193
-42.845340634863106
-38.15499595853992
-36.33347123919229
-43.791817123295566
-33.969207058985866
-31.35076979861585
-35.970708831317495
-26.894006512629147
-22.631492569198443
-23.852340094404944
-16.340102217053158
-11.414348656578673
-27.54133916734937
-23.800183093553944
-25.63382104429844
-21.33976211310445
-6.6930784997226525
-14.728784490342093
1.1942584243546477
13.218849302298059
10.884016755676946
22.480178239660244
10.199513039060543
17.197607190361992
36.3765323509299
17.445101207074803
22.72193883135339
16.581128561194287
7.122454361685616
27.28194388887621
9.083410205538485
21.024401009077845
18.656903913174578
6.9708507764401295
2.235622028706548
-8.153317103319887
4.992254569119322
-15.680004019301439
-8.586041373098706
-9.603302842605977
-24.40691262553593
-26.230449273189002
-20.97327719164465
-25.590412268172074
-36.408136034465855
-27.60976725361037
-10.371563831665387
-5.590038149058696
-4.061175991052797
-13.697148661175476
-2.9866073889672515
5.272514564813752
6.088556772802554
8.146175389569304
8.733217202581125
6.965311640260475
1.2761421983817158
0.8502614994851282
-3.3603719269904535
10.156191928881153
6.429591165801423
5.0889803567296905
6.536886284118722
3.067455210647174
9.158911134805738
15.9088405242752
16.139910572385638
14.281384645936498
17.28806844691913
5.447138130083556
10.940181150701218
7.691177964497436
3.6388900730715896
-8.668924656427214
-8.918692216367578
-12.918868043831749
-23.613584869680626
-6.665659647887626
-19.72195173387772
-13.034995039897785
-23.508168133526173
-14.422816068236385
-13.497795479859569
-7.119707516534784
-2.8087895125987226
2.7063044123547404
2.8834829269379703
-3.0325362854245306
-0.7934930977028787
5.417158013460237
5.070507485847566
5.220278628944035
13.96116639996588
18.7087384903654
19.28047665393799
16.502042846064402
23.88222913545125
18.03419817938046
13.584685887642387
23.287373039253144
12.857990110416852
13.40936559055872
19.948578803926345
14.594054298975296
13.261860952939124
22.553407069176913
8.428502584400308
12.021427494281294
22.10597405574591
27.553213929350434
17.20926157388382
21.21438637368304
19.130113760187616
14.35302349687818
17.644561289331712
14.743917547366786
18.577555466314376
5.003404729759444
-4.226371538490845
4.298068972849752
5.441535434767542
3.878606065969513
7.663644481764384
5.666237749878412
-11.603942805411837
-4.110313572372843
-9.204355651843237
-15.311814806177113
-12.916252191916866
-13.228062861336708
0.8329426269680656
3.488395797290342
6.119885032132924
-15.154614686644747
-22.580854289179825
-12.092008108979053
-1.813828587355618
8.485942073072499
-8.465426798368155
-9.139024440346443
-5.915442126357977
-4.182345496845643
-6.5151562415333215
-7.751622353371525
-18.653980824535
-18.64183478170704
-8.437420828131435
-11.204947346382811
-9.078084222827718
0.4528756794105743
-1.617139955565762
-12.137335253461703
-5.427225030622945
1.8659481818199184
8.983448696956971
15.889378655737458
21.393227185194657
-0.1004340226323436
3.1622019201121736
13.30094940220657
6.57788344863968
25.719491888678174
2.902787035601192
11.077617616963627
7.859480492304343
31.354677180823888
25.45494023037776
12.736126132843248
8.880908521795297
13.230284783460991
20.643603341993547
7.945177263080642
14.44609094537555
13.285295059701552
19.214794340739697
20.778606620540952
4.392355805864488
11.004934221236349
10.766762228647526
15.68993269018625
14.145043205021825
13.105300309709545
18.013708008262387
9.934485021017924
27.328549246808585
17.806721823788603
3.9127024452971138
-3.210370072197031
-4.117285119626913
16.888592625756388
2.221150229836435
1.7638111691123557
4.432687216209587
-5.247806338317861
6.940610292875432
-3.9735411439055897
1.0628930315655465
8.137131800920109
1.3631827344211844
1.774662243620647
-0.9293161238493703
17.009425622495
2.2628443347136877
-9.211955758269603
3.342872380303418
14.093099080576264
-0.39865348602073
