-9.406418904242956
9.494794206974069
-7.866462549440559
3.915769414450056
4.2190579147557985
19.818837030008602
11.841167890705965
16.036637788653117
23.82603020932302
42.60826144298702
29.26608507685393
19.47512947242875
19.066772802094256
19.29813759378128
20.056373469458425
26.942100231517674
11.949795482076272
11.406302206256974
18.01609295202513
15.171425439142716
32.16456284818147
9.800613546062893
19.340316569737087
-17.530946365407864
-28.887520213392698
-31.622148490123912
-37.54523942225198
-26.74270446518641
-3.611085461595564
1.9372930540450128
22.839933025806772
11.59198369049246
16.18423794634927
12.485920727314465
15.282803551705914
13.339516328836154
16.401385856336347
14.809146280689536
16.591690743206712
15.938546609653462
13.649490793164256
11.968450620397954
8.922334168974034
4.230474332991439
8.62651677593019
11.269736719322994
13.235031971799048
17.140834066584986
13.231311866450408
14.797480495570088
29.679055771685864
22.40655702756912
20.961886699753094
14.846970816765785
26.97060302927289
5.979685975220322
9.372198153972802
16.45276535527098
20.813447767096022
16.540392873259112
30.312959120827102
13.244330706016624
12.958509688156088
17.209664755072914
5.467577093061494
14.718507446673405
10.88212869478344
15.970073257021177
11.8087427115433
3.3844376541408883
10.702568834426224
7.737694959422615
11.618765448009436
4.2964145694903335
12.640618070121784
0.9967454092365284
9.993034136242294
19.398795874710054
19.40774285671709
5.802806716572123
15.052565274139864
11.04251038099508
14.194820273472605
17.143313603204355
11.138656549076524
3.4298437576962506
7.993856459673872
6.356289773357218
6.839221137192697
-1.7326730042616316
-6.700936019902867
-3.5157439622540494
-0.3412895744691331
0.7538602469932562
4.701422849169059
2.5392680380868624
11.437964577623625
6.627348875273186
11.176266363999881
2.6390404592920658
11.816850169792126
0.4295149313212808
5.8204366727083245
19.443682226947924
14.521020509976985
14.87130593525227
8.414333332591815
-0.55796202766684
3.155391745568198
0.9261291329521706
4.372090115449361
10.225850892271463
6.033483391123223
4.1923064183082905
-10.986358076573703
-3.6637255327829505
1.9793552779577068
1.9807060716784843
2.2675778408877223
8.901233254139306
2.8681794111196104
-3.4754997566020513
-4.912366107925918
0.8989373476053251
-6.329916326206894
13.697046637096925
2.2449211805033755
-0.07089536029344247
5.186879277920555
6.5682402256398085
-9.570155570137857
-5.401741432331296
2.6848767231836987
-10.470771806508262
-17.309833521255676
-17.568099083783586
-19.291765312992588
-29.978598318146485
-21.807012020580586
-28.78467228867045
-20.246123716078504
-18.783743142603072
-23.927083284907585
-22.403908245736986
-20.459170746074623
-11.04092585850634
-8.093983718194805
-12.987904633427075
-3.8123761191880616
-3.4869082463678605
3.992794187254237
13.581067461677812
15.753751440183773
17.880979459742466
15.28785930033026
13.830245307145288
10.767049218209843
7.707510850950938
-1.3893540472386363
-7.035340628828982
-2.8498176353144204
-6.350995321967299
-9.967207897369608
-15.077647180819216
-10.491101552903569
-2.00221962491411
-6.687068033366297
-8.869286246920797
-13.696933780089328
-25.237496477972595
-24.094909157868127
-22.774236714123568
-7.396390346164964
-4.605146001287771
-21.015171526318817
-34.0648114780562
-15.362335412930975
-29.37321141497598
-12.114067347675256
-20.41036842494952
-14.38420679608578
-5.901139852768017
-0.9802275562179894
0.5502151201725298
19.197620229503453
15.671812345409364
19.288232148376782
21.617310597857266
25.05949616580874
19.83230156407805
22.86043013790689
17.999614651133406
11.90330091483547
19.604966272811428
14.87687390479731
13.139416803200998
18.770418438059234
22.803344531323447
21.7048802464856
19.164138090961863
13.957895953688588
3.0312366776839172
3.979496474159245
10.625647668152485
5.266798299342642
3.743063164866116
5.7803188362868205
4.977374778882304
-2.8657559850269005
-1.9791091578341733
0.4999012500753205
-9.900688974474637
-4.101923036699471
-9.166811021847863
-23.89552382186116
-12.04623588509133
-23.49915967884883
-36.991838730224046
-21.199918272280904
-26.121406539774465
-26.018019293330497
-28.000505345943548
-28.30153114818813
-29.562912981686825
-16.802663684154847
-16.66519724146965
-17.79395828279606
-11.020484349545148
-3.682974947464683
-0.8429905125581311
-5.01539160151753
4.6571655521549715
3.4656368490650022
7.225709752716285
-5.4807293886358615
9.02441402332939
2.4245185170761308
6.0948922548375055
-4.192660363467537
-9.34222847017378
-10.853652599305882
-13.440848306907089
-24.382618998822625
-20.887057352173482
-16.590116352058438
-14.964970998991552
-10.241160095925247
-5.261153040932137
6.506526044342438
0.52801953529197
3.2086165262867503
-4.750525826460459
-0.5525404835224799
-13.289154698194814
-13.484460995045133
0.05405406752645958
-13.407688726067386
-14.232798053821842
-13.112651503594101
-6.087761260815594
3.6178722032748483
0.13568640310358945
6.96593003886998
-4.153289343449766
-3.6034523161838914
-11.534568097765947
-6.158453155715133
-5.182030786783644
-0.33093437746199433
-8.666970746911232
-16.244891098842057
-20.922462960248662
-14.17225721695066
-6.459339950923384
-18.47068061147974
-15.366117300433247
-7.314865513654711
-19.173371894810096
-2.1706033921840158
-7.990285764153034
-2.8614579209869184
6.454518501072194
0.9405073529405518
5.436055446783974
7.255793848262357
-2.178747606034548
4.222129723966933
-1.9372183356843435
-8.543797180864834
-7.71973209247112
-13.390661066554484
0.9842025027662986
11.202468405320149
11.38892066114377
18.109592712527828
3.4353852528503768
-3.3201750597312643
5.732032679430348
-0.4894616473552619
-5.4383492102972
-2.5239605778029923
-4.363637080101695
-7.717584023126853
-22.54588692644331
-20.145198123237087
-20.913399652495226
-27.502351246482608
-32.185139702796
-23.43173464122034
-13.539435930226984
8.803380169434172
19.83076333153328
19.223023121684747
19.880046019421467
10.619677221267528
3.4548738505855443
-1.3840855521280446
1.834846436278173
-11.348126240790027
-12.890293110972829
-13.999756215130795
-22.544207402782227
-13.471752323152275
-21.63650871195218
-16.919691843526884
-8.171212254144521
-15.532542015442441
-12.847275729027436
-2.5953176179785284
-8.564558283726821
-0.14623691634408434
-2.203824291138352
-1.8069513378773507
-5.510599917595986
6.656533053445162
13.709120509962958
0.20566043625772404
-8.797838725644619
0.23503130745347214
3.321029318429225
-2.9829693028693454
-1.9626537414720844
6.463395611945857
-4.669429641958548
-6.393215859825133
