-8.809582631456555
-4.2800168679963635
1.7224461819951349
-7.4469569792179655
-8.046809794510862
-14.24741789026674
-20.283761344398147
-25.436863291861325
-8.69413040965604
-8.263000732360217
-13.194174703578296
-0.1909704396534891
-14.25107567664613
6.8319729380208285
35.20306856074625
39.92963502966465
19.90129523642982
19.754348598172513
10.357743329937561
10.47418403790016
5.773067634228512
14.740659056368582
13.897058403736642
12.026476414374821
9.380727523036262
13.3593473541081
22.560978387168394
13.39478582552912
22.766671513949486
20.71873635105768
13.916410162617344
12.198540163051426
13.137597732732253
18.312592555292607
22.39088266420486
6.065671650291648
12.486956490364532
7.823042548922032
10.004826476074918
-0.14641319755833246
0.2835066544680364
-0.27166164313164143
-2.4082246525109885
19.587024313242427
21.182124345069848
27.419627875792536
18.955727580504664
17.137129584489223
17.229585927145052
8.379081188181434
8.352042857694697
16.707711736424155
21.59219775549539
17.459771820498187
18.84258826633868
13.257474360676225
10.830243738356288
17.514448531271512
14.190902590882425
8.640899155021298
4.279988303532806
-0.6486508317725441
4.3970088458425085
9.492148672184372
15.118802929021895
23.272275579046656
2.1042249143113008
5.182617253737922
10.480976942988098
1.4231946063452232
9.532413321182982
2.1806969304040438
4.133278050143306
0.8540384028639265
-1.520040555144035
5.174956568112234
1.2279972998168904
4.295746676819534
-8.619228126343886
-9.201120444482646
-4.892533896709558
8.199839408808089
11.261494323784495
13.540261134019545
21.797187589869033
8.078042376240198
2.7633063936451423
-3.031274209828313
-8.010680187198023
-2.4521474810410004
-21.644279975382762
-22.25953736702021
-16.51718126271352
-24.51902934231989
-25.746723679830218
-29.507063398585753
-32.35772567551754
-29.91083712511127
-24.155677817407483
-11.898808549478895
-20.23885515032257
-10.52069350206934
-1.9631985068199296
-1.3846929099364194
-1.3406419214053802
-4.118523349219997
5.688261921597007
12.922387357791536
7.2427470338741236
18.373641739154014
-0.16975211856046568
4.4263862335562445
9.237481030268164
12.180308836800293
9.372204324008608
7.4756588765898515
24.80155471785252
-3.1066545640959733
-3.1971976924273147
-4.373166626712052
0.6320821908055566
-8.728487150545194
-3.570571228997317
-20.561644623425792
-19.67918981734662
-14.642951379349814
-15.233544555394325
-10.349857639688148
-5.4642061556043755
-1.5830158347061454
0.037473172784720336
-3.516982057916996
-5.914642351085288
-2.471633201021949
-1.1812846334730345
-3.717201039471472
-2.8840054559105783
-16.824838899815393
-21.221845677788906
-26.66854871110927
-34.27364528148815
-31.49978301804517
-21.099660301821427
-17.768381981971775
-12.090167934958876
4.121563758516931
4.613352690977248
-3.1008205755034006
9.760480780283633
19.711144858423733
8.0105650343833
-2.7714859725892595
3.9110427572271855
2.2600096634551967
-8.216199558598385
-13.454995267779875
-14.181426651509216
-17.826628683485016
-9.829930199899088
-14.459845607831841
-6.097004641711552
-8.962501192679575
-5.155589054892523
-9.01590199997062
-9.602649197550836
-5.402856493789681
8.385883119261871
4.519965285926518
-3.7368659819094336
-1.5021389838325612
-1.8438587012191876
-3.49789528306013
5.022048609137903
-0.08646094563349478
10.158051120854486
4.114411378910635
-2.4428191978816725
12.310659633826807
8.166274922362577
6.883364975650418
10.913659422141073
-3.2905514361302686
-4.3723280933728015
17.230224969218625
-1.5581695260109314
-0.747763438942298
21.14850660064153
4.175674603254875
1.3105020371199203
1.327296523878089
14.906437373736827
15.629925037721314
5.64340838440314
16.811263849980715
-3.5059673330560237
1.9267699256836253
9.334445981008221
3.8999309576905294
-4.544462882467039
2.3816380298283883
5.037167904701167
12.56481985941585
14.494668492090824
21.22804224726345
40.648428660861946
56.17633736023569
49.386136768931706
15.838818566695434
23.804440609393144
24.49679251903573
17.087551164094354
14.092673564082384
16.134211228016405
4.306655958577552
11.711709432259084
-4.3203692009088615
1.296161366727531
-2.4303200718935067
0.6378610557372955
5.802093731599543
-2.5699483587172813
0.12296053339134055
10.147456537212863
0.22497007597967664
-2.2255668900770065
3.5686715539142635
5.941560291973296
4.7591442279848835
7.210569806924979
7.994849801602584
7.002614080295053
-0.4873774791518196
6.898555543375244
-3.0246148230406646
-11.183579858948232
3.2884929277717103
7.808664709575363
14.4239356519183
4.289474063107159
12.225945869826571
16.290333381304293
16.59465779617869
25.900568659435912
28.3653756374537
19.202714109175048
13.979729942655187
8.669633336109232
7.8179324410088995
10.402377057411234
5.7681044390539995
-5.385396027012143
-7.67921262036975
-12.946012908118155
0.21179213329612268
14.628912870889517
-1.099734664118872
14.405033045424009
-8.363273288147031
-2.7490859826754974
-14.128042284161966
7.173580192201332
0.8311196311741496
22.2572239667657
14.311887036760595
-4.455113086257987
-7.429844343946577
-6.853086488790753
-2.3295331296966166
-3.332382646539678
-5.5692856423575785
1.9048388294846208
13.829777517296462
13.996747024491455
-5.474797205964111
-0.3896936136570489
3.867363593649897
5.283553742102915
-9.164709326633512
-8.801801672453703
-5.814932708444937
-7.710660820966697
