-8.382962577061175
-15.487975892025174
1.0876480513291364
12.774090581501325
5.253978497096287
9.313081537012973
-2.6121714068887822
9.777505324143362
14.593558320415275
8.877644717792972
0.1663075441933403
-3.517113125836944
8.096180700189567
16.803341506580015
40.99797889854296
34.56621814070949
37.731777075365756
38.735921838216726
33.90943933286765
32.82649181719693
15.715767738367813
31.87966336363909
18.868268679057635
28.03115032861299
13.272643901462136
15.590614227615662
7.689777277435486
12.818009431329017
-3.654405549565938
2.9118336070748674
-10.527545604553357
-14.202188120997775
-11.0988308888082
-6.686051446200504
-14.784708803850494
-2.805300388304
-4.388873548486257
-16.897783967475174
-10.90035256810118
-23.788481742760663
-9.704436329814307
16.944611078357813
-9.308630903809187
-28.541892111819905
-18.20905835749684
-16.510266564188758
-17.429582450050308
-18.86466383981697
-20.606789720142874
-17.581798907032425
-4.2848935067618505
-4.076857053977261
-1.136368790974586
0.15286414567357987
3.389418646872575
8.37867537112225
16.439450444600226
21.34093136670072
4.745585192876477
5.7995273644755185
5.671780553855054
-1.9145331200164517
-0.9623493546362394
-2.6570520465915948
2.2457052730035447
6.734918049679763
2.2129402768130424
9.293907713812377
15.673288131610613
8.875233199770316
8.427174453407433
6.546014725049769
20.689166202662346
4.7481489140262445
17.549782283962468
10.824683405942237
4.608621804187082
9.794782299921428
2.7873940925389493
0.9070616836623414
-9.341444367853963
0.3149969844792879
3.4511095078797687
-3.812951614005
-12.363305937148702
-6.947353913575874
-17.028319235721842
-7.8232835016057996
-7.918100288425733
-0.998585580574914
-1.0609888832701728
5.878562434504102
2.902836509138773
8.975908935037257
4.042330286076183
-3.604910599135306
-12.208530796631635
-13.06480953054114
4.0673218565319935
-10.911739667634262
-17.586509939598535
-15.6116037138889
-9.57843902650528
-13.726853545780056
-18.97706812723544
-26.359435451602483
-20.860341037772177
-9.460886496127033
-9.661107745231346
3.1842124466440787
0.9399603862263848
-4.467252434299208
-0.7428479074022116
1.4992420086493825
11.734586517052744
11.689719030836704
10.881332491960773
14.773590232626162
9.814758241156351
-7.320098405787261
-4.728954655431704
0.04197076442093738
-10.342174077034066
-9.197660348296443
2.551010153473985
23.21935751614776
28.765262587973872
43.08289952093785
20.689121931389252
27.02784003175217
29.004961612331055
20.966621091015387
30.995407728246583
29.50035946732043
26.051457596061468
9.576013330579448
24.98259260648567
13.779254372111987
9.265846854982128
6.9296010747522665
17.469384096928362
7.645162221513685
1.2185602902164847
-3.5444168552670705
8.072758985437893
19.05585962493528
8.579687012089417
9.906774152561033
5.198476327258917
-4.7824819547353
-10.92168763807439
-4.470288708864237
-12.309489635561436
-11.67240770926276
-18.533371520951462
-10.592237217358447
-11.038682579434983
-13.914164735634198
-20.22913553183149
-7.496209561654342
-11.730230249655955
-21.832480454180757
-11.638329510702825
-3.5798262633399127
-1.7185138771127595
-15.555869882538328
18.091251641846238
15.130898808280385
12.874298929312506
24.059520331494976
26.60544803577863
24.924139408985447
22.26235124625145
17.931924065453988
16.19123754820021
19.420691299757216
23.113794463144714
25.89540925533509
18.93278014057663
11.608251687863723
0.11713410168312355
-4.240780443397365
-1.2617630649740907
-0.6629841482890685
-4.07686690040177
-3.5220494315738886
-15.202616793776604
0.6232094028948364
-0.7249245242145121
-10.442025038156926
-8.681115654950872
-9.996242806928413
-8.337635804272942
4.61435328311359
5.717984275665307
16.640151184910398
6.909564798304582
11.73571119061407
5.414106695184532
6.382107707718236
5.270364044480068
11.007626889604898
15.020193201061389
-8.920144918259156
11.992297969456164
12.635907077167035
17.58011737411868
-1.7846161066607666
9.320926919250915
2.661741738219484
8.517128851583742
-1.5287723577690844
16.58248392308124
27.959891992261657
16.937931163442062
16.740021151500834
22.668853969595407
29.17080974032691
25.59243301250572
18.55756836009713
34.668868946380385
22.13328873552853
9.944429941683
4.202492283609197
15.285383374633255
31.195939884997806
12.03955614066154
16.16576210312532
18.622101281146158
17.94527465221457
8.912401544010487
4.469290830743754
1.1646116223359229
12.56274228050678
10.736298357541084
0.9397423748296776
6.578219114630617
7.9709962066743305
-2.5378231486299074
-1.380673829368232
