-12.785731572803098
19.236620785423185
4.987546419106695
9.389892307707452
7.719619261999103
19.11446101967675
12.457174135342735
26.101003501052798
29.19671741559375
38.79550361961116
44.17606847878535
18.067269904108084
32.25614866599454
32.61887092425547
36.25034538626385
38.30159352178628
36.149734071278345
20.999640354651188
31.050741242941786
8.91578476049485
12.802045504829351
13.802499348589134
1.5382013205339802
-3.976169681623714
-7.029861286101728
-12.306470329411061
-15.178805578601944
-9.855460991756852
-14.66743559004008
-24.77987940439393
-9.932336251107273
-18.783427595158557
-12.065036087265256
-18.84400251432967
-27.648371072796262
-5.685984711165337
-0.6696444262470836
0.92925048217887
34.047398289241045
32.485899256866645
34.717966440349876
10.93602638902649
12.354602033525074
4.012823873088927
-7.841589813831898
0.2530704061540317
-2.171520238094915
12.552672579734955
-6.2161110480417525
-11.037967773059494
-11.028375756141967
-13.32315891777026
1.22073523847333
4.4695606902524885
-0.2867858696141878
4.877807892550347
2.0328852507374857
-2.3389473232480404
-6.05217098047004
-9.3437938457549
-4.086672253581863
-8.027237065818879
-8.807594609021884
-23.60275722042335
-21.33595594882987
-11.955500324868026
-11.588684402570982
-16.3734714344636
-12.45584641135416
-14.326024827894578
-8.226659712513301
-14.123140187105632
8.928680943425213
-9.784692569964193
5.820190068099603
11.84109328986615
-1.0237223164061509
6.523413212065594
2.622758893202892
12.51080333650377
7.406483794342653
10.400038404850823
-3.9776074966400152
-1.4231265176354753
4.924414497978701
-17.397376214347094
11.025637475135207
-2.6204201313976103
0.7940628681091622
-10.529879341989997
7.609807867636808
-6.3361348252830805
-7.6449525034063575
-14.192727778624926
-9.250257313406452
-15.658267520565648
0.08715340187707263
-17.972782985735524
-15.657942350579862
-13.809130896564715
-38.96027357712525
-25.67136454735049
-24.411136211791913
-22.64953537263505
-26.033025059437104
8.122713547977337
-0.5854253750145848
5.647219812252655
-9.329509491792509
-11.88179461565655
0.1659130850793474
-4.219464878598972
-1.8651692830033344
4.958152304400142
-8.495144400530304
-6.063847876848178
4.7356388510663034
-0.8615944254440742
-18.069357370857166
-15.015902341180446
-3.7526873961832274
-3.6956256853348193
-1.3101782233726946
0.3564820202582414
0.06311159156410327
2.3416755289947595
-3.218593898425611
6.213892879155973
18.484822844736904
15.017043343846279
10.360363417651818
6.317417987813988
6.947946176838492
-1.7240224527434498
4.810962197936894
14.87439775737185
16.554091250681253
14.862666755192384
19.685507870137105
31.610728739058327
19.810236962747105
13.485711882198146
11.412687874180591
19.714950450748066
19.591976940946317
18.84088200173954
6.594335877704103
28.990866252035126
35.83201485376951
32.36796334384151
25.739423841308327
22.780772633674808
19.10235530358068
2.043522353973321
-9.760647481667679
-20.4227352590285
-25.036256451914767
-22.81136624179801
-26.321992441405754
-19.58618230214348
-18.559372158997224
-23.325226193501912
-20.819431181684184
-4.874898528940514
-12.664501764136698
-25.43299413602568
-28.95962036107481
-24.467450884763156
-15.638135963344574
-16.685941847185887
-16.774126567300904
-15.082481236040845
-15.045895338943081
-13.038979836773345
-12.366515550870814
-13.102059485281824
-18.12755391480959
-10.02205139598217
-1.5380074354410411
-5.592748774712741
