5.092844329414317
6.066821496540262
7.786096398015679
16.840258225862552
13.531139571810026
3.2201021357662283
-14.268782551164918
5.86282710404114
4.3123394647210445
13.38991148807601
14.813630899849146
12.806844900876094
10.613027860324776
2.9042517381008084
-4.25869129981292
-3.856147664393253
-4.281967891352333
-6.158529582748496
-6.094784213806306
3.6000931858585137
8.430480798947956
5.737828645131601
0.8614585435883166
1.693189899481938
-12.072724367041097
-10.643140305346744
-4.72567796364698
14.479049626355474
-8.911621836477087
-9.016556749476047
-8.660675672504494
-8.525430966317964
-4.130658510835958
-17.108803487554926
-0.2663375778990845
-11.735948715133992
-0.7492425490458325
0.5112199884468954
14.262739491016314
32.330959669685676
45.18895404898728
56.54392002741336
69.20231374284225
51.192204606647756
38.16511270193031
52.74580236006047
57.20563227259584
65.15997725938563
67.14557343962036
66.60507589821741
45.06341782943461
49.85176409796046
37.27325425505879
41.16411001821547
44.71776687118619
42.554486006864366
52.347979432477366
53.77353768234779
50.36748704351243
50.12863229949454
43.43499816157156
41.556736089574926
29.92877276500297
21.90879215831099
13.136049948888388
9.801003812062033
-4.12512216091263
7.814830436612117
12.053437840103314
22.514832613164693
19.77049678030311
37.47346916543098
44.86254489958725
37.18802736504135
31.605219565230907
34.868649573181294
43.80903157733476
45.53461066007797
38.20213060653785
24.94632278317733
22.98936149079403
31.789161149150072
13.626327112521455
24.66432163681309
39.89039087332226
40.46419190779916
34.88227225001367
22.44981990923923
33.585357295644926
37.841012797803714
17.617351534115183
27.20146376498106
28.824376573449534
25.181090417769603
11.498322936341387
21.81419941650825
23.00394460564885
12.564218527163622
5.276644936980738
13.087603894042791
13.47305880118534
-6.825061509033463
-24.145313725217303
-12.617640467962046
-8.853889567390182
-11.390775039216047
-27.35375129143736
-18.600328499061085
-22.87215694045273
-19.60445288988601
-21.287934238262785
-9.207161230408868
-5.067481476679597
-17.730979901258422
-11.77932116418484
4.460952130107582
-3.629384625622558
-0.8398681417488415
-8.073248258765858
6.080918019360423
-16.082725691086768
-2.363974559107957
-6.162607846418895
-6.935790515170419
-16.83392893724838
-14.025372686844804
-29.20611634275057
-33.088498663396464
-30.079126624028483
-18.375881285230907
-32.57284681236324
-20.405497060958083
-17.60976491345271
-23.999939225663393
-22.436592051164883
-12.886042712111433
-20.856818601323635
-15.91828413544528
-27.30414041093941
-22.635934906268414
-16.454499008735468
-13.811469586714075
-23.600869929396747
-20.65103089619912
-14.500338388255038
-7.293111154384589
-10.64928562739802
-17.917865882338788
-7.539440087002616
-2.7907466618565597
-6.410656450301647
1.0568963036243506
0.7261527446419572
-3.4222534310926913
11.532008990057886
2.9150698132578485
7.3949883757733375
8.446094646055332
4.723000053699302
6.202113544376731
2.4354057353194647
19.59904505626836
6.38166632396014
8.517645050985639
18.110035351428298
19.378787106036057
8.888044091624113
17.122176735228745
28.620352285584264
18.881392841229392
-1.6625295424778457
5.372112297365431
8.510571403591854
-2.6421887170113108
1.172442299589568
-3.596599602722882
-0.9726353845517164
10.652344529695595
10.22710270097893
8.455388756626695
3.0074604765467745
4.386476417361133
-2.305998716991037
-2.941157243589738
-0.2098475786732259
-7.509147331877044
4.539371227336439
-9.499374202913227
-1.4771218973601141
7.844050153605991
4.4079928456557695
-2.9907137015516967
