-6.827372302981945
-6.729643440214389
-4.3772097248958906
-17.048433262183735
2.208185392089612
3.4103951222707654
-3.5067841108238724
-2.7282027485609768
7.999661048209534
2.086121659219716
12.793230190937251
15.408675930981667
34.250742344308705
15.896686686910893
13.331205816198981
4.205273541023779
17.145755701701002
33.45282502519778
42.88160547291364
39.53972825373365
35.07437911002817
31.360039011149315
19.09348903057112
44.08689527786027
30.670848848467532
22.923967003445963
25.115204599149852
15.945097184043489
12.71105924829854
33.98690780552441
20.047875907271045
3.199348249881577
12.026335127704366
8.179453127097798
27.443521648597965
29.05263483550453
31.60727120179085
30.848635263296604
43.733118208263036
37.7913909905495
22.980286582514577
31.54682899387216
20.971020629630644
28.58037152633557
26.26333949294177
10.7102934494438
7.8132832146853675
17.478015375164162
-0.4088919479623643
4.0211863165170065
26.733350512040843
25.909155712510966
29.29011047211793
27.486878734929487
14.052518028213283
13.80590885072404
7.0973013445144835
19.997911913455557
17.515582236389207
19.555465157923813
33.82041436853311
31.296663834303068
25.91627637809763
14.289821353896846
9.622610075788984
-10.498765060126486
-1.5074956775657216
-5.340749295987116
9.7592036279538
-11.027966462608358
-5.064537396168767
-7.228945628082338
-15.865492337256384
-17.115082151651553
-10.726184129219648
-1.8152199371441835
-2.6485669975271247
7.311516281202503
13.808220392494206
17.194446563779213
13.358579752493634
6.726070981306489
12.972458539215415
6.513540265327076
2.397707105743161
6.117589954182424
0.6245804685092582
-1.317857177573437
-4.618469124789776
-7.039007885204388
2.8833328541508427
6.467587070946245
4.492643866000564
-10.648011957978145
8.069968073551033
-10.004713216133435
1.7673093989602142
-10.060179086636332
-6.590522831267086
-2.359121302427781
-7.179344832086764
-1.4023112140626022
-15.136583907146756
-3.0936091017842213
-2.1084626966004367
17.36117511932344
4.015661419190535
-2.4052106560683977
-8.470894629087981
3.3667196836441384
2.0326554099445246
14.595000875186017
18.603477257253324
15.786197871656757
5.407019425090092
4.327027858855436
2.2582969576826737
5.981049647320107
13.437822490783946
17.381634542476867
12.233438564064768
7.106474876570584
6.276296679259059
0.15055309468938066
