-7.916418207717959
-7.664240539150902
13.864507286211099
2.5205821549022827
-1.938299725779024
-9.190998284734226
-14.715728785783048
-6.128874427060064
-2.6940689304045065
-3.792202406414372
-1.0609527764667934
0.9644579429848732
7.129611646989571
1.7636061006934265
-1.427999376018834
-4.5779478441626384
-0.16945806599085353
3.6155281654862983
-1.6809885380308442
3.6559399414180134
3.118645272054482
3.2112777334947813
23.67343799879489
4.5202992835454765
6.1427036690513805
6.513422568023153
10.459284842829144
4.394021937894088
19.387195476022004
18.86620627156325
25.68253478666259
27.549115456043854
22.568967657272754
19.00210345674211
20.529804425778728
13.885347433541314
11.811593810364876
10.576200371421733
2.858619014717144
-7.103554464716328
7.204210859660107
2.9140234566425267
2.1543030127204013
-3.891843929726272
-5.808725014275651
-0.5978992458284855
-1.8386585076660091
-4.035392739297263
-17.805558268251247
-24.563913655818247
-31.14049103228633
-23.334706210465857
-31.44446276052662
-37.298451386455596
-26.63224980330889
-33.97812672107623
-16.856293393279152
-15.983602955081118
-15.437423575845596
0.5726456826743814
-3.7008635220070247
-10.73159053952395
-3.4998430033583108
-8.984847492863059
2.701777566902678
-1.6158952968723523
4.871171461581672
6.463806119330907
14.266128382982547
21.23513213977716
26.22118826506668
11.469782757799614
12.428470955620075
21.64485527871326
11.72484730386916
15.904298918383914
9.624534815781717
4.708181171500407
0.7126762208016829
10.704202790813543
12.84867656462034
4.932730898422352
-10.178662419123985
-0.24983252836854306
-6.643382335942648
-9.93923145382584
1.0846113372771495
0.1539166703890469
-4.476553362144759
1.7814136971878356
-3.899799435060583
-0.8777676535287463
5.042883313647661
3.6192977774958486
3.637836138681056
14.326668485266707
15.772518346375689
14.349286425866465
12.463947802218184
7.684979990779332
17.714289833557086
17.49306306678386
11.723673345250434
21.657391958439327
19.28962551628211
13.587051442970038
11.792923816265285
23.74804184301931
8.836459479260027
8.237386582592437
22.13927089655747
11.361306381033517
18.477840444623162
24.88262764633911
26.443545840394048
9.498802270845381
13.233513037384453
19.22564594656805
20.753619906997745
17.50361238099018
11.606963712614489
8.680910565061849
22.07189337819
24.17179455407186
21.66716219668405
27.143214623141173
23.240108514037967
29.13728843121379
31.7509231980883
14.995530259071982
28.844386274296088
29.48717202989429
21.88852723812294
19.304765758644354
5.434946658657257
-7.361033224419322
19.97349055147932
-1.2966363555860094
11.075023925468606
22.075661881081352
14.311453687084708
1.6807967646323843
3.0807784722476237
5.108208421941591
-12.352120267429399
-3.2484251672016597
-9.06543129987293
-4.344667943199233
