15.926686461702378
1.0359653095476944
12.92783873416837
3.659482180802547
-2.5155681349181367
1.404839509726018
-9.688997681144915
-1.5756175525023677
-12.984404625581233
14.052418987575527
-0.9242356689605992
-6.482417724545642
9.18681488370948
2.319043393304401
19.246810357792413
5.8612573977340885
-2.1844313461300304
-1.804611363755917
3.2779102706533343
8.624850756916725
11.059248433716037
20.81842001357005
5.595773250515814
2.6426151667873845
-5.67017509956334
1.0812575245717408
-6.294670787144844
-6.456215532739531
-22.04543002892488
-16.880064149634205
-21.61018477448595
-16.67323967932252
-6.301851353064811
3.1978956154130738
2.685846830690931
1.5181394541334472
3.4694999077864916
-11.378524369447547
-6.971690415221598
6.520774958472057
-15.876369674238346
-13.242020975451698
-0.5088077587821468
-1.328046032864438
-8.626496624845032
-13.56465908379646
-11.172158505402395
-13.769845345749715
-9.34990284073699
-5.152188817500985
-11.25309202281936
-19.586659034480917
-24.06275249148507
-15.241694037955684
-17.636223446985102
-16.115096426145453
-18.61554549858427
-18.15427119202337
-23.444931093725838
-19.813139532030185
-17.982998657058555
-16.892269180354347
-11.666106056995993
-13.394177808043535
-11.952146147544182
5.161442851822849
-1.157737373384493
-7.029272774749569
-13.451972940269565
-4.169480661542441
-10.734303465802297
-17.432003440193988
-7.668999872784664
-7.376729405482349
-7.875009626200303
-15.66066789282778
-15.115608808896045
1.3427656842529292
-0.7436558590288377
-3.0017538328970317
0.1419279907812818
-5.341987211207521
-4.54487861599091
3.965469790132526
1.8226185412465208
-8.957794719386213
3.3812764978331344
-1.5474320904936374
0.26903572303226103
-0.12135952996650155
3.5793313777246163
-2.3179042656586453
-8.658301556705803
-16.213576062959145
-12.679806826906846
-12.681860155444165
-8.60559839089152
-18.454964550237232
-18.558008873068555
-7.551919323124538
-0.5725819811556978
1.4624299894696078
-3.5752745539665693
-1.677319786317054
1.7872255556920191
2.3115751191373364
-0.9021463139202712
-11.939212720553625
-5.806457041933526
-10.390380505411509
-7.175655987783982
-10.704280995300238
-24.906402505184765
-10.550055761678987
-20.819848571618444
-3.2897171612387304
-1.7026011305762931
-0.8133623024615331
-2.0009752327973023
4.046995633007728
8.664065580095375
-0.0992318181528472
21.87799242471883
9.633777681425963
-3.5758806538736483
-15.104696491282288
-12.786968159942733
6.468760820421476
11.162795592271259
6.618619170055139
1.8252978404783482
4.703611479290427
4.936970465672037
-1.4671827028686881
8.429425037406324
-1.744962187494293
12.316085383517398
10.903485717989293
8.06960408920411
3.467162823062685
5.1516930295445285
5.8389855021905985
12.35325962184278
-1.711592985705552
-17.86721072168943
-6.636393738967277
10.86280993479443
0.5055138836263883
-4.65519996332124
-6.159615504294775
-6.571506079203139
-9.07706850403993
-11.555283836589116
-16.444372329480984
-17.77701665538518
-17.475761147605404
-9.031266980131976
-0.0872372544722643
-4.542452740139112
-12.48097360287549
-7.161172217823557
-0.1747025634410404
7.263318122064445
23.544120856723218
25.705508443778808
21.1944399852232
21.403067990200945
21.72526490521253
20.125646651109317
16.67018352817611
32.92159477413464
28.180358503051988
32.809639214704525
27.548932099005608
28.30964580076013
14.463621614995253
17.173126960675145
24.245462366928283
24.90138811116863
19.025284080401565
15.34299367781112
4.315757413601654
10.625417606806632
-4.3976772291123005
-2.3965956312769143
10.685027972383008
14.031171379616465
15.817559109785064
2.3652449482300173
13.260473290531205
17.19971928114348
4.8624264667502235
7.856001318967568
3.293850635971476
