-11.220142001606476
-21.9135754966814
-18.249576949955355
-20.78621439584278
-27.04556086961317
-17.46879220561863
-39.15621512271564
-33.59190281985939
-28.624807154197203
-17.733727601696817
-13.00233653680896
0.433632674886116
0.5461059640582419
-5.414702331211696
15.840563878265804
16.755800723769134
16.030548848146456
1.0150356233647249
-1.7558195489559072
1.1529452331632508
6.696876555470616
12.691400553898955
15.619517442821556
34.784033924666694
18.739557555220397
8.746366816196423
8.323920645173311
12.30570143571859
12.00068126923583
-0.4010100187924476
1.707369701484351
-8.450464647749179
-3.9258189466682136
7.547456983299424
-3.6201065251423503
5.19457705604157
11.105367297269792
-10.015658753697279
-6.049736407350968
5.95664893325287
22.212613094109745
15.698323409963391
6.879627612759862
14.056250578926035
17.77169421925848
10.241207329121623
21.626553986002726
16.695092709254745
19.65894414417969
-9.07779613188383
3.180595560878337
-2.446562186104835
10.866003473950244
26.60768801965457
21.021537077467205
7.943427536811904
17.125703786207858
27.0866001511262
25.848812056462272
30.88556018312388
29.11075690485405
28.598169014138232
11.994771897676562
17.77242540420195
23.83536429128709
19.102385244792035
19.334315912958267
15.697730501973073
23.941672325789426
14.437630854035282
18.46541155759521
29.910142490283928
31.50157565459836
14.270506499291566
5.320959640230283
12.682981898799017
13.25664553103843
16.30832870681835
16.800180770409554
12.856792166738654
17.84941257879112
18.61870676068882
13.002200125908807
10.992183090499477
25.387769212930998
42.32224893368978
19.21841942253195
8.10547420639651
11.527492977002431
41.17709956071321
17.443057140702084
15.166569789326987
20.23806064578792
19.960767404377545
20.84628098867985
17.49222408982516
22.918898259990435
14.188478905079052
19.95312277367398
7.909626723463397
1.32411621314647
14.212025107422875
13.693128086333846
13.65838079872395
18.377003249973136
21.266748024734248
16.686296048615507
13.258679435650402
-4.421983704864161
-1.267826464080951
3.7150740776579134
2.5192128461510426
-2.7186200092720503
-14.846251143444636
-7.329753675245518
-1.6536017469631978
11.446665056929787
8.050599444562309
6.7802063815908715
23.392910913762137
12.817868264658706
9.781026061850936
10.928380370723946
1.6112667406499137
10.014914341777619
24.548883838757178
6.926588478406781
21.765196155119096
6.275874367705263
9.235163389999745
10.509053198755852
18.464468524985925
4.7950836656082645
0.036569885197634586
9.03148599622043
15.460496164379087
12.70871119981342
0.8525120669188478
2.0509605264351727
-0.911947965514487
-2.692183163802929
-1.608805710234979
-9.335816107043836
-10.495354846201655
-12.384260398391804
-2.750083199073019
-0.6038273274430789
1.032559056143002
-4.2749721198050485
-1.3993119198836437
-1.8768403216699845
-2.6091313096333644
4.177419962009056
1.2343206081961031
-1.344827103060072
-3.581977084260328
-3.330669553731612
1.029986437910625
6.163077561729858
-3.2105810767852736
-0.731373284231684
-7.507365309187808
-10.229678971924184
4.1813487759809735
-4.9398596820635685
-7.790308967787892
1.6842878899744451
0.3872885799587084
9.57670251348658
4.108549465067691
8.601788906668288
19.495981934146254
17.64374371934601
9.080297021191482
8.72007676673415
8.404193195832462
6.0916653342215055
16.26007721874821
15.492273995702538
5.122871172667464
10.741278653717227
4.7970420594167
-9.962642462253287
-8.539158219493611
-3.5007970525264436
-8.377754533459738
-3.8184158457691497
-17.75069204891839
-1.5023164122119996
-17.574611586206526
-6.313243123289764
-12.238816869852489
-16.444608485035733
-3.8596363217543623
-12.890982925960634
-7.96238345407717
-15.676756850232936
-12.935586944094027
-5.088975983987447
0.2815945652135391
10.345248771406844
11.150857501558015
5.946020713615915
3.3922804819667425
-7.998139697943193
4.0700247233273
10.69487155575548
-8.535327173053771
-1.0016836294918028
-0.6977081927668535
-2.6170207607846976
7.602154874556205
-12.658713585992
-10.799031715884507
6.193980165425204
-0.02418818439840959
2.9854037286070567
6.3421419637412715
3.256797192026669
-6.866409078025639
-14.911707252336535
-6.082729314364114
5.982696297326852
1.2973459802384717
12.273590757612086
-4.707142818308356
1.4975725090103968
7.636130320535325
11.636728683608641
16.261898234652186
11.609630267700329
9.942677554986297
6.740664000073052
9.816469055489216
15.614397128682866
5.6108201941229865
-0.840904657537713
8.523072616449001
15.001040083566773
12.93109051538543
17.449328427515994
13.439655608908502
20.87194025387869
16.609525151925368
28.34269412378077
18.98562659460396
28.859334287825828
18.92662226287878
11.383416116112187
8.706207757864519
12.549194814780078
25.35671914589852
26.758940475339646
21.158090461559116
8.990735394484368
8.073760718146607
15.128592537849824
20.44786072749962
5.17136149041256
6.285627525288344
5.815229507185174
15.7835037671516
4.705906497532009
3.8357223374629714
4.014709599080537
19.506221376998194
35.628576385034265
32.43249399046469
42.747416731528226
38.230780100431204
34.4083167870788
32.88221390315823
45.23899183439643
21.869874307667505
11.442715967530164
24.280147080256576
25.760644796371302
22.088688095544306
22.38085721602053
30.335764465902663
30.23371721074127
29.667108675800087
22.365206987082797
21.1083737303209
24.370932109316286
22.600093468784443
11.237376406983365
38.478226847466395
27.101549708672962
32.32764273484746
30.349618689171383
19.33381787148869
27.88851677276289
17.702956667128788
13.793138671889784
7.013811857571569
13.556452754477176
32.547411664027145
33.43606048417182
28.00222234198822
22.187816563578032
28.735152897768003
21.213954357124376
12.115460306305714
20.313917126393825
15.261773513711338
9.951568685765185
3.033436859224896
-3.4141448975833746
-4.392606265828223
11.132004898221377
8.947416479890359
9.452700059610468
12.707916098693175
-4.360014413170823
11.858841094854196
7.3250349223896825
-0.5497420853568042
-3.8033111589977886
0.3464140479004237
12.344380090274312
21.87123682832515
16.056047510525605
12.45755544064852
20.533761815286148
11.463311050799579
16.124027007441292
13.588593707297902
6.587623780702487
14.870586938952346
19.85908525079188
5.374260057740686
9.799716457558457
10.690927884662306
22.84893966410345
15.884451589831517
17.400257701433734
8.359561546238098
-5.810824827526744
-9.636650821846324
-8.063236536138312
-15.14080544529114
22.765158559555875
4.385696233631575
15.300305457192572
-0.5312312621568681
-11.041344240945923
-13.659182358819244
-13.881528913381764
-12.7759979855895
-14.64847866836551
-11.283889137905494
-9.679887108708495
-18.926291236238
-31.361084010028247
-29.361221597177767
-21.115814024634574
-21.35745208043114
-15.523037156763946
-22.921342870321563
-16.09775132155761
-11.736380609959767
-5.217756356561272
1.4270293299224943
7.465619517436839
17.611001135911245
-6.552422853176952
6.82372637880653
4.063386319934905
7.1753279179004315
3.4272039534366283
1.1398706548505262
-5.0983697320749695
-9.921779958183468
-10.416567329331482
-15.286942456295968
-13.64683236177246
-2.4726234793370896
-3.7145665617372368
-9.750664962209402
-7.929301976129921
