8.81189637895458
10.843078992675377
18.66174281986973
10.2362724061016
7.6140727953405145
4.835616007082168
11.05189639905962
0.7427469160392868
5.516133219358238
4.0559353788767005
5.1227382226219405
-10.877752098354762
-0.2524643320177983
3.960679572152726
19.810062706844302
6.868436014466733
19.552735833825807
7.735095451540213
2.2653058978704665
3.9216170879543895
-3.937904010354804
0.9254275559156674
3.69252152927412
-2.7911254749743195
2.7184133936103194
4.6107983701687685
-5.394560291189868
-19.65892543443956
-19.604930390699586
-1.3497499918152942
18.61567903082268
17.628657975324014
14.046572206265974
11.772562549875392
9.988900151743962
6.841150176836767
0.17662570859928234
6.497049771426704
10.440302371559778
1.4835243554373565
27.03766053394043
16.98282478474058
26.488302957395444
22.423524146579012
21.326669648540566
33.34905743898437
9.40991918666143
6.767561161767472
17.224565174791024
4.142433578358944
1.9192222009375453
-13.708296767609793
-6.5948388251649686
-11.247758002581778
-21.604749320485602
1.5558071930872943
12.644989145397005
3.254590576463064
0.10903815603978996
-1.799759486175299
5.909086337751665
0.6806841210632969
-2.7647991562839267
4.527839200346612
-0.5484139268417629
1.4305029346745717
5.585812421131059
-20.570282632056657
-26.551747803860952
-12.808677094252872
-7.909528952242493
-9.129636782358476
-12.720033383323061
-6.726668807462675
-17.33275124670916
-4.7789229071415695
1.5291433556162737
-2.8109337836988195
-3.776759039049211
-2.4558921330625347
16.998510099819114
9.484978564477524
-3.964816315561633
-5.506952641068525
-12.69120687929728
7.109191312624066
-5.160853478892175
-17.934538226940006
-1.8344159189032327
6.042445133882215
18.827153432172786
12.368871144368606
3.8254461158925666
6.358320452490889
2.2435440214251594
5.375491507370882
-5.407818350238139
-19.481540415790146
-14.182131907938045
-10.872823728159478
-13.288862803069096
-9.617206048623206
0.5873415428175331
-16.500578216961586
-11.505832372080064
-10.036740869732377
-15.405900793282976
-8.351574691613774
-4.01063845441356
-8.696179441678806
-13.081888761785875
-3.7952815556374984
-6.175218059173296
-16.43959318906784
-27.7128242270148
-28.889916558328395
-19.168688659908625
-27.15857232550243
-20.6503042117367
-24.053371555262803
-24.20636742799639
-9.105650365380493
-11.424560613796169
-19.589119606109737
-12.531318271502213
-9.117131143292976
3.533908407427174
5.833143745562827
-0.5106337294033283
9.17808433816285
25.66467192654588
20.633860957665124
26.323685911191912
15.890545955392803
37.551630380824534
38.16388055090229
32.8489628769955
19.92228705498612
30.77683345811768
23.02303453808413
38.65475677073787
37.02193258397778
27.974183991375252
30.78972704527859
21.271673073777002
6.328933435159267
-0.17964315260746155
-0.8679718237578693
2.8405627803394107
4.553522762768062
9.988337989044878
-9.18545401830088
-8.186374692770691
3.8323773866523774
4.3574745404418875
0.6150947952875921
-13.048757481471302
-18.4239269773475
-3.2090520991715774
3.753337541284031
8.384908730290546
13.585803425879648
21.131375748397428
11.494072039492256
27.29508858200665
11.683996539753132
31.269144435664767
24.701945385222388
24.343838811632423
18.39395467199359
-13.843692431416809
14.42947753037309
-13.32856656177866
-33.100483162598074
-26.35331326405117
-26.52601929505652
-27.30486392019024
-19.09435535254339
-21.88636364254619
-16.210260200039475
-10.872363798966823
-24.39852982210893
-2.6526016326585498
7.056684671574948
2.365183661652152
8.52809232629367
7.53073411765782
-3.314004425857659
2.7419053131564906
7.841582256185354
4.184295436499316
-3.9064955760587883
4.702868194677671
26.38922290457464
21.007631221062017
19.97794377634549
28.89901779338291
32.803811012746856
17.528865912057952
10.6682227943288
36.244356052881905
30.08005975822505
25.354676696804525
38.62703586594802
44.067841620407435
22.0207601492013
20.583508872631246
28.62509721588961
33.676187349873125
27.978354364451874
31.460746254814097
25.54194592097785
15.933100844645336
21.10584724535403
14.333689466574185
12.353369937620055
17.527846706614326
12.08438283674181
0.3101902369555894
11.203743222879703
15.833626940727893
1.5597315613298997
0.4118089465618109
11.844868653518748
-3.1204428691385453
1.1017705973118317
-8.346280340249022
-4.9106828794918895
-6.259656124657853
-5.504972987538039
-7.772001753188614
-10.176284442652236
-3.8189046671310467
-1.3375272941097294
-1.7337856558756353
-7.224159356701776
3.0213451892744634
-12.336830717551276
3.941715961384961
-7.74796654838168
-4.015819718168982
-7.174269543398345
-11.90730385275741
-20.352108299760754
-11.879464278550742
-20.296774715520094
-22.398384972219493
-17.40375811175982
-11.101570081280189
-7.491043141376982
-14.584964803070507
-5.4939008879468325
-10.3168127628956
-7.395046580052327
5.575071355185251
0.5306987610111495
-2.0008794609181377
1.3032979599578165
-0.3714629436416764
10.048655179704966
