-16.911016169641286
0.9837713897951954
-14.529840770377954
-13.511786623346119
-22.213163562792868
-15.397293688652079
-12.41594774382124
-17.801720390636977
-10.233930849466274
-8.752768968648303
-0.7814859779983072
-9.51005267344407
-3.2425098380107134
7.202293038106348
10.364482379083068
4.680267645780188
-12.179563086087446
-19.213565276821033
-3.997320461711023
-4.227392356006984
1.4384384903085143
5.701237891124003
-6.871340521789841
-12.527089735190087
-15.588536958754435
-2.958035845100342
-12.770711320456135
2.7453923519310552
3.1542354187093675
1.8963428037539347
5.058968213804672
14.316101235854337
4.707396006489839
7.897814074158091
1.5954951823281078
5.580414448804044
-2.036108103742079
-6.489647614963706
6.5655382217144425
-1.5173335793512497
14.811942405333257
-2.060302828528674
1.0237607946830731
-8.807362594035167
-21.641746502146784
-11.310616767022731
-28.30402237914949
-14.105983824229636
-19.2763537288905
-5.510705033495853
3.008191794038368
8.50770196057948
15.795546897995527
9.314913470302137
12.77566059646985
11.095710721622515
14.471681525645115
-2.0250832423767973
-15.280762955806978
0.9220504643147844
-7.8900665915684565
-7.574555490753112
-4.3378456849293885
1.3689643811853245
19.645885737327852
22.87284950342839
25.255476382582625
20.800279920405327
18.797826173146845
21.29544433978181
5.711013312019613
2.583583943506629
9.436272651798443
11.760012014694631
-12.946384954467261
-4.977418355078406
-2.4551179821937072
-10.262141869385164
-3.3346637574928635
-23.326556789654717
-12.743567529023895
-2.7392192406434206
-8.736523972746106
-8.682018309482608
-8.252252440556948
-13.376367602876424
-5.56880235711004
-7.222983863859175
-11.242095419731033
-17.758335372927228
-17.346157105168363
-27.50478226567277
-16.24714069006929
-12.728840997855695
-14.720450904703533
-28.755843708870763
-10.343901897663448
-5.4436596830111865
-14.236326602417329
-6.861487352165603
-13.531771321609904
-7.344710980199768
5.786292674869988
4.957364268781824
7.597936424621192
14.361322916682115
-0.644910005447413
19.16166381972905
16.7471609501129
16.541841555743215
20.046075394954677
21.363271930139174
7.40386210659876
7.5567431606235775
-3.2297725749273885
-2.611791258569282
-0.0592641445140467
-8.52281176901812
-15.821833237024064
-8.14240322002201
-11.989334645203787
-8.661927344784518
-9.111504176578537
-4.575010915027521
-7.102362165520656
-3.5499254559998565
-11.684962710718533
-19.129246333554565
-6.282947920443741
-8.236859353688137
-4.521902056354133
-6.123806542127338
-15.825794872637815
-12.135823734750831
-26.020765745600944
-25.020701742184304
-20.206636955141786
-10.045351455840954
-12.353538494730461
-2.668202686697604
-8.89187573254808
-18.742472541519348
-8.874068568719164
-17.771357754257483
-19.590102337389574
-13.016747603297372
-18.20508394484596
-10.033108417284703
-22.34597844697238
-27.259131828403703
-13.540555051826761
-28.88781155826914
0.7688035768092296
-1.4731610574917238
-8.066617478066899
7.445007417734322
3.767094280158775
-2.5908953164836226
-2.673908415300196
-8.865932628715832
-9.271778751128034
-3.929275211612993
-3.344939353115775
-10.751655858934514
-4.262225584017983
-3.756146858839189
3.040297668742688
-6.369173608905236
-18.61050047221704
-20.932682776025217
-13.61324003694766
-18.726810545697074
-9.274748436096884
-8.623469901865514
-9.41971144859299
-16.644171994529618
-9.537954701788076
-11.015250125715413
2.5584213734616394
-5.926305856818341
-16.32538283210289
-10.144209425246238
-10.246531339419652
-11.435271744103328
1.1140131252883079
3.765684549691293
9.752777523217345
6.776733139729879
9.129530626450462
8.158392691609029
1.7972512891273256
2.781964844847122
9.55873320784196
7.1307051767050895
-10.510863250854056
-2.221559029109028
-3.730250552644425
0.2999276966916449
-0.3665869496871472
11.171963340107805
9.844053504754893
6.569383480707935
7.425291932629539
-0.6553107444831614
2.162693519711945
2.6579149733398597
13.908130263655238
3.832814506491338
6.0657001647547695
-3.2115634061533482
1.2207113015862276
-11.520719197277227
-1.7270557638808288
-4.95442200386159
2.2028476533145906
9.63542863451681
-1.5664913968924978
-6.554763548535378
-13.857136872016465
-11.56339074954308
-11.940257550823429
-1.5340579264256242
-0.2906765736027802
-9.488372064344595
-4.5114013674251225
0.3252259576641984
6.124504025960164
-0.6066390470842187
-8.217994842149741
7.592696085604303
-10.782533554349628
-4.113279699352426
-13.046726606769376
-8.462409024452894
-15.034181228351665
10.654702767792354
-5.979609722866527
-3.0901620781687416
-11.146851771769416
4.8062099433177785
4.068219293244288
-2.0935989407422264
4.3927390143043565
-3.819624172318531
7.863991748688685
-9.882612064586274
-3.4056399968034903
-1.9124489112057264
-9.736114411688646
-0.4407856676727495
5.114396958210357
13.276682119020315
13.935509777866187
15.517584301598596
20.095110084213623
6.779074707926807
8.134535592959715
15.078941070872906
20.632804744666192
0.8172154245730833
12.615471294052336
14.904291820538864
13.043769119725356
18.781794508333327
11.565210441661439
13.693899661011733
20.153222647980996
7.511031579945388
23.88847839109241
21.181121655464963
6.563703327687694
2.4474646571033127
5.883156574289871
-5.130291716520798
12.421620701200695
2.5052133051873904
-8.79050363481913
-9.836276276856148
16.7551287550307
29.95118186898805
11.944165093921285
2.461860167888376
16.804548100936394
12.382500624138231
17.780509925866014
5.597121788407788
7.543605566809216
-0.9726431005178596
-3.3968158259785377
1.479309631883554
-6.762210622898882
-1.0879374905402959
-4.155785931742139
-4.16631553175783
-16.16863973884311
6.956425195834737
14.318094142959895
25.92133108378533
22.969931895765605
22.482609936782218
26.1214682670886
26.121761568847948
30.852148477489852
20.097090008175865
14.316544643805075
6.672456402840827
10.355056332265676
12.78247989568514
3.608852043361929
2.301384342052269
-1.311126592641184
-6.661651453594006
1.8430352688197948
-6.640637260513829
-11.72325685429649
1.971308653845067
-2.6356735499356727
-7.795303075939215
-10.745535257681768
-7.204857092542193
-5.05151201427624
-9.805590842478713
-8.64683021880832
7.60248590141121
17.679096274041385
18.079230377255215
24.571474843191538
-1.344773556856152
6.753436375451531
6.4024429294454075
8.031776176365604
8.621759651715745
-0.6338331247775639
10.643886117117336
15.75673711937891
17.550564157189623
12.456901705946775
-4.993827978256032
