-5.0407022484261725
8.508173905339364
1.1719560736369221
-9.759488222843189
-13.302603452757099
-9.138858721095136
-7.279454906778151
-2.838039025137624
16.858053387473973
4.7970411489807985
-5.827167269905013
-35.21588255564116
-23.83562076440597
-14.743656744286499
-18.40502410189268
-34.30025646342657
-23.459597836890953
0.5534254495695784
3.5948813951116096
-0.7284721568989073
6.813622446436249
-2.958799623886596
-0.15720205134469364
-6.37586332965832
2.6033410936969554
5.167055510078008
-10.089860569459717
-5.419392659400798
-1.6022981745281208
-4.517878411715368
-8.859030634244057
-7.4163379476104545
-13.283969227536732
-11.023649065451707
-19.432334864418248
-8.000193907328526
-9.414103977381348
-10.416954970205632
-6.851129014917344
7.887694009315566
-2.2503115152927182
-6.61044502394047
0.9534018861998228
-16.408340700699835
-14.261471169072749
4.3167671217210515
-0.5744284061695839
0.9966315931942372
9.044136299465023
16.358292717227226
14.691587198665696
10.374604555072484
11.196017847886848
10.307224529193373
14.65372496810372
5.604749719392824
-5.247743310883176
0.14337530495164008
10.108000289507904
8.866129084754483
12.887707500494075
18.77122125767631
15.005090519053404
10.777264476847904
6.4744259564198074
-7.090062444088131
-3.763611764586023
0.9448777942890478
3.883942459938333
9.916662753904399
13.189250984993189
14.168808221616384
19.1151196561413
9.202849052129233
10.044263709110496
-1.2950117470781657
5.173038355535528
-0.8295264563944944
-5.073657805557327
-7.731471617574988
-8.190775444367349
-6.101628680214572
-3.7301928701333527
0.8059180101200081
1.4463042675905595
-6.708569997526198
-8.701173237054553
-16.889281015502757
-7.0221789006596955
-17.96671119698859
-12.917988095667722
-4.440028399750741
-1.4561592461987996
-2.5357615684462824
-2.305664637609409
4.318816571364246
-5.918348232689847
-7.200324292239396
-4.719129727708585
-7.422122462764134
-1.9762450120717299
2.9599687415450666
-0.2560516669695587
-0.6369314660229265
0.8739754208963612
-10.285339203030183
2.5888947808676623
1.86844920681534
6.472296993918416
32.96225901195897
20.06031828008285
-3.9178508597225665
12.724902943353753
32.64978806575881
37.97119653169532
39.95063398420806
25.86036510661043
26.100887733483734
16.781578446722847
10.936826980964227
0.2714857625592721
12.2335466511144
10.101573008675675
19.564748110586628
11.59151732550015
-9.735486009341816
9.743741414169452
24.138578227938762
15.030696174818996
8.128302793790812
7.674439815860874
8.925651847796418
20.053259664314595
8.00980746956778
7.433483367888073
13.803680420275526
19.12407730753451
18.630157211018144
14.149130791846869
3.7763783513609575
-3.0605049457518723
-5.622482790497048
-6.580426583044367
-4.486379319193297
-8.547474889136792
-13.143575080691605
-11.861695006879033
-26.399590576721334
-25.957937856391148
-15.86750837378666
-22.997330531617628
-29.275247490353827
-26.623308200941604
-28.053422947779627
-15.359921680927089
-2.082509624885386
0.9412180165104924
-4.1514584654390445
-14.942598391120756
-25.63243764246354
-14.072926511489852
-10.684557678452094
-13.767863563495071
-10.194166688390936
-1.9814147226241663
3.3924877313459736
-4.2497578362541
6.354972940123582
7.15123348213277
6.361398388935044
9.79059824104846
9.536573240429933
9.563473407570028
6.660813452621856
10.31979296832404
13.201066211934318
13.280187934862642
5.7487246612005425
9.402612021529462
7.1379429680077395
-4.229949542903228
0.5475937468718856
-0.5672927045676138
8.0114125357461
25.033598178287235
25.902885373066987
17.022068696079344
9.812842472652363
5.0715537848913925
6.731158405777148
3.9112190025746045
12.95403758471694
17.552635946205815
17.054283492065036
4.591995518883556
-1.2156296586329
-1.0725003253153074
-0.4372730235990954
-10.520195762032351
-4.181257378798196
-6.371361511464218
1.3328407535786366
2.6544426776529257
-5.909414449323053
-0.4920424178338108
6.162346567686466
4.018599959094234
2.834699888596642
1.3857910749622373
3.0852920669041914
9.709120450458908
4.001485047073571
2.817000151891673
-9.83804290675659
-14.094482543394372
-27.18423774003953
-20.726365293969312
-17.380477197794114
-11.67147025738774
7.7997416950333704
10.184373170131645
-1.1772251097103854
-0.06290366006274467
3.861102289417095
7.331889068225218
7.670949187731713
-3.4773797546260314
-3.9572044320981896
-0.5345009020394225
-2.18724710770124
-0.2740857999358539
0.8552506299332858
6.313032031440653
3.7021962658813368
-5.866161201187541
-6.148911791759244
-0.7586294634630396
-13.15112748073373
-17.687888133514367
-23.20662817237939
-31.45767660611875
-22.62744846135756
-17.837137467829532
-9.945389608748929
-4.288072001612538
-6.659363365857628
-11.131046843147283
-4.365019516237664
-3.7155423818544526
-8.43264695536843
-2.2228509500658578
-14.540338384777
-4.906111578658991
3.2566823923486905
-3.9254187829856684
-20.62618228350936
-11.621535129174239
-2.714619589466309
-13.028568383688299
-10.311743463060413
-0.1532137985391
-7.7201400202755295
-15.687297117710022
