7.470455516115386
14.029250949022574
9.899348337822408
-7.238210652266863
-19.49914841482513
5.299369307778319
3.8934212868029987
-17.322354850832735
-7.141226884088606
-10.296286659162751
-18.293759848074263
-6.915048395167439
-10.406900304068524
-10.90692474311704
-16.678524357040523
-18.290659429132266
-27.744548512695808
-25.17737876618245
-32.321832180906924
-20.296032990728182
-22.10179349518097
-22.304223016282602
-17.211905347887463
-19.29252835400341
-16.878148697962576
-12.726665617603267
-21.28631241819188
-10.1899371782722
-2.7337157120431748
1.6482488363008219
10.431063748380518
9.328832246438386
19.37565031830312
6.426088336767924
12.373505900761971
8.98724453423844
13.456146517287705
13.384362342726982
5.6482721702925165
-13.511471332020413
-2.924997713701757
-10.087776929543534
-3.764391310597432
4.977912708202635
9.283646759915507
2.6599494272136983
-5.838400013649652
3.2699551548502117
-0.9289286153898272
-11.226265137729339
-8.576559227619684
-19.34105744546376
-17.814922542370386
-11.917855466521786
-13.655139452515604
-15.894748218871696
-18.501129679021076
-5.700461596158307
-3.6169398354448616
-8.830327912780241
-18.593800223341095
-37.174438534644906
-26.860630610257477
-17.774154060265843
-12.987580608925901
-14.990374079446529
-21.545491188898872
-16.761989986129382
-21.831250415480124
17.338597976314027
13.85076707476984
14.715406538942073
-3.2024513781831123
18.25006626503439
25.95606641426217
21.890008276474028
-1.241629165348065
1.6391392333806292
-14.416687450085067
-5.941820705929404
-4.779506461609049
-8.725500559069747
-1.9804281749694341
10.353926331841732
11.982270476678252
0.3004263409493337
-2.8265441599725216
-1.6157785369556954
-8.422567240134569
4.080109233706075
-2.6504866907216407
4.3294053687959435
-6.620090776177241
-3.7644314076975007
-6.4454272400154515
-8.914613624095498
-12.358653693992446
-0.9569609600331328
-9.861295093693949
-3.3312769927815333
-1.2604663411173531
-3.4378174798673147
-9.845208987725083
-3.6763932295920414
-8.707706996770487
-13.878401000566244
-18.559112840109925
-18.56463520183713
-28.322519194869585
-37.25961432691682
-32.36537771950104
-39.776916885272854
-39.346845006063965
-39.39611766893296
-50.31385514142571
-44.56117801624824
-47.2518541894579
-49.16052204656626
-23.374855920026373
-18.095359432071863
-20.92840407840762
-9.251834772451472
-22.769829197209106
-11.232977578136392
-9.078208222172488
-8.656811324366192
-9.69322523350765
-2.8137035550255973
-13.905687825220639
-22.21247224181786
-10.81053161324833
-19.618172514127785
-2.7991201565909902
-0.8443618596935971
-5.396006780792576
-5.109823953506706
-11.161995015787337
