11.463325452008094
12.767163024676375
15.492651039543256
-12.17074353833338
-0.015949981561093146
-7.552020146524536
8.560967905180688
4.920169583615928
8.305279326182525
12.825118876702756
9.7560831756394
-10.557928712500138
-4.727879072568401
-10.441174583408019
-28.505209805006363
-29.47369869629886
-21.10976387389649
2.294607993453996
-3.2891813332165363
1.0057870729385785
6.543823867785468
5.635470632392397
1.350822688829748
10.97695910406987
13.994097919219806
4.299323052801244
4.1349564046345035
8.544559812061827
-7.244235257224847
-2.1411485868122675
-12.517326907504671
-24.14778610144145
-29.111785493260413
-23.64299716696001
-15.806202490855114
-21.06702447365601
-12.8236748766596
-8.103257243220101
-9.819324575357587
-21.332066118515307
-10.299472502409039
-6.756150124760275
-23.385909983570038
-16.09059928569712
-11.755811236965993
-5.867570985452125
-9.728213452257068
-8.758040962039896
-11.133673515168836
-0.25186070321953663
-10.569950521647163
5.420866779126773
-1.5158132603379648
-9.457966502329976
-6.1327344048200265
-11.611646292175815
-12.068342262058845
-4.894813853672308
-3.4480389163944154
-1.3530356206664624
-6.310458580143705
-4.970278047388256
6.596088465337819
-0.6028682588396902
9.892253868579793
15.932169812129269
18.52615279547132
26.856617372624942
10.496434482188304
14.522220732299076
14.85117344610301
12.825460894464493
10.15955734833114
6.733206159337139
6.298429256104957
5.351460183010556
2.974270347690727
-3.7174467548267978
-2.164035177128887
-1.6065297381013557
-11.821000109373307
-5.761843316512755
-4.5476089268185005
-3.1889462893371867
-3.1301536877324962
-6.294579834929273
-12.743019872362915
-8.271917221533464
0.7712163871591894
-8.31759761784809
-19.21407978739467
-22.1888621372012
-5.305765470624258
-4.127838300129392
7.785834355685629
-0.6299946288903112
4.878042846845141
7.807827292770803
-5.0474995873856745
0.4774780613925622
7.124592930704933
-14.58048337331225
-2.9218448895540017
-8.43857542593053
0.7324734705078175
-6.379319066965707
5.392082851354877
-9.882986432610402
17.368636494081038
15.598540890124225
27.80443269555778
17.66615453342812
-2.8335252803527062
-11.456805585028226
-0.8879276280115571
9.596823074438893
1.1035024321233449
5.609969199897157
9.218357197580794
8.755380863596343
1.5783467653736816
11.888621324002518
11.721843913088676
-0.5542449615427183
6.974173613717097
15.230709576068106
14.531880246638869
-4.143728654953769
13.918159261224632
14.822005742398051
-0.6235444751060044
3.940129763335324
10.799871161186118
10.651804583658613
19.964641060180323
18.75330270919985
1.5273413901152677
-0.998939667948194
1.2503293608252293
3.1367246229324373
8.118387677251013
-4.4232368830471485
-4.56539062344088
-2.6280863238278136
-8.089321656203586
-9.968755881873651
-19.05865777592268
-29.286845480441553
-17.271032081009587
-26.918489019748765
-21.029465597352413
-19.81030692477084
-11.489808983130732
-24.667651560924398
-17.38834647816797
-9.652461480009164
1.975338330205416
6.950050034206648
-1.3184773298397447
4.6640101455349265
13.325888074552916
