-26.25830945545609
-7.4815964087067215
13.02437644053715
2.19472458464858
7.442456758729986
3.6918523693645446
10.310769215186127
6.640771828015637
6.902923007197276
-10.725612490599877
-27.85133330509426
-6.533915553230639
-4.899025517764732
-8.026467478443239
-5.4815885910997855
-3.1671743161681336
-6.593358999290202
-6.203987023806465
-3.3818064159994705
-6.139550285179386
-4.0949566025194315
-16.682501953605005
-6.613083878482525
-8.605186327193236
0.7255913402469464
12.8580757187371
9.65902975408615
-3.627356231900935
2.8331295384585697
-1.7616480610334562
-10.230844163680207
-17.889587244349528
-13.90460164530259
9.35792763007258
-1.3512641591376424
2.2906437175344543
-13.592080471735125
-21.141903870762587
0.7036472503908056
0.7317217079806011
-6.808335307897973
-17.64606644851993
-12.198812739414905
-9.27844192486143
-12.503458384189305
-6.921004533795117
-0.4416075318057359
-0.6910458964959021
-5.350415358091888
-3.995698826873961
-2.115041237955114
0.8421354331753235
4.794278312214644
-2.3044372188772324
8.117864196250121
16.052833547524425
15.596013628109539
12.844409368759592
-7.6480390726160445
11.042706226325924
20.110845337003127
6.9964701719759415
-3.5471414760142004
-22.76084553110804
-27.763084641088103
-24.673652235410838
-13.004778343345434
-24.025568669165875
-7.964751928630915
-3.0560678806865305
-8.506951253322027
-3.3709321661721563
-4.7391361585998535
2.47039544580916
9.216784412944556
5.149705919868395
9.958085787967294
14.929060666436028
14.818489125305094
16.885733756580088
12.831244588884195
6.803645840470492
7.11255812913562
2.6570943690761566
-23.64666860533249
-9.805346594698877
-6.374581267972866
6.476407168384832
10.520957508772367
8.429444017214308
-7.299130582248812
-8.740210715391306
-10.308212797790043
-6.590567628137308
9.915411687971533
-4.044843708076506
-9.924084497824342
12.807269049529467
16.298537716467642
10.864745810981235
-4.695972568062184
-0.03724222231646832
3.209668654618288
6.1618312742876515
6.167347628109566
10.175963426530403
10.72784744779892
10.221085586640292
16.246549406846626
8.082130755239064
11.855933399052367
14.889804974783804
15.357588002040766
15.517413546181734
19.212487015003894
12.701472954426038
6.78838301363415
5.625017223972882
13.929218788800002
18.079246909558623
13.314967953858845
1.3299464078177392
0.4151287274128667
-2.893410109654895
-5.375688839034237
10.79064825994664
5.884332973348224
1.9557431854032696
-25.212617755454513
-13.833409124241266
-1.131166187034983
4.0203085148750874
-8.390575385512824
6.696806738084277
14.300845366809735
1.2700494651070455
7.576603012653449
11.537073322961135
15.887670871851599
9.738590061953426
-0.6108836758990361
-2.5586629322014254
2.4842829036002945
8.49198097267809
15.44206826508386
12.359970404043635
11.680549224661405
14.335320680250454
17.630957246111606
11.57434114031842
3.77568819808371
4.417777545406414
1.3174435760929153
-2.2971114813891136
-1.853876720426005
-6.195181345797965
0.8117942727721881
0.2706818872140965
4.634490818608693
12.871469732393855
11.614371378960975
7.733164167489648
6.3175149940471576
5.505173855542343
7.472068392747843
10.019274191322296
11.11142863381818
15.77817165120494
26.140160214091
8.504181642971954
7.0198235982288635
-0.7272451968385483
-18.45872789650469
-18.486077533180392
-16.621898464170776
1.2282592305801407
-2.3463875358448623
-4.8410047405181835
0.935782282180634
0.27021084846104304
6.486576203966219
13.750453224970276
12.766702026491913
16.428734700516294
12.261377870769467
2.39042183077452
4.704640752493211
3.5590378932961966
1.6411340800936085
4.9379357435961655
8.145196842854821
7.874968096595475
4.199116530578347
1.0710999213804222
-7.093160104440027
-10.865610845153627
-10.608053914105044
0.0337307651760557
4.6653752008347285
-4.504961395907493
-7.610443702378843
-9.782268422965213
-19.31606354889377
3.753844020244784
-2.208447418364397
-3.9521482871103246
-5.3865724247789695
-3.824390475353825
1.2287772763791225
17.395961558660833
-9.328348746174047
4.148512448617539
14.44775055159074
-8.357497422919003
6.772291714852314
16.125265914514056
-6.081242425421068
-9.296643105800769
-6.017058231386449
-8.043022518836109
-18.838650080463342
-3.8889561061282016
-23.284427089890247
-15.842015251220426
-12.007159558901026
-23.590643578511628
-21.90710355553169
-16.99882887779768
-15.685719849165414
-11.606585216858726
-13.164789470946266
-3.877401609487362
-8.130340796515139
-17.42352013241769
-6.776519465352893
-4.931075598652824
-6.734383359974192
-9.294625429125876
-10.148141657913543
-0.07286556315482169
-11.022422661453056
-18.699446143758873
-4.741849303588583
-7.0331077028100495
-5.423724210958415
-2.3405465197946778
2.4273368070230363
4.574779639081534
8.606760856734557
7.586402619123604
2.460261256120167
-0.5711722231735629
12.195145970751607
-0.5446246957152859
8.057938788486444
2.6492421759157097
0.9128304490596444
12.81637101617505
16.57239020255731
11.59663019454992
6.5407836697445525
5.631262133031488
10.706501771751864
10.562100099155693
13.585676935352858
10.355002920502722
3.0871836666725936
5.968342711268603
-2.027067528458634
7.01368996462616
-2.8109861998616803
-16.702627389220122
-9.77437936266976
-3.3805440790878123
-15.532213170401649
-10.764922562182731
-12.461236235611734
-16.47496485438792
-0.3266954606709526
13.302720703881153
0.8011686048787995
10.873892129727881
13.26244265071638
-4.631698557405119
0.2704739087996864
