14.89318076319466
5.083818699115157
0.38819097288921933
15.187027602231574
11.970036544527636
7.831998701206161
-4.997655765203089
-2.604999584389677
2.8836688154908106
-3.04669293496674
-16.39953211659397
-12.244230042037616
-3.732116764218856
2.7828013019949984
-12.052690898269196
-1.773481689870343
2.2491627028264607
2.13588040013082
9.244367888132759
-5.3744870683970865
16.801319708417026
2.0608428717542644
3.246030461851624
4.59161280129165
-1.6269677960021849
6.1578929741332935
-5.001729599895191
-1.4908642683232662
-9.422903265993034
6.971261383278884
14.221565629424354
-7.115631551708536
5.521839397866932
16.487363980437483
-1.6415268966461158
-2.2871516593897114
0.3816323799063235
1.741214256473032
-22.91802417352537
-47.241259072077206
-37.20884284277923
-8.651037075012216
-40.481358220569255
-31.985318651919687
-24.924598049949594
-6.026202264359625
-15.225277862467768
-9.125626840923175
-8.171139941113234
-15.242714847312277
-11.375554682425197
-1.7656647328828876
-11.504122586323815
-5.1585693773702666
-7.961406476564753
-11.807759382788868
-15.505021246513545
-8.951143297942979
1.0997200166509613
5.728783355714934
1.2969636052311857
2.994753595559873
1.9718067459013384
6.52023421878745
20.35835337225789
7.495582202741585
0.08607296109101911
-17.587207086077534
-1.0992987394105886
-15.053150151700859
-20.49955059228605
-15.39404856027752
-11.301913995320325
-8.622527032806492
-10.634990095480182
-10.60818089561998
0.2754425721729289
20.085037058039067
7.31377728786342
1.117277996825154
-0.9363931296603496
-10.522308776271572
-17.1426347569062
-15.760503457954021
-20.76793783440622
-22.04893150315902
-21.809202758342945
-14.938506669589842
-5.517130535090606
-6.775852181832869
-10.005654698244225
-23.519772807107838
-15.03767034776095
-13.113349949910708
-33.509050047561324
-46.17870590916881
-35.838251477485535
-18.7460053596602
-18.56126858404202
-21.58030233766485
-16.121501302542363
-36.225140388705185
-36.78979093483171
-41.83436907403018
-27.45300595269257
-11.620584551426413
-11.955069439156663
-17.41003418651992
-23.751571823332227
-15.818738334077894
-6.478278032349869
-9.206077730269154
-10.512715016122668
-20.33332427508382
-22.20437905211005
-17.57046827646575
-6.519620952447308
0.7752612205874335
-30.0106516270468
-38.283003941306866
-23.821759835703354
-16.28141808112134
6.345415896011202
5.387288128481469
-1.0348553255532047
5.491005166615113
5.992734965713848
12.078301951811435
5.640503394910414
-2.528192486645392
7.559274538229087
14.698876840732636
2.7741928389694412
1.5075854687354946
-2.979208765800661
3.855212246110361
7.764098291963713
-4.9882925897097525
-3.335215898904655
-5.98467382595295
-21.019656028662904
-5.93266950894871
-11.75838768417022
-0.2666183186977116
0.1497161912969437
6.978968747863753
7.022427100180528
6.054905653802441
15.364616077172322
6.115237818033174
10.270194381911343
23.284609210857386
36.682706391801375
28.15544680743701
27.351969572332944
15.010728626353648
-8.087802781680923
9.515860214576325
15.523481489046347
12.944854598125591
6.5567508033027675
1.36003013463701
-0.9824770783073594
1.7487123629429508
0.9978812370562276
8.927644013821055
-1.274358926746077
3.895907785193137
1.732219218050575
2.3601454969308597
6.046682301839947
6.462830466429125
-4.153463968001899
5.213588370264686
-9.136247663749355
-9.539556633312076
-6.696389889123441
6.711405021130625
8.858971664150252
5.699189662197346
-1.4691403319065508
-2.260144416224902
6.676289499139996
2.2996489520211547
0.14550047189895698
3.906459099938069
-2.120804042484976
-4.34393977647025
-7.1786129138419374
4.585904957560246
2.825054291764903
-9.458821836692595
0.3866552566872929
2.019710985104906
12.228844196845264
6.533077657495293
-14.422670507170947
-1.8589444078882025
-21.01006782459965
-9.742760417074177
-15.347052978056535
-6.158035639839079
-11.137782315630446
0.589487288069339
5.695278687532643
5.70599063102875
3.3572812768602964
4.516258378914377
2.7638223409695466
4.675756038305028
12.106393328094153
8.638018346016015
9.843790731447717
7.669425374893201
3.4809773344925112
10.303243153726637
2.902159524534195
12.713822003756293
6.888942325590879
