-0.4132763038964272
-15.597030912689586
1.707713427029055
-0.33550406218129986
-5.269938063744537
-7.37201873251834
-0.2209776492346714
-5.244331960553625
8.050973603943106
3.4671537095923344
-3.652903468785221
-22.41208815331704
0.8539787227584277
-4.236208512501726
-7.023823623446973
-3.5795876118712435
-16.118944095665082
-25.262314602239123
-35.15653646008494
-22.65945938245605
-24.219094908762322
-45.03752513487538
-20.655624047080988
-17.90843705325872
-15.38525801873082
-15.099637380427305
-17.475655791224337
-15.866158319367946
-12.637079691981207
-7.541113147226125
-5.4516586667015865
3.0931090944228976
7.2163073942930165
6.410084707454237
1.8652167857116695
-2.305126285259455
1.5890077500404933
7.149004036994278
4.280901376725787
4.574791434763911
20.65311635002156
19.82331117852813
5.825925823930144
20.063483051822885
15.781493625853429
12.629969882806016
4.630600376959217
-4.892333376431255
1.2921723343260574
-0.02118249300571101
0.8795350325446573
-6.003057533407488
15.743165692589722
32.522493195225096
19.41015927478877
9.398525409973876
5.350726528457848
-8.644212145462127
-13.020861339228398
-1.590085932193
4.492479945969031
4.691659500023992
5.6781790986728975
0.5929615168279998
-4.505510406967853
-7.386066102277423
-2.2689431343108493
0.3534552129174705
-4.206655949595094
-4.703397221962935
0.5791929343480349
-2.388204205472308
-5.609676582274875
-9.696584891636183
-9.069778167680967
-5.1384663708564595
-7.023996864542601
-5.131105807441863
-9.490563634865874
-9.888515562150497
-18.29603187381146
-15.830541227958731
-19.77608373258057
-16.23369956972258
-18.08688729895129
-16.80546399621408
-23.643847815752643
-33.10745629761508
-24.775928424100545
-7.246600139850662
-9.480307787154171
-9.810062297822196
-24.370953039484878
-23.359878945789323
-14.125786115278947
-8.373112519142124
-7.886951667052928
-9.595702525510754
-2.493508783095556
-4.520600083832632
3.003149715618524
-2.7381748287502363
-12.799032977120962
-12.871200609643806
-10.140318952217637
3.4635645555503163
-10.756812389445038
15.815012984430087
22.762575187001012
15.139795274206751
24.92298735158154
18.41512333828994
19.45827940819153
15.495940735065654
2.7647144520428726
1.9745800153625803
2.3740872182759247
-2.865744869893464
-5.547182594556499
10.907177090078974
3.2689425093208806
-3.6036544083377335
3.0970689079343674
-1.1684131160993674
-2.246527175425564
-1.5538784223124489
-12.621943130100505
-10.770917032614213
-18.308421665189304
-2.3767459355931115
4.5321662524578485
6.521208252250425
10.243245866439521
7.797452942833396
6.359675406497091
11.927080259093065
0.543263206861518
6.776654001293958
4.532601669290637
10.543142415750241
6.715417742164504
2.3794778681862585
9.921683882870107
3.768809593357199
2.8158924935569662
5.085953824265983
-5.006618960841468
4.549257091428671
-4.988622976628057
2.415988001099265
0.6914554685515117
-0.8415623915130217
-5.124173162472913
7.66667533926707
-0.6953489003218307
-0.9179864955102496
7.9670577336691
8.240639547358414
11.222823490730862
15.440885348281968
18.814500627020493
26.4309223904857
27.142218626476588
23.12173127833423
24.072133505157925
24.843342681433683
21.32534122396539
19.53987036838092
21.452237547861213
18.681453667422485
17.964672146990715
24.74087634246748
-5.075904954090313
-2.9247564984127616
7.398958645662751
-2.1885083686604943
5.819429541847699
8.837274015934918
1.9606994642531923
-0.28118343885134583
5.326421091024465
5.211395245446222
1.7912752064128539
-1.2614086501693662
6.696616587916403
14.679411974186726
11.815441706192274
15.356728649330135
23.265342006691238
-0.7843699250053573
-4.8534226179508675
-9.492290957754644
-12.966404890389626
-10.226121724415156
-14.769829485093867
-21.906526707592274
-15.240401909346275
-21.646332542790407
-16.193086095604066
-18.616054168317746
-18.05158806556762
-10.109549500055317
-27.29613662953681
-24.298227070427107
-13.047278636261131
-21.68518969443702
-35.575181237130344
-35.8449012346801
-24.375633247559943
-13.331009952094547
-19.97306452517865
1.9396070573685245
7.93181306618603
-0.3556174578356946
7.892898047462349
-0.5773432180066587
-3.494038483857554
-7.8319117428385905
-5.329848425160675
-5.100697550582552
-8.425269776124468
-1.747886886444188
-13.239266095328214
-15.476472589349171
-4.476639536168831
-16.22681852262615
-24.4827470728102
-32.754237387458105
-23.954970084784623
-34.972041630179746
-38.23475977329151
-20.980390187011995
-23.31076131148316
-21.735916792199856
-16.35675376064559
-38.974746852476656
-32.972688048673085
-8.633712795554882
-5.216707165313222
-13.396865784892752
-11.450958207278555
-10.362178928861322
-7.983483403674103
-23.26790859876558
-26.845952036770612
-26.93492617518293
-18.887775938829233
-19.981436534831623
-23.925365150587734
-22.820759441696826
-9.453344824754208
-7.9889761907963575
4.0574336963592055
-6.046765689635563
-3.4496140692616577
-6.666840862478784
-2.4515596989449557
-9.498932900251159
-11.392967682726908
-14.604593947261725
-12.674628490392251
-11.31188586302742
-19.667335032317627
-27.436733118735344
-22.065128422258073
-15.562069563284734
-12.944355716177038
-10.200362669012724
-11.247579922630207
-4.9207611181567215
5.5313506414260685
-6.323405806005162
-20.950030628064106
-25.85590564024625
-20.256478711829565
-8.244432966623279
-0.776698027366322
3.3490181338404423
-5.043432471493474
-6.5876933195125895
-9.340550971792938
-10.246208426489108
-12.37865493400264
-1.2684063859311552
6.278833995457499
8.904194132391652
12.455581801439047
20.81369590094515
12.372804639995095
5.848052291881664
8.298502495920548
8.184898300285727
1.2806075004133488
-0.7542108848055111
2.477658439669856
-2.230045876080003
-0.7863490826347167
1.9512615952733108
4.364535503492252
-1.0037399818612809
4.683095141388983
-2.4599077274386363
-17.176099208595993
-3.7983739256346727
-8.399074711684271
-12.126053377579
-19.91182172117453
-13.825073023971438
-18.970124769956428
-23.763763964680948
-9.8163781781152
1.3259308403425838
-24.227800627899764
-14.640916403107983
0.2727848040035572
-4.438089139842987
15.807856729660669
2.810688061545453
