-4.211213803626228
5.040756477067964
10.641091473357763
2.1834941753949835
0.06682486098881954
-22.37880417603481
-36.124984127941296
-19.22850779935893
-10.512641904515693
-28.093018387136226
-20.36248257117417
-21.52853145798037
-27.15086914321289
-18.21017181493118
-18.447687297411203
-16.390840110628734
-9.426023728314355
-18.74861178203239
0.7932232287411736
-4.848029549167722
-4.735138614478894
-15.077767361619339
-9.298746772986787
3.988935666913295
0.015723250331956352
-6.086298872820339
-16.341965605556105
-3.6165266753822474
-3.351359378141741
-3.675948347683771
-8.370409712731218
-19.05048235842308
-20.450500891436807
-14.824518178655454
-14.262035430897253
-26.882360521732544
-30.356948810910268
-28.537847218199786
-31.142242660254112
-37.58357814736011
-34.56874022611669
-33.82502541805598
-19.805800785023106
-14.941346556050249
-18.171876120838725
-41.62009111326046
-13.569151339024684
-7.941024204982924
6.452611678402226
-3.491617631579448
-15.411173035350082
-2.6220938263779447
4.5110406380048795
-3.2456647144848025
7.728280923367282
3.628115849160536
-8.932813401001132
-5.89190321805852
-15.011047456364803
-16.066352227677356
-32.53111020916202
-12.92392392630994
-8.091458290878691
-14.695932124902432
-9.54053187857492
6.52932043506929
-16.544148856301057
-12.021470430953615
-10.16238907948665
-22.113680616976733
-22.430008759356838
-17.463324748660973
-26.960185106784806
-26.84897970659687
-24.306456273464068
-26.827329149921063
-28.872097752290248
-15.971760850796466
-23.509362527648612
-27.775672991015444
-3.7701433315667146
-2.7525183189980007
-9.443904764706113
-7.439164203240514
-11.886508567434936
-8.414682218722463
-9.11590122952209
-6.447465593786816
-6.76244764350367
1.0968262346251314
-14.226026455234885
-22.521460924998838
-16.58309556686132
-2.3002216169642784
-15.201168690754873
-0.5344801864858816
-10.123319629665305
-6.2077554604259975
-4.354691750531093
-13.389867871650894
-25.66595515027045
-24.190404710856466
2.413216356195045
-13.075765695640449
-20.793772063577787
-6.922982331830328
-7.379628131758678
-8.437517435347464
-7.717707708281425
-3.0492684998941866
-8.631751059267616
-18.185585479498087
-6.9632489550194725
11.681466266179953
-21.47619635101016
-14.188762462881336
-2.5692361201878837
4.482840274801122
-2.68828140612868
-4.768365060702643
4.5845445487968135
10.88873284132135
7.601697392710358
-1.0486274631675
1.3134602750716529
7.77371443877731
0.9294671252216103
6.302741640771707
5.009908361090467
5.22124368690609
6.652420048312608
3.1996062532986054
2.1904710944987547
-6.320988332302782
6.755704100831858
0.33786448442878353
-8.65393930300491
0.9143007727395212
-3.7709825446442653
-10.471764020372467
-13.637064919715073
-6.353280596238467
-14.085929590214622
-25.69065767178377
-24.97664776236461
-25.15387936314859
-25.372281274700054
-17.95928654075479
-10.907578636293302
-10.072543592661733
-17.787621482106395
-18.59882565243402
-23.63085714061189
-25.84404745394919
-25.76259079079761
-41.748451579505314
-38.86160479951878
-23.66848078486559
-23.988753217485762
-32.47979629203773
-30.34339485824981
-26.723171366394904
-25.9101718612077
-9.098693123450051
0.22543841477346435
15.097739083133568
13.841770159930807
11.445806260416436
-0.7190286696935586
-2.6958877584444334
-23.211195045030042
-20.908101298754676
-29.812131286158557
-29.992951779369754
-25.057663537201208
-26.629759411600798
-33.06878039326305
-25.626183498405428
-17.74756170798725
-13.194343681760627
-5.714480499809238
1.9690911896724368
4.978893369452437
-7.710180294349151
-25.26927388465888
-35.03168807499891
-24.432801461977906
4.9922572962578915
9.957759519169237
11.601785678538542
3.1794391044921815
-2.617802942354845
-13.00980358743737
-7.874432918216085
-8.208934568172698
-2.7398723790131894
-7.633268033432285
-11.21749802286303
-14.834626688749633
-13.133062792758928
-31.357360227986394
-25.7113593436382
-21.938989521233946
-13.790635003306637
-16.365463490034898
-8.281878380882274
-18.19168375272003
-13.042107222653605
2.2183631877923817
13.479350598227926
7.674486008952731
5.17191037944988
-3.735777527840317
-6.997824971673699
-12.548106687602573
-4.5488891937874785
2.201016233777703
-6.784906885630548
-7.295213104205662
0.9332343872138772
-6.008964884470831
0.5114134021635439
-0.5369179998138767
-7.137446875202068
-2.4170893701499776
1.7381973413214902
-4.984243824330241
1.0836855657097282
-6.421480155822627
-13.506533311285144
-24.19414475785608
-30.94847975207898
-28.375049075171184
-21.03396887905901
-17.39446408785527
-24.742656906470426
-19.47504520830027
-26.326833229292074
-18.3613252503275
-12.560463796068662
-23.081715617502823
-18.19723035674888
-13.176497834018011
-24.627588378011023
-21.95893292075828
-5.563143101497059
-5.723243871824503
6.405832241570527
22.99335045398668
9.387476124748376
1.5205524950819376
-18.40710992935372
-27.37631905817859
-27.694513972673672
-24.486555036260327
-15.633857053384096
-4.688455159206126
-5.236316596002294
-2.7814083627730484
-0.32517631015916393
0.03656748936688282
-4.81326116295522
-4.050856499982341
-2.9463891375669515
-3.4470577715965662
-21.059519503320196
-21.64553491978581
-34.767707486324575
-18.58494886675373
-22.167980145491786
-30.196501132612767
-26.52271677166438
-33.204437810225016
-36.0346347595067
-33.40540043994264
-28.378613197765073
-27.21140865225554
-17.839681772220086
-20.907321576794942
-18.390462449487426
-16.340669742047428
-7.368412896900332
-3.791617104777582
-12.785764275275117
-13.759472196576429
-15.36734476813223
-13.93513781393591
-24.2709199856307
-30.081617825846962
-27.825832816533786
-29.938934187381808
-33.6814346964024
-20.54163705486365
-28.558873138751753
-20.298412045924497
-1.3897625189733576
-3.90179754258004
10.331913001846434
7.5139803099704245
10.460726184661327
16.075486116339878
16.17718169937209
10.29262749080868
10.990887219451096
-4.83818177992376
11.09949666519484
-13.541521364570846
2.685326728462338
8.4833809850468
3.1750469543399773
4.962317877785421
4.437151897659049
12.266689209521413
