-9.981284251242498
6.97231390966734
-12.376684204357414
-2.3869676484031013
-17.345392830177605
-24.010703762077924
-29.783915973464406
-16.214180728532945
-17.778979741157986
-27.47704376940351
-29.82418494582373
-10.443990676044836
-2.9074518472106567
10.03831345872628
-3.797028467335068
-9.592407583015676
-23.770301520534712
-18.89644742824682
-16.38107033143699
-12.243666186331206
-9.2228479057377
-8.874011790323435
14.658987351227431
2.6252258915060445
-9.488620406268458
-11.948076693944516
-10.603980944325412
-8.542705830328806
-13.511212026903028
-20.503801245869113
-16.72998540261974
-28.665795616891128
-23.95024071558397
-26.08586364616332
-24.31942932743746
-31.027258471826247
-31.003608385182986
-24.655020521073304
-26.18024327396428
-24.333236727862978
-34.12986894859323
-35.558252628007885
-30.39922841933468
-15.767364077954404
-24.78905663894082
-18.014853039569413
-1.1677661984450725
-13.589357991137206
-11.433123976482374
-9.319285217050242
-11.1366609491933
-14.62539712454881
-36.56249818996975
-42.62857270514488
-42.15091844759645
-40.10789995743632
-39.58799217459265
-29.826381011873288
-42.16663544875258
-40.2141373987035
-41.663482562910794
-35.08977389733134
-32.368187670410286
-25.796144417779413
-20.879063948367232
-8.034243475293064
-12.581674971046574
-4.108712133451453
-2.102321630539271
-1.77019598369369
-12.042069532023186
-6.895965285308485
-4.581641260209817
-13.22918529485757
-9.053768675233457
-3.3636763571950943
8.323571551024171
2.055278109818496
-2.0430635200333582
-3.084808346201212
1.5662228347678084
-0.7061021825526254
-6.0010647427253465
-0.907119925349348
-1.3464056908909643
4.985616499466545
-0.7666609864085832
1.7384138675221883
1.2008455608406936
-6.986252822377874
-16.603588654226662
-0.007877524440614507
-11.361785099424234
-9.345303645013816
-22.35169526922466
-28.249351478133143
-21.294890515372966
-20.078238009761968
1.6223468537536667
-7.043314878405132
-4.91345896562558
-2.835342049050924
5.606199660190613
-8.18797691370632
-3.6026544196518047
-13.701221382141108
-8.507924296832817
2.2956864993766843
-6.557477208396361
-14.000555348155515
-21.602382509892653
-14.95653825471934
-9.243933344692387
-20.09941721052989
-7.307497781955275
-13.294991080136604
-6.113790790325451
-19.18213887308153
-12.726478788821115
-32.32121335199655
-43.80572856448143
-46.327281112532816
-47.45871611939951
-44.661831277066824
-50.43614605329916
-22.306633817591475
-14.5583224065627
-19.48525766667434
-17.111956330044613
-21.31068957725945
-17.318089676939067
-21.962037846462593
-18.52922146423843
-15.607387659604322
-10.420360537234128
-11.737019227922001
-18.91064429271385
-28.2484672024801
-40.1468856398371
-41.8450826330996
-35.04112073405783
-34.14722078960718
-44.849918069360335
-44.09699004672229
-8.182680898344817
-7.940616908658968
-7.01052762804758
-4.988078648519894
0.17772849262447904
0.9917275030187772
-3.4705387079839234
-3.4710960190351225
-22.79938914720045
-27.955218820974604
-24.070891257025448
-15.879521975697966
-23.39191804162374
-21.11923000383879
-14.082200419840355
-13.455872725539976
-12.422444184401526
-19.451269145605387
-21.91731608559228
-31.75013130285068
-32.18797600589631
-37.14456198752824
-35.91439452764389
-40.363849530632855
-37.96994614289021
-36.718447823360435
-26.492809359573197
-20.841433326921095
-21.036057634758173
4.992126673611956
0.6199992382805323
5.7313187156486745
12.752678392748173
33.907444935306174
22.76162171535261
3.7287106398452186
11.283715714017308
11.074448608904753
14.090778443257644
1.7720642713480508
9.661341724933287
8.916396691554839
5.7009066622363065
-14.518575048955539
-33.674155420140494
-19.792061065223237
-17.727620763576194
-19.510155492576285
8.930088679214029
3.3515272933402844
28.97966660207076
1.2269796228206211
10.401721185044224
3.8689576797205336
16.447666833871825
-11.402779995146005
7.287664278152483
6.23045315052623
5.268232921291059
-3.7434726404460896
-12.156982389433885
-12.166465970570892
-4.711130963117314
-18.251246291822667
-19.675056072345342
-9.685117621474753
17.964834168684487
17.466775914869178
14.82596536262883
10.608770017847947
13.922443632226901
18.248688844673648
16.35524602308564
16.365945986836632
4.3316352623250785
-1.7775244653167712
-0.7084339644474222
-7.929495832376621
4.011934792838803
8.599117509761067
7.8375417457538195
21.060243688531934
10.86132904301966
-2.8390780391304813
-13.514339421241193
-15.662919920746086
-7.1915826192152
-8.533366189005259
-12.755577066336107
-11.773113858136128
-9.67641913658018
-8.322884323492003
1.9771771939841511
-16.92141744667126
-25.47545060116101
-11.094997543643613
-12.816266925074828
-19.014883015430673
-5.178422710140096
-6.504456494734032
-0.5706203615391351
4.4537207772321885
-13.756578516973308
-23.12847125556252
-23.00416598882041
-16.523072511947635
-9.11841768477583
-12.587895937668307
-14.274451418145931
-9.196979992513217
-9.57184198064012
-11.126610780185528
-11.2616109776216
2.279113252811377
1.2338424305498088
10.3822101775421
12.66717971251323
15.345619484256613
19.551581094058477
20.017066183251348
17.74504285103896
21.733496411997663
12.6545182054314
13.914879980887328
11.566160587111158
13.802818272288633
12.959081251523767
5.46588730460638
1.1882939726836002
-8.658417865313815
-18.57457218759343
-24.088857129437127
-1.2277232300705518
5.457882234710264
