-1.6808633061758451
7.1454906896912265
-4.955036734529837
-6.694211080187537
-4.375883203133191
-14.051165852743745
-22.139944033544218
-26.05981807317357
-28.18872823412867
-32.94868354224122
-29.7844649327064
-37.17079116597875
-36.02934497838992
-26.346875558380127
-9.652579161950047
11.22612016013167
-1.0067710028128438
-22.22455844241601
-25.35050198665645
-27.427091969272162
-18.079145888115075
-33.812920950355505
-41.943176947233745
-48.664642955867
-30.446427589663788
-20.52975067882274
-14.649716733029717
-17.60727442112586
-2.418884156063042
-13.504552672787707
-13.07819378995669
-36.104271867246254
-12.800152725797002
-26.58719893022335
-29.342988097804298
-17.176851514934768
2.3517362861698925
6.695229492804115
5.604889120087867
31.079675267022015
32.93092092309478
32.65731063483903
37.72426526877433
18.80100815525737
16.337400208603114
4.030495046755743
10.433597761046476
3.326945594916096
-1.2119130921804733
-3.0972906639272417
-14.099410033588793
-16.434931072819154
9.519344190251278
-7.4104952489721905
-5.431577451741468
-4.5293027518636535
13.5262889733918
9.489931069383502
1.884004288312305
4.713099337519279
-7.537335157920407
-30.34104117923913
-24.65967137999517
-18.939139195869103
-18.960913521898693
-7.5995112585118365
5.028323296581406
5.383672464156716
11.391461352653515
-1.4376904169150595
3.5971633035792814
4.7873976871917385
9.83511082523335
14.020714889918676
8.294909283553862
4.458275072634513
7.349119728244191
10.66551730320555
-0.04906907868490951
8.970111562021739
6.634619370083937
4.265877814060296
-2.945997989968461
-3.726522345621429
-2.8486317152376457
-10.93341858956133
9.663477547023357
-11.676733624119954
-18.948554804375746
-6.788433054711772
5.543964924932994
14.161020813659091
20.913854220092173
-2.4571671765646563
-3.4162801941023067
-4.272414082940916
2.754838842829712
-17.920041952510168
-13.985538141006383
-15.939653019807956
-12.728538041859501
5.941983177861234
-1.7754496592466917
-5.5191980886638845
-7.324424194881549
-16.426726613483385
-14.184165527089727
-17.53782647155985
-30.737087184724484
-15.703954938706508
-11.952284277230554
-22.149943005114075
-15.22086814946729
-19.458365595627026
-26.387258906303014
-24.725078853993807
-23.386449273253564
-23.813555565532564
-17.703336909259992
-9.041824142607672
-16.07266544328637
-22.630962805680213
-5.054253039896013
-0.7381951051100231
-14.835047930593689
-24.360222737732805
-8.561823827752447
-14.558004082366624
-2.1938798878951897
6.093086373187967
13.262073809926502
13.96669824083009
9.65338499196139
2.2153685650479766
-10.273451732440721
-0.31548667406449105
-9.450238444073342
-20.42242306417365
3.137476485385768
-10.955085151716943
2.664742562989379
0.031478811430905765
-6.480598822295612
-1.138921042506216
-5.5831386595305945
-4.741432889993459
1.1450728459366624
8.533393007002404
6.685857492511027
-3.7626718769417695
2.020040910408136
-0.11835769797077265
-1.3470934183657168
-2.375099968800415
8.205178635018282
-0.2908480857470892
-4.3340062640528565
4.3334280113653465
9.808388064374777
10.60430548864558
7.452514232205606
7.514124943437205
11.600700437503233
-5.511935122172567
1.5453734885364945
11.33274246221908
18.806269190320968
10.11164899737656
-18.258910846844564
5.636176235544323
4.11881742345461
8.298847562161319
-8.376410010202472
