20.379761140159513
18.49132058274289
4.640680479298225
3.574167719108309
11.727245567415322
2.145963970347495
-45.956400707837496
-52.38224333081863
-46.83498421801323
-47.02040194054796
-43.74295888341833
-32.37533678939238
-38.54113703948077
-41.46906122555811
-43.25979811723661
-41.70913975755089
-37.85888831673932
-36.430720211131785
-35.039497207011514
-10.310156632783613
-5.482411125110838
-1.208642585728072
-4.860693319003119
-5.394392283965523
-4.498656563994925
-11.138485120637057
-10.235449464737464
-8.453982178799441
1.3251706004583872
-5.5357997683985225
-14.602657504837966
-11.828764478541364
-6.557492419341128
-11.38175569791842
-5.9150782016284325
-10.264567403467892
-13.1411229965674
-6.925930507680718
-15.315637416115573
-5.7746340079877045
7.448441048228629
6.980888999328733
0.07789664631648821
3.3483808375743345
-15.262027333130806
-29.152472227941505
-16.82390906035326
-19.552391376175574
-23.87239200869938
-16.835252630138903
-9.515900551021273
-18.581042757454984
-18.261315095954888
-21.710482068507126
-26.59127892157683
-32.00559033606838
-15.258027245517635
-11.673863095663789
-25.738847505522067
-13.485517608688868
-4.286901398361439
-3.689998690281725
1.4853001730601176
-10.607744445152633
-1.5845472004244292
-3.75152116318574
-15.093393928786226
-22.12671586146435
-18.636535150767592
-18.46800638620538
-18.349997294281163
-5.5907348710924385
1.4662124122172484
18.097820582227786
25.647689844399448
30.686760486268312
30.358891462183053
26.891536308365264
35.24461542450974
26.150979362352608
39.408401940024255
45.358780483352824
37.115104916509296
42.65482521966968
34.96132651652213
21.671690992787514
26.06644688197704
21.36062253226428
23.12558479098356
20.96886852322152
11.927548837243053
2.4321354843420457
-2.2151352549944106
1.1249049638991435
2.414031668068739
0.2430319800052668
-1.8348011239006967
-3.1822233042053707
8.137265507065404
-1.243978167037067
-2.892277379109222
-9.220371825872109
3.690688552625544
4.9148663544260005
2.7511210897234553
19.017435025293327
24.479820713751426
30.139789765879893
35.608209582891845
29.46685356676584
37.898603990250976
29.407001140727488
3.2182221282414893
8.823187600438239
3.897506293928564
-4.056626870416042
-10.632745127489908
-19.115883500585973
-18.942808153013765
-27.36578748373107
-20.834117512896928
-21.488171878915892
-23.34988023895856
-20.21084744757114
-18.846579532830482
-15.258204847990005
-22.50882736664787
-25.188138243436928
-20.712396313251475
-24.600868394922266
-21.43781401238598
-21.54010738020813
-34.240919593288304
-22.234706624779054
