26.820034737269783
14.088402008168488
10.147887032436321
12.452610855327404
16.67515039211603
23.57821629635173
20.271508897155922
7.32436042972314
18.107490339645906
15.346147932622502
7.22211339973417
5.307199329684555
3.1131066152986757
0.6865930782254561
11.283140935489456
11.911363016187115
-4.695185783738432
2.0272633763624848
-16.581911967061856
-20.634525637809684
-2.6224023991437795
0.6986642120737636
-20.560837409314
-9.616897064651825
-9.774780086546436
-16.995795873045427
-27.978241391944408
-36.48783370998839
-8.164880021607036
-4.8746785881607035
-2.9975362706762527
-11.597340983619905
-21.32652544861923
-25.66509979716769
-26.117353485174547
-22.238296398701443
-18.89634398730286
-31.358519058914805
-34.48261151282616
-26.30926567593504
-9.791532926494241
-19.51067921950401
-21.82045638897434
-22.635503300185622
-17.772440223600498
-3.905395002425013
-2.5374684900576514
6.895854897296008
-3.371698691013292
7.219199689679415
-22.260846080423164
-14.08458481897306
-12.432854395056179
-3.325204800440523
-11.934955911429748
-3.0924354907511544
-6.495369497623199
-10.756961323920928
-20.76702036300496
-17.802553869144877
-14.599474820503335
-23.15046176252881
-9.405428244491148
-5.6487990359306215
-17.178432152627018
-11.360844644688802
-13.185911372996152
-8.976383540545623
-9.99661982242598
8.231154122670441
8.578291666781592
25.21830462438267
27.92401181637354
31.333065561275863
16.47019940811162
21.020003804921192
9.517518291498217
1.951608955692922
-20.643145557638224
10.313211431746216
-6.653485011798931
-7.859977513704567
0.8584920881638749
-12.427816460704081
-10.541521704161044
-12.118601443204614
-16.38306764138135
-7.4413531444039185
-6.207034712704727
-2.662024165992646
-2.0173227951941732
-3.1969921331464213
7.461078591625418
13.961731485478179
4.564632708358439
12.60579656877196
7.903765728245895
-1.4142419001136837
-18.14038690383666
-11.372855536920714
6.224136768182093
-22.00939768077904
-25.759743614681085
-24.93866077215295
-20.32500029956926
-21.3165922568708
-16.34096087456723
-15.816727482025955
-20.13328269079782
-15.23022776222176
-2.9216248700230336
4.593898522952199
13.968542404080573
17.22916029086038
12.671708366765523
-0.7569636817467372
-13.927360060738778
-16.943602860823535
-5.305082060592139
-13.701046310584927
-14.049654476941187
-16.694958004456442
-24.44719043341189
-17.034192015131307
-27.67151395179432
-15.472049446619609
-10.667945952229543
-3.3123501736519816
-28.030826709593896
-30.68219047680212
-17.647691568048028
-6.6500525846644685
8.685220247011083
-0.05381808046640199
7.36026260020615
14.397941688209903
-3.251502572135004
-1.1691288322807525
-0.8795665622484485
-2.450535143218453
2.2631339521533844
-10.298369945302042
-19.791689656670307
-5.307715556894172
8.486556163609839
-2.543120316083329
5.361287237449321
-8.001552630004756
-1.0132427613417865
-9.593069217827713
-2.7362277169747693
6.549101825488219
7.556249603128033
12.687816584347653
16.286740373279148
7.290694852410265
-0.5440605010583608
-6.041917872459291
-15.017563205414374
-11.97236320321982
-7.0480389582047716
7.240266951429366
-2.420688553366279
-8.84749798413812
-7.78187883035614
-15.807541237760944
-12.962575588091305
-1.8552349317723418
-15.260655277447288
-14.043452841717253
-9.379049699897557
-12.630958355561257
-2.390399504152194
13.585693147499109
-19.447826453664405
-7.998682397914026
-8.884186536291294
-8.287938278571723
-16.157767935090448
-16.571132194938908
-17.00468784474269
-13.348761672590122
-22.043789041794394
-17.6103653020962
-9.011761453325326
-5.5186199891525245
-7.688429692744273
-1.797983832346212
-8.453647295376367
-12.624281652815974
3.8316354141215467
-2.4862984734573432
-16.599351320483105
-33.24137179522625
-28.21080666447543
-31.364717970084712
-23.385072241981376
-8.158420081268721
-9.550257881381524
-5.122831619900258
-3.4119564099159128
-24.580978589648666
-20.561169604357797
-11.693076644563062
1.3825893910980809
5.635552854142622
4.9290485898988345
-3.6358505463500017
-2.455818187762374
-4.055303991073839
0.5352780335734932
7.638113972198202
-11.145342492978992
-15.388474315360865
-24.018889942468924
-30.102661570321988
-18.37961807477091
-5.974907681909479
1.2188233405712527
3.9436660522749873
1.2909573957091909
17.28437523368132
20.19409415336371
21.372053905773466
11.72332066521134
7.618709787110468
9.021778276324863
14.998226901545141
14.818330190837948
10.918069000922433
9.969694422951846
11.700936885281465
16.58086275296408
10.170233197838542
0.7650366293892145
-15.581399327109445
-17.398515250762866
-51.66930673631739
-39.842177976138245
-20.016869876216493
-4.7921226843766105
0.035468056593458766
7.209837798176233
1.6347312703882788
