3.5919975312578143
-1.5207992218095137
14.003405846063359
25.685357994647692
19.914668562610192
15.201737182278054
21.748666300838675
11.881643239490149
21.987571833683692
17.663496296898238
17.955565388422304
6.65968007284707
14.62294062709354
7.620592662696398
9.225788143492018
5.053581954628443
-3.6025637393770333
-11.171750219109033
-5.64215937384226
-11.003447837984234
-11.710112748012026
-29.876122237538556
-31.470722186742922
-12.38318496239692
-17.238932729002606
-29.043182874047226
-26.570079740452137
-6.771300170822335
1.2954720277081355
-10.068194093547152
-1.2200491376697105
-4.944815404924651
-7.00808123215326
-1.1213333403031192
3.0305413087508835
-5.668290595015384
-2.333091171590258
-4.6863596685722095
1.7040696971380018
-2.069800334188418
2.1833310891490982
5.325286429201783
5.2896957599783025
2.4712555830378307
-2.302583468835146
-10.565237343160266
1.6526096201042533
20.35101136932181
18.05906673387242
7.474837390446097
-0.6077620661336428
-8.16208369213325
-12.03657949058948
-18.936191921501127
-12.92898007106996
-10.41315308480813
-12.657212724780447
-8.89819031747198
-10.20459707749386
-6.313876367426193
-25.21688524732481
-37.699456949955795
-17.404622988207013
-8.272829297106755
-8.461492117172693
1.1304678568097954
3.284195922406643
5.355662486955562
6.1497086671185
4.715091827854134
-0.15010253589420644
11.139194681543168
6.013546842659732
10.712155341980068
4.993856436445139
-0.4160611592239584
6.100038850430912
-3.606974174984607
-0.8215398256469695
-2.2180500262936222
-5.756660133040112
-0.33340031775800083
8.536290038747941
-1.464335288236586
-8.118188276855347
-17.782339069932462
-13.908614088138401
-24.0857802489038
-23.818407468672326
-16.918732763883
-16.992021334399855
-1.7906408079893186
-2.4657782723494432
-5.97253359971152
-7.578278840112286
7.763691329104343
5.984282308487023
5.857031759709471
-0.3469137909150668
4.925573757940709
24.975928315515176
24.716074155188746
16.964725934361738
13.331381947204056
-3.442637737795397
1.0939631923390856
-14.985894635307815
-2.405880182959709
-4.349566387716962
10.611426705744842
7.4200608828460535
-12.391454198414971
-1.5562077914736947
7.450748321526281
-2.7138816587748327
4.674585958247225
-4.3838526130396875
-0.5323428269849245
-5.842051748962746
-4.226930679000908
-0.2801775659333568
7.566329533096006
15.029357316624113
15.42334782932662
16.743602766780903
20.908830231750006
16.502021333391706
27.744899569621854
29.701916369837218
27.37768330857449
19.124760075095146
31.384530061190453
21.58431255768155
28.971109466733168
10.861859838594818
18.352568719892076
9.080510552667675
11.072189506556496
8.425989443752284
17.896469098794352
8.446565793791558
7.092498499655303
-8.59818071400843
8.721699618187435
0.3595374473268062
5.85879842452206
5.6223520863336045
-9.197342188861699
-6.007624372433379
-9.999444315179408
-15.557264453099863
-1.7401891553397622
20.80659138535318
6.206760256136798
5.540607365978601
11.647293695592886
