1.697388226437755
-8.329257404935023
-15.39942746522532
0.7412441897188159
-9.431716795951848
-21.128470987773877
-11.208898248494096
-3.3028837326823437
-12.196271357273009
-23.67097663658208
-5.581327293276856
6.890644544562028
-6.599654112770202
-4.011790351709631
-22.157434848067986
-22.384545746049827
-17.765200491204133
-16.86214754478276
-3.073031529256922
-5.737638898644248
-19.7409897226572
-0.44851614427697656
-10.966355005794261
11.369701393789672
5.1702893700123935
16.975342855184188
10.237303342903612
5.0698433536222405
-6.055730884839528
-6.723219723902413
14.644355440045473
16.82207196489388
8.99677224708463
8.514051806417074
-12.600457338157973
-13.355554571926662
-16.709723043393907
-14.3765752890985
11.979171338167198
2.434748164662317
8.104862972340571
30.4236162579279
41.40665239467342
41.301376194572526
28.75903704628246
15.214201051910493
29.268128975815763
24.571105042525172
28.269577408457714
13.328964556724602
8.35836395383186
19.550947115827007
17.07248484982294
33.9341204120754
24.80217267253804
31.86061514268188
25.576301858191105
8.533257587168485
24.24714550056124
12.439366408354568
12.576121232976856
4.114873633040654
10.21728809002273
10.701985304891895
9.705129656756094
3.1412821116477767
-2.2017202616991134
1.1516031251152172
-12.23579368352792
-6.3624570016521975
4.116480010496336
-0.6590712022268307
-3.3961871366580647
9.217666189407613
-1.4404031959814132
1.2994895063431384
12.819836925881086
2.4198969074694783
-4.048388389502766
-2.6316489387954176
-12.081618919000693
-7.4611607599269645
-16.30123801367492
-6.675104203809638
7.72293785352181
-1.4014352869008138
1.1413308796860435
3.3771144789375107
2.64602090026295
6.730585308625374
3.4905124541029626
-13.765837345883105
-1.7595215625786085
-3.021139023559928
-11.766235904774385
-4.331093835399497
-0.4512996985602659
-6.9651360978243515
-9.467530737237563
-5.4937169981435545
-4.706016529805646
6.957444051675132
-6.4828021879842215
-2.9540041643090085
-2.5364241447092377
-1.772474076049564
-2.0076713194646105
-11.03710631333418
-4.715524339008648
-3.8631525694757682
-8.160810182442662
-16.50267307995862
-8.11766236949817
-0.14093932344189927
2.7331532056627794
-4.231093731656692
16.63329121639115
32.001504072711874
29.324925541432208
11.142370732455321
24.616070023874375
38.90096046483351
25.88851205584755
46.1820034670385
25.871807413617677
23.947973249679144
17.297632067569936
24.95494458566518
12.870747495212662
14.936774822780487
1.5368531597125992
-5.465175144411952
10.306997692464538
0.5844959445425177
1.5208608678292148
-1.7714839710741794
0.6290112485652756
15.678402343886244
12.249348890127315
-0.9775378907842968
4.6406305035434565
-7.336137516764192
-15.52289910174994
5.30148551319687
4.052703303481435
7.782663737375759
13.920909833326464
3.742310499114265
1.0150089403649487
-3.875355933346587
7.971844297110147
3.2885191188895235
10.6161173915587
-1.0566062690614793
-4.668952169040049
3.2953609108077098
-3.0170713581226307
9.034099982392256
-0.7908957301585496
2.3310914501446187
-5.087448909584435
8.682730633094558
15.919392795111909
-4.749104667557745
-2.0405639822623427
-26.884907834479804
-29.64002438451233
-32.180670142594394
-31.323181631864262
-25.95437140029044
-17.482947234970005
-5.797445815025205
-15.91156505283556
-17.707215759794146
-28.93099351265473
-44.47833141427204
-37.271474808923664
-43.12473065522965
-31.999793584052963
-37.07975285441899
-36.29298556262573
-42.257719015105074
-24.411528220609817
-22.676652622522774
-13.579914580636554
-18.110740132634575
-20.256666856710268
-17.995372727291528
-14.474533341109721
-18.522463307951988
-25.305059776063636
-18.900772063689434
-16.910225534653776
-5.9997138891165696
3.5224989441064625
5.839594878190319
20.83849196603088
3.900880900523248
-16.62309975862374
-28.79075382296903
-34.68316347657333
-28.60938558695313
-21.243990324015265
-16.493932830413133
-23.353712517939336
-25.42319347254222
-22.02020257158291
-20.054265977413078
-14.795787413844721
-29.96135997459628
-15.090417205558431
-28.81487620237367
-32.04990686791101
