0.3119619908145924
10.061801060786241
4.599536638335311
-7.286760633473659
-1.4477827036890596
-13.92692124627983
-10.820422954824076
-2.472648308964531
-3.7520482851085415
0.934847403038794
19.08279147339448
15.145931065839285
4.669390941790403
3.661929496970844
13.875470863188605
19.346481087049845
5.471414638148434
7.051847128150379
7.0410881423992375
-1.1863946627704276
-8.168837456025503
-8.61102888571028
-0.6974734445102764
-14.318435228212024
-17.977262533275102
-13.593524207286013
-4.81782671020684
3.7263598651953775
-11.365018793527634
-6.939628628432407
7.155254611089494
16.41155743877584
10.130000449777393
1.7284242902870781
19.96209346360977
6.262885997992012
2.034459983147849
-3.5598561075054533
-6.933044261358628
1.1535665667573805
6.485885752839358
-0.33638965164845586
-9.183667942720016
-8.740669696568325
-5.535470263951152
-13.06386782021436
-0.5070512855047099
-0.6133575736773667
-1.905128327993167
-7.2761851656693874
-13.419501070816601
-9.683374029271556
-12.786051671606762
-18.05610336338698
-6.409785593591838
-11.261353869326793
-13.215054589825833
0.7192196820803847
-18.738007230483557
-20.28373955412613
-12.663417680447935
5.49296428418992
1.8725900532528763
-2.8836928777379454
-1.795316720864107
-0.9442316388795144
6.726639927411866
2.6018246527842366
-1.2503122302404706
3.5500679373398034
-1.3258171242867869
-3.904300369150104
-8.276455272516525
-3.3680084419056464
-11.021239279506302
-4.6399657456406596
9.259651002140881
-13.293768265488085
-14.946569267734215
-17.032527826502754
-19.043136178517763
-19.14282135791552
-10.21333167453472
-20.727495593873886
-26.87067958703007
-15.643824540505117
-16.456830950230056
-39.04229116772148
-17.995633407865945
-23.730191921729627
-13.765931750992735
-27.78919109895568
-27.044670342587963
-23.51067457979922
-20.925383516120533
-4.272093026151504
8.148632177252003
10.272456254116829
3.958490460121676
13.300631217282405
11.988625253724278
6.550510680433956
10.494375714518382
16.90386447615263
7.694065708711827
14.560088281684035
21.671870486432773
32.174351478412376
8.954475682351092
7.368306945670432
-1.3984982625943592
-12.97608787419716
-24.59310132415759
-18.128319030066407
-8.881098735772222
-14.348208873805179
-29.418239323885874
-28.16736189140379
-25.92160388190272
-13.050623755188909
-11.178780911697123
-5.40575282835683
-3.6879955110836593
-10.715750518367383
-23.06916288481955
-15.346101779222293
-17.43954723404416
-27.653026653636864
-28.17594386810762
-38.51386184397251
-18.936768856102628
-22.9945715759725
-22.043901156985136
-16.602153803790493
-21.357824359622725
-22.489136845040797
-27.144433192328357
-16.03956049832514
0.8856946731091757
6.650107485065342
-3.7294937269411563
14.566912348700685
13.06270162757478
6.328813029908222
6.1775608140507305
6.150816773482688
12.660964514629116
14.466874797046993
2.208034041739314
16.343839052265345
24.434587919722947
22.308428988797804
14.460478427101929
17.912887091878886
13.989510630328395
10.829924433314021
9.759726936884187
