-30.730528529582838
-26.822306629685364
-35.81702412787965
-16.034200769807928
-23.467293227595263
-40.85021736567515
-34.69093968683817
-40.97293487182573
-30.353353628429648
-27.51763955995291
-20.4167417832996
-4.599286886641223
-6.939974947754912
21.496962495598737
18.309962124412078
8.390293482682091
10.247069528972297
6.402965648049984
2.848359244094879
-4.989761309300484
7.292458801526411
-7.827978325015942
-13.788350117040508
-8.973684882559505
-26.1768767703158
-7.501124120479719
-0.9821720844778348
-20.819727860399343
-7.9280436551671425
-10.375650728694596
-7.0100178084156015
0.05703739897621109
1.316441395920272
-14.40828709867107
-21.49525974203668
-34.792689058068646
-26.87404388288497
-20.935316613081344
-26.574039295887232
-16.868433571834863
-22.073480382000774
-18.451521695025004
-23.240867086275497
-28.22829134104359
-12.91132267862909
-13.606978164967428
-13.806407569708812
-13.911096568236479
-2.912527640288976
2.5980946388084503
2.776815045658644
3.1775100760803587
-5.761491276686934
-0.18883571587773107
-4.130380970586402
-3.9333751630402505
3.4343718752904087
11.618684612594972
0.8322344923997411
13.906803353264921
12.03309527029095
-15.985094996352071
-6.9351329249456075
-14.650152431921187
-15.24325060854392
-9.884687236298555
-7.582556273457995
-14.66884934366663
-17.268886974661278
0.07093922313758333
-2.215169354662757
-12.500730067469393
-11.600941507515962
-3.37874181147003
-5.227905702354465
10.978555710017094
-1.661124960406697
-7.096591214786548
-3.0915644746994237
-0.799220055775612
-3.296144947339076
-0.4718479127612292
5.762813690863345
-12.337968770194411
2.4085970318442067
-29.84924969646771
-22.88905251581692
-22.495255388058766
-8.866992079421971
-18.776430743134068
-22.28958855545543
-8.788069918865737
-9.186547004611539
-5.524010864508632
2.523711822462224
-10.71292994699524
-8.139350225369284
-2.6481317619005282
-10.582359597233733
3.8727963313042215
-11.639493898798024
-14.366751841397743
-13.732008424534595
-11.027537038978386
-7.114185819004562
-0.10834848940090107
-5.517778461864023
-10.076529708950961
-20.81337521514364
-31.55114664919619
-29.571893790326904
-25.647482422631008
-22.310648321998038
-22.80516662502509
-24.92484146906721
-27.577636928901192
-34.26272872229197
-45.91356542732313
-42.70283574523357
-58.50016241948179
-47.30063087468083
-38.46583491042661
-40.19245545171986
-35.88761608896315
-28.889416815174645
-33.737235531048476
-31.411080733478798
-32.46124991949637
-39.20010790154922
-35.457381572647705
-42.10552576249992
-37.82475099461667
-16.631545498528517
-20.952382069413005
-35.6784491893992
-26.01290174691989
-48.116556648402614
-44.66914679852507
-46.581395750633384
-32.03135772773955
-34.70160292571745
-40.027463529211076
-39.555197998738926
-31.941796424708425
-41.777295578052076
-28.373364002137127
-30.241006733904534
-36.45026547585741
-24.440707481572677
-33.69868323353976
-32.6010887699123
-27.32536149796361
-16.276123222175233
-21.094588158125166
-24.802162317543548
-14.633883911869301
-36.14839884520256
-35.048648833896124
-35.9702829239016
-28.64442818938653
-34.28422093841356
-33.099283733828656
-38.4142992019758
-29.464747645692142
-35.73321918423781
-16.782759497586316
-21.37167263714708
-30.257830858923093
-27.592524242167837
-28.53046366183177
-26.539571558203512
