-16.62299216909979
0.9698575663547254
-16.52471598959115
-22.661634244896327
-16.447580419469396
-17.022904108724607
-5.552757901315792
-7.3715967918203615
0.7308942888844109
-1.6709662828690284
-8.900526580992857
-8.424172397482982
2.3701685720997823
-20.66177261898732
-18.155547059726604
-9.590160243726096
1.1523943110218202
-2.2483864932655613
7.406740536727903
6.252365536864853
6.630563625634968
-12.631730632939988
-17.033447870004668
-8.310038818684044
-11.584086811557837
-7.249089098345512
6.32686881387774
-2.9530722054078846
-7.834927123111233
-15.861085010533298
-13.066279763408573
8.462109910891401
-3.2133072229353266
-18.00050312385691
-31.9369611624411
-17.246416724149668
-15.224787235208414
-16.38043375548948
-34.102824346179574
-15.538227911618344
-5.910452414009003
5.8687740899065535
2.458466287612172
-11.389353867229975
3.8007221849710366
14.753071914595393
8.203502172533913
16.413214051203735
20.677978059567877
17.733909501326856
11.411018430371096
26.44885065414455
23.144506534546586
32.497645011516354
30.446532569059052
21.339075139496344
-7.964110999550789
7.531459787606149
4.768582503162911
7.308581337366522
16.070809237305134
16.468227957648068
13.705976025552163
21.3223771768858
20.51685021245242
27.775561302362075
21.099651078261488
22.889424038124595
31.479248518164603
31.749382403756858
14.367224704231653
14.407271223073678
0.8036864059288014
1.067222767070626
6.073478348052113
-0.6297473368358736
-3.0102271769315365
0.0105831055990446
-13.152987510210053
5.384589924476688
-10.91526998078644
-3.817183123593041
-11.604474770701193
-25.7475630733916
0.5602158251858724
4.2364384494276575
12.019001530186088
18.260339115571014
0.9595865597797149
-19.03016819514177
3.4188343568348896
0.7382054026518596
2.252703649167095
0.5001504541511975
0.3894652394530431
-4.749160580367524
6.055107023124809
-2.157793087556642
3.7083158510254264
-1.2769962483319968
-0.5037577994732232
11.067128746619673
22.35303037018605
-2.531082558264208
-6.8967755842355345
7.314219206608894
7.708806697103062
4.807195643458807
-9.731718851799377
-8.741673155027643
11.471534591534489
7.157086663523541
-8.254790413248438
-8.681802258259273
9.600170305139867
