-30.525915268440947
-21.377730358253206
-24.915803484700266
-10.042406456690092
-8.438778055579109
-5.506486743474004
0.5981336549756541
0.9112048812222048
4.647095291083378
-2.6071291601058166
2.0410616888591844
8.999279184649684
2.9869353971209915
-4.528433508741469
-14.343448481428164
-14.45464244099288
-26.58005709231155
-26.336175063887925
-14.525018395424027
-33.7572368251933
-26.33057977808057
-16.263990882844578
-24.64917234692051
-34.81192934024782
-13.264162317354664
-25.54685555856145
-14.536894405530017
0.4627416584153982
2.074209046701432
-10.367999823854277
-9.959619815979377
8.31711188336959
12.522916856817075
34.209677230054304
19.986069607466987
21.67935980585669
14.373103941657885
-0.3746894521144512
-13.086215534646804
-5.293984490280882
-13.440228944403644
-13.562822299029474
4.804105221624032
2.61558627565783
-6.458996984283554
-14.392685244929108
4.857826706780457
6.482562966301479
-1.6345216187525693
-3.5043293609420374
-1.6101626304297607
0.8324119711272759
6.587270905425153
3.677582926835207
-5.756389546591135
-19.452391354101803
-9.03921256386758
-8.22619003247245
-7.8896666344513
-2.807255523407893
0.6553586551698707
2.0366316834473257
-11.228483098110225
-16.240917793967466
-3.7981580898362783
-15.431719583545856
-6.040344849211003
-21.4960811989952
-23.409776362943074
-19.417079895606552
-26.28921943848808
-28.64345112193984
-3.654130035860281
-25.67134290435265
-13.726776838747664
-1.9718446107285408
-7.893288378373339
-11.311352989442895
6.687487857736075
-4.814267930674111
-1.0118724683725775
-19.38251381063363
-14.397389013886206
-0.9108815298962776
-8.375060228163074
-0.4876443237187945
5.184415764333458
-8.149773017602456
10.266423523695488
13.294588076389372
10.355512726181287
18.786380622311867
20.96591428247799
10.626805291920117
9.297897514997617
10.584119065445076
5.181585352661419
15.393979731941394
25.272614906056518
19.196081418341247
20.459058656812815
20.221437999794027
15.921874604527824
14.540275126461866
21.595993910272625
19.62419703442529
15.492601447833804
17.983509043534482
15.37179303643348
20.032218628380413
29.504823670998388
26.479854878267783
26.78623760850571
29.737612574212154
22.884083970472922
12.493948243908513
14.625279443569625
11.266650385744953
14.843592772246973
17.185061011026562
2.345114158096478
2.2284479359150486
-5.117735705686117
0.3569750340092559
-1.3572903653362105
-9.68834682802408
-9.668477051644476
-8.849770177414731
-1.4637635433375886
-9.963620715956877
9.343871451050717
19.286075198575823
