1.3610534205119844
-12.310602954512042
-0.555609235105451
-1.8827584783998308
-0.7519959306112199
0.9261994771651824
-3.0442116196740048
-14.50607493054535
-22.621647783155908
-24.650477414305445
-25.478198080394254
-28.28641477735702
-36.609630719144526
-33.345784993076435
-23.198266876123213
-23.734762153096746
-18.440628539149905
-17.40473570653815
-16.382811489195827
-26.1428115460751
-18.511632972294713
-23.734037697864622
-32.257398271633136
-22.51040013123342
-23.06186305382493
-29.614585843462766
-30.184294931635343
-20.347605471923405
-16.86508818755699
-24.445038866814016
-15.136890977865914
-26.74490175537098
-26.357389932405663
-27.596595542242767
-16.871144112519474
-10.313478957008414
-7.317511663941557
-6.5421790888513245
-2.1470158611578856
-0.7139927138086832
-1.3770384531487292
-7.230367448744521
-34.139383821456505
-31.96123557873881
-8.189444532470308
-7.530317402258975
5.363001609218629
21.45029988614268
17.499203959602248
23.877445242878604
10.600355321450648
-5.108694594072669
-1.2342030613499408
-0.17112703363372855
17.277779257252956
18.94977800125446
14.82689038377001
29.008765563529373
17.851604237729273
13.726254257353736
0.9854683765061816
5.934926119008626
-3.700287977325285
-2.422618349167053
5.819126825367402
-2.658719217451165
-5.099549968165209
2.8346475213594617
3.9834250119136807
0.6836878994801999
3.4867560040359247
9.082808575355614
-3.6472494369114874
4.071540390746709
2.7160506871902745
7.552781433298057
-3.0643269347999653
1.8021860672372645
-7.33880374070395
6.284578842096051
10.829969925800876
18.527049347397927
-1.9701282405357008
-3.3677431781690634
3.1797769581597852
5.2457671254194365
14.951553175332474
18.891570228145547
29.209185999856892
37.50934434738493
35.46897712520928
20.28600621257771
31.528704637424315
32.97984818212996
20.885382849455965
25.598227617140328
27.610596081582422
26.159224654227557
22.3713090277865
22.829185921262628
28.784668203616285
5.771103478273441
7.802046203912757
1.0570183005608984
26.03872113017789
17.21412722638059
11.101561401775006
18.77113054252222
12.739376030226008
21.261183153527575
14.650008460798313
4.987759644666144
9.693257681247852
-4.953991058371732
-5.933806682624325
-16.345250206762273
-7.594960348300887
-11.0005203814047
13.380752428995581
9.268970175826764
7.638707620727566
-3.1529061304556008
-2.788644055354576
-8.023220854278406
5.903666494318914
22.2496826770838
31.23386895476332
16.900148890026287
13.923352445316622
5.293755737892762
2.2906019085490295
-7.586424243405727
-11.523430061763413
-6.954799175254529
-3.618142687175444
0.09386951863845408
-7.416851937057708
-3.341727678886688
-7.865292915493259
-14.305676935507893
-11.15305401157366
-11.923328388911695
-6.4627679564849165
9.79620124397598
10.897543463381577
5.443122537895593
18.900076637819524
16.506773203199078
9.697873117653652
4.923651006779325
0.8458680064810957
9.714713374122699
13.79603100400752
20.994436587326145
23.583100311417557
5.29014782628138
-6.970797909102044
-6.980784455314336
-20.03956261908613
-3.2010331475599747
-7.3437174724478
-5.4761533728551886
0.8921010486167599
1.441698395819772
1.2128418747610772
-15.267315728461178
-16.824250566540798
-14.809510757061169
-8.78284292769302
-9.312594308291823
-19.212367718733454
0.11351249479281568
-6.381584825898744
-8.134826489559764
-17.43243301647402
-20.49695898039148
-2.011099915468347
-12.495902005775314
-5.066245813565773
-7.782097437829861
-23.231482392097373
-20.75171973285096
-21.38437961532327
-30.74576996388041
-18.028734153930166
-21.742594192808674
-34.38397408476793
-20.33011838628063
-27.418452364237773
-37.172754064428375
-26.629480072060034
-13.922882805063093
-15.518921785826073
-12.507164328322336
-9.27428594333546
-14.23037174832253
-7.637428774765754
-10.823165956760151
-11.032965915835936
-4.88599255341996
0.14543178314157473
5.891520305880968
6.839738824181971
7.560941695258628
4.717956410056762
4.0940437065666
11.048419203092092
8.032261964288018
12.407718457610759
8.144653784821765
13.187384262650905
12.699156939233555
20.194717119945487
7.015602974800774
25.264402103940483
10.568061372351613
14.672000694177186
24.701000979384965
36.20243871323138
39.29866827907349
33.65351168857566
38.94818760450335
26.554165129534663
39.67322152448363
24.480379982600336
9.740781080451848
28.111103091875353
24.454686432653013
15.200526292166913
10.448846850625355
11.143591518380356
8.886825696449305
-5.150209431947841
0.05209931553644718
3.3545158827829824
2.074599805855232
-8.032921964155745
-0.7545895366105997
7.587143469097594
7.927434918913696
-1.6749231531010211
-8.110238489799697
5.30484327704708
3.293042429220337
12.677549350381721
15.518939995849134
3.4628543478855245
23.92577810536721
34.44825039994135
15.925072940402154
19.975769258372388
13.332309567930686
7.254078699411223
3.7253365894635313
2.8351362362292494
2.6488740706815097
10.125602517369048
9.102583291058423
18.663206074052393
14.62884532804093
11.545283290397364
16.964477055156767
13.752248225831137
-0.3633776774555704
4.146228378120702
4.159840861821547
11.150803436314618
17.02051977873168
7.101973559924304
7.667138021582162
-2.2871022712360554
6.544969188512722
6.6384524009242885
14.263175241442175
29.90654286280755
21.89157657642344
27.025528427161607
6.583705359683522
-16.30992977566985
-3.629479742644115
-1.362239408022566
-8.502737166307679
-6.8590418178067765
-0.5745165551827189
-3.3498320498341307
-7.738519861498183
-19.727754927525424
-14.760505553787382
-16.37406498079171
-14.595336306900565
-0.22772680538886103
-4.192039287124225
