-33.622510728242986
-18.908473116962444
-23.878473570726804
-20.151267616647566
-18.913045778938226
-19.658778649452408
-37.09817388351287
-26.661105055789818
-13.327969599984298
-26.13758162368989
-24.616156084600853
-16.54284235797404
-25.846105340380984
-20.884235682950155
-14.00062156886416
-31.02315277110426
-19.943285341701362
-27.23028885069914
-28.085388758743115
-15.991525419070545
-26.141709615359765
-32.47220117123643
-14.79335138497895
-14.096615468655404
-18.24454949276655
-9.441379219032877
-8.01997995012777
-10.376186652356518
0.6461009791204543
1.1404594960909404
-6.772745052637808
-21.98459479162848
-12.269607307927055
-13.949069449032486
5.5621721289863695
1.2096070719524838
-2.3038155098961948
3.127486563738749
13.485516686594089
4.591234136475349
5.3241769124025655
-12.952489964805114
-16.84143329068372
-4.159487654050248
10.788599499019568
4.4546651610370525
8.299089017342839
0.2241131549152526
1.0468176683427826
-14.905794080570578
-20.79554542795713
-10.548526041558233
3.4087222199281126
-6.8503605718379434
-7.26040545871524
-14.46768192257746
-14.300824368191865
-18.29197297309453
-13.37357278026434
-4.332019218677041
5.359710119058564
-4.245742935775437
-1.1067292320894837
-11.536177894945865
25.000488762567723
22.556958012053904
5.670456408042543
9.222447916820077
3.7104424459915135
11.331041708697665
6.8098741341211495
3.7931298012875927
5.227830587457193
2.033699157888519
1.2319053226062182
16.029675315147127
13.034879470453156
4.518786730265024
6.365482330876696
12.595417985322767
11.146404066854831
5.547096326457554
10.922559092823617
6.691138058702358
14.313710408311932
-1.9121523096602062
6.266145999212798
11.805201908022774
3.4452875300651487
6.1557393575526085
13.137565737220395
19.392932627599325
21.868978788665967
5.703411132676524
2.7718597761459063
-0.017885304263972446
3.3720226521702483
9.957626806665822
-3.570789332081571
7.365057513334683
11.237184444675345
-7.968333641277899
14.587437370145887
