7.906108329823358
7.91132202808853
5.449598913036513
12.219811704771551
-4.814128322988091
1.4875120393712529
-2.4116060842625457
-0.05251766113336065
-9.89534167102954
-32.78188841722374
-19.50381990248498
-14.066259106185765
-1.1422238332512689
-12.952624363264599
-17.693424771339146
-11.370756807462833
-15.936771244898152
-11.462061287955141
-13.437854535372026
-5.0863542597000215
-8.832305269615889
-7.2763223667453465
-7.843332174050896
-22.309582114627947
-18.854170147886514
-7.427846266490732
-9.195520461663248
-3.2609356173687916
-6.270452760263406
-1.473231845116591
-8.502483858425562
-0.26325343418871794
-6.276947160427937
-5.697353501033961
-0.7466732786463306
-2.7774221080474084
-2.5694878595676003
-29.868623219195534
-21.94133471670601
-25.361782455643745
-17.271351844887892
-23.48438879533566
-20.426546763626163
-7.146884786780323
0.8690052560470499
3.309774378215132
-2.4262077622885423
3.4519076642925066
3.959070366953048
-1.8359402214787277
-13.219847963019927
-8.645408654708962
-12.91296842809793
-10.796524657166962
14.998166829175252
1.9383654013409355
1.9256728908342549
18.700796609056038
9.70512541135985
-11.484174082116358
-3.0403353168152267
4.881882393532293
-5.465999718423916
-2.4757907494480857
3.9805887789330603
-2.134110442723709
-1.0939964217012847
-2.834028400052353
-5.1898999473788265
-5.002603446918684
-1.0605276993906847
2.5849632648830734
-0.4602008648161957
-2.450311013208696
4.646184986626313
-7.373893179692226
-6.907401205090455
-9.236153479711726
-5.8405050694995495
-8.08230659190401
-4.029686327358459
-3.586571793944281
-14.161579443828245
-15.264918805492849
-19.36777240889653
-13.211832814466293
-14.536859600390912
3.7112849263064343
21.180843708183428
20.25901877042052
4.207239858725137
6.732178549302733
14.169630240498908
-2.9422414695785086
-7.627552063792472
2.5595785365823835
4.3313745634112
10.458012383691758
-2.5828120922873463
1.9735971971010344
8.153315298105879
-16.03485059186098
10.83774984889064
7.470358685570838
8.475987797572856
21.149052210904177
18.676506479093334
8.156011486921184
9.406185966810485
2.5332513577408045
3.0888491340961237
4.4179460677533875
2.8501635369695646
12.534357308197006
3.926942460469791
17.4554734233029
20.05578192390342
0.6668078648542256
5.551189399865769
12.27775363268761
10.022229257032363
-2.5773538712654753
1.857665771022348
25.391021112255324
8.933466853750865
2.99307744863
-7.331769144489348
0.8511125168914025
5.498564347021422
-5.624923363652768
-3.560370095329368
-2.7588144989243046
-4.464502316045178
9.033001517606843
4.438937253694671
-11.550858035528615
-0.5414957429509067
8.036395438746577
14.293989575851905
25.963857727199468
27.78626278523579
40.338508646073706
25.375397488897015
19.34168280142313
29.061374212025555
43.33534657806272
27.756116180363477
16.273578665562987
25.439699370438905
14.489680460748415
3.9963592877123513
-10.20365423989693
-1.2248593840573092
-16.673386355599888
-16.89850060074609
6.386260534060522
8.203234857463219
18.67161695988041
26.7209026258764
18.115549617483566
11.75166381001698
16.633407609849044
16.57153577177512
15.067200089798217
-2.8666549519784588
-10.655065793105276
-3.4354267920995745
6.836850949974794
6.239787573907804
-7.7299460475922634
4.528692838005602
-7.910074923751612
-8.588983713418513
0.8114319183366373
-14.376890772936678
-12.605569214147645
-15.884766836953625
-25.07329077047659
-2.2489236727397826
3.0147928004740314
0.8303972671924533
9.330576405564317
-1.5405438803125238
2.5414683386384103
3.6859753334031486
11.06270938769094
11.962636591254856
9.316640465588213
13.470167147631212
14.1187519811014
14.600067890983892
8.243011027701348
-3.4465424232405986
7.6632299636615615
15.964709006870748
12.789617210217864
-1.248896258227492
-10.714483817674019
7.175527634595718
2.6954764717643567
0.21661901388064114
2.7043318048075897
-0.5056365413585568
4.253600722731078
14.557631397591065
-13.4880180459548
-9.687927579056751
-20.678513520745817
-31.72210778647834
-30.90588623582729
-27.89205431727456
-39.79903163526118
-20.45250692774293
-12.113813410567968
-16.075034760566542
-4.9739593484828255
-14.563641323590293
6.388036413877
3.612809620101349
-3.4373104372051566
-13.44170167105582
-16.58569142822427
1.3922061554836938
-5.264306459203488
-5.948525576594702
-3.780928902779447
0.3357350702460233
-1.2327802218227415
-22.69800283627591
-15.216517748435324
-20.83528334969505
-23.45379856559495
-24.32925579664168
-33.47715874244489
-27.28506318855416
-15.693769415554867
-20.803268982397068
-21.62920316363202
-30.010602245428448
-26.5047519310215
-20.117488566298785
-16.196695230215635
-23.800842751597852
-21.51677532195369
-14.929202712427518
0.6876591513475068
-11.841698159835794
3.0824168263415803
-0.11073281242324376
-9.042215972312412
-6.827377218392883
16.025966357912207
8.417836886794886
-6.4258096214102185
12.3056830590536
25.55881123308248
15.342761514391704
18.812186611446872
22.942640021330813
19.364725183895768
13.759175856358855
2.3408932813822205
3.79673539001174
6.299160625981712
11.691929689046312
7.34263329741345
12.547123745718286
16.631532257996522
11.357979067827447
23.79042204149751
12.451915051072842
17.293202035135728
19.61546970248657
11.827579126013909
7.7977342444642375
4.8607314311617
8.805384631074329
12.21556668702832
15.086242180421586
12.058239430811676
9.696596358089778
9.692429351555145
20.102533525655858
2.790488865553645
5.870486080106051
3.4182797618821263
13.753043941974914
9.287068430692091
6.631279409417832
8.544907479301676
-0.8503065772150931
6.897681064315188
