14.561676848919086
14.839690556057223
7.059972383065947
1.0155576422346206
1.3809387117470564
7.048922084643913
10.509835662867683
8.705589813076642
3.0198429537051896
4.344716274985738
9.45636681150276
7.328087065381707
2.0435561779059066
-3.44940074768676
-0.41317893010267664
-3.962814316230714
2.4405681930002956
3.714402992490915
8.003298784266423
4.115472021089533
5.482589229006928
14.006996481999586
4.910461834337523
-3.408149626550233
-10.124405936410756
2.0670510276804843
11.76050457341968
1.3976532771178587
12.332739041834964
7.4447523007615315
4.666439880319809
9.319687173635364
11.175011892191415
17.954037054213835
20.22650576299329
12.09712681447314
7.215109441198082
12.137793831501574
9.874484586062973
19.299590477107788
0.4405033910806447
14.10046580992056
-4.213818914805604
13.700164576982345
14.50092942292784
-11.900616890610996
1.3965342136771448
4.647388933725379
8.755789044846441
17.074988524728393
20.406040467641805
25.432676184314467
6.6506385791867
2.4676177314713503
-2.3130364879859164
-4.250577408730458
17.29594187857104
10.220907604970117
-0.09942784775511736
1.3599020756553737
10.877906267270731
4.6787170353851275
1.7103232623116644
9.665132988866393
-0.40532821418395343
6.889967838397023
20.226896369918546
-0.111582601839565
7.802850282125691
15.25128443794176
11.020384249914928
4.330991017181701
8.88606765449081
11.331880673731188
7.883410046348582
13.195206585903211
8.825684895275087
11.170181270105505
13.084519506698186
-1.8053917794465348
7.3179663854798065
14.9053073984256
7.208935008884497
4.212900650288793
9.199084732161516
2.8018470223428493
19.147800679258328
1.4785496252921106
3.13679065216627
7.85510720597103
-14.48933492086926
-9.944296117847276
-8.885686903996811
-13.7576553146325
-7.698693396954976
-4.44577295416408
-19.678166664457247
-8.263240066911813
-18.792221335648964
-12.867856256995035
-8.820115015490686
-8.373797069365505
-10.99534719068579
-17.78564174680205
-20.246593637790586
-16.440876569330545
-24.34886842519469
-14.933674482783834
-15.483028306610413
-6.650327174932693
-7.317335287067268
-8.540205009348979
-3.0575670535801707
-6.926280700637427
-22.770906373218608
-14.862955548657705
-13.92582907646526
-22.375617413114973
-21.770073688726697
-6.625685385064419
-9.815817025152937
-6.732216269566329
-9.750248376364947
-4.076929618816007
19.273613394755927
6.2446726883305725
0.9078922711139609
-2.3125965306384684
5.46324670254911
-3.0306288441305567
-7.769332066703794
-13.451408555166712
-12.177413379948234
-10.777854330610532
-12.834486469841428
-23.204226330809732
-12.723776505603054
-9.98912733333544
-24.08852327253398
-28.298043028938494
-31.184111817228274
-30.759248332876787
-37.71449831341587
-33.185274969717156
-30.91420285808933
-28.06365363946134
-24.255727362074452
-21.90683709387603
-17.008861801484112
-26.83376156771007
-19.00306879391803
-28.29365924563327
-28.37834951076937
-16.281007741057252
-1.98804819320945
12.62592567487748
11.300957358612976
26.675789302560887
12.609684856043973
7.650008380621704
25.3973233467587
19.68674230339359
22.026140728992726
9.793454664247108
11.4256678170634
12.732568578907044
22.03499463741925
16.316153844117146
-5.299207803154182
-13.588547622092097
-18.15141756081313
-22.22482181087505
-8.405902743224491
-14.762316742786807
-25.264342118912225
-17.438090808275668
-17.796168496519428
-19.085196368679465
-12.109873041485136
-8.498248563573242
-6.985244745421323
6.102038610074457
-2.532518448769772
-6.1650220630983625
-14.399764841861415
0.15192526619565094
-6.475907668935159
3.83236946588686
4.379063602807074
3.5518119640550085
5.6747508813210095
-2.4847077482458717
-4.735884612017169
-7.211361465864316
-8.561984718857486
6.193216461446793
4.265909260084551
4.293861947007638
4.549025098594977
5.862849851120727
6.597031147188465
3.8938867115410174
16.290323164548106
7.117666945321237
15.620469113956235
11.437573674382994
2.7863098809468925
12.568641109946306
10.161033762200217
2.682788469957356
4.8666052685238945
18.2221926556602
0.32634574025434804
8.644604662380656
9.218873599643246
-0.2532683954588538
3.0837407494508007
-6.663781288329692
2.599744329458477
18.69209609532745
7.557984643494911
13.652097291169545
8.896144503705989
1.9801039953230437
0.18127698705823453
-3.3008273044511744
-8.667970418634713
-8.564602368828949
-9.43601480888961
-3.5584721716844827
-7.466784085477352
-32.029176546287395
-16.076249640164207
-23.60679691109961
-19.08270069056665
-2.9301239086289383
-8.797702066886156
-8.706911821096233
-15.38074126181252
-9.656122140131119
-0.9962381966620334
9.15955621289172
1.8609447730564157
1.4132995454610962
-11.400720914454132
-10.055356391554776
-14.165080256447823
10.219839659409876
-8.208321433665548
-15.7630630646287
1.2796556682426683
1.9620009494229942
-0.0754044538038807
-4.4321498302758
-1.0033107049835184
-12.444328439393981
