-22.97531197742851
-19.16763939774388
-24.29142844062297
-19.117424447391414
-32.224285232690285
-27.436051050691862
-35.67279252056456
-26.126319213781066
-21.48435513094297
-45.685218788373845
-42.37465829448585
-22.85847475794927
-14.137520002214014
-17.128744564173353
-25.539027380005432
-18.94719698251982
-19.015387452721637
-10.083227659370634
-25.44955102859216
-8.94235197569601
-1.2062917922067082
-9.545797516833307
-16.415734162989665
-13.676091342053706
-5.906960692512548
-7.018134169723276
-19.00121677833205
-11.806203849260486
-19.933086520756518
-11.955135490176618
-7.675000377747589
-10.978942863091996
-22.325740097350806
-15.734501379323474
-29.25103875567658
-20.999330515473282
-16.158267399603307
-22.02365909569339
-26.141393562309478
-21.72272830214387
-33.22914096721282
-20.861905819553023
-6.129799320854643
-8.578721747398431
-8.856790463579047
-15.248735308119688
-12.361098849801689
-2.262537575936592
-14.625579118082273
-2.6182887235645462
10.356397416180586
4.14136026800072
-3.701477288349774
-35.58202362613532
-22.73958841624547
-33.54699615063945
-29.896283680901753
-15.815120694077734
-20.839758992883294
-11.994296093529925
-7.503574479227729
-15.321576054221525
-1.823556866384452
-21.019738550223046
-9.087327906234817
-19.24364008891125
-37.198500422191366
-29.238425991984982
-32.75179722123245
-24.03312176754974
-22.42858021407938
-20.24416610678041
-15.9077342175631
-24.735922964598213
-4.016203469509058
12.291707937596811
19.628845216858686
8.652936568190269
10.32897456827571
3.2639318940723885
-13.876025661817222
-28.90165102613719
-24.852923568170205
-17.504745529455537
-19.648974832843155
-2.027656428223717
-10.525268234422708
-19.459514679443515
-8.119358009304033
-9.079660706918236
-12.796780139398258
-0.6814710392591458
-2.6041566835691943
-13.296301363569901
2.4888483889062707
4.309634884765966
-10.126380716913078
-33.017189524664374
-14.136189038647515
-19.330867348255815
-5.029835755870747
-17.210509030180805
-35.89690495683197
-21.971098382648567
-11.134845922101018
-24.160550114803943
-7.888863591013968
1.463240167316333
1.91207526733198
2.6242900830862923
-1.3132274674971414
-10.864201413189344
-19.476067240194066
9.35335865294808
-18.776954581756858
2.0552870529403124
4.572141169549365
-22.110018436324207
-19.702797349967913
-21.214021631053054
