-6.50429245514747
-7.955804795417542
5.603837239119535
-11.503656076195634
-7.837703913082139
-11.58716053294328
-20.66481601697647
-16.552547962734273
-8.27661600086047
1.1008838318021579
6.4120695911749745
1.8376233050024529
3.9648382353394576
-1.714689053034623
9.11855283135618
15.358172665435575
16.029685327514745
13.74619256464849
10.51517284526942
16.900451379443535
0.7511539646106155
-10.138544270325793
-10.037607932718377
8.77290972456638
1.5653194934121517
13.84446680995835
-4.786918863684833
-3.7038390058137214
9.437132916418497
-2.2179125983398955
-6.4511799087693085
-2.6132140474491328
-12.961501675667991
-14.253860134688301
-13.888517629650408
-10.13053056468426
-21.348061064932548
-11.320823876789508
-9.096860748875539
-1.0041469696932666
-16.658776556231388
0.1810747792685866
13.659975573790936
-3.939130281965717
12.56764572620958
-16.869236071750716
6.047639400971778
-5.189541070946106
-24.737698287642452
-0.5815022004141046
-4.755785980142588
-9.938711427413057
-4.041443898750302
-10.263041687490801
-16.802467850699117
-12.221344898563025
-12.716662197757499
-16.25672221925772
-5.055381164028022
8.219591356504905
4.400147277384464
9.77456590447764
12.32512355854292
13.477799182532321
13.367859703689675
26.37823353510669
13.394364586687233
14.6561499140543
2.740320535680845
0.9498568038084876
-0.5039824452992014
-1.7113696455547212
1.6607525249839084
13.898530135866025
-3.404675487167629
11.081481634736333
10.930760587483515
21.96589038563571
15.171707199691761
15.682356691830588
18.047849969293033
12.836764183739573
12.364821676208642
15.872032393462074
11.180775379836794
6.009883178237027
3.0594746346439554
13.538211806166025
16.50632001964393
16.71782049211442
18.46914277530959
20.515035396023094
17.038302758391627
15.870252061657922
17.731673534656952
24.290732830943643
8.457008992479606
6.741337437396022
14.565999726827707
8.937534276330716
3.7053434102909177
1.0786979584486391
-10.473265183696867
-8.278538113875298
-7.098024593420794
-1.7005816869131252
12.730457864036982
8.141346801319152
7.259832293338798
2.4664292595826733
0.19074374862210355
4.136361035165524
4.2894470005183845
14.061830335060149
1.2570629086908875
4.71000305394638
-4.95107020966484
17.545680714907846
-4.434086116276067
-3.933858576512793
-6.586040424597135
-14.633620319463606
-12.921372289453569
-9.900004542754
-6.543343684328373
-14.630234994835694
-11.79124744867094
4.517532661018564
