3.801359781208136
2.9832713164954425
-5.599562277287252
5.752866104928527
3.5766021218725816
4.628077885043171
0.6691081780928542
9.373556114665655
10.907790801470362
17.796031904034272
13.12495545578392
12.469736703812199
19.625202699335325
7.039441642880861
8.306394312416375
5.420778363642393
-2.961394149792331
-7.788738016428199
-29.08186999141821
-29.98471289323173
-16.688136860354376
-9.925532100526263
-13.329857848559588
-15.254074953936227
-5.568748184972783
-17.090705038725652
-6.6523661595964265
7.195359676704072
4.141851581650129
-5.933214289413573
-0.934571576912027
11.073871203096306
6.325019283149106
-0.6933875755190877
-7.34129497013757
-4.38000256212907
-16.993057159622172
-5.968970279477682
-11.948958038931599
-9.481991353396998
-2.273909775059753
-6.054088722454764
-18.042610532818376
-19.042571691029693
-11.245750710428704
-14.607801150565686
-31.322296179572295
-35.906260941074464
-21.4737157165699
-6.0626723885279405
-6.289905664296477
2.183255830335748
-1.484634892850666
0.6440809394434356
-2.4616356882737445
-19.64351088344775
-20.728094207985887
-10.44480633037906
-12.573045677762506
-0.8149492043182983
-1.6624626926240562
-3.511567732662795
7.049891210457344
5.471946320451206
4.6859705750952605
1.2548754473789243
1.118878955295564
9.47306412095465
7.094419170139158
3.396741982523125
7.607327782975938
14.785012269485055
-1.8119752958825817
12.703161264477727
1.3624363653420986
8.054973652214052
-3.3471662214642155
5.041984083911685
-8.269623724915698
3.837415374365977
11.254982101326268
6.783624384738582
12.30189335025639
-10.702944507171226
-3.991706759585102
-9.377302402799696
-4.901512717845916
11.255537969995515
0.2511549361668918
-1.0456889653392691
-10.30105368043036
-10.361163172979566
-10.08930066540681
-5.445456621132804
0.5623386035093092
2.688141490743999
6.042416660153718
-2.3387538675348054
11.215257744259176
8.515263943153121
6.97525927995859
4.2468623521781
2.3787149575647684
-6.1798889160976325
7.419063086099148
3.3752491079695885
1.103260197221373
-7.8996976249804565
1.0833896555172644
-11.073891417217023
-6.8043853297311445
-8.065618988824209
-1.944742036104938
-4.6397869530822105
-23.099595527873284
-30.130017346437068
-7.168631277281368
-0.07809363229733131
3.1540430714939918
-9.135054461916193
-20.968598506013397
-9.245812265405656
-11.760803892604196
-22.723172245295892
-24.81679055685927
-18.522859375365684
-11.594258751162979
-16.9762208455941
-17.884838869386414
-17.184134756346616
-15.333021125430633
-22.28073494933671
-11.968208030435028
-13.078780921294944
-30.372959862247097
-20.255198931217187
-24.710490992278622
-35.02561867833893
-36.86037750226545
-46.239151629328035
-38.34041185102194
-27.81963104508482
-29.878559167798038
-16.594255397236473
-23.20112649672169
-22.776666466521586
-7.433094495857383
-14.796460441507952
-2.2223710141287163
12.49643215179325
2.191550615268795
1.0710637723296228
-0.14468213033971666
7.987436294032975
14.127542242970016
11.902451861957875
8.395185934619153
1.4884165617575795
6.1783277900386375
13.818103376394856
21.691598483941707
17.21808616329859
22.58114687853789
25.129833052950026
20.801494182901394
-11.892054412845242
-2.389247038161513
-2.4528094600321686
9.218779495091356
-1.6800747857602216
21.04164697318755
5.019453151393304
-0.6666212813252748
10.317312130635056
12.924806898372864
-10.734573662757755
-15.34667307351749
-22.77467419398393
-19.431613060300965
-12.581918145920598
-18.640873509039537
-13.822065902910134
-2.3091087654045968
-3.791723469974718
-6.407841108670175
-10.434691511368019
-6.22021071640298
-10.816378548770029
-0.1781145153286077
-3.573868115937312
-2.096752554045477
-7.5500851978903984
1.2476934381081806
-0.38187031315929293
16.444418859130042
15.618651493802126
17.644867954822875
22.230631877429715
38.852211491499574
18.852308315030147
5.744914141382584
-6.2109563423655185
1.011352540945251
-8.083968067418118
4.533247527104682
5.484886638346349
1.4187039031535684
4.862819905012062
-4.836191475253315
-5.4740409974080935
11.100584135161778
9.897584653740807
15.573561115425374
6.2641297565076695
3.1096572115034693
-4.353584953959391
-8.754882209462611
-3.000790781773764
-5.080212260177562
-4.4309309965981445
-18.413321723544378
