2.260773479958958
1.3735384622915274
14.010859196784912
3.154244514500423
1.447823545400268
8.59495957800726
2.662464291243518
12.095769976096511
6.177850221769169
10.820337749031095
-1.291058585471368
-22.383426144293708
-22.026610618879506
-24.875766765445146
-28.83821343992288
-24.21478254789706
-16.160704087672368
-17.5570656260466
-28.40951497066955
-21.40299649148329
-23.668401402443966
-34.557359300644514
-15.106814039509105
-18.82621507923474
-30.372845748450853
-19.643132110930495
-31.702770080904532
-21.584130041132322
-26.873915755267078
-13.840308442828885
-18.22514070188906
-11.3687894387427
-22.28506283428317
-12.466007924593857
0.6184035060542347
11.552282102512006
2.5733825520664184
1.799297279121156
12.932473460586989
6.664837715789244
5.680183216752945
2.855803778692004
-11.740192577236225
-20.708444164970814
-19.708091619180927
-14.05970991498791
-19.80264837447804
-11.68579773466107
-16.140512963043534
-18.615287567202852
-12.915732023429456
-17.458967621990954
-14.974327652515285
-9.261587473875228
-6.339000975722119
1.0606871423180857
-2.50712060617754
-15.349518757651765
0.2330304570850575
-5.813214219618796
-7.597609011217231
-18.82210242412303
-25.525216118430947
-27.85131861889605
-29.19933924797165
-33.06738448729335
-31.95971158695372
-35.413950428001115
-16.452393621053126
-12.892964940056205
-9.231219153026151
-9.609663991214374
-13.614356063137505
-13.186425833672832
2.9237913162969638
2.4290257233907337
4.710133605313611
2.7152497940139284
-0.2487617958183333
10.029030393457086
7.747804740935061
5.910956952554284
-21.827912311082887
-19.833428748261785
-17.436767536769953
-19.355545647508755
-25.40041263283515
-24.65404372296548
-29.10462147494082
-32.189894966600725
-31.960491743342608
-29.80965027183037
-22.617827017576264
-15.24864977791325
-15.999056157627434
-21.18556808433313
-25.367725050513787
-19.65022337013051
-16.792332857088162
-16.737347715614447
-16.268123202400613
-11.94744926976923
-15.87550001809514
-20.58496361855976
-19.615012099678133
-14.184952694692196
-23.25353167311697
-23.23561907606616
-21.833982415676008
-16.22088057315398
-7.177131437716713
-6.5377426607561455
-12.168814446447566
-5.479944904654724
-7.968017786312535
0.5463947193223377
12.633762122506162
20.251979885651924
11.69879518105712
13.924492489505248
12.033040458519213
0.5533178236108303
3.3155615357727837
7.691714205459917
8.627459053640251
-0.6737753301995422
-3.523999751278916
1.6111447579180849
-3.5457205373003475
-2.1892576526297107
2.1066613146848083
-6.31164546667071
-2.382815795023651
-2.3169218138533463
3.2270154168829968
1.9271592523258507
0.6532305081451634
7.6336835322262715
5.594996107266366
2.714583581604864
-2.0985461224751742
6.2939261541582425
4.975396671936472
-1.2777155310432362
1.8243515667149628
-4.415410983061936
-0.29365687805216084
7.697187305781755
9.091648917881203
-5.3161536636379605
13.114207249659724
5.424285126542224
6.6760078559738485
5.137677476665129
9.76304933931561
-10.910437575065384
3.2819595799290733
4.475641082720826
-0.9786647436623293
5.907576492061862
11.089203260263
5.588340814216515
-0.7260546168820201
3.1547787766603714
2.0985459078543527
2.1580684287608074
9.834891698026436
19.05663934081084
29.056845427514375
11.624948300788903
25.133871561723623
30.677405163097127
12.395394948877813
4.356521417743719
14.886510202771158
4.413840637183714
8.089432215200747
12.346519208764342
3.620553985282892
13.692653266683312
25.22303684742661
0.5791959750957776
7.0273878572238
14.916708490471127
4.445997500885776
10.235216633139276
6.409865109654312
1.2321368644040234
4.52757717294442
14.509186331047337
7.101700832026081
-0.8024990087167304
-7.8899101336539506
-6.477964359076518
3.2648913288325363
1.1470368191821332
11.211799811860306
-3.3109718696094435
-23.419051047652783
-8.866522092237869
-9.052225220668307
-14.619093013650842
-20.56975171257827
-24.04768627528935
-24.167161534380146
-9.870384527976153
-26.645244080938404
-26.610911143636713
-16.214275105687655
-8.31522898868104
-12.944672449306523
-23.783020505928476
-9.55992969943632
-16.324394636128936
-16.644647572833787
-8.750755640541179
-22.146431706522947
-17.947883692672637
-23.676074653547264
-19.648436193535378
-31.891756108555892
-14.677030229672125
-12.460848921137865
-3.655836507080995
-15.50234152715267
-14.195471680626712
-5.994158866252116
-2.5917785548869734
-8.068557824789263
1.0201434051987506
-7.214328910718689
-1.526514691232481
7.04676086359486
0.6509938994766881
14.473550899132967
