37.75321769342722
24.900509078471057
21.433078116360345
24.26153552626136
-1.095621940302844
-10.589246636575279
-25.337203066299466
-18.045220525395386
-20.741825684760183
-30.07965882958495
-34.177463648922945
-35.191675012695384
-34.46527478274838
-35.7978690690605
-30.96659578560256
-21.779746271600782
-9.218644417088868
-14.516211047730033
-18.45096618724436
-21.347877575285548
-29.602128785380696
-24.948333282545747
-15.717134543911548
-22.085683534191162
-17.990766183540174
-11.277947057588088
-17.31985310951413
-23.470015649092325
-21.153983012315773
-35.0515537155977
-39.38094720978209
-15.461423256142194
-4.579374961387766
4.212117431696568
-7.9396706491371525
-6.639332842358254
-14.217505113483556
-11.425600712139628
-23.72288912914636
-14.202591604071147
-9.42343237978303
0.2446357556059781
23.542838321247125
19.663400372618174
12.319030849210256
11.378553308887485
14.884979614809884
6.391347737274487
0.7933515318233567
12.987371517566054
11.604209134071322
7.517005545550657
18.575612553332075
-0.041767178714365055
1.6000512408497791
-13.155076947067993
-3.65315252967376
-4.38140016537148
-11.4319540117718
-7.316826664157974
10.115381344201854
-0.626322126689188
-8.030252371596095
-5.516136560292983
-4.653786612500486
-2.919120273401335
4.581822850458359
11.273998916401013
12.596463447407267
12.589012443935912
-7.200712187991813
-24.179027129865393
-29.898956589736304
-32.73179505072468
-23.572928823037937
-26.690562777697906
-35.054215231866216
-33.89779268454777
-37.5774814404858
-24.084619617084552
-21.529430488876766
-25.308887744715925
-22.52746172503676
0.6215958392806404
-1.3825532006022654
0.2036303212912739
-6.598689848954438
2.371996050150425
12.320587403172667
16.336019275311
17.649411085114966
29.514222378547174
4.854924774538883
-24.22129174948164
9.504873275374422
3.749642650910204
16.542114544498485
0.7921456315598506
1.7351971127133048
-10.14344917160939
-9.69620389472548
-3.1867761687376728
-13.344864926621806
2.969618932935456
-2.6528746655974214
4.077259089089781
17.504810532373195
16.375995222128395
11.455603960773553
-2.1921613156634105
7.068022532037152
-2.841183653023707
15.819872408458009
0.09260888774621227
-4.591667285213876
12.742627537119892
-10.05811229935728
-4.403054008103426
-14.820080242171096
-2.6520833142118083
-5.711231863455138
-3.7194330356922873
-16.628977242437553
-9.127047928263384
-20.051004193279468
-7.930941930527494
4.0514604637094065
19.52645399049229
14.264565496774528
11.565388316995472
13.262352801057654
-1.3451655894413796
-0.8791828411125294
-1.1346873946337166
-0.718673527590441
-12.512627134412305
-12.124110348044336
-3.16711885252806
-2.4960575440974004
-13.779588672160198
-16.167520635950197
-14.512320982182956
-15.146000069946972
0.9829883514649008
-3.6151988448647634
-13.284204980678995
-8.873177001296773
3.384247194584136
2.389627660516044
3.01368209639003
-12.105419727862506
-17.24761887774671
-23.851567371141638
-15.72029660330236
-22.267564208515868
-22.928699414149648
-21.136652675914927
-10.161508628512742
-6.483953856037114
-5.746551530534169
-6.136748841415273
-2.644816413706752
0.6710667820013431
0.762697748880955
15.489708405846095
2.419050655145477
6.547754326986791
-33.26884524012926
-41.83467536493009
-28.68351920362247
-31.95782688104277
-18.290144224251865
-18.608738621157922
-22.45326041021655
-10.90157838429898
-3.837342925106952
-11.283489492986154
-16.100195333216472
6.297748820190108
10.021627067198
-7.697825270589267
1.1207578286746769
4.255157593972264
2.7640074150380283
-3.4473497323357902
-3.975333840159831
-17.502984162504735
-1.2067777172758185
6.118520956319213
14.063056995934085
1.7647045088129856
-0.9308201498391542
-0.41127580595712604
-4.565864423308251
1.701757901359119
-8.990922565313108
-11.881039798065162
-11.937945792691634
-19.773164335633822
-20.043995505966425
-7.429617352824081
-7.309974215317423
3.8041603217806657
-4.618176045568877
1.9260103517078324
8.3482866099043
-3.7764808650985198
-25.098343528886968
-30.29017636290483
-17.432642178575822
-11.894797322202535
-9.45878343820147
-5.653542682284299
13.138294998607016
6.358399466511012
2.4856317911190526
1.7707662856889357
12.393948091551172
4.839257328079911
4.44760797109007
13.465100707046714
18.34296098067545
1.7777860353853971
-0.3747588837086396
3.641538877694281
11.855956913621542
18.336403909531434
12.228725025154128
29.474997050365307
21.439002774455695
13.832123899799145
18.694537767209024
27.074102869639344
24.225410936644412
8.52991202096065
12.072997847392047
2.7277229722358136
3.2840098568037814
10.367966511952636
13.89150920884173
-5.054395832184278
8.788697646805739
-4.951110345078675
7.3487818176898845
8.342536700627623
6.21451442959651
7.071629776924191
1.9650729761699377
7.02043590079667
-10.058939110145982
-0.3765011136808394
1.4442944297294444
-4.098865376875781
-10.83895832606951
-22.77696599312795
-32.63093832077263
-58.234899954782655
-31.93012840860109
-21.949625026951715
-26.993160904582464
-20.859987616321867
-16.794151110869354
-11.833706091271514
-12.360081478880682
-22.294654562438932
-15.153831231534948
-20.862704962197572
-20.588675444264734
-16.8511853747774
-28.839036427186226
-20.804891913765395
-23.908120331865515
-22.667918428225235
-1.1858069753537002
-1.1911957866425296
8.175865993464134
-0.9539483598680892
8.38647539505716
10.492585653985524
14.099304495704846
11.405428822423382
12.200037028426372
5.343220823714552
9.069677111089748
9.734228113064843
7.697454142603352
10.667277365416943
10.952582000484442
6.442823106804043
19.33424366913447
9.420945256412528
16.368971907427348
