11.461207667867214
24.679500449547554
17.99984027481319
22.450899820782045
6.7159312783867255
8.532435263700473
6.347812750706741
25.18701681839297
23.515453034200732
-5.273879212809853
2.80645944218746
3.9821596580598895
-7.243794761493801
-4.503933436855647
-27.534444730329515
-25.216768899497374
-29.499010390888323
-26.45670032817605
-30.060899413019506
-27.640247333523703
-26.671524502725827
-27.67874861926257
-31.234424720501213
-12.636359692935605
-23.27363392539717
-28.706981733559502
-19.008745582784385
-17.102661639446424
-14.177525913976016
-15.927793106970984
-15.59588613214933
-11.46831925705573
-2.153175162398444
-21.253414063247334
-22.02327463584939
-13.585388216741594
-25.17021517668697
-16.592183030293718
-15.687797766181125
-17.341746027491514
-18.147732800591985
-7.079902962498138
-15.254778376574075
-5.298427945074142
11.567764001533241
6.357101212617106
13.084856600452445
-10.427629302604037
-4.245645151227471
-33.045518519769445
-29.56188609492229
-27.429886550350698
-34.26683971654137
-29.139857989999822
-15.344593223707685
-37.854134340916936
-17.59293669715629
-19.814154385442787
-23.84785400215054
-4.5089981032898505
-6.3061148235094215
-8.424447566561996
0.3731240715942892
19.419686676097943
-3.1606035709866567
1.2209368676285055
10.906297450436462
23.17323693320549
8.913332233182501
15.504234057707935
1.0804336162057562
-17.224117439455306
-14.980190198568963
-8.036563696921855
-16.76678883993986
-4.1852967858846055
7.576402485436591
25.69678287111929
28.083789629531413
16.653311281924545
10.848059668826599
11.823955533062206
3.5295272754772595
-4.706414770022149
-9.022885174064626
-15.392749975601575
-6.600655662243847
-15.401768798710506
-5.916454760580391
-10.885153607136766
17.968433238565606
4.660990434650613
19.385860443379173
-6.712080214917925
-12.494876945562325
1.1047639725139182
9.477346794926328
3.841323019542757
-5.846092319830046
-6.591538676170558
-3.93197470657516
0.14855015892008056
-20.022205007656428
-31.572831482965263
-28.83076586833336
-24.05649597083968
-18.08072429848671
-28.766622407389512
-33.301366848912224
-50.87513904699581
-54.81444147102157
-34.04118748447752
3.8550297896572783
1.1536652048868068
-1.5035382614262458
9.466265342779275
-6.395754817833537
-3.969317281448119
-8.187427542529992
-10.278193868661184
-18.682952424247443
-6.5860448556845474
-10.289433622966703
-2.7218610073829352
-11.421896838605509
-2.066321500898499
-0.4880997358845916
-3.5178133014172612
-6.369053650200831
-15.048810848134217
-15.725758486800268
-20.691005387731973
-28.815911971239824
-9.59563910584744
-4.422076689072449
-5.44105939474877
-5.6700484928914126
-4.548422856140571
11.770612979077857
12.463084557405601
22.45138355567945
22.694654820335142
18.46813330154038
12.439510442802938
23.18290331338593
5.192606038053708
-3.3531745489925227
-6.3478384616518095
-5.121743668073247
-4.849238790771934
2.9457886048616477
6.4419551840896325
3.177433607133283
-4.044533085476932
-4.9014324148426835
5.719110032865577
-1.139343167881626
-7.312012366486704
0.675935840521109
4.813919503011843
-8.049461724058014
-9.747017914472627
-11.390459196146564
-6.141386199673186
-1.9563576707727808
-16.82597387276822
-19.882813211206482
-11.550441942955887
-7.767498020650308
0.14333930335441314
3.3637206464056315
-10.625714962801863
-5.4053923595974185
0.15861441446075772
-6.948901996796912
0.5938754241411203
-15.67205593576108
-6.165386393443214
-9.533415896918036
1.318691614945269
6.801827478306367
-3.252720507773565
-10.079065483345572
5.072525530665222
5.9457233013187265
25.897225233357833
14.160286655548436
9.402073923675378
4.5677102023721625
3.4804704257291488
-3.1525683293173814
5.296458275365769
8.8664574781126
3.1798151935317134
-14.538216890652945
-4.881527565320517
-21.15112953786861
-22.291146813479997
-20.935900805782442
-34.995371182243964
-40.23327626186777
-42.211210447439505
-37.62690458743755
-28.76318824083332
-38.3441953625859
-41.87562294778546
-24.025855167402398
-17.77941763138076
-16.068382593499667
-18.272955239650155
-18.738629391754078
-18.238433678116557
-28.292560591144834
-22.054916596810173
-16.191897637342908
0.13012746782454707
-6.317681392272055
3.5561201373348905
-16.782466101156
-13.013465823589806
-7.707043063328393
-14.721319755069795
-29.51282242226745
-3.3587435225641733
4.8113724322739735
-7.183445026997219
-5.289432456089961
-7.101596714599356
1.8727684220458385
-10.278359420385222
10.392666490676396
-22.5559504766013
-12.729276317796408
-1.6594840962303892
-3.968341109452247
3.64487063529977
9.628102959959943
-0.9099208028311964
-4.0038569922933975
-2.0892579528181336
