9.018605983256178
5.0895429350379855
12.169253203098869
6.910805208205447
8.726837897882676
13.302016883586502
5.656761946719213
11.059009760269332
14.43834840530631
11.892034359321068
9.094237336949774
14.135404858730789
12.510834171009725
19.013656840844806
11.120736022142653
29.21233526571189
24.276411690637325
18.029606796030272
16.017923157196574
1.9720574659759336
-16.412408553361413
-23.674852315637487
-14.425865767026524
-6.157503243736434
-6.319710386207341
-5.4078345637606
1.4352383063483272
-6.208419033957808
-6.664060109279138
-8.24260539257929
-14.533686377281
-19.487633838273357
-15.278240919071925
-12.53051341614566
-9.032909727268503
-10.94941787967357
-25.03185065862664
-15.845373523738676
-27.221851718496424
-25.258043171424298
-32.647986046653706
-36.164106094757685
-22.70647410849068
-24.226908465118562
-25.48273279253083
-18.375813956835717
-13.732104903944762
-6.484517345034987
-25.379510731843986
-24.079453715829487
-6.533955186269295
-0.7904884362786057
7.339794643695173
-4.9810581318499585
-19.86571750898186
-30.117885052769193
-27.57885013557037
-23.090619633731066
-17.8626153239292
-11.57305473673351
-18.336206045892943
-16.885441616639227
-12.170924463720045
-10.007251850319843
-0.7820572055588324
3.2373178771947835
-11.980930239422028
-13.775015331448586
-13.925629252040567
-3.5189065358707814
-4.801370508122944
-24.614313186891078
-23.70708550831723
-25.334145509468474
-44.489882454176524
-39.532834838097024
-28.35859057967733
-50.466564717084324
-51.98603820495692
-29.634268414690336
-26.15570402914317
-33.71036026012058
-48.79773808650668
-50.82161702403675
-42.07083803031768
-29.729064186180025
-21.17027141213953
-20.45408590416611
-19.51767448925665
-17.420217586072887
-29.98513601593916
-29.91983660965304
-29.752453378577858
-27.26992887467276
5.171203647676894
9.300747982669183
-5.4542726916159605
-0.973048657955273
7.9595260202138345
-5.326683952786157
10.824953704982375
7.086248895166398
11.850727926108645
12.243787892030475
-0.18884203070973574
-7.6370974768236755
-20.16831646199815
-8.505847476571772
-20.553564717642004
-22.930546262836838
-22.220131433809463
-25.939140534514408
-25.383955851290327
-29.730173619084805
-31.827088186933125
-27.058009905048262
-13.042262729982019
-11.021336354151714
-7.654546132248014
-14.08534675263074
-7.743571696797407
1.5179645298741211
14.837050221690712
7.143688167770883
7.2768175824555135
18.154807964428095
0.5186633033975185
1.5810130327254928
-20.12908471436099
-19.45404746157039
8.054565707618021
12.105292304718091
3.9081995625614896
5.009606166743294
7.348164894173465
3.5332686402918765
-5.440219357788018
-15.880967537941125
-16.111636136328546
-10.43935785306066
-20.49048131227411
-4.466052991010171
-6.826823961861066
-4.953502499341156
12.243180117404115
6.600710325953378
3.684692051707125
1.9108941772830472
-8.153941386913825
-20.659156748048414
-31.611888031556106
-30.89578836308939
-28.385645433433062
-23.65577018923532
-29.19711622290372
-25.087921717667772
-11.45984106427314
-7.750471207095251
-30.90536749777524
-11.210065198340278
-7.912423601026084
-15.124977059690352
-41.117905544842685
-30.77138787498797
-18.25996273724165
-5.857127635381571
0.11769177554266122
-7.6311825491530785
-3.2546683327544272
-12.848642058672604
-18.543142953897647
-24.825409872234893
-18.925812333536246
-3.0746271338212647
-1.3776106008228666
6.169716309063188
-2.8389700419073933
1.817550330279108
-15.653060039471205
-18.9271718453421
-14.752008231018252
-12.699096907653171
-11.303082715276293
-10.331626468441144
-9.154479581249296
-2.355360226926664
-11.136121752206854
-9.4323034076624
-1.8211553368372015
-9.290004558622464
-23.83421478209648
-35.03694154329548
-29.711254785501204
-41.50428972118615
-37.67010960395661
-43.26622774367328
-39.74894813370325
-38.61744541242775
-32.521947800996834
-35.5921275512398
-37.658142332177725
-28.96633805959131
-35.178045683154586
-37.299579083536436
-26.452070316109037
-22.283780326153803
-11.003683516706808
-6.865081815175003
-8.60799705407879
-5.775357399899822
-3.688032074105656
-23.539622650533747
-22.03205466816204
-15.468845426741192
-24.680050739541844
-24.249595094362586
-30.211195317018
-23.06881450395321
-22.67981489490433
-17.431063453477936
-11.62351690749867
-3.8371531530876237
2.333638966603868
-1.1098366176091656
-11.50822687079672
-18.34791835996451
-8.707349966830304
-4.0117946447740565
-5.796273916903104
-12.240589224576574
0.6991298231777583
-9.848142662700964
-20.642753410815068
-10.44964145761884
-17.73045278231866
-21.546248828775347
-9.927817912901212
2.148221383058464
-3.6237770683736574
-6.825025995039455
-18.750109466408333
-34.66728253416385
-15.06491497628443
-15.414383159280845
-8.041398121972245
-27.621636626450382
-26.601835568185873
-21.857481691575078
-17.818519683774067
-31.10365039420325
-30.00962179180665
-25.398330768194427
-19.126292395406857
-19.896962958045734
-23.232776616710037
-22.820792359912407
-20.738734047347773
-25.510320084716568
-27.49643824929585
-27.774929035471377
-34.99251175565534
-25.01159084278571
-27.10648362547144
-14.273217609332967
-21.073809524795273
-18.07795241665643
-9.92916964425742
-18.487103221477344
-12.829503883732595
-26.89335374348989
-24.60679228380733
-20.56958668774231
-29.15761484632837
-7.281480417510799
-14.326436490268314
-26.350442302165703
-20.175883689874038
-10.603331863935452
-12.108592382416331
-14.495110634589937
-2.6685923598781884
-5.679734378473741
1.5674632790255614
9.170961412694806
9.556860450030149
