0.8787252721638961
4.648417482090483
-16.323641190109587
-3.3251484339118287
-5.591685624437571
-9.856337153866336
-19.488379379380127
-18.372766697273843
-12.529591455682144
-4.848629230179208
-27.187255245673366
-23.103631604860244
-18.77354415321734
-15.522546574402034
-28.413892114379284
-43.96992720508836
-18.243842644695583
-20.792468727055578
-24.910673308610285
-1.799454466802609
-8.347671747252832
-1.4104089370137312
-19.93211005717348
-6.947405532664332
14.931201490588453
5.772226045474901
6.268949933461203
-7.463387808293866
-12.280562968537595
-14.749341762038393
-15.341622483960705
-6.401142242305298
-10.961613471987652
-20.67642307820392
-19.38705051191014
-6.678537208772423
-4.247475226917931
-2.4423766979793418
-21.16118653657253
7.792612805448995
13.258000482265153
13.064934541672661
7.273457259702113
-6.840295674119912
-29.30594274862865
-31.050865240067743
-28.359057118331762
-18.391985869943976
-11.834310839109962
-18.765807842884588
-16.755237251666276
-20.966864816869982
-14.663364213857152
-12.486468014349793
-14.324703055974481
-21.842103404425302
-17.045040901803308
-19.22042642982932
-16.660593364643056
-9.528209285429464
-10.803178880740532
-12.401680303777432
-18.812497206163552
-13.276923605310175
-22.87792878285501
-28.804195004427925
-33.12385571078046
-31.218469547240552
-34.82864237138218
-29.332956811058523
-20.230905812329823
-12.793820901637009
-22.470828553989872
-27.55107746295739
-18.88175154472685
-21.651142250619746
-26.856294797920622
-19.7962596705098
-17.50063957033108
-18.812466365752357
-24.7113085662531
-18.907253470466657
-3.1908601677374686
-10.079620203814986
-9.562314772948922
-21.354178077084075
9.126462648973568
-23.818769476289567
-7.298099290300485
-2.6781707698728456
-9.84537670485124
-23.50119567481147
-10.43134200942508
-13.337942830427242
-3.652690799555978
-3.1644137923844684
3.6214195761111534
3.6406457607444
7.8993634508302195
15.853633599167447
-3.560527360458269
3.561622157887045
0.14039770716016778
-5.229019260992028
-0.17372737034689406
-9.683895156638057
-6.221122653503499
-4.825695893392095
-5.321324451238124
-11.000157701978283
-23.91253962744997
-16.2898250527135
-13.534833140408823
-8.272722220256808
-9.938171457169489
-14.40330218747556
-27.597153424901837
-3.5583801083905957
-0.25295524068586545
-1.7466637281678548
-7.936501702340426
-4.376718020476553
-5.5282302418820635
-5.405974553914782
18.974806192081374
-3.7193866405822753
6.2837494622328665
10.001841945750435
-1.4143818483964543
-6.121635234249327
-9.180166038153107
-4.207832115925799
-25.149493367493214
-25.45760093189679
-32.06100619933699
-33.39347509364833
-20.363969670524327
-6.768600458763666
-10.663735221907151
-28.587389246073922
-31.239720540620237
-21.952105629021908
-27.27598898395119
-16.933394961421005
-11.773957670291152
-5.680679633737081
-18.43593215858783
-18.984666197494512
-10.23741163269751
-9.907672818240187
-14.965593812388766
-6.38500487684933
-7.5767791914204725
-16.136528880644182
-15.746919791122053
-9.984260979099307
-2.7391535737542485
-5.053523383844973
-5.356110843035722
-21.548348922653908
-12.66861856386508
-3.4729943614281558
-5.1380712727792845
-14.151302527192998
-19.99853118421289
-18.29821703369696
-18.104580319914714
-17.718331125684177
-5.867305556586113
-4.726401167352316
-15.55133293541174
-9.453512678491412
-2.6615435201361266
-0.9455803677407976
11.896540779625257
17.565164625795386
20.164346920696925
-7.529147514807261
13.680811087868975
9.75025650761285
10.933846803671004
-4.621534387109591
-7.103864685314231
10.850373407706094
10.761713793884132
0.5391094845197831
-29.772589404122662
-27.99754884058277
-19.667503369702967
-20.08202411087441
-15.894169702702026
-11.903516809985227
-18.171482676021572
-1.4443909254708884
-15.64321335071696
