14.228673810768786
15.374020521649154
17.549334157827104
-1.2998158159137163
-12.131954076378193
-8.334448495094586
-13.314611841381387
-1.7506233058945568
-0.8956350133837687
-2.4378979341743565
-7.0111053802769545
-8.02541986489391
-6.6852426721946445
-0.7167109705838095
4.854627120853891
-1.499959501085045
-19.737092027383653
-9.513321019806911
-10.260586497876892
-14.684405569078073
-11.26398299070509
-4.551888890817246
-2.8199892723809823
-0.5881054386139901
-9.693000377421953
-9.08298507479609
2.0943215734933665
6.874541983323069
-1.6593165226143327
-14.202697753892592
-12.928905928851925
-12.457691618164333
-19.823953825923873
-14.8378354097204
-1.3342613421853031
1.8650377140680456
7.062970224203975
10.585453598568078
10.387345419605829
5.731179436452772
0.713730218767598
-2.41932608990945
3.0376886794596296
0.16632032037176706
3.1146821807124625
10.317315508073976
6.076120711182664
0.8126632147790912
-2.610472118792322
-1.2446426996848297
-0.14431738912578335
-2.1065588232233976
-6.343152232254357
-8.442165879781845
-4.637503776740599
-5.22383671923082
-12.039206639721348
-9.871195637796811
-18.385361177529873
-28.689972744312467
-12.788393989032517
-22.516435429605032
-25.138293563839692
-24.795455580389586
-28.699045065359716
-27.69315994721707
-26.200095278242546
-30.454765880718735
-24.51489744102293
-41.347258762437356
-42.908768889310096
-27.273868930231124
-5.987114220945611
-9.883883802014019
-21.22916358117284
-9.832928398634813
-10.704084112800963
-6.8669410677621565
3.9123693272898232
10.4705704128211
22.057248271955533
25.436151407129003
18.97490104721244
23.118023405551877
21.70902541832012
-6.515946856753813
2.375322331017147
-3.9365125902468874
-29.62259347437354
-30.10899270538773
-23.79713711260917
-22.68524542304277
-12.529671981689624
-10.489292066504305
-19.37189082836682
-17.932195906306287
-15.376719793124751
-14.87159236170738
-12.679854269918938
-13.115387348920615
6.778022761652486
-5.614808313252494
-25.025415067123667
-22.58233729107102
-29.28326506832316
-22.992805496041413
-19.23942384801332
-16.662895088804742
-15.312078913356494
-31.491025112921072
-28.023928265561036
-17.507320892096967
-19.097757716286328
-14.97899899316339
-14.884349057766082
-33.141608228906954
-37.45134256535175
-25.066828992368908
-10.656356879274805
-9.744042238392256
-14.466425852072197
-17.273506859760776
-28.670035019289728
-46.237766143168656
-33.10673108555581
-17.705537026323107
-18.311613340067762
-13.405274124418126
-7.74513637582214
-3.958499392547382
-15.713820793591212
-17.06930220272761
-20.23113930229408
-14.970878023928163
-12.77584934677092
-7.850694681835653
-19.232653543906352
-16.798871602155767
-18.59702065225002
-12.564882354717483
-18.4952622374684
-13.315426370476795
3.143101255941405
-15.274513063625653
-11.554028446304722
-5.195405969406189
3.9358090777204073
-6.369288451463622
-7.154816533695732
0.31887484114926895
-13.713450002308145
-23.297215378012012
-28.988355448443297
-33.968431360883066
-35.73808420672199
-33.01283259254839
-16.003752047148108
6.895463601993643
-2.972709071327297
-8.17994278439123
18.716242310657602
12.9600266357233
-11.5052173499577
-22.174546159589553
-22.61982837053325
-28.89039480919971
-27.01583234269283
-26.139211447766147
-27.774287525831
-21.91638622445145
-19.46719403639329
-13.821110631242894
-6.9094309369902955
2.827372921776205
7.88143881144941
6.1241661277643695
9.283568527885674
2.974302273281728
0.6359214266539654
7.776410493172707
15.043364349791654
6.633223549951887
6.864112082088847
-6.3806962074981115
2.0853416984696183
-1.5168886125137764
0.19957436424276173
3.8244104083915533
6.488600253183567
2.2241945277174744
2.681246168434395
-0.2915843625631472
-0.7332175211752417
3.9366926447693262
-2.873547476985463
-2.045899633301908
8.18903196644293
19.055912538411476
-13.5885052084079
-8.215984518537564
16.654243168825847
-1.7963675408756083
1.3494716627529653
-9.152017374290498
-0.14790897735202818
9.226845266908466
1.326451144541066
5.1683404365531995
0.17350592722530933
6.157395508244821
-1.970316119551488
6.263789890780528
-2.7861286800845897
-2.6231915828861654
-3.812893439508013
2.8122159682447827
