-3.757119143694808
-14.161875434509454
-6.535762348887807
-11.599493304584033
-7.723505488152424
-23.577210981709737
-20.64497633663605
-17.75188721029155
-23.867253741524078
-28.19216115432231
-26.875509178414656
-27.303383001467694
-40.53138426833436
-23.822871094720675
-21.464227313136124
-23.22695288847619
-34.922930286695376
-25.037669662457336
-34.52483644857445
-52.4839753153263
-52.39610481438043
-32.04778318295509
-30.008064282436038
-28.24288519732626
-17.042002672811282
-12.271665789429774
-14.046764361154182
-9.954150617547633
-8.597756380277444
-15.078329169373387
-26.23705347923484
-40.649138877953426
-38.97545205062577
-31.259171818580853
-30.83050951543743
-24.838875970423608
-15.371746476478656
-14.777528123233116
-3.4637151090396316
-4.427582531399573
-9.400925735572004
-9.657975125893255
-1.2889305821687966
2.6317987313706497
-14.514959387993366
-11.141083565861123
-7.166612062532809
-16.934836382016485
-23.36142922918016
-29.190920955021504
-25.887945683819684
-24.60158599092857
-34.35421273008522
-38.44164977506735
-27.76697576801359
-27.261332693773102
-31.03781905474189
-34.89557408308367
-32.143244329427645
-33.29632780305868
-28.33414831585791
-23.27697360210198
-25.104875893569172
-25.017719028359004
-28.632882459162367
-15.919248892562013
3.775254997125443
0.14880811592068044
-0.7749578943267923
5.033637713826794
-10.954381577026252
14.059414568206199
0.4480698189450223
8.068403790359937
-3.198167370988976
12.521266528317245
17.735514188014157
6.559307944110055
11.35335525974135
6.060159001192472
2.9780640577428312
-5.6799318921645625
19.60975193231723
-0.6348745006139488
-0.9594172507660356
-0.8635035337815969
1.7050582824592695
-6.407525470474156
3.5913228081170128
18.590330589701146
14.045976051082555
4.789180433290823
-5.231554201866415
-3.053698944670416
8.832762541486495
-1.5436926645445843
-1.7800351278655857
3.862843067126269
3.8737402890632775
22.750788682166416
12.744810366840014
0.4371390337231375
-1.491137754958075
-8.543675084220004
-10.713155682741453
-11.819709033850836
-7.727821772147133
-1.3542446695105188
-9.15923086634411
1.3897772075044537
5.621585724290688
11.922366363899933
18.992111518933353
7.609978655445089
4.921366101001116
-15.826025910158592
-21.669631954113928
-24.83601333431881
-12.026630643134416
-15.961456919754927
-22.409257767284974
-10.246208907506306
-7.891064934635779
-27.239501404908843
-28.582000283285197
-16.600910255627145
-19.830642160581526
-10.330190978637571
-10.89528639562139
-24.97786702803617
-27.34413897601097
-14.848015822241287
-28.831839836013433
-39.582509211755394
-34.52772736635364
-25.33076428884413
-22.167446252224863
-4.7846431793233775
1.025818854159518
-6.483487462802239
-7.6932763667235236
-3.3979913155607955
-15.390019818275476
-19.526741824684283
-22.609728110491147
-32.07383404153218
-3.8491196285487694
5.534069087247231
28.280823251402225
14.280715412032428
11.82608664848451
5.362718172027559
4.813825906882924
-6.291089252420533
8.27380433634835
8.311662272855607
-1.4516274140184384
11.461359914316606
14.895586716722624
-9.159213031918569
-10.879275567522326
-16.32266380701824
-15.723301237378953
-18.362504924699454
-28.782063250714675
-33.97102818742053
-45.37703536097765
-30.080140395150746
-34.11386957666566
-32.09812163575005
-34.336699264298765
-34.92129619295733
-21.380200668747246
-7.1931515458989885
-20.263800160397548
-22.727364539568377
-22.68846955533505
-23.152061201089786
-15.736286983766902
5.662827156491782
8.190060505814685
-4.984161826466793
-7.695696301221647
2.981197646393206
3.6094173673549377
-1.507263928118845
-6.2184722742329175
-8.129629788835008
-10.008875827913757
-15.07402237412332
-7.048373651507381
-5.247966631502581
-8.96226914265893
-16.958363606851222
-19.74921050676079
-10.074077820709617
-8.825298051789144
-4.4655376850077255
-22.699918936961986
-21.560255373884225
-13.111539842247927
-19.62615652982144
-32.89815038345818
-33.64992533289899
-31.759806650460515
-11.43583624098374
1.1261352417259491
-9.472787020334133
-12.743580962899337
-21.102696606058704
-22.001734748126946
-19.907179344658946
-17.502285314992516
-20.840983554878946
1.3880334763112072
-0.6418915633027441
-11.328166281849727
-13.940419231484885
-13.016376108274768
-0.10341961453051893
