19.73499651516495
-6.286124992400963
-0.6916577459595168
8.984070113142732
20.042765751636537
9.307431312017762
-10.09000027558385
-13.297300370770511
-15.149074596442798
-19.948704185590092
-18.21077745818036
-14.140017310248751
-16.579096008131405
-21.866488976816782
-14.241140957806751
-14.745348419490472
-14.398057763647056
-5.145746972441211
-8.112492142252396
-5.719156378471534
-5.066081757342415
-10.386662361271707
-9.432986885662592
3.0838212433078405
-3.263075042395855
-2.9636422459467555
-8.03425558256198
-20.40885830178019
-20.187496706465065
-19.10451724289975
-2.057765740110106
-10.367169359972086
8.597340677533342
6.150103831505502
13.98892841595001
1.5566216848892622
5.10360411361355
-5.1060779323255625
-6.527908352076434
-0.08321686522074162
-12.866519658079989
-11.738373387159509
-10.637552094964057
-10.684377531439132
-6.388776647345329
-4.580222096643508
17.258043511737593
14.039489910242436
-1.0653101705995118
7.147308200370048
-4.8248011887959965
4.1240676552930715
23.689213772834787
1.4281157930633963
7.8794622971492
8.933346950188383
-11.335018098856507
4.692463840557684
-0.34760161639151194
-9.412672397185807
-13.986912682046945
-19.515635727589096
-10.460215461858176
10.684145766272367
-6.8149030816485405
-9.69305385900201
-24.347248415896157
-25.456739018057394
-34.27164888970038
-27.684477015208873
-1.3484964194524771
-12.767656217356349
-4.221706488970888
-2.808778813191284
-2.481308229505501
-14.415055997198472
-20.490950320229878
-15.38374293377226
-4.889128224087591
4.8445873005009625
21.533037449703713
13.732951678733507
31.321193037376947
17.452423186072195
14.863564433578329
5.149036632261727
-0.04142079894573608
3.5613327507942785
6.1960353673160435
2.3314936294339232
6.490103642836348
7.9737858448533405
8.865591312270594
1.524128490305809
13.637703396696454
6.589151269846751
1.5122364317214751
11.447395696526694
9.885663753388659
6.36439462838535
6.310720263143178
0.2890644439054552
3.6441291312739312
10.084433260754052
3.0780600052616487
-2.849801619644845
-7.1471889573269145
-11.43914227847888
-5.977473544178394
-12.893416741443193
-5.777474755201175
-14.185796497100947
-29.70457983632237
-23.481111748328328
-1.2444718158473786
0.907028115985311
-20.371874771240044
-5.057654357517596
-14.779222133266769
-14.796770847314052
-14.113130472662858
-22.880926324340443
-16.64939307281912
-14.937259202408832
4.927891243002361
8.230217409165004
21.669312225882532
24.131685522432537
26.954716948591877
14.094510933604194
2.5763166331916323
10.766035877803505
10.247531129964633
-13.581540258722866
-20.1286816245737
-28.8793393193992
-42.592935600664184
-36.50990910398325
-32.208531834987184
-38.41661278685993
-28.00196776568679
-27.346229111087
-31.49175656509207
-30.858389745648264
-22.948689563446106
-24.571289538238567
-24.64039294921249
-21.262190291767467
-31.46997991461667
-3.0137526528965446
1.8696370435659424
6.231779176697802
14.020883853151494
29.11960621632316
15.493400044886824
-0.7199741454769101
-7.807743395469112
-2.375267132649445
0.3475744439532431
-2.5881655922836737
7.3981303038716675
-10.98071849765806
4.997514132011787
10.719125111229193
8.335817360770708
27.81849796220832
0.9478495515638284
-0.4736341106735995
-0.9361628350935344
-5.643890263112848
1.2085336491420628
-6.387947146970034
-3.1810519418552783
-15.433528636845656
-9.644155549369652
-8.695809311351104
-3.8792700523451984
-8.09920180741338
-6.107475339435577
-5.548062228566653
4.003891301695183
3.3016845745249244
-4.964156260833144
-6.072882040020231
-13.615221850085922
-4.093152687852196
-2.898394408331674
-24.00409136415637
-10.337568737353976
-6.8838307188578565
-9.996450284191397
-3.3321992695702
10.685711558907306
3.9073627421186634
6.7535466544018306
-2.1118373955676506
8.018431546381763
8.71428524222296
4.600700551535378
