5.592529010489883
-3.9716023261666087
14.344332088754365
3.4858104619239034
13.940189909864669
15.897162048857755
14.084615288511946
13.623203166718366
-2.3644587427138646
-9.646368331611331
-4.356077633854283
-5.249260552199755
-10.953011477784543
-29.871418420867
-17.749524266327082
-0.11605792281822455
8.11013634877011
11.695184048277913
0.6424883778016134
10.650813195583254
13.60125601742712
33.67948537493182
18.986389419412557
9.877766989670175
15.02734887342332
5.369787972298717
1.4818805110550062
5.853530982302724
-13.469606722957936
-15.8622668914859
-18.057500562271983
-11.76198699298374
-9.517921274372831
-9.203543336671633
-2.78884213396767
4.561750297311677
16.5668542610897
18.09080349307049
2.287137561336764
-9.396816829931431
-19.80240656260421
-18.03494226119632
-20.6066749745519
-14.458099815437205
-30.78780956796789
-31.2558687394129
-24.67896055478711
-10.373620542669686
-2.749759552182436
0.9339904980577612
-1.8510200097219525
4.780348479995679
-11.665296714556005
-5.011502209974688
-3.6625531938745937
15.547213424658954
3.9381446418534742
0.466582987107109
7.721693991851983
5.452156533270036
13.654866503803511
12.14898521099368
-0.8428473300142929
14.570592961439907
5.906715681260676
6.986519638079932
-1.5540421526656043
-15.036081929426755
-4.009263910371157
11.650442715677569
16.70674327162179
21.585493857809855
17.202779653494538
20.12055045223468
23.09413802106745
28.034013684358964
22.013043517329685
20.90382149302926
26.22791142110829
24.18441878327425
20.642518631711788
15.694419521040563
19.15531094491807
11.554990651774904
18.80869960336203
18.889277205656807
35.32369195104755
17.207886589377498
24.49169288114635
21.780654106295838
3.9716590572845343
4.446229442588503
2.4558140068484224
-10.59735330648226
-6.204850469656159
9.715759780237796
16.59794909914395
15.611103553961444
10.140296687126575
10.15626250574215
0.20026629072440072
-6.006421471975071
-6.806050319174245
-8.36897417684122
-10.03508175533502
-12.362621355777257
-9.139831160724011
-1.7794425455651324
-14.914432174272106
-15.709768312960849
-20.2750615083076
4.225329547807763
2.1417732927007957
2.024329030814004
-0.8347941911632186
5.550109151924602
-11.173808304140728
4.246474167377036
-2.462791167475862
3.734356970713833
2.9186254987254365
13.90676149252814
-3.1222875619700217
1.6132043341228146
9.871764185452696
1.997835023319068
-3.98887631248142
5.285269759760381
1.066933186521977
-4.931514920006734
0.963085421292444
0.4772295621870083
4.635557063189794
-2.8000688919179457
-9.63464160962575
7.588055235745727
2.4404543871291526
-6.233070597282814
-3.5028470437818964
-2.208474454926328
-6.349261353574783
-10.661409507469443
5.297437206971887
7.286765568237286
19.21024295290737
7.296465759347212
-2.854633499526121
-3.122959192278137
2.2275430584599536
7.622328091250473
3.9959617459266217
-17.862385285998663
-24.083507655448308
-23.90350677296833
-14.681128590504315
-17.637283663182412
-20.491366634771726
-19.993844428895017
-22.723579542187913
-23.986669618107967
-21.875998829199187
-4.511391537664772
-9.037309041595817
-8.426255008674476
-10.72215549696789
-1.4176997913069842
7.721668405105582
6.656204037235893
-11.621987576302375
-6.942611555244744
-7.265962733138838
-24.279405640418123
-14.511188367728836
-19.38670025241532
-22.383039543727474
-13.56915814423794
-8.423743241903226
-12.59093525669615
-0.02038016562969648
-11.361215491715846
-0.21464921251745644
-14.245938085402345
1.021397820513824
1.6969346702956103
-9.709233543752104
-2.704570724145646
-30.764870921417728
-18.13852124304095
-31.599687141656894
-25.537149918982387
-26.32931618306039
-31.414147092541317
-27.243495006764544
-29.05094560618811
-27.25688880157051
-32.81272135714178
-39.979317167450645
-30.963987766534828
-16.754592519344946
-22.69597751255048
-11.971343030610493
0.6650835944695557
11.716335721270768
-11.893293819644567
1.3257348993956215
4.270734639594832
13.650885969896722
9.682153776288695
3.519733692522436
11.922656673958551
10.724234142155003
4.060715407114697
8.393271481239262
11.542558801735012
2.4424953336860717
4.874346351865432
9.497011837199636
13.214780459952511
15.755312756842008
7.507826574137052
