-8.619754504659845
-9.864436699809827
-6.430941055702036
-6.501821302418669
-3.9950995393684248
-0.18472893041219832
6.322743402584348
16.91001029445446
-24.39825455607405
-20.258122592763698
-10.30057767918813
-9.425110212407327
-12.59943520623106
-21.96221532811903
-20.955854316400725
-21.713943893805407
-28.114330144392408
-14.468167609772177
-20.261501218308574
-18.43924073405376
-35.54318545593429
-31.78567403211387
-8.876739954473189
-4.844692235301163
-11.790069590311532
-22.05880036124096
-11.220054729041436
-3.9914107394372698
-16.80996157130727
-2.1373539134592416
-4.341245746312749
-5.623609251398012
-9.653652890275275
-4.924174452832999
-13.11067766282768
-1.2326089789540258
3.4142992785032096
4.138712831908658
-4.950324517831653
10.178780078646227
2.2404001025117792
4.937596979421107
2.4651859911758174
9.119167348701477
22.06882268345614
25.509223399927503
13.65385182512432
6.467096835302328
-4.224440174784327
-16.096229112378552
-6.4369185437154455
-24.675741363667232
-16.42429356114524
-11.214273456010073
-12.302473381215576
-10.023686073644614
-15.573726913340414
-21.890798643627488
-27.628721857099205
-26.386603660215396
-30.698729455376444
7.129892882184545
0.4949506228183249
1.4298324015941055
-2.8679383009426545
7.766407132493316
15.385582783511648
9.345694941901394
14.506074730975735
3.1911859694009332
14.370418722954446
20.05150257879733
30.850313330754517
28.912199395100842
9.039037674264119
14.327016556012506
9.051582373252211
11.863439076174211
4.04156216758539
-2.234707852820874
2.631429557889868
9.943216907592284
11.850703968415791
12.48946534379784
13.943166242518348
8.47044494256386
3.602430359118089
2.763190855278874
-4.486954267753875
-5.393347881163933
-1.6688147197755034
0.17131374153953532
-2.9932720334999905
6.551244119573719
-8.334529429121474
-3.392367184301851
-2.1240970359366087
-9.925480254818243
-14.996381314810654
-16.527923589081887
-19.440498078632462
-23.74260510265388
-22.057803715297872
-25.321070617595826
-20.136114473846032
-21.566840891428267
-22.52692920616547
-25.48038987448493
-24.85301373343421
-23.4176743427501
-18.4930784938493
-16.783859752690596
-12.63389032795288
-13.796815249669573
-30.951336934831115
-14.771161704827993
-13.448325910228697
-15.24693797274024
-20.280240994864148
-19.987014836373653
-23.46562916246397
-21.357368503476046
-23.92953255377676
-25.607864925812525
-25.295492455402645
-17.201824171648873
10.13049067416975
11.295419474664323
19.939450222473845
30.416897199903264
18.46084195953718
22.998950679816677
21.607097234015605
2.316675695446106
5.332807284481942
4.9057204559925545
-5.4110777056978
-20.54095771030585
-20.357086101345054
-1.8127319632495504
-6.598661773552247
-15.845673272412435
-15.64411322007818
2.412750135520707
4.736185789902711
1.1433110940354685
11.030188163882071
4.2629732236588325
3.6990073293135697
5.8229617910647
10.98518126998918
1.615662495610452
-4.939572782263993
-0.8531746714386503
21.211175837724692
6.779650525932832
-1.8405729008655047
-3.7128798625935415
9.111978028382321
-1.4374353385485057
-3.5918374306708065
