43.328024099965226
44.87401982243477
41.235078153856634
16.679822365738662
18.12363653208918
27.388664747680803
20.785413774302498
31.721454647845267
17.778195081296126
11.25361176805769
0.5721996196038448
-8.971327011344814
-7.586925323347037
-1.6607524271497285
-8.156024472437737
-7.451463164983549
4.975490058798373
1.3402752172429555
-3.6091359469214286
1.0548192700617205
-0.6310936418331815
15.410062362663902
8.020382327688472
-2.2362447472736533
9.195442711626011
3.1558075380504973
3.618459953349266
-16.351242407065488
-7.9736522947302015
2.373710467062505
-5.643540188582213
-16.903466606728472
-14.839986572732633
-6.1704240430589214
-4.258861484964978
-6.664374758702984
-2.557944454200591
3.1998704331811134
3.0923415849242635
-6.344350600988543
-11.821450795930145
-13.100055192050815
-17.756911981253726
-25.529112472324304
-28.63886169265801
-22.065918307191772
-16.05676572934674
-8.075810000801596
-23.414173544665662
-25.985796522344906
-35.0420833316165
-27.492348615314413
-35.04046562877655
-30.33421404200045
-38.95238930472645
-27.70739417342877
-36.72146500303187
-19.273934385821523
-7.906828678130777
-1.7908776456840632
-6.941007631889657
-0.8772183124421808
-18.34795658029801
-4.406313591347003
-9.747318947724226
-5.876274691677411
10.749271704933774
7.246860564641235
9.139151441734835
6.794036207207728
8.056187060842769
-3.626022317330337
-15.470034360658294
-25.37479445550477
-24.360294900973983
-21.626169360693652
-26.46373809261064
-17.795477957595967
-20.664812667617195
-21.129009479019068
-10.177750069487482
-6.992712080695335
2.8756909002464712
2.8848377120898183
-16.354958333902367
-5.421368578789517
-1.1498522738260801
-0.8383166287594893
2.204928469632103
2.503033983222604
-1.128073061387585
7.173202621636323
3.50321643291422
-8.96724144872298
-10.826621467144346
-4.759176169573392
-1.0285795943700589
-7.823800114840784
-9.933912871434233
-13.994532484426115
-3.6458815160651374
-4.849186518874858
-9.189080256916998
-10.424229684364876
-12.009593472081635
-10.25295858948656
-14.436385590360825
-22.378719130356835
-18.949363311724124
-13.120481445030329
-21.744863510123484
-18.83306960801118
-13.330892045941491
-7.4184812731425405
-7.241214556685134
-2.8895545295609075
-3.0432931758304145
-8.004885800253843
-7.258986218956131
-12.749365711195047
-14.550856746013045
-12.9405321291651
-9.558220999920817
-10.802375993796511
-20.76641161563097
-20.981200761909726
-19.97861638882388
-18.580100090097197
-27.257912676703143
-7.5653220574582445
-3.9926821163737314
-0.9253289045880752
4.2466303508422545
-3.5941094722934164
10.280302640755401
3.8725663695888457
-8.093112203982571
10.063381835836598
3.1665983746065947
-17.27941760976748
12.347418470559877
-1.6883307992690946
-8.793911753838081
-16.61089279417638
-14.583649654067123
-16.58674708447507
-17.701295513726553
-25.42522389764784
-18.205654084786847
-19.71176974072156
-19.413791955152128
-20.316815054758504
-30.16978217242047
-31.731709575724548
-35.80170230059781
-35.554579877924354
-30.713652501047502
-20.23508891065745
9.966871873414279
-10.297192759816637
7.436372839316863
10.632075415024726
6.22609390122249
13.531875684267948
4.4837897027641995
8.087462302972146
-7.073653824638513
5.461230549469821
0.6006419020567052
5.30524227870261
17.318970286230016
6.896312376954789
8.740142938219408
4.731398331281047
0.233229862307945
1.6931785005048718
-1.4968431240445943
5.258654834264289
-3.707081199081977
12.750224410994713
-1.2702594285444493
0.042126308308641
-14.272813024222643
-8.103357584057722
-12.226128255654425
-33.2729517126155
-33.08036702258884
-29.74242829175905
-17.7214501401925
-4.58046424374354
6.6831204338354615
0.23910373314823136
13.608680741640805
7.429392582377827
10.744018689575048
-7.898675189216638
-3.0231843762227486
-14.459734836669808
-20.33378050722709
-38.13738740921556
-38.986028583372466
-25.350158660740362
-29.091471650972988
-22.87418906291168
-17.825534994558467
-31.80628180937393
-35.78294085149199
-36.67620395536173
-37.11294324701305
-43.518332091980646
-29.82591889795567
-27.01611293343627
-36.8213094602841
-25.30577425146906
-23.76071226395413
-5.633833004220767
1.5625785563360663
0.28420217689501176
1.8695938475395064
2.2253444927751627
9.304241813482513
2.792948608712108
-4.23521234993161
7.353998704770621
8.425232903726174
5.777681983138947
1.2111197138771286
-0.3440498699661474
0.8442626753616055
-5.2590747830897335
-9.417890195240725
2.5836257124890305
-6.42064761412282
-18.43475764643308
