14.773602799599276
16.41486059284554
13.1645198049788
25.239670283055453
10.864523948798338
21.32849594685068
8.837355594569523
7.392983294915037
7.770319971038058
5.590949028854124
11.236729177282578
7.937943814182272
8.49033752027638
-4.7500267833416006
4.6527136424433095
0.637370096706894
8.695078761159367
12.928966906688403
3.9840047939009953
14.62101166225616
15.081192171048539
15.815779807893405
21.96902872703465
2.276062652637854
-5.172573927862121
-10.80598728914737
-9.000627327646995
-11.649004923478456
-11.853860860698813
-14.904970187491589
-19.988223758246264
-20.73399850890089
-19.01598597435645
-21.177335641732345
-16.575175256275653
-15.779790645639773
-21.39737554985159
-25.518620973547375
-14.184702180800764
-9.074461862546476
7.323076393349018
-15.496284192786643
-17.569308820344993
-6.4143918436218215
1.6063817532173057
8.802015781382684
5.200889395449405
9.59125035967994
9.04679153287502
-13.430932276751633
-14.021684725560085
-3.4842806931020904
-7.664935198581585
-5.0150974977754075
-10.761056049587872
-18.21801264082949
-20.457792813102483
-11.596295117496627
-17.115733801018976
-21.96957362968908
-23.1916856152574
-16.269082293389403
-19.932725930351886
-26.477149914967185
-16.953986528121202
-17.587124935926305
-17.301279368612338
-9.841514750032372
4.13667154277213
-8.381483572249449
-15.085669399272632
-15.132776096986566
-5.824322136883652
-9.353001187491463
-11.279814002527747
-5.402956978687007
2.0395781805578808
5.7459520502628285
13.751536093614648
6.172703481160347
13.083568178135927
8.564833741185714
5.885448692749297
5.2934277836686485
3.126492464719796
2.0560726196754353
8.754254696221112
4.844393739396092
-2.5425562544005853
-5.485591860675181
-9.071399776913472
9.645414652695273
14.268031711884255
-9.61161179604815
8.920270265633093
-1.635879088941924
6.9726538503143445
-8.245263198305624
7.696103034442179
9.224383161787296
13.565189824393675
16.594205376539822
29.590898767835
33.04747873305877
18.3914740759789
-4.542680047978665
7.637799587411193
10.293495375271362
-15.18766912847792
-10.225467648602693
-6.990778691487415
-7.328259222721167
0.5286906066607643
2.8468952800577414
-10.568638839882308
-17.015891810888387
-10.943511401558666
-2.5000975762555315
8.536156214704247
15.304899763600574
25.484819074975444
13.324331261685279
7.1496997245715015
5.05666334985166
-0.5021345680313173
-8.284935513239443
-13.77350094575318
-15.077084910028207
-10.418200829648091
-2.548738752587587
-1.6918482635183436
-12.856669308970936
1.8597247040131168
-6.766677215992706
-2.218760628578245
6.5543019879035676
1.7998224503302052
13.688793398605178
-1.7051828615384486
1.2750350404902038
-10.293471669696798
-19.47783272792888
-6.8695596300325406
-16.20465190094242
-10.453740722930208
-15.446807733544691
-14.263258261757114
-8.334509105991181
-11.858692805998402
-17.21940070861131
-14.078076036837773
-18.222238415912177
-17.08887127602635
-21.76181887577372
-21.893529440030605
-9.669767617463467
-9.600768705912634
-21.436084498434067
-1.2277282427489844
-3.5471831494830366
9.959630529459034
-1.36417661753516
0.4277458903005796
3.3161290815292794
-3.4437994037083066
12.093184854432053
0.16525401622311686
-4.012827348448741
-18.630251061183667
5.108177482635802
4.681125651042407
19.28636568468523
33.00119765278493
11.606071059733743
6.677734012408999
-7.474431392889424
4.060613283563374
-1.0775700217877109
-8.509087926613866
-24.31824914230752
-12.95190718564274
13.085141415887186
19.113583219692558
19.22839873575295
