-1.7655099918794324
-2.9658967330192247
0.6972607375346471
-17.439769280590582
-8.149780079824511
-8.419675568286781
-11.007401426111848
-19.83198055729817
-8.928572368537182
-17.693660487480958
-7.9430654244323495
-16.119514444622464
-21.94666158183095
-16.831714192270653
-17.973738887294896
-16.330419265099607
-7.74925211528662
-8.573982540698577
-8.388675192021706
-9.474839913226408
-17.926568528111893
-4.495134577951882
-4.155183472664989
-1.193232121584841
-9.276559748334211
-3.9264173830135376
-11.8885695188885
1.0098206138703871
-1.1718125561579096
9.724684390622356
8.26718396524545
-9.151821602693278
-8.867142993420774
-9.20670233728961
-0.8778074372524681
-3.8179901984514695
-3.0217952995936583
-5.319779293775628
-0.06037362371304261
1.7698877538564344
5.052544130829801
9.47802808184936
13.365649255900555
-4.513172236537876
11.521062420047839
14.999313357485912
15.053537827849812
6.155815699688947
3.033664635315199
5.73972707021528
13.729153423256376
-0.7918383024182967
13.963129544372823
0.87834916163088
-11.545223662184751
-4.544350703553328
-17.800885542198948
-0.08193305824485682
6.915797846006996
-1.9342743236865163
-8.647017160532535
-3.8015493638838382
-17.290100031598747
-27.66139801850007
-19.20879056492884
1.609515506195896
-15.429311735052226
-8.476694063452468
-3.617067875233967
-5.109760134153695
-8.189190349217101
2.6540086411176547
3.194635951003171
5.641226954314504
-6.37167415400931
4.506572305846759
-2.959018988504744
-18.014320454574875
-19.08440002350339
-29.683161839156536
-33.90072248998799
-12.907015696729419
-14.653001078145001
-7.8774473970939605
-23.155916781142782
-14.368337175871034
-14.443600661407444
-27.965969230614082
-0.4159546439928655
2.8172264675273664
3.556125511473061
1.684757639682832
3.9990702627413612
-0.1969309762729496
3.6437236359791516
-0.6913019113531023
-12.087630974412033
-8.718709746510347
-7.9906249473320745
2.8309295989228302
2.2687756417972214
12.889238202700353
20.557166629750995
24.638906376021858
26.012693281585868
18.80055273708121
13.019430855275893
-4.542383839351207
1.6606608584739333
10.102701925771226
-1.9087626707315004
-7.58381683809683
-3.4186704595302677
3.24579479711353
2.647510710600716
4.880090245200068
-5.8082524450924735
-8.845665903623898
-21.314508725266688
-13.548095921085196
1.3097608041711344
-3.698256291504201
-14.818985412263824
-10.78957869127833
-23.777975360888053
-29.96420928697544
-11.860752682772914
-12.97149398063889
-6.878115101808049
2.9977191933101843
11.37769467874154
19.044834658411684
14.213715259018494
3.0239714623787988
1.8832783044228123
-8.690304142793071
-13.605962349017794
-13.980404845119436
-13.746156503515866
-21.067196954460517
-24.18709216712546
-13.202757184323742
-29.812224634489933
-39.997520602723654
-27.138319112718392
-20.025273849215935
-12.84476474677515
-15.64847594302871
-2.284678175475624
-6.219056380051403
-8.140878267434477
-14.874264532113731
-14.413439313583114
-2.9424997296040587
-14.84087918176385
-15.916963842948062
-1.7705923424855798
-3.9889276838706618
-3.4906603942096366
-5.4743187201326196
9.951092764060656
-2.2252181126774198
-11.672729770620924
-13.604442816786053
-20.255834995735427
-14.131639016384712
-14.319899922837438
-6.807978707097405
-6.321589914978534
2.8205501669028195
2.177609443623427
4.848147891579218
6.825958427293623
-13.115934410930958
-4.129839231836327
-4.307635348482433
13.882526834602412
13.76780344936958
14.094064325343599
15.838250066476315
6.342846970533411
4.913658906025615
-17.943883460946697
-7.213124072472173
-23.30395977494905
-18.529033812444702
-29.746542048807715
-29.475723159397553
-18.11922011656713
-31.781321583952643
-22.035619409531602
-31.17319495949382
-37.530687858646544
-38.27052343334342
-34.108093738265254
-31.881974625527263
-20.129901212638718
-35.551573688408624
-18.983587500653016
-11.589680616581447
-16.681647863006067
-14.442915495183016
-6.584532621102095
