3.5815442245801643
-9.764726179329825
-3.0358484714432965
-6.214353877196278
15.805942269146188
1.4112121244871587
6.364671600850961
1.2781882217478124
-17.128074096423347
-24.112901396274108
-18.560146063429727
-2.8839522623236604
-3.113451335007304
3.1145036174997407
-0.3527135090654561
2.734115387882307
-8.924217836787626
-30.493556521150474
-16.899186952625865
-16.969282154983226
-12.09299233306512
1.886477200578432
-5.994296477969033
9.021647497748292
-1.9487927060472832
-9.733968373643068
-1.8638734350891688
5.698171211321751
-4.156963040158096
-13.381776051011233
-12.006443098998568
0.2761191800110345
11.165947104542287
-0.9559592557392116
-14.719651029540966
-10.242288970229914
-9.26157037656544
-17.84460420280291
-6.590767910102974
-4.32868940325526
-6.2824588135093125
-1.7021653172519804
2.171872158357301
-0.8496206041353594
-10.8349456919838
-12.035572368623193
-10.950644785552166
-11.885487552417517
-5.5960482068296615
2.9509833891572983
4.2489979806986184
11.731777659493654
8.814983588597586
15.023896017052385
7.274170593079202
6.0040538132315096
5.1409956193196065
-7.971827246297408
-1.6221739546242948
7.871431719283447
-1.551909123611831
20.235217740729386
-8.980916653030862
-17.784687188368252
6.9117285884274295
-10.872984076267434
-13.811808225508068
-11.191286072068827
-8.794706883755122
-11.960021913933
-29.423895984376873
-14.822804051667188
-15.249610143565926
-28.2958941689704
-17.407891993964654
-9.661547714250641
1.8615325376359608
-5.779435377890757
-6.367550630185843
4.847541976992447
1.6299102830340004
16.420780186717977
12.563561167334207
10.195289566373326
17.227683733209044
8.47149674609303
9.800030072283603
17.193054064782547
18.556184055194233
24.427510040750803
25.708588746603102
24.98935302351897
32.54470734769842
20.392424683343386
4.828659936368042
-7.597612127999378
10.798744485406154
3.5854717967306753
-3.2752482480784764
-7.939064868471526
-11.851468636659794
