10.109168987504807
20.797278429838887
19.444030837668752
4.2103710987644405
-4.297168125314853
1.8369027177606327
3.168877538486629
16.729629235645245
9.311420740006307
16.295366912214483
7.694099552230097
-3.1101957801454736
-6.780520658163907
-8.894012175949056
-4.82489284402436
-9.690965146974305
-17.457704862679847
-5.859368612229379
-0.6194455902324358
-9.797157409579551
-7.847791314813873
-9.196140043852806
-3.1476345915145783
-16.11180362839684
2.6225099108758134
-16.656894840584034
-2.289042880399716
-8.829822390263644
4.968573870432063
2.611530590057633
-2.516595230516172
-8.10543501941075
-12.313429919639258
-15.366890586655993
-11.383165816334401
-13.898977258588614
-5.964113748761879
-14.298783313916555
9.68342861771075
9.57091263687956
-1.0116433111873864
9.709455951825108
11.82323448326838
4.311951434673326
11.943867562019445
7.407562895614808
25.149599047109213
30.563768625195127
18.875529821370847
4.855147869785966
15.388873595250152
14.311281240928798
13.072661746142602
8.555127188111282
5.889009864868099
1.2203914233721276
11.392115782536994
34.71965829419098
36.33786046381913
52.56222318534214
40.39619136037257
30.362876628003004
16.83562074355926
33.88332895904992
35.08608501269231
22.253579317565013
5.004682867388269
10.19072140449192
4.239451720804189
5.9861071907370915
13.81530185939826
16.481840494176932
-1.9951673949074256
4.096626650253167
-1.9557153975543504
1.4380664545231778
-3.3661625297382813
-15.00785283120846
-6.057660052681578
-10.619742743629068
33.41660437669174
25.53672947127395
17.996867224901422
5.58591239207659
10.565048744788538
2.94796597118785
-1.3538393127986634
-7.851933239989221
-5.625317490967561
-9.447748185966724
0.8770702191697037
-9.112535108171985
-15.528565507168762
-22.43697800032168
-22.98695607574069
-9.7189262444515
-10.949391082316973
0.9147383154614416
-13.269244740204124
-25.99609443938576
-26.61352047177348
-22.652070887897125
-20.04173354428059
-26.815603162731595
-22.76481722613193
-13.700773915675619
-22.845383434420942
-12.324434339859364
