7.372383015705338
2.0168497699039523
9.155507238626477
0.4982121459610865
17.468551897740024
11.001113422347977
-4.7990965162968315
-0.13800348170629698
1.7690530197560919
-1.9827110338327985
-1.3292550621117625
-5.651666420073844
-24.6917454129399
-25.955618879414786
-33.00037979948636
-21.01817634718449
-17.09937668466567
-17.63440145616001
-19.81686562168536
-22.91806690912002
-22.21257365965672
-28.158431348329614
-31.677793002543343
-43.007472843467454
-21.64233119126524
-24.36528021559005
5.541931998252217
0.9166332256892756
-4.8699225771704
-1.7125849154632475
-13.34221557530462
-26.094476572575854
-19.72291304855295
-14.694223608754971
2.5229827519953685
-14.393145065016535
-18.58099348785101
-22.40414081990073
-22.84983871301579
-21.346018931738342
-16.59920151639436
-1.132056779922329
-1.7955037173302415
-2.111271291049635
10.306458806118405
-18.91843828380461
-13.078394451962428
-11.047298736958007
-16.37034373635962
-21.517060267246123
-19.838280371520604
-17.928791236839267
-17.81448573517321
-18.341412083580774
-22.33657949286224
-21.821050956801077
-25.570463950407106
-20.407671264762847
-19.278859113736228
-17.903965430152233
-25.05460299331743
-24.90017061618381
-22.36652964234304
-13.785536482544739
-27.044248836618088
-13.096537281081407
2.6922186301389672
-5.139974924829309
-24.218226126067663
-19.57172915096617
-22.64710744937349
-19.492617629678264
-27.4563451550488
-19.203272093142733
-25.81659830230981
-6.928183766743289
-11.87624733940434
-7.2445270178186885
-13.104067382577592
-19.635395225003005
-25.40520003303055
-22.11030339213282
-19.621510731549726
-19.587311089630564
-23.025512372542234
-21.302792330259727
-24.54751520624471
-33.801648872117724
-25.438417960284124
-4.705616842098592
-5.104641287463453
-3.603914921403032
2.5381457349497474
8.570873177451347
11.197738483749843
14.638665025775351
0.4015258240103782
-1.0349133051973556
-4.36403163369221
0.055548850384157133
-7.92708502811309
-5.403633807302931
-4.86430389694684
-10.899021520549995
-11.511457688845987
-10.165712113008952
-10.956701122023293
-11.645432824434373
-13.543014796817253
-8.485932916673475
-7.86680025868473
2.064200223716518
0.23900187567100625
5.420307841280699
-6.939784415392633
-12.822271032907507
-16.383180050445535
-12.63351097421831
-9.065011427912165
-4.746450944841731
-10.436762731344428
6.4474423582625855
17.5045144194433
8.310548370403819
7.995554714272974
19.722955605871345
32.6356495345267
34.77784788782398
28.489342477885337
7.524697575232465
26.635144370315817
13.74517120494647
8.321618475637194
33.41579245128171
29.657875990135192
25.921695715254444
18.740341859842907
22.77504577525797
16.806827173756368
2.96672559737029
10.794281419276876
11.125813087091307
15.36134867032735
13.787870049254035
20.48838112593936
-1.4042874258217974
3.869294904072055
3.082254726893193
-3.491424264847353
-2.8778318056004863
-16.712818824620758
-14.58688453294808
-10.779607225607057
-17.172616398742303
-7.954517706991142
-25.707326528604717
-29.369051748472792
-21.852909787038946
-29.311784469465824
-33.45242313697819
-33.519898382747066
-33.271492588902674
-25.131105589270106
-16.775594610994535
-22.714172255200108
-17.375875619268612
-19.258459924595893
-22.95373448277953
-16.362725794508094
-22.507678723041636
-13.591071121079908
-6.003128579278347
12.547919399963758
20.626777272479067
16.920829496290704
3.8075821753034833
-1.1356321190295529
-4.0714222325752525
-2.6099592543917507
-4.714058429508754
-6.763576052813718
-17.496775533140532
-24.295827577520498
-17.462916610526108
2.193618380741809
6.227890854045053
20.571177226086128
8.915481145710684
25.724237530405677
18.263522917265533
5.759863397494816
11.060479934560766
-4.858823588674171
5.7395713864946
-7.666280472075645
-7.247369192588417
-9.621886642955406
-11.485098615119126
-19.142740854388627
-18.930765174840612
-11.249247760011077
-16.61053783202767
-20.603087475242887
-21.620207411810775
-19.050535564491987
-19.47830934597713
-21.714433509924607
-11.355242960165562
-14.77702077725215
-29.50871937181867
-13.592674906265936
-9.0682994009645
-2.2213380843635813
-28.85273416817648
-33.98118817815491
-21.2663602698317
-10.645143179040092
-9.725168027879327
-21.017727335128328
-10.172839660117788
-30.879355661844322
-23.35072473148954
-11.000580816596935
-19.546579244729294
-16.80384152029572
-19.713921045487645
-21.173026584506328
-22.472718326785458
-18.088774009601728
-18.51869530631574
-20.06195997090556
1.9395131871938385
2.01238215767042
-3.8234520333879543
-5.730130784677031
12.447421570482536
8.413327946127897
13.790022122615586
-0.1273238282824164
-3.85265113486506
3.0939248807383724
2.8396519082299823
-7.2377031966091705
-0.4819769740814589
-2.666180836034709
3.3834181787085558
-1.7837903503536257
-0.15132164953380434
-5.9237662277368965
-6.236797000540004
-20.15882104610592
-18.49172552631929
-18.916619376447912
-6.463860251026652
-7.781034980686308
-14.822933960577185
-22.25124410485865
5.183177157055315
5.71627097097561
-0.6095155389778102
-12.012237390279227
10.891495032734225
-6.074143468898027
-6.949972707095334
5.4741788029118315
-9.393839563917807
1.4317108510764105
4.799611035266246
-15.070180503999579
-5.026681845121032
1.0481419389105755
8.56585878980516
1.267596999469656
4.343425627510947
-4.3975686456844665
-6.3989790077430975
6.837906463042155
-8.568262797517677
-5.083184015806781
-10.365924385018216
2.246306840657213
3.987610315376968
-8.067946992397124
7.303449182711732
-4.308580226637177
5.884514918127676
7.073964620791344
10.95943449830089
-3.0093226123720807
10.090997768718436
3.5979013242502864
9.018361715487776
0.21958755128677165
-14.451018648001938
3.5305154803414243
9.812632926799848
-4.391082014894283
8.510864313952089
0.5702023680210099
-4.8241334254313255
3.895648658712669
-3.990128880232963
8.6508510475696
3.7697570760699617
11.583838886865248
9.25302444226827
7.717318439835175
15.112739924746633
14.216306812008664
-4.219627237942018
3.5147082953945348
1.1720457481690076
-1.646291274977269
-2.104328422314626
-5.749090198683816
0.4668112387297128
12.146066947897804
20.087085651567513
0.24817648827762426
-2.9055813468649387
12.582504462083635
-0.6907810218006983
-17.91611387840053
-18.05136063476614
-16.040273493632718
-18.882710653539334
-16.72377060670216
-16.941284678927133
-11.243804354769106
-2.7025406910594265
-9.370869917939824
4.478373847500089
-5.887866047799622
-1.9741333901259108
-2.5014980921770307
-10.569187658263074
-21.875913987688488
-9.538003592986707
-4.541433773304325
-8.261864441540165
-11.347501362493954
-6.686744425063973
14.384534044685
15.61629727462049
22.042350010706173
14.126298072502895
0.7686568772932629
-7.531870261897299
11.589180572743624
13.623600952283807
7.007988966525396
10.333160905669306
22.57372850510389
14.003588522561062
25.30432149663993
13.945576157621426
6.500998428201003
10.644051372646716
-5.811198408554219
-1.4688410032313266
6.567612141286307
3.956597102094221
-5.6760638363887645
-2.25697587826148
-11.549041979670902
-6.591622362809668
-12.953604865545516
-0.9125692269065806
4.612537413199446
-6.155432941515357
-10.011727667626047
-8.23878910495097
2.1490499030298715
-2.6868251995376515
-17.534516535817232
-25.417206785205185
-7.035363458916232
-19.64028910190464
-6.066999275821786
-6.963753049252103
2.2000626255045383
3.3514895014113004
-2.933147139065505
-4.59877209819363
-3.0474049211796164
-23.116113867627266
-14.213363766604342
-11.712705905715788
-0.8942879265690367
-2.8571092711224515
2.6670987335948406
-5.474506081073812
1.7279892818456477
-4.638809200463898
-4.199190760742437
-6.029411902263126
-6.2787323217180715
-9.212237869438825
10.388068019767331
12.617357997819648
7.947238874548595
16.070281025764032
-5.432739131178552
-17.212098581001953
-18.61471298293413
-8.853778772996208
-11.451014293219789
-5.740957286891799
-23.82502624251631
-7.7071628991331576
-11.173637278778713
-17.71427398575027
-0.996404661282048
5.291722829299071
12.681613672890416
12.157695805925975
9.961493616766184
18.698606547191826
25.243567950691943
-4.783445219076596
-1.5394629455081907
-12.1479424500982
1.518951286224164
-1.6096885714548717
-8.447271016135426
-8.356516820872875
-3.1530107840279333
-2.8149887844512387
-8.382444733793884
-13.922957456159565
15.038552528873627
-17.746805790678987
