-2.7871382231628528
-28.51314079475555
-18.470715935927984
-16.071676473822674
-11.602530945400392
-2.1235835479911094
-1.4571493628326837
1.5973036078498164
11.03088179547957
0.9039627623864208
-5.2663859685934415
-7.540837346354206
-9.962932996432432
0.9293389905389964
-6.030964472081164
-11.155813462766496
-2.5076850159778514
-3.321739919014685
-1.5171432679332475
11.520449210841196
1.7960734918099934
-8.115568537239643
-15.530077722843533
-15.750567887800214
-11.304663468864575
0.05112253204468723
-3.0377047593757087
-7.868717260927575
9.130746996077363
4.537060175049457
-2.174214609570146
-9.200290141564846
-6.642384504601168
-10.595307946475511
-0.2703849621717371
-5.359801336087854
-22.711487020313555
-8.560539373051988
-14.772611982504985
-10.604896891164056
-20.46893141910264
-26.217218363719923
-15.564136139697526
-9.130314879589603
-24.227782367999268
-26.041469931860966
-13.113095992610695
-8.708640769747973
-4.958539576670503
-4.013212077757869
1.7594877983644361
-32.3628260006631
-36.034704518891466
-22.11324144533599
-18.797058034596493
-19.622988006658012
-24.00800086787116
-21.16125216105345
-20.906754141425427
-32.34640421208336
-36.94847998697832
-40.71412825242878
-18.730058682392183
-16.170979760810294
-17.54327619700036
-7.581273462000344
-3.4259934367460088
7.305511484845018
5.32566189847301
-10.682872668123188
-4.3560609971193545
-11.46301825288869
-15.567207729880824
-22.671249777123503
-16.969879545522925
-5.015260361604097
-2.1381263123309813
-3.5855519814103203
8.392759132731253
11.135507411460507
12.857937900606807
7.532707641676668
4.660078422728105
7.2867964459114
-1.851097240923508
-14.763637041743374
-3.2146030252474618
-9.953234414812917
11.046566403915014
-4.0591859742200205
-9.879639615598904
-7.23309913185973
9.581680868107117
7.493789648247524
-21.630883670849126
-14.2965112169379
-24.303215666889724
-12.50357236756754
-14.508772404769314
-15.004179685467978
-19.2939231699055
-11.54232535471823
-19.835043458439532
-5.318572818727169
-11.15018157621216
-7.763825497562952
18.905065537491087
26.82066286411513
26.639390923919954
0.2864713907629496
0.5018368357064463
10.53152830002404
-2.4431305383715656
2.583801957741668
5.686114671998415
15.174121049715293
9.154659179979074
3.337001039012579
12.30627682300694
-5.705300681730376
0.3784036768827595
2.2513766128571144
9.206865482016626
6.472486589293139
-3.949787016097788
-9.189285904291166
-1.627022457667319
-4.376016981378877
-14.06896548506866
-7.136314934584787
-1.464999315434016
-5.9659776598235466
-5.1544253489251695
1.3055082492918568
10.930444126116564
11.459370494124832
16.481970930343227
7.0276699352532646
10.527850629553447
3.7235659419786056
12.938569924496928
3.827024822914261
19.382965166552413
18.18804920998701
18.21423765674968
-24.42939675285519
-2.5523581113161997
-10.942053939651537
-23.401809581479426
-6.968290644744455
-7.477392156271589
-14.901206528619738
-17.549915702622098
-5.938933317129438
-9.817502847197183
-7.936507582127664
-18.99856876050246
-19.691456002218427
-9.721854180109686
-6.095636050491322
-8.033529775100847
-16.29256906559038
-28.02905257344868
-25.777690203663678
-25.711332277995147
-16.232206213254038
-6.826079118008171
0.44353284485728345
-5.4555724912719885
-1.8974420086555537
-7.040949573819175
9.872744262567634
3.4133876808280763
5.702854139911201
7.702084486321777
-1.5333793041571493
-21.135915171054467
-14.209182788862007
-24.65327766036996
-15.15683333685415
-15.297070332802402
-7.236179615136873
-14.734445376310846
-18.48185892499188
-2.424739042094657
-24.030829340936503
-19.44431455593058
-25.28533852964746
-5.482852926843394
-1.8270299186543233
-31.232696759641147
-28.06400088818853
-30.180760232405078
-35.34582123486143
-26.83991018496781
-12.175004450974109
-8.527848888095912
-8.77706426848977
-16.144668950610413
-4.404784337329383
-3.745438055963173
-15.381606891511163
-26.304862215854698
-25.331598126915946
-17.74622648871076
-25.147725072649042
-35.38836196424283
-37.78806397587225
-50.29479596156879
-48.46320736735874
-44.65196517356322
-40.83871474876075
-43.28190570303692
-24.19201615028036
-34.21348586326834
-34.91319417799604
-28.865754017582553
-36.744614789563926
-33.15925660083513
-41.30684626747941
-53.151311006034604
-34.61809736116225
-23.73089488514201
-1.7223257803634613
15.2328214138445
15.437086028534909
2.4579968342592893
-7.989665315521135
0.2452572319538963
-7.807439195598559
-10.695145926507461
0.1300851842189945
3.736276728775863
-15.25273563526694
-16.164484035456116
4.9637705469892754
8.08048985590827
5.561700405717021
-6.8317006616622455
-11.764763724127311
-18.326256641910078
-10.18012322575436
-7.761387872587699
0.8287272744921371
-2.8077601706789768
-1.1430993395951994
-8.300804905979613
0.6263070105515551
-8.838081949360811
-1.2538579141522546
-3.5892904572180684
-9.343799026697836
11.387991950692534
5.738494482999027
5.154824041452035
-4.897365571052801
1.2383257077442378
-16.195756608329987
17.171231765688134
13.016315066036501
12.923689633202347
26.47016245639512
13.133683359693649
-0.7677045573553205
11.600934813236544
0.11588278987514546
-8.573235063145402
-6.744164611744133
-9.643606255902409
-9.360593951969198
-12.905575697532244
0.8712293533975223
13.455732744145568
11.783759060215475
5.152680959469373
17.017591686126426
0.778131674451722
18.61883821956428
8.57567514350934
2.9182886267091344
9.082700776538811
-2.6230804827208294
-11.173795519779965
1.1995223389895753
7.750869559859178
-9.60093519189862
-1.7715155094452069
10.763725489476702
5.194685659319703
0.1704672486611362
-0.7516328680884927
7.873327497799022
5.115416176823064
-11.661411076725152
-13.407121582129447
-20.166854702760716
-14.476903352568106
-11.941344902126415
-17.870016562908162
-3.161958628494413
8.165015737119075
-3.833802980183291
0.6185430038335554
28.61278346120035
19.45931592823407
