4.593681317970226
3.383611740661837
10.291496611642183
-6.6253852281260786
-5.245663347082327
2.321957224729359
2.832892082464013
-6.102896504898482
4.866385577807403
-31.26837697620641
-5.868294578616411
-6.689689476190084
-14.458753500133838
-19.305314034765228
-17.029051854122518
-24.96232975303197
-27.30538991834898
-34.688978361177945
-17.428898674963865
-11.685843684417677
-16.194355997279484
-13.598053192243086
-4.270477219518623
-21.275991763082228
-9.078785872737708
-11.776208329320355
-19.873429072742137
-13.907843060992105
-18.828375498720092
-26.819658549139337
-22.728525179825105
-24.555078861154215
-22.248437370370013
-20.748794919880677
-24.540137257703353
-25.53394830060132
-13.747849834010214
-24.01713456064791
-2.6460172005185822
-18.174331085497798
-23.174765214359105
-19.016610868408517
-14.390691810122433
-10.888335689633749
-15.476299799343419
-18.64844696409609
-16.918777206833767
-7.6606573621396885
-13.554320385847854
-13.279394277744204
-15.113166533821127
-14.725520531206325
-5.762555925372668
-0.972821617667592
-2.339941085376626
-1.0989003302502052
-5.3153900736783
-3.897969728305313
-11.710083402453845
-7.286586663416709
-13.376203016756875
-15.81626107867968
-8.88629405029791
-12.196698221419163
-11.001607347579828
-16.69761294570631
-24.371101972402297
-17.69687677256239
-19.847125082828
-17.590513872423447
-5.290236212855151
-16.284190300814895
-15.518385804788105
0.7070067794778687
-3.443983855520814
-6.112979893759848
-1.1627472551701798
-6.8482092785078414
-1.9419572105201364
-19.17704774820273
-31.067550575390662
-18.591046737464612
-12.979752686326528
-25.55582342402222
-20.392668557335135
-13.391860593859013
-27.621458269345737
-32.51558657388069
-29.038733222824217
-28.872416957522603
-34.722892849310824
-37.85144329157431
-31.535471324876852
-32.283537121735684
-43.789842028095535
-43.83215476886133
-18.49086342729653
-12.431785190339573
-3.894341066088688
13.124409431117384
-3.46984618477166
-16.94653325025712
-12.353348541503696
-14.213719678015359
-28.671567532418752
-34.366676969334776
-30.058338750315052
-8.864789133750271
-4.2472560453186325
-5.754264887043671
0.019737003572582703
-5.270695751418791
-20.919350302027077
-23.00018635765341
-16.77196250581919
-10.908941483363506
-12.847182833699561
-13.343640937572648
-2.9477905029157716
7.167871793811281
4.5712244297523545
0.8601653657078282
-5.131368944593754
-1.5989854578404827
-7.1372034225473655
-13.153373380330011
-3.5556585998862795
-4.8619402975444785
-9.315056611666488
-15.495063025445885
-13.762681412368364
-14.647596133702292
-7.544224708609645
-11.154770517290574
-19.543948795627
-17.863100680320862
-17.338241376098686
-19.139904272948773
-22.595709592793735
-20.18144935699794
-23.589368954571377
-27.666581905485035
-26.086559118818673
-18.920175182585112
-14.695010895704096
-16.854957906660374
-26.46646001718592
-17.263721242790293
-28.705755459869852
-14.25766050957445
-9.831781820249113
-0.3645703972603389
9.567629493852497
