-12.687331998416829
-19.262919283476254
-8.971272262008133
-11.424750839149294
0.08893011745350655
16.074528494962028
8.059784925985765
17.5976406513503
28.95374375314353
27.21685245964672
21.338219466963192
23.061115338922352
23.062686754519607
22.750573845604052
16.54432186862721
21.65444286410248
24.054897553935504
3.825051861751948
9.231209570358976
2.418283670269166
-0.12082392171917868
-9.339325814819905
-12.961215614699993
-14.753077053357458
-14.159614104433961
-11.951156905631047
-19.059451689842728
-22.658244007013373
-3.6246438489854245
-9.278882683401658
-4.915517056455826
-9.631924271387863
0.6991820748287658
-3.5444149048590683
11.218576677495642
-0.5267108037633099
1.4220316834082833
2.223631927826809
3.4403701901298254
4.033831718890888
6.941704910154773
35.66028936096465
25.612951682980647
18.503341203361007
26.655511069761854
13.71623065796917
7.80913655441157
16.369131165699784
13.043683113318453
17.794755829566245
21.607434684644872
15.478479610911029
17.502168675378712
22.471746863852363
22.87465089691253
22.357635707982077
16.287438940455633
10.449021798301617
10.868010604416824
12.43127909624259
0.16929447303162815
9.914866389479846
16.286322486452825
17.135733051775933
7.68562099222665
13.510408366348866
3.953138562788964
18.850172281855468
14.468945659226785
6.181840991386753
1.8345536722814428
-15.435464885899732
-23.265275245980238
-1.5674633676068943
-4.643887370219798
-2.228558090537796
15.915204867744267
1.1051999948886728
-3.988811541784072
-7.203369671746942
-9.109124463137642
-1.6520322067114974
7.8939774242136895
18.386457901629317
3.6807718689218474
-12.015195322294678
-1.4791206400504675
-5.90552835918788
-1.896820610791616
-6.519748342070691
-9.402390571947144
-9.27605125018984
0.6003837581592367
7.327750849080691
0.8707889433756428
-4.375901018837219
1.8970962545165757
-5.726543126177321
14.186882260472872
16.14412047052697
20.104467999524733
14.691376377038734
17.791302026865793
22.89217093777428
1.6485311025311773
11.568586190024519
-3.160959052766439
-7.448634725820159
1.8556487077218675
-9.674880694241992
-3.4775069625320763
-4.1070386045344325
-1.972137361435944
-1.0499794295023013
-16.924104075579407
5.230307944707299
5.415075145971218
10.166564051552736
9.804674909194237
8.481549325034129
5.08984109537662
19.67200646819005
25.56731737606119
18.667946032972093
26.765045606924673
12.85086284632954
2.177524291858889
-7.339351823022492
-13.78371337993451
-14.654633008370569
-9.198928486682377
-4.618405998761079
-8.295752822979235
-24.110719078093485
-12.422634586671407
-7.022273631089275
-3.5688970129093565
-15.789867762069935
-11.755767424795554
-10.061030547420817
12.15784579283166
18.50601245651587
16.71925865910764
11.027743109070684
13.831237192784574
14.4303321460588
13.993241061631426
16.1970034617192
0.37303614771458704
-3.0277329725297903
-14.313688434793331
-14.495474982919488
10.966684878472199
18.92156308166597
5.802602943170063
18.461151544567567
21.720534759320802
19.195538429921587
5.3185367798305885
6.118840132582343
-9.024185348787688
1.40877577270315
-3.8813043606192568
-2.7640194289675626
-0.21168272669537214
-7.40713136879635
-5.798156400222883
-8.927895082103761
11.397396156882404
16.287000164198442
11.342744559276928
17.38633927092895
20.35966020932679
4.163390839924949
4.005421334659087
22.965951036711136
7.2693349130772145
25.28052405674088
10.813264302116943
2.410426448697897
7.6822363373552465
3.2226843853179665
-0.902613233387974
-10.427212044508797
-10.403075583139712
18.165939278617184
8.366088857891997
16.043724665462467
-7.459234340854633
4.8011721287517375
-13.861222351407454
1.2489531218859573
12.59220212224622
15.63366877383872
11.7300777217884
18.911220767394497
13.350665595245786
16.18009510880387
17.62639730402931
24.17259471609973
22.225700490711894
23.147366089615442
18.331520461116195
14.958576102138693
10.859353218439677
15.364199106609604
20.6602596737956
15.030812346477301
14.802570313016846
3.5794121014342273
2.470773530214724
0.363847847957669
1.771095627189561
16.339717897287507
15.444926724191319
7.322375419243603
20.766046031888877
-2.2528475413247215
-17.219231979228113
-9.085099463102225
-6.121782606761278
-2.4785192670751934
-28.880964344051236
-42.773151241588295
-14.620167569723609
3.7798066033792286
0.2364434460073154
-6.964390111924845
-2.3394733690338856
4.585447613141796
-6.507084165153833
-3.2199631218432354
-15.7881245374574
-4.202799843573209
-15.958959700121474
-11.256701381026213
-7.1019543194258725
-7.6589158722752595
-4.6103174276676535
-13.091789592293301
-18.54775256713637
-13.40312185998608
-26.86071215582036
-2.576797113269961
-3.0156791627133863
5.899076464263872
-8.51454561254771
-6.577668544633014
-7.876009839266485
-3.0000192032439226
-7.741400845116447
-10.709787345194131
12.688367827591732
-0.7396234864940744
-1.209370200226518
1.5628460059547202
-7.786568442376656
1.5741627764606416
5.3925101695611035
8.289886544357078
-2.4213259082886665
-12.198759529368155
-10.965610149920552
-9.533022698965407
-24.23164596632466
-19.017434962392485
-24.745952339226555
-15.521876478013999
-20.179510138965885
-4.0957848042971845
-15.012516068915653
-7.977387385098541
-10.827121267312037
-11.849329362355551
-11.240271864801738
-8.18277482164618
-23.127276997154897
-31.208270821714244
-14.715464731197626
-19.17368165333263
-25.505285119936318
-23.922586348395768
-24.453963413960828
