-26.96167093746829
-16.794133524236646
-22.510869663832178
-23.913828136324764
-8.797667846622925
-11.209758917287042
12.113000615829913
4.713848352271487
5.689340345916222
9.969012704273787
11.284736744209427
15.60434765386009
-12.580800581741224
-10.433649920964967
-12.294797043884715
-9.268747610541542
-6.689866870371477
-6.115126833486892
-11.879306996527212
-16.576615325429405
-6.232033746284902
-16.99548399974244
-18.709591590088245
-15.426358955178769
-18.874437845931435
-8.03853324113271
-14.39446813732522
-1.6273637264857017
-4.461681124304293
-14.423518726250755
-24.339040557323266
-15.13385590774246
-19.6958903231071
-25.991063719074926
-14.431424418020045
-7.0698006570570495
-11.942931570671163
-26.791961309138824
-17.50860472671481
-9.81490559241071
5.422293976596566
23.296332637357807
19.01933230376313
12.127398369554234
0.4102253687946052
-0.27963382250039
11.499160550355532
8.921026847301071
16.64396603931832
5.447063086129769
11.91825353911532
8.494226584319279
0.04200174481754808
-0.9104246172569446
0.3270088297642353
-10.190421373696788
-18.83521196370541
-11.211883741500944
-17.74068796746974
-16.8654631645779
-18.652506124487765
-17.61133483564384
-9.334847871909556
-1.4545830829540876
-2.4339679447177147
2.213556318649144
4.390338278212643
4.363302902349457
8.173110466178823
0.21791692729416254
1.9549036844377912
6.7047231595249555
-0.7103211061906367
-0.42772325634043395
7.154537399516827
-9.042501728209002
0.9367758548800292
-27.774770126872454
-28.28819593797241
-13.795020187933506
-7.4986467975146756
-0.1318965443794774
0.864928499446408
7.208486190363224
-0.3304285048435012
-1.3709859659328338
13.233486800056848
10.30020293111895
11.250949090172996
12.78054690240444
10.597002579339485
-1.0995068996636532
-6.194135379010544
0.39815803418994977
-11.176418020094989
-10.825265367750456
-12.257967696579774
-15.951495759381359
-6.198332021706678
2.0201347557739235
4.0600694291931285
-10.16636441507235
-2.156769626876192
-18.75665898549369
-14.995413952706134
-8.529726598657124
7.524146879447508
11.014727438868942
7.7408679159639275
23.17229234803639
24.051124667975024
18.80001980625484
28.48809536303302
31.719688001688443
21.490270302400674
28.58124621778748
28.285639445985808
20.044982325123478
22.00577898128099
26.055179185477208
21.95962295712189
17.261016852914008
9.13515879925405
3.031297397910964
11.110417271813253
20.83918148910175
4.771518070932099
14.348790443098025
14.967939646736404
4.1708472160055186
-10.287677711512329
-4.719690506732138
9.851263391645091
-31.608451196973373
-21.966175568814922
-32.457797557128345
-16.79247933018745
-20.63505740887488
-2.5998214899695427
5.232766329099689
10.271107466485905
-3.034501970935348
-2.3936430006396647
0.0006754561376255978
8.20278341148701
7.934425296902455
12.672104833669648
16.531420493498707
13.41218956401511
20.565026012295935
10.052335054998501
24.775008167068552
11.385456951230722
24.187449184848404
23.908826173783172
18.95044373743929
10.206200595595762
29.30460669753928
27.450955292158014
26.131749588970518
29.991625537551673
23.99778852143019
21.299063992952487
31.696485004836468
14.632444176870004
32.473113640916445
18.50297714015523
16.604494578760555
20.431768863753916
17.842350718862342
21.233596532276767
18.665337856497782
4.939223986880095
10.280148377136065
9.964546006009456
19.743322870756657
20.64326904281729
13.915487506388233
13.56038141596059
