-0.506686340847294
18.65370440814463
15.106057417806971
12.626289336648538
9.0195901032655
-0.5342887669704688
0.8069330681367562
4.8060951599352615
13.901921592614265
-2.75651541056853
-0.2231807902611776
-2.82223736949404
-5.939269971997801
1.7795373709222666
6.5994210943618805
-3.798094223214913
1.010631742815461
-0.2030886460177614
0.23874871008658596
-10.344039132679107
5.126812403144436
-11.264905132258994
2.0329118710995995
-10.90311530741586
-12.347168817753115
-6.321972588265759
5.850622299892569
3.5016986117670164
15.820143093813465
-4.262501413424788
6.034510730097513
2.779017046009896
1.0411430448751706
7.211145627259773
2.4262804369918727
1.2153199053908808
-0.6774211971119457
5.236677844109254
2.7927680878152104
5.58219694602825
5.428872032125739
1.763696864762924
-7.502992658385706
-10.57686742387756
2.131444551991206
-10.746707188288253
-12.348738951528773
-7.993665154510492
-5.008296717024394
-4.890876168321734
-18.60198996354237
-13.195044423370009
2.4862135272911634
2.3024155597855005
5.874019802968407
5.101294570232311
3.579377873619225
-1.7254181951899776
-4.885199661800557
-27.24165038647861
-37.38878289562186
-32.48099477786847
-31.02155130031394
-19.7288659089769
-14.080309032274368
-27.598294106298752
-25.738467853036994
-23.66945281568155
-32.03310790783353
-26.78564729359003
-25.87218229204469
-27.630801613068446
-25.940435859763014
-33.223248838041236
-27.954151630459968
-4.36863538796083
-0.23603143187380585
-4.422818081418853
-5.92340992545145
-13.573826667094467
-4.556854624197322
-2.0308094640456025
-6.897163454710622
6.107379448460269
0.9428367201648457
2.9802767594480013
0.8098169683912729
7.757293033350662
-6.029174411521222
9.910578883776658
7.8879893728944355
3.2186886111889303
12.521273513022606
9.937802471844435
-4.147467696755375
1.6419846226667232
11.498070222199676
5.2329370415693806
10.200302013756847
1.6044372536970142
9.61563408789158
6.127615774133793
5.863510673895874
5.555173084565293
10.36533074699674
3.822456896013561
-3.378837914106537
-3.4423866873547277
-5.442311483486957
6.055650815729102
0.9377925922562702
-3.0101940113972594
1.2245377593158715
10.849442811675694
3.7714071817745047
-0.22318931925099691
4.818994231477274
-0.2459240670602903
-0.2476349081933981
3.3606880763070155
5.928762036189144
-7.830056097982565
5.240265514359174
3.8881146763069694
-5.52395417404758
-8.515592304621974
4.514932815180465
-8.499654988643801
6.478700075706383
-1.1838738738029124
-10.769048742066655
2.470919312216618
-6.141494778643029
-10.41771910885427
1.397173525051746
5.395307484466027
1.8085233553753763
19.77758382434446
8.421845389106307
-3.2753819405996656
0.7299536834235064
7.704085077481069
9.218837332512797
10.8892167285315
1.7752431020519353
-4.297733977642092
-8.668375353132534
4.287069745138475
14.799481413936984
-12.088080220726367
9.134998846652335
2.0314438827578774
3.337169761103453
6.397102792729068
4.700992150016073
12.458615304360286
6.277642067447036
-1.8161155173637296
9.856052461137171
9.283424661760158
6.3518207321635645
1.5458013367459802
6.04203549517414
8.021532256240885
10.812329308045943
-2.4986664205365505
7.657878836400914
19.68109558710951
15.004747390858588
5.735981990317877
1.3022140371713158
4.766964782528059
12.332831119382483
7.488837050542295
4.926051936530828
6.998299735925277
17.45032720045245
5.246519894485824
-5.412481903010336
10.833491799156844
11.213938529840796
11.779403353642964
8.270716156398661
8.785083856818531
9.725153620720526
15.6698476710186
1.482294716772409
6.091865265879412
4.761943517052909
16.838870219617743
-0.8064086214505403
13.327603557678176
-1.9848572445852557
2.2107803817299656
5.088546180217632
7.060932483594141
11.115479631871894
6.4499852580222985
-0.5449481096058686
-2.177032453538838
-3.54062233235066
-14.466835987640762
-19.921592308843298
-18.268995333272787
-29.979688215835928
-20.714356315212637
-21.01090623204291
-17.674683208861307
-10.919823580264868
-18.850762156116694
-12.48489666531015
-8.740262973586132
-13.298930440942184
-1.2544449507084512
-2.820337281086132
0.3966675160654474
4.9125412416663785
7.2329506702639685
13.826108349540837
7.588738086885828
16.386992115778447
7.6900906931187105
20.327286586488604
8.202195210277605
5.3969893845823185
6.1627193777199185
7.080934546534556
-1.0989232407889633
-5.964391937852585
-11.379975936652052
-5.258026161376048
-11.487504249937189
-4.955572205790918
0.9370364739012778
-4.969282424387244
0.7284913355223999
3.486459619974348
8.113301792666455
1.2232576309658898
-9.016790014419524
0.09315386885260517
0.1739138610550688
-3.263799870053599
-11.495750311120114
20.913092251119
0.06001647338483121
-0.9545737789673956
-0.8045715979773643
-8.299249539215241
-2.069229325805715
-4.987168391136984
-2.97823100891546
0.6111403464281905
5.365263210676423
2.7287540549352998
1.0624106629251968
-6.959422816579923
0.9079637885217992
-14.030852196797865
-10.485165700040023
-12.088405870136736
-15.754737802040484
-8.056509260937357
-14.725836582784979
-15.777807513513435
-12.380354605490579
-10.091510370759787
-11.370721300959358
-9.740232840165016
-11.762477737126591
-5.3381351613680454
-7.404500550383518
-2.179460806892632
4.4505108100134185
2.1539793277492434
20.80152671029851
2.4042856170769724
11.52498762881755
17.836738932192215
22.968126472371807
23.1801549162661
9.5804199771662
4.463796429361256
9.789063922522882
6.341704908979768
-14.524730734646027
-0.632150566518907
-0.3507072442895854
-6.2380118684833485
6.112488855779428
-3.8997597736920615
-3.420699504723093
1.9157262688799728
-28.357898991456114
-12.655926993064881
-0.9350143511761876
8.831052508539488
7.609435442622974
8.970897463045283
8.526474322017508
15.102028274656439
1.284494908379591
12.818819910676908
16.682809927070046
19.233934954308683
6.5299577691802595
5.181204797528004
-3.938165210693264
0.6529430771603709
-4.757055363934622
-17.222217710445626
-10.935100001307369
-4.304438678671199
-11.78794122393238
-5.758439356904434
-16.689652179427668
-18.480619502600533
-28.347598271513466
-22.60733067801362
-22.157692208503047
-29.943434418942214
-27.32275304771691
-28.040150789630676
-33.541890935016944
-28.200432727839093
-16.108960585765256
-22.538824654661422
-18.596540939682644
-14.67870302326809
-9.440594465330971
1.6276161445390291
18.8862251625152
15.303585537190008
6.132048835503693
1.8803351667082129
11.43550278993211
14.731105898755866
16.719143047836866
23.526145477902237
13.66226458946559
28.394964944021783
15.450502753504754
15.743234195464751
25.852967475147395
25.49455217701353
30.38900666164147
25.70357312774429
17.577861529538232
15.76362716367558
18.904441233349328
20.290870318918792
27.097419975196
16.635179411499053
31.670070309730374
25.54256400326497
18.80779446706865
20.852574946780845
22.079813782296466
21.202286268497133
33.272408597819144
8.086766403329863
-3.423490167180161
-7.972398815207154
0.4142393421089837
9.106223603826363
-11.463155486184952
-15.223702063807336
-22.60898030364721
-31.67809893466947
-38.59884989685422
-29.188191329094032
-33.86907031765357
-31.891447362213498
-33.72154061766685
-40.58489711866237
-46.283548352715606
-39.70428909845505
-23.590377240346392
-26.50596731842566
-23.901861769115964
-28.65439552069757
-17.337223781172074
-11.164529413974746
-7.548502807576427
-13.302643457379956
-5.7639078337810865
-6.952349472901544
-14.323279993612823
-0.1823122936827357
1.1522369272665547
0.09662760970450708
0.630689163807231
6.978709402803471
18.487072546450587
18.891765459229042
19.369797882264926
16.751339107332207
20.709873786487847
5.8629176816532045
10.359022108933457
-2.3835843774000915
-6.605161899466849
-17.131922983192812
-6.858838325094284
-5.148388557760018
-14.0787381696394
-13.78205206924295
-4.350020035907849
-0.8436790136009334
-7.754233970401818
3.2416142957327656
-0.8533637921521587
1.6854112358484443
0.4392206854660248
7.3473532851754815
6.294452361797192
0.2242618475423839
-20.003237372839266
-26.99432040044127
-11.330670160950115
