-18.180623868058227
7.562283834801322
8.023961513462273
-4.506074974150264
-0.3029989219828603
1.771300024221374
20.367367047737908
6.912897755051316
4.1211630116269395
22.01497033363916
7.0113882302614865
9.898442052105407
13.442954949940386
15.987131616732938
11.306103780760374
-2.326250449796924
0.2884394975946626
-1.0532991405132606
16.464823715994974
-3.7603035089255417
3.8880093650024032
13.64970723257751
14.112880219432812
7.814644046063652
16.645632375248802
6.101475614869172
-11.536093100462118
-7.980359893148197
-14.966104459630664
-8.314882599157581
-3.3879217851219328
1.9308196595581548
-6.9416942808717845
3.3696575957797816
-2.647518906683447
-2.6552296348397713
-1.065195357933872
13.716653458398442
21.932869436433787
27.18089805022645
20.012725374629397
8.409424168561852
6.916639797360778
5.923271239854126
-24.05239111066818
-17.836680341582078
-20.175583426823078
-4.884892540913949
-11.864728712258716
-8.608229253385874
-21.15202912727976
-18.189179912944386
-3.2688997809832663
-23.260619189571177
4.9068039967052615
17.429868629373725
9.136499504641623
15.094032865132224
2.847212014560848
9.166594148417023
17.970093226578733
8.238380560998554
17.54091321347335
7.540904640257387
-1.3671610606804843
-5.0653778792180075
-17.956157818318072
-0.5840822593199192
-20.6080447845464
-23.512735822245713
-8.099824774514385
-15.512720039582355
-8.97003819001672
-27.85914208452657
-23.165587148847823
-19.52130700381848
-11.09107209900376
-1.9926285229582523
-5.4448807792618386
-0.0882979032140286
-10.261318054789477
-0.9878901921785704
3.5203406377501403
2.0408293455241595
4.0366466688803
0.615560593717803
-8.196459556943848
2.046644071101686
-3.4509509311532485
1.7032323233798248
3.758837581462312
15.908308716079848
3.3527357407090395
-8.90467667069799
10.246464576985243
14.678302379466775
-6.319158782992388
0.6240159039376117
5.150605776901873
9.13471724737524
10.709096412062845
8.929989344637313
17.880555608698327
8.60928589444877
0.4964431445651686
5.92282016554771
9.935737982724511
12.907107706630269
16.145713280590275
20.240151484125207
10.242056641561168
16.281046194413616
20.62088030926255
34.19803326488158
24.53250902276102
21.714006180807814
15.530642329868893
11.383220198044091
-5.446428482636988
-8.98598414558516
-4.213565129824231
-2.2468065208441894
19.466795617879452
4.744513907104696
-13.238002972989602
-10.465574859093906
-9.317933890202893
-2.456075583659388
-2.7121213536066366
5.692568560272533
10.775524227449052
-3.220085546510396
6.312809658015758
13.47003705840131
19.081690992695574
17.128272205038414
10.208125669718447
19.212629486132684
17.264210776311867
7.939421134508143
19.026792730874046
25.338499314016445
44.37750362983196
0.09636819590545484
25.43808859409824
17.832224535239106
