0.17935628958927036
8.115885240070867
-2.987561000809112
-2.901368850459288
2.1281927792412128
-2.047680172085508
2.3445779442534365
-14.189319093442426
-9.562636380393164
-13.01082191161947
-4.462357805616458
-7.4876466801872095
-12.605597642456102
-13.22334325587069
-12.895673437418607
-14.060534614386215
-11.861138681814955
-7.0582013569388735
-7.485419348795966
0.6860490149980163
10.29738887404768
13.555948120275064
13.077850649996659
19.41164655584259
17.728309069251555
19.50159623914058
29.82556647491029
24.244813742005054
21.106347522262432
14.915151902868635
27.203490492747324
20.623950490103503
26.410899032554173
34.49914855381958
36.27427621116046
32.967063044092015
35.72562662504033
37.28492776547291
38.88826117177629
19.744403679492333
21.460820086400048
21.565451244473795
15.309259538891402
13.673079158901515
33.04955678690288
12.860239417427325
9.087005314804538
16.586863213453388
25.05275061473712
24.62546572455501
19.104072450199755
13.539567261738439
12.953972528261547
12.406663737924433
2.543820032587457
7.501966917348539
5.442472857852755
-4.117579674909146
-1.8480360271440333
2.5988641492542883
6.848109820303778
11.089920791140942
29.12895309176411
20.41914593325513
17.91111269895462
13.35969661118675
26.040143821232533
26.95427099165681
34.7662106128106
23.12285549303184
26.551650598869532
18.788094345061907
14.2219363925938
17.593545223309267
5.218650613533212
-4.475447043118186
-11.998844406336858
-6.219537124637448
-10.853846148450844
-11.533759420165644
-11.634205522420194
-6.189735177969313
-9.746350272491792
-0.5663360157300937
8.07820658361034
9.51548236397429
21.985970420640907
27.67510778991088
21.00933288357448
27.191304474096928
19.180887265272148
18.853486145819407
16.010093996778267
16.83796908149602
16.024940795420314
9.872120937062236
9.086355984867234
21.527929580364408
15.914676165232173
14.212424749755321
14.870401171638257
24.176531222703385
36.00453008532564
20.19612088565437
19.110865881025195
14.446013666913991
5.1591178178772825
0.9882840499138116
-6.98350355815845
-5.441891168515459
-14.526847968806214
-13.70335331244686
-7.448393086417687
-11.199393548563457
-15.223604305473769
-14.904216790856829
-21.34237400383989
-7.376374429711682
-9.039282221145038
-20.295586015418323
3.2924391063871448
4.593189755072579
10.037435935710704
13.891656077439062
15.166070212080053
8.414400889698543
5.562523163636161
-2.505470254989562
-8.869163298158421
-7.316825067048147
8.32797380809458
9.534872582994186
4.7861856190435335
6.320436724549701
13.947666196978238
16.220058479559327
20.930806522499548
19.28310181538053
15.425154376469665
14.72035083402437
8.762235559886742
5.854393299066973
7.512889948168057
7.393286631171994
5.835327094215405
-1.530226589152236
17.215984419292926
15.624950813016591
-1.5610092351866804
24.378189225005322
36.455185266648286
33.203783493390056
22.42672567802947
17.992716895221058
3.6566720734459888
-10.106816763943373
11.019222158739893
-8.304400404996773
-11.705087187403619
-25.03117925881949
-31.96789207351989
-23.54612393390889
