-2.0663576968397903
-0.4410364124511624
-12.63267866198681
-10.105521023809414
-14.113373918650415
0.7521569780718956
8.858493334989928
-7.457470516227068
-15.51125459831758
-9.867837566720047
-19.4439316778553
-10.109666660163862
-13.135139948518074
-15.831082884101102
-19.84030703181212
-34.181937224623994
-33.02407410663395
-34.513668381297734
-30.46373975439229
-26.574064569007515
-25.80825941508124
-27.92491084184777
-24.08542796854693
-20.269370640041238
-29.33161577763793
-21.02897419453806
-24.646205475036677
-26.718355431779386
-26.290874619946127
-15.95590330577904
-24.09326172366157
-28.8956943352104
-21.464897156624478
-29.564761034396845
-18.119847044941377
-13.870705070220215
-26.308002042137105
-17.462990709222513
-15.95605791794916
-9.607873987912944
-21.66563422304079
-26.67180640118453
-16.227415854752227
-19.188578656830785
-7.336696053450751
-23.558847774863946
-17.630191731429466
-21.28146930277501
-18.087202658581642
-12.116648030881505
-26.769556162407365
-13.334530140405006
-11.929321720094027
-12.358502915846598
-10.711897133321475
-4.687107733062408
1.0431267418033665
-2.0894213329535667
-4.575443247248883
-0.6927414676209832
-14.868264742251869
-28.97886830567766
-23.981115145900365
-29.89865078885725
-40.62440005894048
-12.419020468083543
-6.6885978862935165
3.3794250717435195
8.477926967972103
10.094523049946254
15.512852059108088
14.693838471604712
16.597442071355278
8.623384611104115
12.203938765562755
12.573375782778413
-5.516673028667939
5.14375096263125
-16.900414688306608
-0.13504702954312664
9.290867582019665
-4.7803141782804035
-14.671124482756117
-14.448412369118321
-14.942936252215993
-11.810469311837945
0.1859406286033152
-5.980525038884259
4.3621026622951184
11.685695180469134
13.237096600628936
6.280802020894506
4.941817515089566
0.6086888060630317
-2.998461727297763
8.741409914012689
11.984147172559194
2.4825302772108913
-5.782158202438582
-1.767878793861824
-11.684485306329
-0.2997729640477576
0.8063019477317522
-3.6085624708010986
-11.374072799666644
-1.2534670622896351
-5.364815013362624
-4.122940069226403
-9.044341567549663
5.802330264919737
4.941308217434247
1.236315102489509
-6.029206629480139
-3.6049051673840697
0.3100623156256348
1.7053771061239489
-3.0935207863302816
-16.215430695214177
-12.988612145033958
-3.4744676584138703
-14.574063445254016
-19.15765736778007
-9.388140723178102
-11.09594474921761
-1.4407290081849582
-18.422585134502906
-4.334064346437178
-24.733312183386932
-11.34892568518568
-7.061255636417206
-2.275701941526618
-12.361589934866831
-7.7292647147373845
0.1579282904604903
-3.2273510234575866
-2.1409667395120606
-0.7784479114663567
1.0475796020793464
10.33863427941545
-2.2180260879319897
-19.579448835223825
-15.457480496824989
-0.08221586170176895
12.17936109866175
4.6515018425952945
5.73575231265641
6.383951071320788
-1.7910591171396748
-0.21270758294896466
-13.459003278808918
-20.237212012647046
-6.228089519543028
-13.764279240670323
-3.1588460730992662
0.6512478579566948
2.8906060585124287
2.5644566081357145
5.170071007125529
13.454013311119153
14.531771307082913
9.76643990858564
22.55556542846745
27.71977494554741
31.95639408701827
34.59416856967362
34.08376936247413
25.031833791177718
27.51078759098216
18.00784076894746
15.38080444218651
24.84033369761061
10.712324858296704
14.690860809493484
5.181976350468958
10.309148917025272
-0.1966070041620984
14.776585447067404
20.863598762777954
-6.2462885378398925
-8.20127631998875
-6.197512769869823
-0.8007908090789578
-8.566931805655871
-7.393070749095055
-21.292827425650575
-5.337340584772397
-15.372941803133983
-10.621548587828547
-9.053294734506974
-0.15490445764441205
-14.190085943017259
-2.7322915025353702
-6.698740808074657
0.4173864347851822
-3.5972390178411286
-11.672148634033206
-5.481353067302804
-16.669187357460654
-9.723705837330213
-8.699654867552589
-16.888006768191573
-10.232053918361661
4.454391479932339
6.089839718288058
5.896056950312202
-4.533340905102701
6.21615732367347
4.838516208150517
-1.3749519146364522
-3.991117193088322
-9.556224965917156
-4.297540367059245
-5.550214558411666
-11.42259814751966
-6.168438883508817
-12.43248866970009
-18.38648596662345
-19.482512975357707
-16.62062284081143
-17.843629279692873
-9.914853646952391
-14.054977553664045
-15.334459093874914
-14.175957845939925
-10.502191794180296
-12.087976978300496
