-5.292583144599103
-2.773129628847093
-0.8658765384224063
-8.670112268478473
-8.285399363582693
-21.203840055518228
-19.25808894304237
2.8018750195479405
-10.908402138533614
-9.41689281074322
-19.005568209810832
-17.96012933688114
-18.643188196270653
-15.57730068952425
-5.1575019995756515
0.9871651494757144
-9.533041911429617
-6.7009014735735
-8.544972578976036
-9.853433504762911
-5.8405229985706555
-7.412307666037687
-10.161663504658485
-5.596035652230251
6.948749536536468
-9.648599788831573
-3.779015653825706
1.5413993341966081
-13.348516040603295
-6.364753727470336
9.086491549603188
5.872404652773622
-11.993947468710005
-16.06397252119781
-4.078575882523392
-6.933395442827711
-6.826840624303753
-10.620212707442263
-6.121475806769087
-3.7749157756999017
-13.68353825280177
0.7548554928991028
-5.214678931651281
-5.941951115944035
-3.1418424921901
10.015607884517529
20.736231198459667
21.950904886241325
18.66737413995444
28.956618155859466
13.108767844095393
10.200314800211313
9.508070844704763
-1.3709407925976675
-2.005955820120512
-11.632353986109187
10.770545246705096
4.815682619837571
-1.8402865929530825
-2.2241522627623933
-19.259470234891552
-25.31030802447885
-34.92618733191497
-11.645564103095374
-7.662764814748044
-13.664385760146669
-11.152077969003669
-10.604466370376619
-21.100820053862808
-16.750131349311054
-4.528730436101277
-8.577585835632343
-8.519793874802383
-3.181541233167462
1.6867451635248505
-3.9830470846764583
-27.959512406310445
-13.621594098047927
-20.361837831006817
-22.438320539358575
-12.319287116393307
-18.482649649663628
-15.795910842200225
-17.000838046568756
1.874791566140276
2.436890127359466
4.726880328051883
10.451980569509141
9.32462588389143
-3.3679732693973055
-1.7007847104285456
-1.7350127805299806
-4.872069684940035
0.5112327414682668
9.394223016893713
-0.08388891421938634
-8.45755940660545
1.9877616960774083
13.101317843205507
7.566198509615874
5.3988449059978825
14.516401350540855
7.249977613290555
4.2473826671011565
-14.840972670740236
-3.5790185468602917
-10.764664945171061
-26.846596504612798
-19.70391370731056
-11.240338417557842
-8.568478326816503
-7.149724718463408
0.2401795119156224
2.45848093744678
0.5129770113470031
5.092782480393755
-1.8570764745268145
-1.2622850449590428
-6.837220696317212
3.607539417523517
-5.176740640169308
-10.850458357051993
-3.5204009588443266
0.563184372162242
-14.88092053845878
1.468792811811535
-6.3274695389138795
-15.470981914442838
-10.818970160066446
-14.499192822226082
-0.5064297337087206
4.1932071547175385
-0.8805697963664314
2.7028267890750106
1.1939451086345048
-8.792481291270745
4.432077541155559
-10.557288316706053
5.901004961707301
2.2407559477180814
10.46080515446874
5.6863462003660405
-10.008946531248158
-21.24567838153379
-16.271576016514594
-24.412967650165964
-29.77159057840453
-18.113533393872057
-22.750170617470662
1.044435018926417
3.2408053004228634
-0.35042069538851195
-14.20219803216229
-6.519068551876494
-3.2900654713085737
-3.5541195500475036
-15.086490441365251
-0.32861149596421346
-17.178290978507846
0.3122685674957411
-1.2509714479605498
-13.173435622901335
-6.813880940246836
-7.497292044461433
-1.894887540011839
7.541024338964719
13.912653811645765
9.444205735416682
8.371074863153876
9.68956229586039
2.2082191872802808
0.7453706136464517
3.705235968300352
5.3859720051719115
6.180124060658293
0.2973403398282977
7.23890662479958
5.5206212348886465
1.832279477371512
2.6617604075759287
17.79231416994547
-1.2632809664770484
9.959549905154981
4.33457664147565
-0.8504474226020337
14.816665987039215
14.830976824671492
3.6815519782100856
4.0118961610234205
3.86791468818228
13.234338653561704
5.559298967567972
9.81027969028912
11.595069342400775
1.7115842462282598
0.939477661512404
4.848954913188735
6.907946478893972
0.4757601669256482
0.29537177271251297
12.186175322828733
-0.8066801659204541
-7.771660703982648
-11.587410248872207
-4.613371472784606
5.226246116182625
7.9634482760350735
2.9687022565299266
0.9338638637180026
-6.492271349483715
-5.124145455127089
-3.7247743230110975
-8.240611664040609
-8.706135273703033
-15.18299380171431
-1.6859714033235274
0.05312525367893682
0.23716333310848706
-9.971996324787293
9.212656928141953
-11.438639203394539
-1.6434848631350565
13.155443788189736
5.593498810995016
-9.075866202265273
-27.079273024369236
-12.580312127341976
-11.766244880963626
-15.679014493697393
-16.333035731349398
-10.148495604356588
-4.670329918462879
-9.069444103399107
-14.624652929375474
-7.925880236286867
-7.725817478878602
4.834314249311867
-5.349164989367205
-5.723167311051125
-3.029540885939055
-8.375771337197165
7.292980566032831
4.263681238441193
11.542639964819847
-2.0465780447967195
3.8598989044590484
-5.3321237921280105
-0.8970881253356072
7.444455072004367
15.081619135246033
8.769691069465475
8.181852657609985
13.895284858848314
8.994636140877633
18.407437071710934
15.097056193685765
20.92621460892526
8.876194380372935
1.5513020594126352
4.823677407603478
8.112890137299932
-0.8281275366934153
3.8444462699369057
3.7403947993615376
-9.61026648051113
-27.110098071803307
-17.474704188043813
-48.615336919152355
-44.86751112529152
-41.30814991351589
-45.21831471097122
-38.043759715923535
-33.782759021001155
-35.606351266566456
-24.19569481503116
-7.117333138809626
-21.160469237922555
-0.9175118561185656
4.455682691517198
-12.463994757521654
-3.4346856300211366
-13.346240656734505
-14.089776601433137
-18.6850070681128
-31.35336373772183
-17.221483207115245
-17.804935402622487
