-4.666870117953391
8.524268460961371
-3.2643025648049027
8.98096510894065
13.031516917457536
20.644724520413046
2.8099963653143702
11.199426910741284
9.255555767056618
25.144545173003024
7.397217838871111
7.1918988222723295
16.854382894937483
16.971341704640892
22.278707342286747
14.889617492592054
11.756691246817567
9.31359522901724
17.57926309443006
3.3324603278939717
18.50811997604768
13.529513750154777
-0.24990534889194374
4.093011267709648
10.18316232352078
4.538696423426191
0.3732516454283133
6.567078252997089
16.077500896868873
29.639220186892803
35.180193890771854
34.31116684368295
30.483039305981325
28.537052771709146
27.57983444107933
15.74729100694682
30.820475592471908
24.676103642639863
26.406970792298694
17.382057188266348
-13.872895836079232
-11.033660154860637
-0.02630368861467773
-5.49264397442474
0.4221239282738725
4.9884871809754125
1.843372635671365
15.270858944282608
15.2949645930736
5.156390480611924
-7.4723016427516304
17.840396934159006
12.24233094878235
5.206466101135809
20.772776878363878
12.67799988243366
5.8659713825935045
26.15582051122045
-0.1899854259280128
1.233775476631867
0.9857917722671722
2.5459970174473323
-9.542939832332776
-4.159085256921218
-9.640029856995255
-7.77058678449061
5.6457684631906675
6.921609058159312
-3.088997862814899
4.342143561268348
2.3052627481294032
1.5146262055380402
18.275876998289505
0.5470235409268939
3.62421628210898
18.33219122449523
23.13703681292596
16.48133683419046
20.537157928143774
15.419868183053865
26.67217938054459
25.514807135196147
21.946463791703092
16.558071013569826
10.304214154473085
11.264149598438005
26.136318033592854
23.848642283901285
-8.240819264715443
-2.1762051440650945
-1.7824302498035622
-2.3522079781475664
-1.626636205871396
18.25427125455655
3.7683379754674817
-6.1111668381568265
5.769767650286758
5.703171124355206
4.632958039720722
7.903545644102312
14.715453063535568
12.160750315661428
10.107425606546322
11.122925023595721
2.8359276982401718
10.927292113920684
7.1595125376007624
10.955386859046481
11.794636283438056
11.140779337417277
9.097425023825641
24.100808218599358
17.615604330590102
6.194582930675772
1.5622807507988983
7.32956744987257
2.6726958739125317
10.013121910747486
-2.668233519276626
13.786987510991022
5.225504271762828
12.109177996291333
20.228767695703574
19.463781358361523
17.210077623421107
21.609893246955167
19.56593536636826
17.050809983850062
9.20293805701449
10.250311738410689
2.7408474626503962
5.346980145170796
9.631579462919547
25.49397765700275
19.30021916551428
26.73451989425186
20.792924232692823
15.512051888891198
12.323033119045153
8.730264918738044
2.727161454570828
6.703685818369004
-0.4644970192445638
-1.308844538557301
-3.2468404238025594
-4.829023832827374
-1.7041471476222705
-9.821180842635687
-6.670993981872763
0.1233724158677824
3.065984589389466
-7.590704491585852
-5.676010696355593
-7.594193683541769
-16.484228349868285
-0.18140351402327126
-0.5351335464760822
-11.496301524223425
-15.701573185557695
-6.003905905660883
0.8467511489892686
2.187468032061992
-0.5043489776165303
-1.1772520964761721
-4.976473280531732
-6.361447018321727
-16.5239481163504
-9.558300572444242
-8.560017395671201
5.606315703821499
-10.816255835441618
0.5182606966566725
6.847174658500912
-0.24574558474831865
-4.382342446936627
6.317952402463857
1.3970143617809216
-5.644995015225308
-0.7395031235999773
-10.768676095030804
-10.66077707515176
-18.563923665447444
-22.923773623385593
8.608269295318573
8.060257774696458
0.388300707567498
-3.410277203736387
-10.709536417631869
-9.17813027280074
-15.407002769396513
-18.22642835141224
-17.211368021466374
-6.317451251665415
-11.14915699973618
-12.007036378000345
-9.08533615012675
-17.295162393839508
-16.345331798169653
-19.910316871328614
-30.27355485406465
-26.32029653655278
-26.463739011341247
-25.846887777621713
-23.402574794027792
-21.454284936212
-34.31538977716433
-24.809231577331875
-22.61555202112734
-21.67083752689588
-12.133309577559778
-12.695010698974375
9.01372691355324
-8.473815287388343
4.41427293660371
3.382557043150754
-12.295236020248295
2.5240573187493127
0.32940283380548807
1.9201058147262142
-9.910138418873835
-10.157548105103183
-0.7111736600182813
-17.22920053114917
-26.1493140343954
-16.306376067884205
-4.980014012588988
-14.89926579303585
-7.907737110178077
-5.543295482201526
6.813737956484325
0.21389722302107028
-6.056112610532493
0.5947307018743351
-2.7296648945405857
7.156070921846705
9.1072181438183
3.5672557678593795
-11.904596411089695
-16.336045672918512
-12.871354911535711
-14.087040130681606
-9.46898376189116
-10.202753110510264
-14.322907068131215
-9.619563261019485
-6.328628007639692
-7.1923916483583366
-7.356812144932069
-6.835593169137333
-18.409889079824787
-24.90155991707221
-25.069356549622288
-27.721378800668553
-14.7597716263228
-17.40174548571568
-14.180006436969313
-14.116511171525698
-17.984742246003727
-17.004747985241448
-39.749310879095056
-36.01897658555106
-26.664331693746494
-26.766872627087306
-20.194113999848426
-15.272081296034665
9.286300491207307
19.769892628263086
4.819873088004903
13.85327995848902
8.282304063312544
-4.822150145060567
-0.5122898577277939
-7.883145064558038
-10.758605899329863
-13.159608657981298
-20.60926015695561
-23.116037701818357
-16.648619616185822
-20.180382640798744
-31.391908339334684
-23.72181954981683
-2.0794899555821043
-21.61377209866251
-31.96789306045796
-24.918439166879768
-33.62810366193014
-29.40603181607276
-33.07237131759262
-14.975646890431554
-17.356285383183426
-27.580977970198948
-14.761132139640882
-2.1562586716813392
-9.115850072157876
-10.826988022979084
0.6186096248072346
-5.4894336285283645
