20.662891224348677
24.65424649587493
18.012421773428677
-0.2887058374501558
-6.479863161758826
-5.015723640676428
-10.222957672859296
-4.620402952872224
0.1219398064381143
-8.462704198130863
-6.266107526172478
-9.165350781478534
-4.7832745849977005
-7.912869764875853
-8.771201554588075
-19.566724582408874
-20.265539960569004
-9.113502980823384
-12.90697971632895
-1.9578526661040851
-5.061165863315233
-13.217922770869846
-13.825663622543235
-1.3147329747042245
6.312007761289487
17.599703914566096
17.91220853948955
20.596306340198073
12.457360086267624
5.986659677185084
6.3119578498810816
8.419419038726776
-5.975200928405358
-13.872750853621506
4.785561700587623
8.72144832056115
3.4762326664509278
8.43701412056238
8.388151437029615
1.3946737772555444
0.5340120416588079
-0.10113045333975687
10.926081330680065
4.197212793102343
20.677529077365058
9.496925233313734
5.270353762603209
2.8551306398684617
-1.4462153856377131
17.69950837973596
4.471758077623164
-2.4208566552861357
11.021303756983917
17.068170678832384
8.053120871977839
17.97296988411453
22.97615031270202
6.813503192016853
-0.3669412524548323
4.104846746256432
-0.014149883767950053
-7.937587358480482
6.107871917407921
-10.398860886215816
1.7914595501038852
-12.566588888251701
-7.580779214323329
17.120189098463477
16.500450643690918
14.474105789509075
19.31694102596339
10.927124021700935
3.636454938763986
13.365638152527092
9.298307128103962
6.195384228990782
4.28534242221388
-0.02540658330507644
8.996933637332793
0.8496650624951508
11.721958730292574
2.9832192534980266
2.434054765090859
4.137156502483403
2.294142889588532
-3.3128284827036834
6.520957282331388
-4.946427389234146
-0.859704062827871
3.517569953989346
3.8353549552049535
5.549343380622807
-7.782771042650642
2.4112244023520595
4.069923471003768
-3.9669597957857596
0.4146290775157097
-1.7510633769265231
-15.879383727646252
-13.080420155914213
-22.424559540978688
-21.768217755535577
-11.857400689251218
-14.375975737395937
-17.743401156692904
-20.443818285160113
-10.228667235389043
-4.55924431746821
-5.192317868486152
-11.547285837521134
-14.62581588414156
6.408093912342697
