3.0692690519874817
24.287794128311507
8.022662067990616
12.993309704501412
14.837325584916801
8.721918260944655
21.48269924498867
27.924160490383674
10.31343937183642
5.8150611776583245
-0.4030942208560926
15.460514033069767
20.08548730942306
14.566287000080973
28.39612121658157
20.008922633041998
12.64328067157716
12.982150249100888
19.304290753119034
11.91212932247826
15.166455688319616
4.070059990780516
-1.21784473057222
-9.805460208029727
-3.6522835482010567
-8.77669464592641
2.567595729908473
7.7242558917632
-1.6892453185566123
-13.322648119846356
-28.77274808622325
-6.091547129078661
23.717741378012885
-0.7660422546649364
4.159917676159601
-1.236754593784306
-1.0196416007275058
2.4951621177074967
4.367926657131855
0.3113145432779801
-6.8513235028418125
0.04188788975828567
1.96177814001846
-4.787021698344092
-3.8304612708414902
-6.7429174891864685
0.037921505573930966
-0.8917720066736261
-11.866071412144224
-14.707698648425053
-25.980517910545178
-30.333933984883608
-33.84749711687838
-21.02591923114149
-27.74535147004495
-30.8022625041672
-8.991665358418219
-17.925343566680233
-30.310123985878946
-31.29021071682172
-26.33933315561093
-26.349471061765236
-36.11083688099193
-34.15903433552877
-37.35557669219346
-30.256202488402128
-26.712078633216066
-31.876994499061738
-24.156075892954053
-20.492839702982927
-19.079255833581282
-19.95952293916035
3.060887280393367
-5.739080744661452
-0.4535254939424039
-1.8313267334919288
-7.7465014365845315
-5.682838605225692
-7.241983916864176
-5.580107623870517
-12.423919134832973
-13.16596499397307
-15.428753527437587
-15.849794101377805
-6.046000789830929
-5.3039989460569785
10.252531076727742
14.463100663922189
1.7785912042253775
1.0160426125335338
9.807766927151494
-5.774728118884753
-4.466997041095533
3.950446154906984
1.238838910475647
11.56162501725367
-3.5573742599857177
-0.5488980967706515
-6.222912576138125
-8.129451201506887
-10.722673927181832
-24.429283477535428
-3.583282951121449
-1.5134133593602903
-3.797464458624365
-18.170934646798187
-14.028176512646565
-6.06441684416031
-18.627313121378567
-5.643211178342702
-9.485195144590824
-13.306333059811836
0.9478630744069718
1.5682297351232142
0.08961347532291815
-0.4858548226864565
2.2958348246545275
15.101617739215396
14.855050963644535
1.4011897965928128
20.36952163833505
2.9488882457045222
2.3768743809262647
8.35375890309144
-24.69580184713931
-16.094009888870062
-7.202789400175459
-0.8410107446372836
15.001173077014814
16.374815757251028
8.788829104089494
8.238835129552692
14.061190590135643
32.94381196972613
31.095530206257248
33.02546675503154
33.44262071362991
32.63020365358874
20.465901726654348
15.475737443803144
9.058612798641061
10.628015109981444
16.806101800281198
3.5392522135461912
9.525903808600539
10.336912726862328
14.449794844309833
7.867513803027188
10.280293924049241
20.359578634328265
19.50061945963649
40.621013762904745
35.26940755021233
17.475563252558487
23.16227926367057
23.794182654341203
10.239041204866883
4.285234867672759
-11.75507952334993
-8.228702881622311
-3.34487499943916
-18.439548127642453
-11.006955271653085
-2.3252302905403512
-10.800944331649756
-13.601640717364461
-11.809114986371153
-9.943878738168731
-15.81844403186995
-21.58997701137404
-18.56627332476253
-21.434155008759326
-20.991141816657677
-15.764618038236634
-30.09146145500161
-17.38269342271018
-9.49018463733034
-6.101450448112308
-9.281691932003863
