17.89371901285551
23.92776107313121
10.406946034814126
8.964534662649275
8.401927363930628
15.152802641524985
24.339633179735518
4.975708362127207
24.199084778451336
15.773356082889592
13.09244460575069
15.68197285435008
5.130286794403244
14.101047727122412
3.706890971384052
4.523615384198041
-5.677662353663969
-4.684134913970484
6.570038124619643
0.8818012135931084
11.770062102457068
-2.2860836046368216
2.9510769827692402
3.5636869569682985
7.845854523586706
2.7577507399252843
16.961794988947133
9.258638000220195
7.719592517114898
20.99387218420297
12.509884145654885
4.869621711467834
10.801460195252526
9.214489860490662
18.04931379936501
18.729857537626195
14.302713705423892
12.618237023620402
3.0376442398678907
11.547031410694563
8.621506998131883
13.297736487528706
-1.9072058033857584
0.321127881158534
11.768442962241368
8.289804628772037
13.787692605159876
12.005752107500241
21.066664853215297
22.550905429308862
10.262934256863927
22.818271039039782
15.814731640043744
24.330043955700607
21.075402107355877
4.369388802947821
33.751947458178805
28.068119216500612
25.30279078655218
21.56237222002134
11.541054248042602
8.931064424912869
12.796010381448118
1.5699982257692962
14.378195649141546
10.080890482430934
5.505509145444405
3.749535912611052
7.083141415519547
3.3005809118332605
12.691430064668474
19.578787020240828
18.761582800151896
15.540590543209698
7.5517040249658445
11.295960118270953
26.767942096172717
11.449706824625634
17.448455312777064
-4.092964542880487
0.3894438652258223
-8.972499040793913
-0.20074892063968275
13.179365655947528
6.6847802492895845
11.613034614293005
0.8707733122351399
9.559958747063074
2.405039859047165
11.843973075847659
15.959805027224979
1.387459203359532
16.697802916010048
1.7820515804115733
-11.9041147806109
3.3065023200330663
7.31715028433785
-5.132625710377192
-1.5112940854440382
0.6322890788190801
-2.138225722375001
-0.3079032760393136
2.1951809004821117
1.0744752414972638
-4.784230265470737
-5.507344961627605
-6.9036840567865125
-11.300952189515753
-1.1806299811388254
2.4494996330899177
0.9164184077235624
4.5788121011209055
11.539509852150193
5.748491502261699
5.862372430739152
11.37258130274415
18.63358335209938
17.498178470413265
11.292869728822632
6.841040341520791
11.889528329223936
4.187704166352241
4.912561890832622
6.504211737936415
11.742932029867534
17.29004343912102
14.137941042454749
9.494316552413851
20.793851254529148
17.07212987777115
11.758932385071947
8.6787209977869
6.429975726015128
-5.231016680792397
-4.299294505666769
-11.81255719281755
-6.78474680813954
0.7283786273361355
-2.5809801214928485
-10.321878040572367
-7.183389283461708
1.8874629495018505
2.6217195105518427
-1.2515343031378252
-36.535921388524756
-27.82199853079225
-23.401563808415503
-31.292127968300548
-31.14878026633519
-26.28000582186673
-13.137124513350994
