10.426778149408268
-2.3892311609389174
-0.6435951055479268
2.7995219442888195
-2.05353244450923
-4.780230985738455
12.08287089914884
-11.448701659344936
12.82181992486155
5.955061330440463
-0.2917091244690174
0.5701442400682313
-6.987709830735008
4.5240928551411885
-1.0872078198078423
-19.2737687479972
-16.34572818328473
-19.992065177062848
-14.101580836294296
-10.282992886579695
-14.311289530559465
-17.282470444839717
-23.089987771006133
-21.23283633732966
-12.324168819424687
-9.967796684939396
-5.434879746082894
-20.916115461134677
-21.817433507182788
-14.65965825974235
-11.900421306172426
-35.77037813955306
-24.330332658812353
-17.208282388467307
-23.461051690710622
-28.4749535933389
-25.61011507862511
-21.507939848248967
-15.139890274743106
7.734422031172802
16.549012441706537
0.818658587043691
-7.27814699931197
-6.172701854803577
-4.083100922462418
-4.768997891592792
-7.905577469229138
-16.60989963859946
-1.7395594642036407
-7.020013978164068
-4.38735000022493
-6.985799575657174
-4.834133300155722
4.1397650946367435
12.527458175711788
15.894789731700945
6.054262391683066
-2.8888727484904555
-4.260022599015676
-2.661293962042661
-3.498736430093756
-1.5771766304190098
-12.120518059499943
-7.904291568298291
-1.5176794696556024
0.8065556051400949
-8.337960149029103
-13.797536438200765
0.6563936720301364
-6.112988070679312
-13.152003205152266
-6.496912938744921
-3.1193272065431565
-18.771932522675005
-19.616318489335608
-11.196581964758256
-12.411770258430257
-12.428828275969144
-7.176155457676643
-28.46153690929488
-11.124766363101502
-14.967810365730994
-3.4338860142224576
2.0797730250362343
-2.382847843181395
8.062741240193509
-1.5461624378600003
-1.6208487788871104
-3.579276432687958
4.097664055213722
-4.389262254352967
-13.04511803612992
-17.335718358564925
-17.091448284127356
-17.510825423163446
-9.063059025985428
-15.341937577787089
-15.735392452122364
-20.029149673247648
-19.145740593523744
-20.704812040317837
-15.194253753649884
10.382589912483539
25.02566981839293
22.15933604841898
-2.283798458565608
3.0849282574853665
-9.79150920891632
-5.188496968840771
-4.2757818893685915
-15.739202495062704
-16.052047512628715
-15.106529252434509
-17.176826548473606
-12.745552842420686
8.730283666561391
12.568162491477064
7.238996334554866
14.182691828358779
11.33197680583091
12.894238368402617
0.13652486965138486
-6.949463103819134
-5.404692180537206
-4.834177611083922
15.287134949623198
18.83055653183776
22.38695903218855
26.318550348916183
26.600751311877566
16.19034136736903
6.2065583738615056
6.2991000506498525
7.2730048810063215
2.9102557962367346
-0.3785956554316449
-6.420997685702226
-15.65935918814916
-8.864102014843619
-7.820188245658066
-26.76949625920724
-23.291791686877648
-36.195171502420905
-31.629468855279807
-31.50582918747281
-34.435220721002345
-23.974511542729978
-17.862871068413888
-17.221390897904758
-30.164489676598986
-17.949094669463307
-26.341748235458088
-23.847507773053604
-19.74200355688997
-17.071613834697665
-13.554078166589338
-5.965105225868488
-5.823119627496312
-0.500409895605275
-12.666344056544135
-8.60402285377203
