-7.7991930780203305
0.7570220749286647
-2.5188193009651303
2.2608885971888832
2.1070120953611178
2.0994129262691708
14.75720586931226
11.977157983470185
1.3459253858863918
34.66277609252642
37.51152347027296
22.39558451016913
21.71369169446799
33.96716853234082
36.42199957631173
18.47785616535152
25.576826187485185
29.860138990614185
19.196048190505127
18.838257064492886
20.9624876357826
13.831815170069842
14.473259464896966
8.790186600988989
5.921498094555952
17.88606802711671
6.159972448657237
20.324661746309896
4.856838567601842
0.9633640409846348
-2.975421412142752
-1.3721407978039728
-6.770101937967148
6.591670784167005
-2.9724938451962983
-3.6133181832462142
-5.370144006683278
-12.161724157583652
-10.68708580383274
-8.842664215415134
-2.4749721014506987
-4.9135157146353485
-3.3751630871250065
-9.117347102152873
-2.022140829422148
-4.587742482991256
-9.741090246739263
-6.3075177660341275
-2.088087260961547
-4.477637122154166
2.0280506468352617
7.154707258715661
-2.523946794571902
1.1150413337646596
10.667111263543658
6.694951614772236
11.48528395931826
19.07815391830333
15.805659876957428
10.648544334782311
24.153760141862588
4.514258702796839
13.030790616382925
14.642096424988111
22.84581017075289
21.14911746402888
18.535424581164037
14.427697052544485
21.82289170990638
18.872917778278225
8.101204665909927
7.864735149257102
12.157468555644211
-3.3502845538545256
6.650396857257505
-3.4766439845524038
-0.0376052575027296
-7.985850517822394
2.5440750520837656
-4.8789042815448465
-6.834673470401829
3.327507820662905
-15.879268796360321
-6.331052459457131
-0.910315469042381
-0.22196440978209495
-0.443436620596432
3.810224887964911
-4.066178577284478
-6.456448986909108
5.32995019951812
21.194718111350387
27.50808495022375
27.862035038949557
24.73032270575175
24.82334261340655
16.35467774519546
6.2782329582583785
11.126059880640199
5.707871556753732
8.379444909846324
-13.762782443935436
-0.8201540090379688
-0.9037824998562886
4.156950422869747
-7.502456263402709
-11.461738988315394
-9.548948192385176
-0.9376497369782072
6.3689684146674495
-3.871701534631784
8.156429795063312
23.81584744115411
25.95820712946836
16.03447869341509
36.3855030176768
10.762938055861683
3.974383640433054
-3.8374267401323463
-10.075920189065696
-8.133752966286455
-14.444761327101073
-13.32967202893805
-5.298723774468868
-0.28990783393242303
-8.030174081511243
-11.4490206192397
-0.5982623787117295
5.1420870321132535
13.108010781065119
12.490812772852507
21.565702716455284
18.383643525135714
5.944251651502317
14.318741433998182
13.997742757055605
10.28094493404801
-9.051962224667085
-12.889801669483306
-3.0891462322672947
-2.973130688780256
-3.440119444382783
0.7667772006911387
5.871221851111836
3.834867854984411
6.129859101497412
19.28055779426912
27.47796690555327
23.151175877353243
15.19693453800597
23.898290903758816
15.45454171037461
22.05215168740043
5.7677644874037926
19.82564117325736
10.922983710890994
11.638604441353806
16.887975760458666
12.590201314698735
12.317575993387337
13.422863522372436
3.2562592317262515
-0.5110624190715396
4.186621369938101
2.388768795716133
-1.9258090133452543
4.283707170039685
8.839519047175902
13.384331614986525
1.1073800897003494
-2.9904355041829187
2.118695266517485
-1.8228427384328136
-7.327813833282289
-3.3534593056034785
-2.9126134727326525
-15.475439583953305
7.684930469924525
16.305839543544995
12.21296571562007
6.610871300546912
12.781423038841634
20.254170844450673
17.327412066236196
8.75192816899555
11.754014828573869
13.97017286973402
26.408483659182323
15.39417580096266
17.713349772058574
22.57306129028344
14.435318702154794
13.769266608464765
7.544629562120264
10.334000359697797
5.66461258640142
-1.2849874617113664
0.3390460152066866
-1.3104090444217105
-7.303320088876372
-9.739390171769973
-0.08315469754311637
-0.7619603782894094
-2.196773707997416
-7.9362396895764755
-1.7654857430588418
-11.7000326586566
-12.910870915428063
-12.947839409530726
-9.369190804926971
-5.43155552718452
-7.378284624634474
-18.997644568671948
-25.703964467700825
