-1.8394427156098383
-3.8938632543611607
-1.6826131241024431
2.8102585989738964
-19.253615472164824
2.3710949024219867
1.5612839628084272
12.224445882431125
2.0984332259518967
2.017209687341885
2.3297072112518693
2.3430971526691287
5.104449761452009
-3.2651678585994133
-15.632095983667819
-13.61066913339273
-14.855171865698102
-17.67381221343395
-17.267345444357257
-3.7203389819507633
15.438681941442278
2.612425935646565
4.236149162916231
7.052250418757128
11.292235766445947
7.6149362917475845
16.25738965980416
5.4371430841313915
17.930080163004252
9.834412462313338
18.37115853855932
29.00998468180417
15.906699769363946
13.944528891609918
21.767284718718592
12.763855021864664
6.458935467562736
19.13933176885965
13.949937950553233
10.641066635595912
20.6387435381788
7.369454573162415
3.415656693829068
-4.7256240073928275
11.851288503983724
-0.6795663012745006
-1.5412491325632716
15.249211493823866
3.8164091819446906
4.428978753350094
2.017607331581511
-1.2406618492660233
-13.074470451424608
-3.148542366806061
-1.4964484948237995
-10.870757945053446
-11.473508241154065
-9.193751793549602
1.2773898682968088
7.854570080812485
2.201915016337771
9.957998547315322
41.17478936639301
32.79231714620577
19.03078309994945
10.02154950598585
24.101679656217907
24.97269034711911
17.507492870930616
11.35925477315949
10.49935102277405
-11.8005875706498
-4.041938145098144
-5.119260222440047
-4.989909876740296
-19.09719970375533
-19.2907267590106
-17.680077865007185
-25.29791485471773
-27.7518608306258
-27.348646964595154
-37.35063322476818
-29.474433925232674
-28.80093053470939
-24.326653316063307
-17.281812827262534
-25.004105103043138
-18.698101327634284
-14.433150450798626
-20.009572757976088
-13.510496337286474
-14.261764869341336
-10.062871679266554
-11.96411188462414
-7.690984280292264
5.158553792929436
3.5829220434076268
4.571404156330127
10.494923301859403
11.011414324178727
13.950322007761171
3.2729172737884515
11.838737151508374
4.937451400428674
0.4385086692111226
-16.536249956733855
-11.592572999407716
-0.6449948500886715
6.9549493634850394
0.14883373150011606
-3.5692761630438974
-4.303209031417746
3.0558138170779667
4.675860234413222
9.469557442990123
7.3830238007899265
3.2541328548399138
11.998979412795372
12.065712270938576
4.095861323883576
-5.980012672070014
3.137889849094331
-1.0614113406055532
-4.497484909147991
-14.155563297798901
-12.842746633164834
-11.050472628635118
-4.5368662657039955
-2.5978867427072783
-3.1916091177124124
14.135366507340994
19.76053782067431
31.060841096334318
16.389854992247884
22.95660689028925
17.76828953779381
25.80756576964592
15.188773313916762
18.823584020854454
5.599010639701588
1.9732361309225177
9.95393470150753
7.3825542734880125
16.592189827539944
13.640025643211628
21.578708425506754
19.988934704957174
40.3136765235672
37.438305092934215
16.776625007455646
30.748765131254824
16.249102051444353
33.28512209696759
35.045575481597915
46.696041028610246
26.32346729006324
7.1111888276896345
0.25117883228945265
0.6805915364826239
-5.693294732744758
-7.160585618085135
-3.443946829324557
-15.91043752675943
0.8119115145314001
0.1980430726761994
-8.50455594131468
-12.37990688902562
-13.845009376777227
-2.7277846287278718
-7.51310853747848
-15.187814339644465
-6.907121821107098
-5.270018414459679
21.45464725808805
24.26198387643498
4.233599478050337
16.535224143373608
29.646898740221314
30.883683711595502
10.784308912645537
4.566943067618776
5.00733408850952
8.863418707061014
7.9841063889573105
-9.249156692051713
4.585324315028185
-1.124044248767363
2.888644135474129
10.259521851605573
13.316310784533375
-1.815572232896426
-8.36589474061012
-6.091802660935893
-3.4148749384752657
-2.5828758388534987
-8.620802766891508
-4.39666664121755
5.058813859971755
-10.93390245753083
-21.13251417769833
-7.207316228369169
-8.529643018406711
-9.477344562617713
-9.534138159184565
2.7273440850096304
-22.290075205715205
-23.25145649950212
-9.165371268666194
-31.86911839750993
-17.140014584005527
-15.473779361082368
-15.95676607883468
-12.902551947632539
-29.08463625780775
-23.67706758665087
-19.620257180761808
-22.239657122488985
-9.934975692407992
-20.444424688016642
-3.48480424964037
-23.671925882484878
-4.345260903352817
-1.8743488558647383
-6.580492700078943
-10.909638971439275
-5.366441354711131
-6.368862523195998
-14.223440815098886
-8.718431049751025
