-8.14575681786176
-11.629606495024204
-9.165646455988664
-22.88853688442529
-9.225064727559275
6.486116881018424
-4.652927304839466
9.777592326187133
7.156588045385371
7.724710615530692
2.0975276216838648
3.7760405673243795
-9.519218641059624
-14.45674572766311
-16.254802398755924
-14.751246209620822
-6.1274508020360745
-26.577876121936498
-22.074134700126265
-18.3373950741598
-8.652890754247968
-10.300246729028043
-11.921292553561884
-18.31191380415913
14.349833784508869
15.063353756906125
15.560773413833376
3.195658608458476
-10.921626315086863
-14.661784703356075
-14.381607874411399
-14.7991778613905
-5.821703731085358
18.119030273207226
15.400713812825463
5.799149684841635
9.867654484487892
21.77675454327671
12.628592797013527
-2.781905044872114
1.3911191524272517
-16.594801921257957
11.297239402034194
-3.0589962125820933
2.9014803826757443
1.8096471259894755
-6.597772952424707
-2.4701792246477745
-9.646035484595203
-6.916640352605452
3.7719058901455536
7.106007447205245
-3.1377648323710505
7.347739265385123
9.594433063756581
8.199222502167077
14.2311164384875
9.99896313205255
18.397568261752546
14.807772564011222
11.100582879602122
2.544998660519337
4.209499659302397
2.4293068412220684
6.328866780011491
-1.1144203934455994
4.163888079953809
13.47935567828555
0.501822368559229
-14.47275311010255
-10.895589996354426
-12.404063429709401
-18.00102668642346
-12.031575056272551
-4.900631339046477
-10.401471451357004
-14.312396000663568
-7.124911756716322
-0.21260012838838965
2.654951709267626
-3.702865887882032
-10.75994922604748
-3.661239670217459
-0.6900300235443384
6.372156299700416
-9.485903547866373
2.12921331684726
1.8346612097370567
-3.586609706880981
0.9367105841114376
-5.609489023118024
-9.44223890460102
-3.7265769705725074
-0.4637946183260103
-1.6736213079339826
-1.5147993004215763
-5.2831394411815085
-1.7036192885101482
-9.805811702261039
-13.204602716085468
-6.498202733303035
-20.870842559161325
-11.819393617517695
-23.718330136613574
-18.950694576406047
-19.17462746249343
-14.178561597300911
-17.82776962157342
-28.889587141863434
-19.442340971259178
-28.48741689532009
-26.322615765825173
-11.158474704430803
-19.073869291867144
-15.53637420537585
-14.042873039982949
-8.017747468005885
-18.577307576280848
-10.285035720593418
-9.365513421730798
-15.874165701505726
-18.697356349550887
-17.008744537186526
-18.400110624618467
-13.072725836525292
-12.11234629228019
-16.250338999651394
-1.2688524652196338
-16.043661179350927
-5.6571263529692
-9.837891546367404
-3.9109729477030135
-10.202718416349756
-2.597887494171005
14.642160322930954
9.579037737860006
19.433459670946093
14.755523450422835
18.879085114280464
20.987640660915233
20.838400540577304
34.635728212954355
28.512613088354392
26.395642076143126
19.737994725792998
27.76465262010869
31.21541614653505
37.574288635882276
30.897997699215285
36.06886562649471
37.0332011162219
38.35930201970784
17.50169073197891
19.64681270034473
12.673502785511651
-1.1507871727537424
-1.8932648921051136
-1.9470805926793815
-6.822766620714103
-9.656882422121193
-8.962646135798241
-0.119931917963956
1.581712365187141
10.464941851881663
11.753464509034108
4.214077341875186
-7.694185356005598
-2.6804188632014934
-12.561394230581984
-6.027614495001763
-5.3013706224959325
1.723164463141057
-16.02563181672507
-7.228988129147654
-12.189198392217904
-14.090849199578328
-5.565412130386605
-18.61445104456427
-6.316065772594709
-9.740007381126727
-9.401436508594186
2.9964891008059413
8.976763260662766
26.846908755882268
44.22212489108435
31.84523904997382
21.15009212067085
18.93308317513623
15.43528867702335
11.016258459040424
12.950805795259148
1.7677031253568418
-2.0337098467014267
0.4630500325520881
8.994138981432867
12.841067155825508
22.556818128808928
11.577023314949002
15.071277151347106
11.437865510089667
16.889608869534836
-0.3137202374119457
-0.8525438857812758
0.989296218472124
-5.5135976462744365
-7.9927486061868835
0.3101393913561839
5.568410836153955
-4.993543298709764
-0.25570225667549484
1.753180161748379
9.601707787873256
10.821919423385012
15.220322593015752
27.97103529939105
8.653728612618497
7.895704582530963
20.647881703414946
20.892580503490287
25.13940345157999
20.559029030599252
16.729174295331777
20.031394114704312
12.202151476088767
10.627237212199974
12.875241526700444
11.880863757785567
2.330757123149356
1.690430848576574
3.7260707870445615
-6.464769750159924
2.1402434325862285
5.3548023685098265
14.520452846104885
14.041630717455686
27.108954317552598
23.123684874969783
27.044467069933386
7.349778204456794
20.8887164963343
16.07398281540282
21.872190368849772
13.244218307318096
20.711144562096266
10.400107718330057
5.4005636075387216
9.806113468129519
14.51968148682545
22.16947936283234
26.12361295704992
13.699077912137982
3.2515928322933263
7.841676532342563
6.2473138655533305
13.685153991978035
26.923324099239252
11.679372884163456
11.829860525801685
-0.7155729286385942
3.5824411770272286
-3.801721357907791
4.435043810480865
-0.6415552258339895
-0.01600407084615876
-2.4894321728377418
9.195881917093804
14.332749733321133
17.540037318057653
13.798333594441779
20.376428775859864
18.673312199929192
20.73645715070092
13.491881310456355
15.927942845387376
28.934568770146715
17.760447588441313
13.742557727569725
6.2093899747619234
10.8529357670206
21.92055620520491
15.534120313994801
16.247134108405493
10.801757328761088
16.999875395818712
16.317631671327575
6.296249004933497
15.661814334887348
11.716804717253359
0.7421282006972256
-0.16820265337870535
-10.561127011551088
-0.6992413998392891
-6.410681321045235
15.9928342475051
9.548755337926195
-0.16914162671039412
-3.758548971324023
9.127270673578977
6.484979900284272
11.537889982198351
24.440329855001092
15.843203207884953
3.146483395046667
-5.3700705327958405
-5.520818783251207
-24.242567523322066
-31.324122285632534
-27.853189850256282
-28.94467300517743
-30.89685354909916
-14.121879335400948
10.082286414107278
6.95712394195701
5.13612611051599
-4.267413973857339
5.097206702150867
-3.914660964534205
8.495305664762652
2.8978256006166934
3.937928454891437
3.184804878807377
-3.0440882322218354
-2.710677372385712
-1.1371895060907495
-9.765911457799922
-5.114097044634427
-10.899894930539082
4.339842294815982
14.616118669456364
1.9827255582000267
10.476591730448066
14.587802227414384
5.478126135230937
6.516350709380019
13.863521323437405
13.917299745645245
15.398636436456368
12.23012070522234
1.9730295667078808
11.290443280903695
6.0375853790777185
4.217324970915189
13.028016212823449
-3.73136368197612
-5.8185205288341235
