-8.432094333561345
-14.949912934606196
-5.908064234698283
-15.72678134672044
-15.965840090065038
-3.8830089408145647
-4.47149955519812
-6.101673483726933
-2.4312300207797595
-5.010262331098108
7.866934339140194
1.6625700656579545
-3.018923082118864
-7.613961102285125
-2.802470236579119
5.206202848984747
15.129316446632881
3.0889047904964646
4.9085383909866485
1.7398244621247665
0.6055585061213072
6.469860512633273
1.2583805554076912
1.0523648646874098
-3.3445495204384166
4.2308459252734885
7.769445485033625
8.945024352972348
1.3500838486863889
15.278690644231244
22.37096477792103
15.41591982888571
8.967460442372472
17.158103471640135
-0.4283536156423123
5.0473531007000165
3.47767337857272
2.7439299502770784
9.090242838166716
2.764644196186514
7.131670634307159
6.974114636209783
7.333024166680429
-3.297274141849868
2.1376606018815933
6.148077742820028
7.967892468349541
11.156721040808007
14.692628105340793
-0.7469157834832021
0.2606093197031905
2.8951485957783665
1.163107602955212
4.149849007328953
-4.3875367574670765
-15.16187631717641
-2.35230635151452
-4.509865189540488
8.095151426830387
4.977343415049432
2.3213647119810337
-6.20077511578099
15.53393355597328
16.41213256563909
6.166631663382626
8.124681035552689
0.9124809734300754
6.062999943937932
13.582297482468475
7.058407526021762
16.112881538315374
25.3536994822202
25.07777954642873
7.557957099720912
5.925958174536143
10.48911303312407
18.728798204606928
19.25271718670785
4.974131755988847
-0.26974939412360005
10.316070000726775
18.970515873453415
13.172475856995332
21.41598616996967
6.2693528622873425
4.258523504171606
10.520560099601552
10.595104782719794
9.369408951166092
29.846304354554782
12.685510504409619
13.001682400437472
10.535723122475435
14.435917086863089
28.98193275445572
8.538925841803168
7.136211811920379
7.862515438135985
7.192472698794237
13.029499304895772
16.40427621429053
29.472663575338203
15.239453456920192
2.4325074140790828
10.614560710106648
14.357260194491804
23.51059030785952
23.26842502557496
25.88753885552948
35.52093958562976
36.66066789881153
34.223237041855285
29.860281878845683
29.46509255720425
22.095342539474945
9.41688286485061
-7.205918349961842
10.792250884927967
1.808833934046856
2.57275917855584
-18.625055062669624
-6.606998247028358
-14.08067494833537
-13.501040808161427
-9.486011549111554
-2.6456173395720133
8.199210150515448
11.558467439461873
18.24704660413145
26.823832659638285
28.574616179288945
15.911284236565113
18.48183889117161
13.682767309348154
6.521464374179753
6.947521461989303
0.14763496414187235
-12.457371880722047
-5.269717588274157
-17.551506666480964
-26.21936433842752
-23.018322071160746
-18.790590222924106
-2.009994755596069
17.91519811394071
24.27612462883132
31.948874334114645
29.336045949616963
38.809797056891824
41.131329925912894
52.244667585853136
48.02916808803196
41.91922609790141
37.122517082937826
31.02434393865493
26.870959320719123
28.122103938547678
16.112981921182307
21.16568351822965
8.84726260955204
-0.5460273631997944
8.550553912173703
5.688926590170466
23.33399465842204
18.006835022274796
9.226823169811604
28.880208647699142
14.073020864778533
14.695047772979565
18.19921115185888
14.761823835438474
14.161204690569074
21.146979716322953
15.303204257217828
17.114039594051302
13.126733324606574
12.24133502318496
22.495623126392218
18.43572470450911
16.334162878068014
8.513209440464806
2.033236163927525
-0.4596208532971788
14.129346278812251
6.508268770180369
-0.4369777757112085
18.967066312241137
2.4472934247933225
-4.902958378337188
-2.5968621107140217
-2.613908605831755
-2.9438941747606933
-15.707043797184324
-16.094829218645796
-13.163730921748122
0.14358297149200294
9.870945340485443
13.211293148622119
16.399372413552086
20.289374672289906
15.47954324458386
5.017679696702013
13.670752016781835
-9.366979985429966
-9.845630695615787
-8.717601567524138
-1.8589290202095243
-11.326944573174973
-4.517069181859105
5.3938131750460885
12.469326230356698
4.70129626945045
19.106670097143454
24.15737730536692
5.512774040128868
2.5084115667943827
-5.0982300155807305
3.221582340397773
10.125135968469943
11.087624505051103
1.494300847742728
14.574996220079598
10.1917461222936
6.138100003811629
0.3505431907920672
13.713267833169608
1.7204922128545732
24.363066448263353
23.349564797440944
25.013131288777245
12.448258905277967
24.3150921918728
35.40718205538028
20.318152003940934
22.433535141540503
9.437030615933775
6.8172864296515705
6.502933003420101
4.808958317324056
19.455456771623002
24.117731935931626
31.9472411211386
33.924664035899525
19.50109796472057
21.538797644515157
27.6621811482592
20.861702406948762
12.792135569847211
12.380963197499518
8.518131378456077
17.9538384746942
12.389648890247436
12.622486160565936
4.0428773096133455
17.895405023243203
22.71854059003516
28.49522668034991
19.184885589739178
7.52815708546354
14.828230519762151
4.288848982117127
9.61094111599948
26.697535023804107
0.15321009036610395
0.5210180278316541
-0.5822340138515898
0.7155215774611359
-1.7500189225680596
-6.437850575720347
-12.770105769525347
-3.239437011822992
-3.4568079130356515
-10.979591732419292
-11.274231498659775
-14.891933092005305
-19.50415732045965
-20.92640293270689
-18.69341690117563
-22.12432409921876
-22.94034647618364
-31.78976693194039
