10.179503762846693
17.425468155962676
1.7391489919174012
-10.255786865515438
-13.967476822148027
-4.20488718818726
0.3662007475267906
-1.3408207601834186
-0.728807198682992
-4.382038480670662
2.1802721744681146
1.0681729358441427
-0.6118744220562187
0.2386400182514369
2.771026847815569
5.111645121785887
-7.01824463484458
-6.0052259842590985
-0.018441995950626226
-14.899194936894071
-15.686802461648053
-27.309477828064534
-2.5080425748480906
-7.418948415890803
-6.888173828953256
-1.6329945871520517
-5.319338223926766
2.45053606823346
4.013069852330082
5.756472754151743
-6.721958176517908
-10.461088558791028
6.856398424363049
5.5699885947682075
-0.08403576132793618
9.59628809351288
-3.681752445978391
1.340024833854847
-6.894549885710187
-8.639397732308117
-2.7833842971803713
10.787093913353248
13.571671925300073
13.471443187512564
6.839537041696707
0.9112510024329876
0.03163144466284221
-3.501039750446536
-3.7148568716052246
-1.2197316950087809
7.839362406781695
21.666537019857135
15.76736668903613
12.864724229429031
3.588731871368482
-1.0201839067379896
5.963455306561063
4.206172539450507
0.17351394355607228
3.440910714009408
9.086877747149716
8.538235837033112
34.259919099012386
13.717339267230635
3.666453967033041
-3.020811506161602
17.03660015218226
24.977438520444412
43.428665699535074
28.57284930702157
36.815733243775384
29.007344350437172
36.14094860444429
48.281668861059806
47.47944220651859
38.270502666460416
22.828838313195664
22.69821604284125
21.770960462628427
10.139798839333276
4.259489307898051
17.76018059651809
23.1085781267351
25.547241908089752
33.24244091801521
19.39302598155118
6.356938477482742
-1.5838365366732818
5.862058322828172
1.7607659059261769
-5.078290737801302
9.647793714879043
16.864865830381973
20.489018729363963
-2.7341934962066423
9.695723545740401
-2.511417514210061
3.854695231300089
0.870000134248503
-8.981722639661498
-2.0984499817622333
-13.047428156558833
-13.112868795321768
-13.52496481602751
-14.362713834454985
-14.823945194417579
-21.10809918974347
-17.91451321098358
-27.162909839551524
-34.281651787576514
-17.816677711684587
-20.110621464909176
-13.603778447647715
-23.061262581831702
-24.565518990707158
-15.663260161395161
-2.028978166999054
-9.18688952093235
-0.8729392356033059
-12.041751524023285
2.6940202621948766
-4.928573475366332
2.1429361684281827
3.9323046283000176
-0.5847403473401624
-1.0678046041597258
-1.0505127857376075
-11.986998720513412
-11.268193570093525
-11.690531844032488
1.4004070971210771
-6.330311530401107
-20.5129445870543
-16.98986198615314
-0.07983136405413048
-21.13037837386249
-16.37643018507299
0.40608498727551773
-21.847746779921387
-19.215883470317603
-16.303873321161312
-17.10956034702263
-18.580145092170525
-3.9752263335382336
-9.252913009565583
2.554130718277399
-7.650669745761895
0.2898743895179751
3.7532774552457973
0.6483201804033946
1.4483791450397512
5.0608125995738185
10.5130683329158
12.576028482918087
16.390628779864464
6.610003747495392
1.0349095663449106
-4.504628265684599
2.4334648854480694
0.6938436409317803
14.902641682249179
16.208570102192493
5.104347912584192
9.41546386647799
13.706030333147476
-12.576445910212664
-6.273653223684176
-14.571679923145595
-11.874536488461134
-5.285070483303764
-5.887548034338128
-14.705641798089927
-9.031420872282126
-5.842512853893278
-14.734032392188261
-30.964103290968538
-12.826466850481934
-10.310686726661435
-20.634921057581906
-19.61407391194464
-15.900452365750294
-17.610744433210613
-8.827664362363144
-10.339573997844838
-16.921811043089694
-20.22935912968172
-22.226178337057046
-20.962303034553038
1.8249361285267285
-13.00207311808787
-6.919311409965732
-1.3029009084472334
-18.259121063564667
-8.171045482270209
-2.0012136283814663
-21.885504913420057
-33.287525338174326
-17.913173157420353
-7.369253146696685
-20.909596353640236
-28.320150515051843
-19.724207516858772
-16.792745770497106
-21.227395140719796
-20.32306963654917
-16.477863680251186
-20.66237313192059
-16.71290049096384
-24.17717292290117
-13.475380771054654
-21.712017609310998
-5.514052407260953
-11.037871072225228
-10.92508432295035
-4.842829934134278
-12.151522185381946
-17.11503309796941
-15.14974124226548
-7.820978896749096
-8.340451367939531
-6.477962607711857
-6.334420004954356
-18.391228817924546
-35.591493093536464
-18.29284396563246
-9.436327094153443
-16.723973150700257
-18.955550190583534
-22.078002586971174
-9.517800526205075
-14.981510472942624
-8.272328593110348
0.3284683983265481
1.1144170642449178
8.15380189102678
5.555069756265068
-19.639248842474608
-7.37788459635905
-4.7885438340557425
-16.525701083805895
