-19.61444291889509
-3.6753150495587716
-7.993749408851751
-6.907455635551277
-7.561473196928973
-15.785519143529749
-17.245243234138197
-12.101502317776148
-13.601187091686434
-13.421278005551402
-1.9102473329521998
-15.34923530569154
-5.270046082611514
-13.598421830336859
-15.649544767397911
-4.958840563732274
-5.283473750830817
-3.255022623853013
0.6234152388660219
4.7986541082636
-2.1428951736910395
-13.3647580722348
-15.927537701954934
-6.939216843573775
2.9444060990984786
0.7440556657935873
14.919066927988553
4.620920877752615
3.859648922940095
10.812035184111952
1.8899878543541495
2.5789627680853986
7.41736538437798
-5.461015304058302
0.9237856876551829
-7.4213526229446884
9.2283766748914
-4.254330077157442
-4.966174181920809
1.0941370706016205
-2.540922558640545
-10.113776237519165
-2.1895898959650952
7.0034772553209415
1.2347124953807784
1.2960305486781911
1.002805754514845
-12.897674539096851
-10.859394779692893
-11.203552118930638
-3.2119656447325866
0.5914681885772377
-14.01172134844012
5.879737451608382
-4.675997519562748
-1.8698116988115048
-8.379961664289066
-1.7609823098488266
0.9943982715992884
-2.035642217164568
-5.488179950881952
-0.4403637568624678
-6.263348236812114
-25.450820028238887
-6.032053399749812
-11.216985456459
-5.498039555143348
0.5207511794910193
-6.760858615444598
-12.946315967834634
-4.701750849039045
-2.9793831819295447
-0.714607791977648
6.649473899380123
3.8138216297980017
-10.252613004948694
-3.0913138179475546
1.5416329646348852
2.594949858848276
2.8124248069852946
3.38762438621438
8.938725634440631
3.0828313106137233
-7.609513819270218
-1.432924936804665
6.684305814932027
24.84169433460141
7.656884843987743
4.9744393468443935
-2.6230999355895697
-3.0046055120695376
-5.030919581722666
-13.17990888537289
-12.285800555551793
-24.78581936693948
-12.739818692111097
-21.88630387924613
-14.772861568316715
-15.10254475103308
-11.458793708431008
-4.9751295204726755
-10.399164792575071
-6.372306274858179
-0.9330081587098024
-1.2656237833551385
2.7499808803851864
3.7352199553533696
10.964377226496492
7.161128526753478
7.207745427377366
16.305305875679306
16.02814411642164
21.98727355050463
45.91022864509513
36.67631615206076
44.127735243375476
30.955947727083373
27.63150996639305
26.253779082972837
32.257225886160164
17.719246500341995
23.66237479880261
36.21821775303153
13.99388141145205
18.349386361714565
17.074245098985223
14.233781753705411
14.725645460964815
17.362435068264514
37.16011616296082
26.857067002051487
19.523225247304254
26.36044159814413
19.60659400782082
26.282202908414764
27.65352165061524
23.387142648953077
34.04525882487116
15.551423232751539
31.824992338836132
28.07076921458763
30.09411399295312
26.443326560635928
12.669619502378149
4.219092447401446
-1.9674746394479563
12.245691870466876
2.731525033133067
-10.952724636922461
4.040893160950643
-7.735237604320997
