-4.530789011264892
-0.13783747196146748
-2.448255902655371
-11.551201416759934
-16.72206644502522
-22.161184643443946
-13.574052961247418
-30.07775640541452
-29.049186303789345
-23.786686265298066
-7.253903980379847
-14.792062232994638
-6.40059856755591
2.051718559501588
-7.746974421684685
-18.60292750634442
-17.636200904132977
-11.687129977435331
-12.271847236441367
-17.903508472096178
-15.183539641856921
-29.08813834805408
-15.405001901297855
-11.553167618247393
-31.029420170230946
-22.248421893042632
-12.283023340389471
-26.854324941255673
-23.800107521870302
-25.728845330390673
-39.20153649886577
-14.575570929814525
-29.47750307310003
-30.957499778268627
-34.090576353955534
-24.057922300137854
-23.848045258983987
-14.652720062053573
-11.508921575099293
-5.298143948211909
4.171188249113307
-8.760489339138493
-14.445503965182864
-20.19544652881609
-25.041809568384377
-9.579096887837636
-9.636300435438091
-28.13975237317213
-23.16789956483917
-7.050526954353643
6.411328892221137
6.2983777774100576
-0.7144808568815363
-8.012719723318849
10.977201234335132
2.0040649154617376
9.287881753802894
8.465443062337469
30.1709987164877
6.096225941993289
3.4839824924982623
15.973966682983962
9.912331165713537
24.793858771233392
19.92398148463048
28.501795309519476
30.00712908370547
18.156577959752255
11.065130898765574
14.804143272177761
6.903197205679034
4.806330703356082
-1.6987977168318715
-12.063329417590918
8.686651857595482
8.689205916473759
6.909509756214354
9.976212725655678
11.264368656526177
14.35536054618184
10.629688720807515
4.779046647296688
5.157537368793245
3.5804305632502844
8.674737018232063
4.720490934504081
8.826418312718326
1.8561046822184095
-1.4696485122882068
4.14171199628843
-6.957410495859937
3.67346563318779
1.8145173215749384
13.391613427721946
0.2426053768119107
6.968352000596705
4.572337012206106
-3.650681416683833
-0.8240878750800774
-6.996750336705363
0.6258603907789799
-8.529989496090037
-3.010531038912523
9.935735825920377
-4.420629574086861
-6.968048346139567
0.7408888524675757
14.4454544594644
8.594446148200335
-12.840056548784258
-20.389849863979734
-13.754736698638242
-28.744887995735603
-30.652735654401894
-26.14875510535184
-17.039978399289772
-10.068826976012623
-18.791414745072093
-21.222628083890783
-29.367247970044204
-18.333093834781558
-7.00411414447086
10.69566408599163
14.913913663628072
9.766351086763752
8.501827007397317
9.340673038336579
4.596701233936382
4.195916942575082
6.381833484103197
7.044464498615662
3.2282163010081586
5.771137773879945
3.717120415367969
4.145710570969418
3.0379274366548032
-1.0653999100228673
5.861316330000014
-2.5236117763750245
0.8614839283280734
2.5504534977649738
3.8778342678908704
2.311609756378652
4.1064278454469285
-4.477641674080415
5.429923404717921
1.3736507003448133
2.106997653368852
0.20885787085720472
0.8510227165379146
-1.9022522444047671
-8.433853167553915
-13.87751583690998
-7.52723488636675
