-19.866651689239053
-28.195963542874953
-16.416470241860814
-20.254725855704613
-8.920593922014257
-6.25642132893769
-2.6996797575023157
-6.706126961368848
-0.6050275185675212
10.098289543650631
6.734963499895321
5.946111504907342
11.488909461893929
10.39572376779485
13.866507029791155
11.055153670000703
13.681173747107007
10.456090863411891
11.915861714333234
12.552735925733604
7.477719945113815
2.74566628063612
-3.6964603361441006
-2.4240620084184794
2.2298655360883326
-11.64117333883806
-10.864455997832758
-16.91271773038315
-4.811438770116161
-8.122321008300798
-11.671537771648747
-14.114656398474741
-10.448887892066011
-5.134383740286365
-14.37462084015876
-1.6475389417681483
-11.410710445818596
-19.12876018663646
-15.755514502263765
-7.498063380985835
-6.84638532441103
-22.261219139921604
-0.6146705001897932
-0.545596694900892
2.057085668851909
-16.719274626450144
-20.987247361332138
-13.71169456751131
-17.85651424714147
-10.479220003209576
-12.15126331933306
-11.711742773798035
-8.002288717749769
-9.39906100893752
4.932755899746426
-0.8958413060501285
2.9050102886656672
-17.32511905207041
-21.346727165560115
-28.26373466675707
-19.09139617748154
-7.825397365255187
-12.74262529963653
-6.9094745869606005
-8.207468496630907
1.2630926807015679
7.109476880659049
-0.8737732932377789
-1.9526839504474651
3.1181426791830176
4.771109657008667
9.121203474260524
1.2376622993825874
1.0331793300506689
2.5885383404456173
26.42156169505398
29.83443158205837
23.920160753494702
35.89114010024921
22.137125164384216
11.856585558377805
11.76115860540308
3.742302124572264
8.949198352570368
6.830616139268803
-2.0395910455334842
-17.712653249470147
-6.311292749579144
-7.666380382398769
2.3275901292469263
7.192804478396231
12.769702097398053
9.593092500390917
5.0429848606459435
1.943243689597232
-23.14174856610756
-22.86791683774213
-23.941978344661134
-23.96873504019507
-32.348899147999376
-19.33331297998781
-1.8971546523997411
-4.991232059621487
-8.022599932215325
-7.509205414097469
-4.353607583522513
3.5504590052339475
-4.333262032154292
-9.154039333207734
-15.414915852511518
-7.508567403783183
-16.212971474424847
-25.932233978918237
-17.682608453390007
-17.208857801104294
-9.986710497760619
-18.899739339983707
-14.756188965784686
-6.603825481754426
0.21781726874640914
-4.053392827561106
5.129513758201257
-1.66254164950269
-5.433861797883687
-2.0872185576867066
4.4354776784039744
-13.14695570830612
-17.817533338075787
-4.296322313939294
-4.20490690496141
-0.014640222396221382
-12.971874835270869
-17.57088516613174
-11.100025877483224
-25.264832599990253
-20.890518661086787
-8.03994476166107
-13.106403923041348
-6.5121278959220055
-34.60491764864606
-24.014933693751754
-24.15094967329605
-23.113413526426893
-31.704464169548523
-15.182312382515256
-17.096056301178894
-21.870932079049982
-17.794499684844197
-30.656468699357344
-38.701079889167325
-44.48553273372794
-44.491292169655694
-32.250261651501454
-36.99896656860265
-20.84616290037706
-24.043443499990946
-25.005992168538288
-9.269705119878497
2.895197894054684
-5.865291140209393
-0.3325381123851604
-13.47830863932327
-15.299733246213998
-8.530172597018709
2.4389665108314453
-9.036698247214883
-12.52719729777092
-9.459959175405489
-13.030042718671968
-12.451901192270403
-31.770130452973227
-4.091261714597326
-5.079354797721177
-18.972440564160138
-0.16142036170655866
-15.096138555987876
-13.943946224717306
-7.3105709552034215
6.223091502915446
7.551625377334138
13.645172229335033
13.00388945630054
7.4506938304193095
-3.045259727819976
-1.6046668706707676
1.1087163633851538
-3.1948784358398794
-2.8823515975453247
-6.183282018660552
-8.241073832542947
2.2545254344898065
1.5889980661441392
3.302397622635296
-2.6300063448815862
-4.923218090937478
8.963729156857111
8.409339363447295
8.062394113289978
10.79043151807041
5.604776837431007
-15.646111910373778
-17.114669992954095
-12.079347315266613
-22.78388621333781
-10.963837253753855
-14.64920150002457
-18.925094988262796
-20.485725671330147
-18.748164463109187
3.6720730186436
-19.42648539820801
-9.159705865680444
-7.216320689457081
-3.926396382426312
1.4009984468157302
-3.3976581528670877
-1.5512833199820135
-10.555915052339476
-6.520656907507466
-4.468091566299272
-10.016912996722057
-14.570140053564579
-24.75668243201809
-8.347285083730513
6.159303599374497
-5.0741986390085785
-4.894785179418641
-8.043340191102986
-2.9874458568633084
-2.3430282959707793
-15.003885240528753
-8.011367100342468
-10.821794031338484
-5.3106594548106365
-6.7769337984384075
-2.544909732978677
-16.75560378437449
-16.416911668914473
-5.869850070515089
-11.8703253747015
15.425937003517639
8.284758833713223
2.3989066452391303
