1.2285975315757798
2.877717633092397
-16.666741177641512
-8.394715343662831
3.3533509833825588
-16.755471594871587
-11.277042589103697
-0.590819733407033
11.047612910818751
9.396953604273966
4.173175243284073
14.137686572379954
21.170919537373873
12.757654308405328
26.837149854838
30.195123519056157
19.195773891349862
0.206196271646834
14.962290776608086
20.564798539282307
7.9613635413966755
16.759063642184373
8.142688104261829
14.226780417623267
17.953990629142737
9.956587361006012
16.45008304172444
9.954492810948551
1.6323605887505692
2.2749366098303403
-8.645063894998136
-4.49628079290381
14.383535198929096
14.352489868223415
-5.4472118596069885
4.389460785038809
-1.3404400220527228
27.4110620925712
18.668100410941708
5.403275106818665
6.858643246614982
4.960023674575356
-9.327093175344425
-14.504466732043019
11.098981507327348
11.55287549928319
9.415984808270293
17.253215224690972
6.201518371510364
12.764564026485498
14.414601300938154
12.812136204364116
17.20779958137491
9.000817341121104
10.246070900159852
17.059797235476147
-5.480166631194416
9.791908889135737
17.109979381415812
9.10378278761826
9.98847405475961
11.889154032988445
5.385540063331142
9.91879723105126
2.1245523837530054
10.122865922619457
21.0387688632248
17.225866293662214
22.57390971610316
11.113141466668248
15.712988658167825
3.4141780941377617
9.729819609948496
6.55229463235631
14.16497434123189
-10.011852442946797
1.3424449255298279
6.404288325120247
8.781794258221375
9.3462504734849
22.998672594981503
1.842350478566444
-2.1253031345167144
-10.149395243015167
2.250472626944957
17.373231598957073
-1.4515708396695488
-3.1900293913288977
-6.23998339009982
-2.829744719197469
