-28.877257932016587
-20.30663191807248
-7.66580664105284
-12.891077727120754
-8.393192244641059
-7.103743039449634
-0.031201867481981876
3.819964829119068
-14.864752856679168
-7.1572096107214715
-17.848804506373625
-5.674176240979432
-3.7573351660777052
7.081602018522415
-1.7422934671323758
11.631854051964677
20.650373520425642
25.2300213054958
18.022100864043992
15.185640811827064
31.571528797235842
28.33818052806765
27.89780651462686
10.77437243244561
5.086899791823907
10.522566248022438
4.715295642468878
2.389262776959455
-1.941977647581444
-3.4033289439903878
0.8834572156147529
2.1233080118614867
2.038274477392206
-0.4473745036158787
8.722208627256258
16.46062289467945
14.139924993781845
7.7779040451178245
17.840061664923898
12.502753602923484
8.288443004388494
10.664443034777676
15.848844282503574
23.69880617215582
21.6171287450343
9.46976786719372
1.560003834355968
1.2817572625869094
6.661226088379072
10.323554609554982
21.556867286505845
22.236511515430532
24.30563453205853
2.638748839926884
5.4596355539894175
18.659270464559906
11.7383148977149
15.495300918700364
16.955236143805653
8.671072878773073
4.1700089014469714
5.7946846364249325
1.478743910311333
4.429395259035017
-0.3379374279770773
3.6060686362351917
9.28908524830087
8.436075064379043
8.857186652269911
4.847209406782143
18.570083804660747
10.633321383257956
8.345636528980894
14.015523877224956
-2.370418789422983
11.985619544304054
5.544387236349325
3.7040855385155385
-0.4998749882545682
8.590619108454911
12.981818285012073
-0.4454907694912825
-6.066222012035693
7.0285323664335895
1.3480137497937883
5.834634973934617
6.037720022188572
-1.2370327417525817
6.64133172189486
-7.564532727975338
-2.8959472830811017
4.854645999476683
4.291116387444529
11.54012830557372
9.805854293211118
2.5578095496181144
2.046978805019288
-5.28594004634696
3.1434267927603483
9.770553037831476
14.820489446668146
20.027027544203655
9.698784624337225
15.46616387830272
13.050673532840696
20.09433442292363
4.526367960554898
6.6712287437661395
1.6027221459785088
0.007786577382147825
12.458535998690556
0.11574275250113833
3.8012368490683626
9.967983788417547
11.40549329380544
14.85994971391912
6.435952406521807
10.068924666995626
5.631217441572546
8.957346149848572
11.247647144251909
11.351479575031831
17.458623319347428
26.375194544618353
29.984078817141533
26.286236776697887
34.85026643320258
28.254835901390305
20.299676426807245
28.060454880161434
16.000619557787438
20.795612553499907
36.7921010102231
15.690792435738722
10.48675340869355
8.890214100671521
19.115588392865984
8.621596457211892
10.931189329541118
8.509931119530457
11.849778346089135
0.9682472520650102
-1.1010945023593754
5.448354723162167
-2.8307515769891167
-2.972941417546556
-6.123584069477452
-4.86822371761652
