-4.583527019728179
-3.367961910357657
4.451671491513962
19.713885730514324
20.825372994028672
14.330143751896946
2.7624109235022654
15.104104185057347
14.616463137671547
13.415380638523668
19.318680312711184
0.7547067776342731
10.89731297285161
4.3829065616988485
-0.4899893944236397
1.0398264190026172
-14.170930888344765
-8.41034952540584
-19.705544206824435
-9.35070051207005
-3.7919091385239017
-13.79869229691276
9.99810706275853
14.051377794926081
12.126104798430724
18.272550546443934
13.227470803634017
27.87028720651911
8.429785683858062
14.665481667149987
5.571333603071988
-2.3707358552119806
-8.339685688428096
-5.9677165839956485
-3.7822544429811567
-12.93976975412649
-7.156316895583534
-6.7562575431906415
-20.068787556785637
1.7204407384910507
-6.945695622910924
-22.744054640082048
-14.814952689969752
-25.12538243333302
-18.890649932562273
-13.641745353643062
-7.853749144801924
-15.390898750770194
-19.24368905669712
-16.73972339921914
-19.323172409002172
-24.932878956829995
-18.079148897318973
-10.754078412973232
-4.221289273195639
3.4215698648551096
3.9280686474259685
-7.896048374732563
3.0490258518075883
-4.4389988844331
-2.1211084533245472
4.532718745527089
6.847640487709204
12.492298632211954
3.060532096942981
10.266031552598577
5.0805068542140965
10.524189108889606
16.44282773939079
1.7178867275776597
10.15026378571878
7.428128068226532
10.130687296117179
5.754182716585171
-2.9777811313138662
-4.7631504808129925
12.822656015037467
-5.9585087404785275
-20.47274443085375
-9.99374641181908
7.533011516483376
-1.2936468964071521
-9.448324925897028
-4.238392096796892
0.10340316087341493
-16.789574071132538
-24.006443234826037
-16.0637960288121
-5.510846084753036
-16.02427087055636
-8.273263378521369
-4.326387933067139
8.930096668850588
-3.9553814626754407
-17.02852171090104
-15.548589490908926
-25.026937233971488
-16.87371266961245
-36.160359227580244
-36.94858598916738
-34.48476208049616
-43.759685117859
-38.65263763841328
-38.460398642042655
-33.766514942241095
-40.30754004142693
-25.654992401219893
-24.022635391978454
-28.956339246150733
-38.261046266562055
-24.32326262383337
-27.593264747103852
-26.86961265680636
-23.502195466471647
-11.60023485141313
-28.706261431395816
-28.132446838328786
-27.64110917218005
-26.91057467621045
-20.097556407164593
-8.306136668014892
-10.498405425404105
-9.155368223522006
-1.7251735505623933
-11.056714177922286
-8.192008978386903
-7.768005046410417
5.849159779884277
0.6502695460646831
-0.28286671001044617
11.168466868418543
10.426162097846056
8.88767473808726
-1.4782802617597055
12.93334585596599
9.38766931434782
4.305357528303071
-2.7523162938131
-4.418981757752625
-17.037822510924038
-29.451818555836876
-20.103980626712254
-25.67867282285169
-19.753163220631887
-18.91857576819918
-11.263364829090376
-12.525958572913725
3.827277440725021
-6.283724336080043
-25.662101379716344
-7.038919988484395
-0.3215281000409144
-19.323323259147326
3.9658671690403886
-13.502104288611358
-12.406409177487523
-19.01432134472634
-9.771999420359043
-17.570559218783224
-16.704221003025793
-16.94427634180095
-7.585198244606465
3.922563274319496
-6.0201698786427045
-11.299426437930222
0.7032667334638049
13.016439542533107
3.5125514596012097
5.7816118783850055
4.941501481407937
6.247587367053491
-1.4219294401660807
-4.0891301723135465
-2.874950270065
-2.683321443851467
11.324434486102634
3.3417407057557456
7.171802262769742
7.52851402453545
-3.4552793223649947
-9.827814247915553
-1.143583248314507
-7.225785518562068
-14.223443431105164
-13.392055936904626
-16.733012017630244
-10.758856539463398
-9.887645362420235
-9.137130122673607
-17.850572581538195
-13.16905216004841
-8.973664773595203
-14.867717989832066
-26.21182576653388
-6.7522055038285735
-11.99266995621194
-21.955177624765266
-16.865747547714818
-13.63126446727021
-16.349491351024575
-6.3432762172497945
-25.997201583668083
-28.29131326379818
-5.442763935322978
-14.098572382391307
-31.27257284231852
-11.469849129293824
-23.99260838737319
-11.714341680377162
-10.160901200898957
-19.437240247643107
-22.938805793212854
-25.878740775645536
-24.76793578974844
-26.884776890824718
-28.752633922154764
-10.505471521796608
-15.952668158938527
-22.332942072334493
-19.333983385775454
-16.17723606766114
-3.2498124179780463
-2.7338733865780607
-4.23279994688503
5.246492533147841
-7.561522525657902
-10.520620148391897
6.653253076717276
-2.5950341737552316
-11.543644013468487
13.509511195338964
6.874163861912428
7.585229569040369
9.12931680028526
1.4267875332836155
2.361161182642473
11.9349306104422
11.978739760058394
14.624685877180646
16.447200297530447
-6.966326083660207
6.740480842621494
8.651889261180111
10.992761812566474
-4.585075357277302
-15.495424334959798
-4.881607242156631
-18.27304269826518
-17.726891708196778
-16.258123960450348
-20.39399903190601
-15.683917739041279
-12.158937845979535
-9.867009265765684
-18.3979063194371
-18.642787859804173
-19.329141675366333
-27.838907875445656
-28.723781040997363
-19.956972650098873
-28.500215085105058
-25.29804051622091
-20.95933107162177
-28.155147990549125
-20.328654460968078
