-15.734430540195918
-1.2244831026861018
-3.5681148870556836
-8.500766646477405
17.916173544641293
12.926944178326574
14.77441467820765
1.212220492873852
9.811119609732703
0.8840727135876442
7.579684879698832
2.956406757362401
-0.9080178037278528
-3.90331577131809
-11.33276208562867
-16.169552804774202
-19.32831201209128
-19.535863775141657
-3.500069244210384
-2.8055770431308
-20.288024264700255
-7.163252454500178
-4.151830468583609
-12.414006056060774
2.537933895456131
-8.192697563134454
-18.071824238701836
1.4236824333325182
-9.143456582582745
3.7456505364841095
-12.240895125409105
8.760090336321607
-5.020388544426152
-0.3226945217290417
14.195996077820409
-8.701282528936735
0.6112398250849305
0.24908635811490046
-8.98334938650264
-23.219358029688145
-10.934764426992949
-16.947652415187093
-14.96683796225796
-22.359871675070334
-17.904810838916486
-8.245719820645686
-9.460035764340189
-19.85493907485236
-3.5089432159969465
-6.395394473344204
-6.2829685297355615
-7.837806543529616
-2.9556524491849454
-7.884129293483727
0.3574655399061839
-11.497507698974525
-12.263162250465227
-1.6905626791787982
-5.039729853883439
-5.451850197063139
-6.546223711398097
-0.30260688579314404
5.781763743741538
-4.356428401471225
8.085894539122089
2.5176161718636862
4.3785656980970655
2.9728306414718277
-3.811098812997844
-3.424282045437508
-9.762577538346914
-3.5891291405338515
-1.290071317473106
-3.811710082941131
-3.237854841771364
-3.2256600117284964
-0.41172697370823264
3.4429303298835863
3.627334718055717
0.5727119028380752
-4.66528891550734
-5.770675768039675
-4.919239585625959
-7.068251629171534
-4.824560903912117
0.8036994700051032
11.286164569653584
-5.320616418926206
-1.1133251145388756
-0.4848456607453738
13.124368808864086
2.7077924331444394
-0.10186397121926316
5.589300977038842
13.520717964547842
9.381619612370065
3.2655905287027744
6.497060104265324
9.037051003160624
8.261693934839277
3.890553579975636
-2.36524621842858
2.6596768560911426
5.189312381556649
0.6692765044210919
-1.3488807422652431
15.981623056338742
6.4165830781137565
-1.2233596383208594
-4.259992131108183
15.985945103965713
2.859103095387564
1.7372701642431867
12.209859804593663
-9.608502132179904
11.769051835386982
2.0797285719241554
4.242615642387318
0.6284798505686046
0.7333423186683706
3.7600392658776736
3.487238089486801
16.719987651869545
1.3357485151320256
7.3025783042794945
12.287185220228356
0.6530207154613923
-7.531735555005888
0.8619836039526158
-12.954426064067288
2.6705136860627117
3.069947910198629
-2.0577784259205743
-2.3222461902721623
1.4979560998666304
1.2215752461537026
-3.7357047158671017
-7.8929028587642
-2.160889318833749
-12.107492306985188
-14.708376203294835
-10.037540499336485
-20.990754393515694
-12.053327504160473
-3.4661216830978043
-9.681954845645592
-1.6295121394610408
-6.150420292737741
-7.745103119318365
-3.0383955972541585
-2.658563371069439
1.0204909789515848
5.3455064350663735
-6.0686716285879285
-2.5635953793898922
0.2173981800459128
-13.01736576500682
-16.397383307770518
-13.044990230204599
-7.333675734848906
-14.089551433940649
-13.939666168540207
-13.212770126330366
-14.973115343410107
-23.733368977800698
-21.79032676788232
-23.60955934124752
-21.316741774095266
-20.344722771534148
-20.170889645772636
-15.667090517396488
-12.873987500774824
-0.7002478172857242
-4.2954597157185095
-5.840493356516245
-16.750053556665776
-19.42928904659369
-17.306916547535224
-19.075542706636714
-16.814711023900834
-11.824260916169806
-13.5590053600212
-17.529493395303593
-18.68214758785766
-22.647936631937057
-24.070615498853265
-18.290888801722808
-13.178603756500936
-16.24160874525376
-23.782163509075147
-29.22174343351745
-33.40016678280909
-27.029328643795925
-14.273113524037006
-11.077889706890634
-22.64568360523253
-16.928363058678006
-12.490454809538035
-10.612596860367793
-11.742701413484495
2.296670625403312
-1.6706527055949776
5.062139874800227
3.6601473995540426
-12.069249417236355
-9.162001821886902
-4.666297637311481
-0.6551821470108624
-11.192028107115851
-7.932613813135128
-7.253655736132562
-4.57709413352855
-3.932140205598949
-2.016119628363121
-2.461382295121799
5.600013493780699
19.865120740384253
14.940643261080634
14.226020221321795
10.901951568968911
19.720204356267413
10.324544702490288
5.594813429286941
28.567213129394297
13.244375741320686
1.1019104580481909
7.077138146264588
10.036831159878664
1.8059204597787928
-2.8926594228095923
-0.13628317075358054
13.464532058908036
-11.553283053021447
-13.613790563498915
-21.100780363694874
-19.10725686088737
-30.80283073158911
-23.380418504970894
-22.1847204883264
-13.733484790558293
-21.959109177195764
-11.724986960310533
-6.080587389719251
-0.3078002708611494
3.1688781563515587
4.0620890202240725
-2.374429130392025
-8.86706837334079
-10.11475777937942
-12.152734397053779
-7.45992833637905
-5.644612899379374
2.040452425450815
0.8830732984730507
8.896155920871125
-1.1462769729486293
-4.475432245902141
4.858389370680559
2.67121002650246
-3.2239386256304643
-15.034853259917993
-18.631330506436413
6.004643405117083
-13.135920027457306
-20.00336779605985
-4.7048363969149625
-24.50752973657756
-17.883918287327486
-14.4943761595065
2.4458245022138554
-7.340166887248638
-8.41228509598902
-16.68504771196033
0.4846443654545925
-1.0487806230306969
4.851137236489713
-0.552997716292103
2.347885964068446
-14.817373470142346
4.45235303804953
-9.016332332902923
-8.627063571219264
-11.110573821833462
-23.846614122928287
-23.515658706419114
-30.534857881542024
-7.917289554074673
-8.037752184532586
6.0384639970364535
-13.717907478431444
-16.386521463390835
-15.033494553199713
-13.123952878915414
-5.722263520835245
-12.506318517266092
-17.349018347893146
-12.291926615561476
-19.030667106692714
-24.404866621524192
-11.230744950218833
-13.698350471028053
-12.223371363891921
-2.6796494825756434
0.7636155663772309
-1.90520025355708
-1.4391264950444052
-0.5396242733149972
9.34052744557784
27.576390873184945
15.631749449809414
16.037486852884378
4.204606469654621
-3.536707350331885
-4.741639956908978
5.104200724505441
-4.6052523554772105
-6.521173834146166
-2.6924102900555367
-8.757402876494139
-1.7951313127898192
-12.444001090375217
-15.811769735270135
-6.157110882704668
-9.93370414931865
-15.500433761046647
-4.861002344328284
-5.40133195953842
-11.76558442761743
-20.943410240797146
-6.124573764510259
-10.326980423993724
-4.831578627662009
1.0813721829978786
1.3380412475196453
-1.407587119526532
-7.482955604999668
-12.353821958982303
-7.577921022496907
-7.931423608351089
-8.503775086935818
-18.967093758599308
-13.172896009581365
2.290243295834876
-12.70114896612312
-10.190622522575444
-4.716256495808751
-0.3099667159410271
0.5379546045947072
-13.517450633304419
-5.04526725595592
-6.951927532161941
-4.855968530444941
-3.001088644854864
-5.346612398525398
0.6184510275772999
-15.15761670277314
-4.61271112987122
-16.959525795414308
-15.416526927321673
-8.869277267197793
-22.357443232067094
-14.395205897297142
-10.273306377983943
-14.287624888817458
-3.296340681647025
-26.384791703842822
-12.503069367952895
-16.727001852810318
-18.8879982757027
-28.34489117111818
-17.420690399556115
-27.082008454077677
-19.590269350086654
-11.900582339268372
-10.505433110943194
-3.2110786326698286
-10.969599227452257
-11.862700579066567
-5.258579065233922
-16.303745291826537
-12.827999269626114
-13.236829169149516
-16.136288787698973
-10.09092810727608
-21.578336540386367
-22.458924644936427
-14.389736121245113
-14.742781732378855
-5.4199314996193655
-7.226677397061995
-0.15915962683382476
0.09807609715422994
12.321459525351253
12.710614956272615
16.212324682219766
6.536829179104759
6.483158628458828
-1.1043154531803792
6.273879911595852
-9.957764852698693
-0.6572956707564104
-2.992207642109762
3.130004179392869
-1.7264945558540121
8.724022594427941
16.449656579297738
-6.773979146197518
-4.799065404884784
5.069325717540368
6.179796959820383
-0.732114451505102
-8.308844817280692
-3.2182467690469765
-3.511848079260317
-7.033433760699258
-0.6569768225367904
8.22440740754426
1.527702985830752
17.051886157679196
-5.295371646125211
-4.132999007394987
-2.9502847646049046
-9.715313076569805
-14.032792108375515
-15.63472043440722
-11.275693554861238
-12.164160001188788
-5.521707944712236
-21.762181809236445
-19.959360570663108
-25.56728693827905
-7.579953651375197
-21.345657289840926
-15.580062871544188
-24.64174857136129
-27.453997774882804
-21.195975389642058
-16.31427769797345
-6.321070181329397
-6.243522914170692
-21.990806566028112
-7.275351938927217
