-22.83011310755696
-19.896725047979047
-19.670568164421557
-1.0997520836658916
-1.0470990851106972
-1.927316592710032
-5.156370947746968
-1.3130731906283957
-1.5046387283441869
10.311702210334364
-15.078055531507578
-7.8278160504087735
-17.974769598447878
-10.675617644267609
-15.178643824631365
11.374794824185086
-3.2576902338857083
-4.682353012646111
1.369873463081791
4.116674809926873
-11.674791577478402
-8.611136563152789
-4.482401484530071
-1.2830868016460546
-11.415002906076186
-9.547834134540407
-6.761690677902171
-5.37440451244351
-0.6078759069830744
1.8965164891950328
19.278265453911448
15.285753836428453
11.489666981428494
-4.770105333119674
-12.285925949485025
-21.144419420850312
-15.912639385020626
-14.168562333989945
0.424917794101912
5.410992788465377
-9.392029911656756
-18.44532876665523
-15.804662147348118
-20.196395927678825
-16.086275326989725
0.1804146704129168
-6.7110912476455855
6.1585086032470375
8.479962906249073
0.5163951422575185
6.988831123236131
-14.727226753611893
5.92872750340106
-25.71301017463039
-10.549315680088887
-10.592921727602835
-13.396342259298748
-6.9054998513260255
0.6107151518424219
12.442324784915204
5.151514125665048
2.3277566978512336
10.437642254961265
0.961656212717638
-1.5421580004219972
4.164448563541932
8.166782146727723
-5.848661825162464
6.301401861437942
15.917049626156404
-2.4180605553322327
-1.5795559019394796
2.7432033482511216
-8.323757142743702
-13.65224002635494
-15.914595531763961
-12.118330738152945
-3.7451503335952654
-10.56793046192103
-4.2710087380440065
11.392169872359268
15.279565640252516
2.7591287119490917
0.09641340375170893
0.8171890733351236
-4.589285044288466
-2.8170716729563194
-11.038740716875068
-4.327096272255289
-5.294034035192048
-8.230380472404704
-0.6170585714524718
-8.065519756508191
-6.032326145324724
5.003830285855673
0.32498327589962306
11.22090002921525
-6.09277853697455
-1.2814102050366305
2.858974319803589
5.757941053707907
4.961833002734087
18.03570371410949
9.481653858082144
-16.942083067430133
-12.0186212143979
-6.101851475533482
-3.7654747740900847
