-7.074277391382152
-9.983412171065842
0.9715952215857676
-15.103185236957128
-3.8403576117347793
-12.647944474060802
-15.265239649654957
-23.903468696911634
-9.726753762688789
-12.410454110388052
-10.338637166177419
-4.813813373952076
13.695373067263251
17.269522157360512
19.215537941470803
2.273337332298588
18.859430439018922
8.50145412727409
1.3186430874520645
2.704464409211448
3.2195772122999817
-3.0582483111401153
11.344885467576
22.342153157544626
18.20829784388545
2.9734860661442286
4.301300076032944
-2.148750294372943
9.55686895867551
1.3581180676298577
19.340660482515027
9.095416056488759
18.60588823895528
25.235736517102858
20.121583686969302
12.466803264628167
22.049338548314157
27.03147810787415
23.4853105828468
24.55539321701817
18.497418620126513
16.768630935467275
21.85199210505714
12.458261094460099
11.75105366162446
5.308754745055126
11.676830724609067
12.314420716881008
3.421434059160321
6.60657852069559
12.468319623000474
6.456509227315878
8.739808152782414
-1.1030260638174796
5.586306781862199
-3.0520744006439107
-2.2863124853659755
0.3906011597403644
16.610015390101434
18.869324794245955
10.749825300445071
10.651925408688404
13.79880191323601
12.092250854634583
10.87812207333232
2.972657587600304
12.10114950671248
11.930847442288997
13.729765636282812
17.23012379596056
13.09242789160739
3.0498860564602377
9.357146203957743
2.521106139328636
-5.0006879607967285
-6.996745736256161
-0.034982551672189915
-2.4132155030837623
3.3525285732287164
-9.143460657268749
-5.30012551430907
-5.478840765157205
-5.516035372363137
-5.627597672192461
-12.961532680311231
-7.297861807511198
-8.948653414447202
-14.039670514699342
-8.78798628521124
-4.057840522464804
-2.6310049923430916
-1.1918841681757038
3.435542912080225
2.0541680041537984
2.9761857842011854
-1.5066707303996294
-2.9095582689673978
-2.2108170102492632
-7.093988088791172
-15.457889272860804
-5.896459166864876
6.836314759994358
14.794217530552833
9.649346479432369
8.622060265409003
9.228503068021547
15.198870975303686
7.390530362669763
12.171773119972878
15.534220972286105
18.389523630039392
17.346281788040727
22.965902944285784
13.718828466907606
1.8338332847635543
0.18930008567163192
-1.439565238399058
-1.7097587875606075
-11.150857965937776
0.7339245027907817
0.4549768674662618
-4.667162344389432
-1.645664955042912
0.135480877607762
-2.1063658298347527
-8.096498660759146
-5.622897488785314
1.6445147253664976
14.32460763371306
17.56491954652241
10.665070500054947
15.070342808942925
-6.327488761893507
-9.583302589554915
-6.14201016705812
10.319638708026478
3.8529475645581828
-7.263733579645653
3.399773980307327
-0.32468475634465577
-9.409727417139685
-18.007133075846344
-0.5127504973853358
3.3759644589801816
4.434827052481143
-3.4960952423604135
-12.945005534375653
-16.63703675154182
-22.980387232506718
-29.033346822952886
-16.902619814898493
-14.316582289655466
-15.503519021642965
-19.55525514356755
-10.909526965947416
-7.759731280407318
0.9217908685795554
-26.70692365946263
-3.2916909935952967
-16.71678763578641
-8.759356218041889
-16.72896769842236
-15.63463749511149
7.4565255882876915
5.273530516691324
2.803490427985153
2.2268890436570463
15.611608825414839
23.24078912735981
19.70670011359853
0.2315675083797924
4.013047370585428
3.042457290095432
-1.192030447271215
-12.656388984415365
-3.5588693003585137
-11.635800682573901
-13.016704606464824
-11.38401170605608
-8.297191346467546
-4.554181648981691
1.3899595657350592
-1.3942596923072372
14.318085900360787
-4.791951757200952
-6.009384820177315
-10.554730719568106
-4.6398412494465076
-20.370256321595782
-16.497876749747117
-6.7359056663381445
0.03782013376884314
