-16.440362640416645
-12.89943874020314
-5.0566002562141685
-1.1934103950034187
-7.503967634266312
19.833571232811085
16.570141947098804
10.074296962322887
12.513855322793226
6.542043413811364
13.23922706956142
8.503782162391609
12.205957139086125
7.232770928000495
7.1604949682204735
21.400910271405113
23.36102151354024
17.86659034468786
14.48303384295117
26.85023909812292
37.10966216781765
25.320779323960828
13.93786701317668
21.583037757045396
19.328369512807367
8.524991360833075
15.161403198548555
4.7846361078068576
-14.225401686468196
-11.509405318645186
-16.650418135932426
-2.3444481162681123
-20.588922500892924
-13.66542032989724
-8.37171756929402
0.4914026356745957
-8.893803568441275
5.30865452188598
8.347416746052186
4.705411952795614
-6.765207008544268
-20.168545943983112
-25.288435251164856
-37.261458918260004
-46.85087595159157
-32.526888150939286
-28.08106399232373
-28.812050476969453
-23.069940119199423
-8.608538357667058
-8.707747165161079
-19.115374449194306
-12.688756150047151
-15.92870430077693
-14.333681933573732
-6.717389711005413
-8.638278541748669
-6.984178154318861
-6.040377330861995
6.763406270359994
-7.579950864582296
2.637353622135129
2.3279668322622555
-9.061894647935242
-9.862164383708881
-7.586507307307542
6.786595061154013
-7.782544815085787
-10.637751111149068
-8.610769775083769
4.791730494530467
11.971558806340411
1.0101669381647829
0.468488577895876
-7.32757055692384
1.2563339665984588
-5.791831394139536
-5.309246052229129
-22.7532262874804
-31.694772585439118
-32.45117807739261
-45.22271660189936
-18.731028139997452
6.613880407907105
1.0690383821994682
-1.6285628393839178
1.6530417627342262
7.949781353620225
-1.338676581470768
1.7629301340541057
-5.480198725363135
-3.723983013150248
1.1726442880786458
-10.97358742018148
-1.9283053495446352
1.9578492487841883
2.6523423133482176
11.653314191996715
17.182052551035277
10.738293630848194
8.634855988628653
15.059799825950352
10.72928308899769
-9.540412310167278
-0.5662596040822949
1.5970059150674094
-1.050345457193862
-2.63938996674873
8.184209467285013
8.118782516002193
7.783701475292557
8.106225090381782
7.286960620042832
2.092962411483853
0.08367406452282555
-16.87282448037367
-6.993103318121908
4.313871498915264
9.852215316210737
-7.659389012764195
-3.5598240603880087
-4.416292996878057
-7.317311550954119
-12.098829985115525
-5.6919785137287455
-1.6456258190886732
-5.896619984073963
12.843872749094164
-6.525549422602959
-5.1101205991709575
2.3221306951943106
3.4696959828600047
-14.352798279189019
-13.316060874193239
-5.1084083946766405
13.084519735467534
19.385378192832338
6.841756505914433
19.597062321068307
25.968289380255214
16.294068147363966
13.659095172861287
22.207709916539056
17.57007825700445
2.659151228328072
4.629498052378485
-3.6476484740471835
-0.9041948700044202
3.28665100743004
12.318059301632704
-0.20995250249439776
-7.134812846794983
0.022765599230710604
-6.424268090035442
-1.0400281716475102
-6.667074058767492
5.776437751697465
-5.6981031129990125
-7.865543159546116
-20.47140005748215
-25.974006593952748
-18.90411525352468
-18.69645395057067
-20.50388424485931
-21.55546956585384
-19.729615533060528
-15.860889738276715
-28.858651750004483
-29.724408535434733
6.572353883545841
-9.093215725026546
-24.51984457077532
-16.96247833473369
-18.319764586300565
-8.465122415156879
-9.683389197943427
-24.124542201925212
-19.537135971014788
-16.796102424214986
14.365325108562887
8.077229120963683
3.0533470491283463
6.456027529343673
14.615191983293073
9.890538003913262
3.652329334694999
8.430718080677611
-0.14501047162185576
-1.2182950080973167
-5.785521461893993
-5.583065675248928
-8.61706578886829
-5.776089352238487
-7.684366608833362
4.326536664420939
-8.316441492439212
3.6805649833591056
-16.80128718395678
0.4562445271384183
-12.793407042544365
-12.834452119507914
-1.3672416558868774
-13.046924353297602
-8.734172667099115
-3.4103677919137696
-11.537858400601944
1.811160745292955
-11.649954766809534
-22.13595314639912
-2.380184519522168
-8.408699212757215
2.615921121860456
3.856580609112604
-16.32153416309668
-17.98807115161394
-3.664296252868359
8.443585038326466
17.024931355169844
7.993669513452885
-4.481803668627552
-17.728045225951465
-25.575289192047467
-16.102372197037194
-14.718690912209153
-15.710541250312787
-6.107420899562384
-8.401330572812833
-29.949317410737038
-25.533070833929067
-28.77553917798398
-25.59859524025069
4.094349387784958
-7.914958654667264
-7.056515640851378
-3.209236738752864
-5.764635648719818
-18.499498238254393
-11.836415924563287
5.03973992161447
10.693443640909793
6.637347383465067
15.24672704516396
5.77720486291944
3.6480607749726026
11.861036551053186
16.51174461745955
2.1341305982500263
1.562530884655283
-4.3423471384439605
-8.882733019160833
0.7775760832436543
-0.6471575203424219
3.6448104662860983
5.2783027216862495
-9.00092180167832
-16.144023205528487
-1.5962102856621074
3.2427950597292363
9.295369159483524
8.996519591210172
-4.1527386465286185
-0.332010599782587
-4.930828552041895
-9.086789410053273
-7.3295695036927935
-9.461618044091123
-8.925276467676627
-5.291925265429284
-3.0300428403422406
-15.083597174353995
-5.2273544414515305
-8.028296079896924
-2.748119385723381
-3.7369867242033195
-8.37755179613086
-2.033631590016977
-9.211449187813896
-13.315957926334622
-15.42274112442881
-17.02037443543023
-1.8515575463184812
-6.524851118189348
-12.076467602723605
3.02615924317591
-4.2044503586246265
-28.31495939319539
-25.247052044823114
-22.753987739476013
-11.782660652110248
-18.902559607904216
-3.091371670183719
-11.781428965779094
-4.618214823753453
-14.623955136160088
3.8143571349195615
2.5592056731419315
8.881627950845909
-5.813307591305829
0.9214629907655468
-7.626748433470723
2.6969094590255107
-7.811593742494719
-4.102289701653253
8.14216280631981
10.871178359249933
6.098311480098066
5.4023647404126915
15.895720427824704
