-13.74979302167838
-9.041074122579145
8.96436937753437
-11.741814313309048
-17.09487924687741
-21.008086844535466
-11.226696658513859
-9.075140508587081
-23.753766378082773
-26.428783460155763
-13.96361871173693
-2.75798315491898
-12.434757613074158
-5.195223800719738
-5.0829311593189255
-3.3702748450044466
-2.534454262079106
-4.346882216846125
-5.850239157308281
7.4045447709266705
-0.381218766525004
-17.942941950026878
-8.233342066171451
-4.215170085672183
0.5363970653097004
2.1220064301065604
-1.4179792685975037
6.837509303721073
2.796622065085643
-1.5727865236475298
-15.590901754647234
-14.731547853048484
-15.46778959850078
-13.269700854660197
-0.7373918304218645
-11.462055948782805
-11.773370709739904
-9.407264875944957
-5.712357199084586
2.349935165357539
-3.515303964009344
-17.104749810196797
-11.517731358332048
-3.7814342711531252
5.170782394809012
4.2472157165899915
5.75872155246219
-8.78527757786085
-18.75608609691789
-20.0853120561585
-15.428582016524723
-26.867542425347906
-25.801807861855174
-18.953296160833016
-20.26988714995621
-29.487210851948603
-16.87947013743523
-5.759271412540108
-32.67083771113927
-15.466775604798935
-25.20996123542271
-24.14932101081559
-33.07062712811688
-14.439453800585234
-21.948783523638102
-23.671548112651628
-20.057953439343642
-24.878013540649647
-9.0982950432907
-17.93927053586571
-14.754868604256579
-19.162563102661885
-16.483402763569554
-20.88388519742308
-19.063500852632817
-17.884963319598548
-6.027180725255443
-13.007865657214596
-5.482402350405724
-1.973709554511888
8.545660901563602
7.321893880081045
-13.380450308727985
-27.665950408049326
-31.068009011858692
-26.8205717484605
-7.814031332934048
-7.74174534571168
-5.553754787086714
-8.387046418691577
-5.9547241228220855
-17.82995201854923
-23.441888107145466
-31.115623343466957
-20.11087960004351
4.8139709133089745
-9.699928150896882
1.7615691406344909
5.841833795608612
12.744515833931885
11.233467516629636
8.810965140523926
9.165094634565564
5.2761393775251815
1.1308240251277242
-2.3214442850974084
-6.132282519732748
-1.7024685808904845
-11.449387063319438
-4.4386165828991455
-9.650557180021668
-9.099757727757313
-18.988172805374
-19.99175630946264
-23.054375116182708
-18.208820795174613
-22.428060766822934
-24.283288015615412
-35.55667307277886
-36.665098764293276
-36.316557814383756
-29.011385961250486
-20.89630167926461
-7.037899879358154
-3.696674405371225
-11.593530487525106
-9.360335471528268
-29.635380186414253
-43.58783860085659
-29.058198629406625
-24.90948138536829
-11.489824032404053
-18.150131461624344
-3.61932166808773
8.528659283823261
9.358348745149652
-0.8419776566555686
0.22801925523154226
1.5940842347800743
1.457311944159306
-7.4266426067673965
-8.5480211994302
-7.1119963895718135
-11.400229911105445
-12.349953101423088
-18.6281903735007
-18.822660305218974
-19.80200798647865
-18.005627826746725
-13.143455183584347
-17.848402083330868
-23.424754270379424
-20.164652012141644
-24.893117019848646
-11.720691549475005
-8.446377247155299
-10.61349111883716
-11.518821230209111
-5.399869654236251
-2.540619815877017
-10.793177682277646
-12.329877191197028
-14.047521955111256
-17.633675488663002
-20.27746224478624
-19.296648941570044
-9.881431371004014
-15.245759357553768
-6.09792784143426
-3.4518319063508165
-15.01963273903384
-16.59165566652379
-11.990124847467886
-14.419879829167163
-11.909379478950465
-0.3171856231706901
-1.1481148986394216
0.3520938785566193
-8.346708646234442
-11.907270155374599
-7.668280795918834
11.420208090270641
5.509084453933724
3.281858332165172
0.35361276925388985
-4.390562389176774
-12.21149576231342
-20.812667613116133
-22.240879153977293
-19.732834178186934
-27.441776529044862
-24.292857379609533
-17.571493533228395
-19.88833731295401
-27.46401849295641
-25.80856145045535
-26.480514724435917
-27.731456903615843
-14.941837646671601
-24.071292221749676
-23.45405873214517
-26.680979561306962
-42.24771088672245
-14.891190470580357
-7.133126048171968
-5.558266235950367
-3.6440204491097146
-2.7899945272605127
-12.284252670726492
2.983894880853907
-2.5280083688106605
4.3607194044590685
-5.811175971650691
-12.207439124972284
5.7247656653051076
1.0726927039523837
-0.045186219698635365
-5.026245403707842
-1.6937611582598229
5.459804651740033
-2.0965898225866817
-0.8897025804323448
-3.4467752647570817
-2.2611349883748653
7.103371676950295
2.1466502080958376
0.5788911299150546
-1.4027243262389526
2.8601917338413148
5.263173589129017
3.6710003876600403
9.067468104126233
5.8958908991284025
-2.2038687177410314
0.041356577264876036
-2.728100951529549
2.9610642892825987
5.259995164364463
4.9454782006988784
0.27572034878721285
0.6201208548206846
-9.49648288082128
-4.145545139375321
-15.053486562086587
-14.171080948073456
-6.706664765476392
-11.413777155184018
-16.274959745098244
-19.48875186192201
-25.53538271735496
-27.84538964441709
-21.052865327355992
-20.116900386513745
-19.089864383314396
-25.410675152093948
-28.48958992013009
-25.339055720017384
-14.014214087774867
-17.83295433560673
-20.245323718130575
-14.485003229571905
-21.414733527716447
-21.074521269801718
-20.100151294386926
-16.05724597813668
-7.117090054797562
-11.997062678067264
-12.261704418144422
-2.832993688365035
-5.285789413015016
-4.928646820530021
-1.0506359497873832
-2.253579698098909
-2.8837376332383844
1.441538994563179
-8.897938763561909
-1.7051451823399668
-4.451127218502355
-6.624578730473701
3.814848000302562
-14.391205600130256
5.839974199578103
-2.3566068256647914
-5.631472994333935
-11.789958206709029
