-12.479851632220715
-19.90446446581061
-17.43287372704911
-13.94073503072283
-4.257529671777493
-15.300163512661245
1.1626314493502423
-0.04517453829516986
-22.410344180578885
-23.88734954078789
-8.965235946628502
-10.787937743125534
-5.09334135986432
13.195459776601766
-5.903844860462992
6.45026214047819
3.8311595392353417
10.751894790789132
-3.5724109606741745
6.980391198764238
6.065788893302032
3.4974538262878
1.1301227650347172
9.699754530993848
10.754197725662415
5.264782137812781
7.9525431060399985
-0.5486187326387965
-21.86311365181597
-5.252274423301039
-16.372390439956707
-19.557280778486614
-15.590691796258831
-14.43174468082616
-24.557692688333308
-16.309627287069702
-13.86292931086947
-16.564593585723244
-13.210097142931176
6.437833332107428
-5.461943374554588
-2.738850983586886
-3.977143670791706
-4.581116273754975
-19.471046896471904
0.08910255699959628
1.7851970839732407
5.925711831155533
2.9129490397872555
-4.6647670363393345
2.437190911240977
-5.437522404222356
-28.649490494399096
-17.46683702739626
-11.416411931767534
-16.777903457648193
-16.700215019734536
-2.762919529334765
-6.1645786490072565
-8.118605707187085
-8.594702592362758
1.8732742478174251
10.240392675153084
5.559723297259843
3.4359943876396555
9.639008258244056
14.469653413845597
14.494138360047208
-1.8714902919549867
-7.8548047917307535
0.4514531821115573
16.174389173197085
24.766661862840532
14.478181443360304
8.155525028450937
15.724753628364336
10.818969591885242
7.566613877901259
3.744253616956393
9.421657080071313
0.3707077148552816
6.073334129388576
15.611743630354296
18.682380401053532
6.065150210571969
2.6338426228635985
7.033716206201112
-2.4151335979799176
-7.218771468722286
-2.3265102700961315
-8.755328441130818
2.310369118781912
0.7001466888304175
2.4826072335630918
0.08788283122456278
-1.4043583490717828
5.774691765059803
8.870645367703924
-3.2526850655835715
-9.366319022088751
-7.685314927827195
5.852666098123021
8.832009524816616
29.96365793934371
39.966527667701
34.61561071794626
16.190976066920154
2.3290856170207754
-1.045186424529945
-5.229180609896829
-7.466064102744214
-16.48286926231972
-17.514353193901822
-17.491110364274515
-21.851949423308806
-21.29180155353788
-19.0723986125886
-26.0182624483348
-20.387216023869588
-11.690852934956427
-9.43069506729645
-5.856927528327184
-8.209140201153067
-14.00776584346974
-11.527610528577393
-17.455246879463278
-14.122678754294839
-15.058914267386207
-24.635675700749804
-12.714191575874331
-6.104427846779157
-11.348246074149316
-7.438379732113618
-3.342070984226122
-13.26364535966282
-9.765200601023723
-3.1608179382828467
12.086331198585215
20.709547685850094
6.1423454425657225
-1.0970136712828331
15.81862507101902
8.510049045047879
6.835372214300102
-8.878711723162585
-15.590694271160734
-8.208066867868475
-5.606991090511423
1.0902284237096032
3.978292154787364
1.6764556324664277
0.8794258836346706
-4.266294529761239
2.5826271250601742
11.280858115256093
-6.312749992355843
-33.79361930360016
-1.0941410154541078
8.261136583104427
-1.5812939796764145
-9.151282440733707
-3.005979710660452
-0.4150032163898692
-6.889699852938497
-7.140131723642466
-8.009583883484549
-9.291712612582684
3.8663410056018566
0.2242163513156359
-7.5149472439083205
-11.481698920039939
1.7318942739551082
-7.838772768377576
-4.778593978241086
-2.454091128358625
10.587210554958373
5.806312077264132
3.54741929201574
-2.204180651539394
-4.531775654369559
-1.4193518348039198
5.854598009378615
11.042926039802381
13.541523694399581
10.049423235552133
19.57221152700713
24.90627527628099
16.663615833887402
14.072158731260927
28.72032172959531
27.69431168807436
9.738327930289888
19.402169400078517
25.18324176944445
6.069270929508772
10.189260880757649
-8.004262810989013
-5.847664706980341
-14.971534290253905
-14.16775930657597
-1.522458270305206
-10.301060918468439
-23.13788634439814
-5.31777530144681
-10.390433171697133
-9.64719296852036
-8.209359162878481
-10.305199212771981
-6.709204659465108
-1.7241709216830243
-14.809995893569187
-6.044196696389602
-6.613960857862412
-8.212847285750701
-5.402376301438697
-11.106453279090085
-8.378180540094423
-13.114217880519536
-9.050625561739276
