0.6994905818686663
7.0353004715537635
6.775814189868027
10.828777273143004
-5.076116667815627
-6.99165107964327
-8.919651754747033
-10.708390734678876
-10.54051166696662
-8.092048578175168
-13.676300142483461
-6.788629852792883
-8.08678865881226
-6.19882323497604
-18.754862538347552
-11.355394436273196
-2.348675684510465
-10.204287153893413
-14.303053783150228
-16.976137449218545
-9.277819352555856
-5.544981345877905
-2.223923047090888
-6.8856803920364245
-19.641089350521124
-14.179106216109275
-16.02171251336112
-15.169760582852588
-19.48689618552197
-23.40736641571336
-16.553176505060858
-18.58976223008307
-28.82273427567123
-13.716954284661126
-17.031635443635963
-18.000261641127913
-5.205944449388865
-8.736870614463044
-5.793479165989613
-2.9449258906488858
-13.70913756344471
-7.910242350629422
-15.355497211462072
-24.80780304172502
-7.568428863242015
-8.17400844534655
-22.537431052213996
-14.176048417123127
1.5619659644438442
-3.224301641630253
2.4272482866691907
-1.3438195007614486
-3.7828300986086267
-2.4155248407994234
-4.721416328162617
-4.241773641862126
-14.987285308005426
-12.734897887363308
-14.897858383361855
-8.033027167540927
-10.784075326507725
-16.17395509845083
1.1653262203818409
-11.113503658402257
-11.39942288142179
-11.69517711383046
-2.8050861696987224
-10.074026503354128
-9.714696185168043
6.0948865249476025
-0.4588004079660676
-20.720985294287196
-2.6625249270961246
-9.465779221866779
-9.974162137226699
-9.13178380982466
-7.9732554552349235
-3.2689227866962227
-3.225093778656482
-8.525343367823234
-12.135405185704926
-18.941259829709754
-19.409327297928385
0.28534550026543776
0.5217290561527158
1.7260216026292785
-0.030095119914600805
-0.984692063100912
3.5286765465808383
-1.5865809112848912
-1.0091107364287577
-2.5750149129440065
-6.875772534889388
-16.12146038829535
-27.30848398373229
-31.10914818635697
-27.60648559797609
-23.855422158671683
-38.7455940173031
-29.23605295164997
-29.01701968364709
-31.14025370912468
-23.58786137820957
-11.215774895586586
-25.641554158513106
-26.147364008415433
-21.058988190383502
-11.951870950749758
-10.751249668460602
-5.953131125325854
-3.191813537588125
-7.715677173623042
-7.1750323735757755
1.5486535973285416
-7.180852475646112
-5.532220783063928
-4.574289072364258
-5.572118940772128
-2.756067796295917
-3.578778611406688
-2.026670816306015
-7.627146621533978
-3.649935271123548
-1.4469959295858743
0.112913766325949
-5.739685983807346
0.7539317693161754
6.021146293950659
2.2657872935576493
9.989823794263717
7.9250464932942535
1.1363145607294522
-5.985346621239732
-3.8253148273882696
-10.77949071314178
1.1202514792011675
-5.043056750695103
-6.353417181445937
-8.200517082075113
3.575942336192488
-1.5610294235457582
-2.7441888205067877
-3.340767132082388
2.6639464546970024
2.2373756099341486
8.084069068628859
2.1990873599560987
10.773822589885905
15.589429581912535
15.309617955091381
-2.54913809516842
-7.472267029294483
-17.14051053664234
-4.545807226544588
-1.979542348917869
-12.271561539703386
-3.922798223340428
-8.854334922288846
-2.894706473556125
-4.492998949713599
-10.643467832529147
-14.09259599161841
-0.18124377574577244
-10.612630258847203
-4.9252184594810196
-8.724583305046346
0.2884256070397368
-5.572045291350839
2.259600122560012
-3.799760901761582
-10.695393841801996
1.666616486887306
-12.626917390844559
-8.780128626374829
0.11916801159217735
0.6151514563430729
2.954151711742592
9.776846484549797
3.384129038127404
4.9052710411102325
7.565490921845022
9.042917117203244
17.18995950546781
17.6062481040506
24.25671992606209
27.86936199745664
21.757943519847192
17.459052429374076
3.2333687073112047
-9.639413939015439
-2.4474419530591307
-6.44883137607196
2.375601781234808
18.869354989469045
0.026641995581140308
-1.6268842881408534
-7.217098622133152
-0.2844993138036703
-0.2153642990926863
-9.265356701357758
-6.8917376526234495
-2.637608142916494
14.33705504842724
7.461896445653995
8.679276347622013
2.844093067807707
5.046108021514222
4.556416299890363
5.0443724487184
4.7299759013894995
4.656118343805202
2.4424447059575214
2.883116163190831
-0.29625380003074586
-1.031754570057116
-14.041617047985365
-22.010694377227807
-11.718002645899837
-9.41125131698658
-8.161308489206716
-4.821600838600519
0.8161782865044676
-7.81311044407086
-7.371905435401062
3.2224198090641685
-0.8004285307338219
-8.21231308829409
1.3887474989474065
-4.48481099428101
-9.600668594232657
-14.847716881972715
-8.851917803214448
-9.371832329357739
-9.699317468365784
-1.8369689894678
-7.679815893216487
-13.549786577031849
0.7373220743420721
-20.892526575708025
-34.776758943763774
-46.014981922633865
-33.090140657070926
-16.733360562496525
-10.008971970839047
-22.450818969544077
-27.349041919398953
-21.060605711530695
-20.642322776205514
-14.348470013610346
-10.79912650366828
-8.802630622977182
-1.0344656887938823
0.2992278485352697
-7.403673491968613
-11.327750180041427
-13.510126765579136
-29.977725607672248
-22.558627034955787
-34.53371932378076
-24.398753807791532
-31.67143827691383
-34.36802120661821
-33.78521187000974
-27.665026910500995
-12.937482933121931
-30.52989435306677
-41.715261402139824
-35.73169000329862
-22.141036650704354
-19.325091817547708
-22.344582484161094
-17.13588309047904
