-30.243216441264984
-19.6955635761898
-31.16624477267754
-21.70899755970201
-29.205820995581046
-35.62205829850948
-50.78067164167507
-30.856140967559146
-23.101993178763948
-11.30907695762506
-18.398655561872
-10.627160963710745
-4.91220315438667
1.6866733846770388
-5.904003444406786
1.1789147989565434
6.4788404884657895
9.86960519683786
3.3769552727643406
5.658022102692652
-7.360763049464071
-12.292957067907622
-7.297604235942906
-16.581229447659965
-9.857488167857284
-3.387694815384074
-2.5422696676615133
-5.048936730814515
8.938659883573136
10.873085761124262
-0.19000588658876366
-0.12029024829880593
-6.344941461407156
-17.481823386926372
-17.174640514331493
-6.915160552942264
0.6117553428104551
1.6035192135371146
3.3493496297084486
-7.243290881639509
-10.76523319463171
-11.277288405332204
-9.508812245776523
2.1431545732693515
6.091864011791857
3.0008545679034233
1.2742743171084865
7.697747724058791
7.011750159464265
2.910877251104384
-10.208915275124001
-6.13254656261768
-14.664480677464454
-2.454445308787645
3.9060767372711576
-9.518131267957923
-20.58183218131534
-8.453152823652621
-19.319676495541074
-0.9912396547138136
8.13352430311419
-7.727930038230817
-7.243437484840463
-11.06903873390265
0.1094352180605004
-12.144599048125725
-1.075266885363182
-4.3495983257509385
2.0116260965211703
-4.617929643765433
-9.929943095847435
-5.127102579108972
-3.883216110387541
-2.002931843192428
6.826711190625249
9.095219737132537
14.347158778439562
16.587369583662365
20.557492049972442
15.155938876924527
6.203687410337801
-4.724303514767803
-3.70630334738068
-2.1193659039961217
7.761986833422861
2.534003081807921
3.655029842844536
-5.620992382317059
-5.79430032674254
6.343034139482113
10.406809281242738
8.488490781009771
5.0565175891739145
9.583165644896708
-17.020941101113518
4.146762013194664
13.70290488446198
8.897222480986176
12.514557897354445
7.213512621677908
-4.178502457923519
-19.99978524221012
-32.95771420237322
