-17.47777950935231
-4.760890220035318
-7.881171255528438
-17.59852712468882
1.5369976118403863
0.11968302033365535
-3.565540405294489
-4.028255455878947
-10.580316289377905
-6.2352895974403975
-3.2110295588044035
-21.1341208698408
-8.053968564418398
-7.819206265409553
-18.71641986944926
-11.9360568628343
-10.713109599252414
0.2054042207463889
-1.395133966228664
24.920774885574666
20.298142412047465
30.6154212252873
19.33185835488217
21.06298143086984
22.103615238732623
12.65269339812009
-5.243606769714948
0.6265903620812531
13.660656222538107
0.659075512800147
2.2388104842191807
6.626646282188855
4.322084848843483
7.063212396153336
9.002793388646632
-3.2165555230660106
0.18887298020023371
7.752627081280272
-1.9020958054926962
-12.638205752342666
-16.24463814292546
-11.276280393374881
-12.57262236062247
-11.067914733392673
-19.060841467150322
-7.86007095709398
-4.465451537465401
-11.385475716817574
13.22719298093587
-0.5859425968286576
-0.7913285116431245
-2.1022879674546795
7.8063843483378985
-5.744875577284559
-12.474444679863481
-8.40870873560081
-7.616531858607465
-12.055571132420086
-15.954257151107626
-23.087020144715524
-32.426265982532115
-40.174090702555326
-26.161534615993066
-19.093813985983683
-13.822154838894436
-15.278066968821328
-10.745057243295767
-6.775784470499468
-15.225374219015727
-11.596363280814314
-10.140656076195356
-9.215387519049244
-9.127870080422259
-11.698225078945676
-9.073357181665672
-5.184252034112777
-5.3819163899406055
-10.2658257054004
-9.003458300303027
-15.26589780454452
-12.257660361173285
-15.485598802193413
-13.500048903718849
-14.694199746291414
-6.294340475914848
-4.272502060409907
9.60027859246147
-2.0102603505252152
22.113972187817375
35.235213401720905
17.8987342194938
14.346885671614285
20.06776947182031
11.903505645222586
20.29682159197933
20.460593113341847
15.346825189535124
12.854847039858182
13.184906087607287
19.48986055256289
18.21852899027392
11.466452490183395
13.971719329347994
13.203837777409447
7.041571962118566
7.53721886680183
-17.03332044108881
11.436165914721869
-14.504830328887017
-28.20912389049209
-22.344804811720618
-15.802667218402627
-20.86662605142044
-9.935882982976368
-7.764465828455552
-3.3639799911824717
-2.9182546889688736
-1.9123898643922488
2.2838562074553286
-12.288302333561434
-7.040476466094685
-3.8943484579053234
-8.268367562678621
-8.018488652343832
-8.24805915216947
-1.6366704384848787
-7.3637958942355395
4.041547654900701
-8.348334806544548
-11.000354779241528
-4.9128449958742575
-8.930844515034691
-9.19814232815782
-9.85641877399616
-7.438527445794419
-1.3571966835370155
0.9282379137065192
17.11123167102557
28.764301885050692
20.05502733985385
12.314055505436663
12.441952731727769
1.680541509005225
9.345133184359856
11.587325228079713
1.6466521836476138
-1.4612834320987111
-6.082946494975183
-12.480262547285992
-16.716070100928047
-4.231709581204552
-5.704914643996607
-4.298595790296751
-14.691809416649079
-21.197677447369212
-14.785410542328774
-20.723356166073643
-30.678219401446466
-22.89699573768714
-25.52053453227673
-29.875197839035593
-25.667332409003986
-26.25928035440427
-21.461380212146057
-29.76499271491373
-19.49368820043689
-21.484347590010504
-20.09019534804904
-13.78477376984806
-19.7497630515387
-18.108184909582008
-20.94440704182983
-14.504831887612728
-9.044350930124203
-0.267356422284842
-14.053667328930073
-12.936116962345618
-0.6706637456261317
3.5972588427214074
8.628874924230297
4.928469935698527
0.5646642701427673
-1.5890473814952188
10.750643813748946
8.179567118525995
-12.937396025243595
-3.5127991032952033
-8.077135665417456
2.1841830432279474
-12.539372952207165
-10.29873049832444
-5.172946329110178
9.759215102759343
1.74683052444892
-3.592881577767942
-2.7956504387548065
6.443668347019035
2.814230519898566
2.3397984779649694
-5.3210830253724435
-6.787509315792754
3.4336127926177387
-13.458619561862099
7.531578729555853
1.876842332275916
24.2226899008176
27.064363163446146
29.068081752150235
24.421528370712306
20.913883519619095
18.03930231933988
15.591005649286688
11.30887880993582
5.182164051855464
6.153967696688482
-6.330537493660735
-19.20685293124784
-21.560586096119195
-23.750874517921854
-14.180285505079873
-11.33007293913373
-10.934029456992812
-9.571415558295136
-3.161166717779316
-8.507009253126563
-12.294474223891015
-21.086133771255135
-3.3381673649019543
3.3377072765346822
14.639631455493493
26.094686381687694
17.088673165850437
10.99841776353931
11.428741528025355
-6.7249068007470445
6.478736147447727
3.59147108752418
17.911328552649593
2.9432639318528127
-1.2531341995008258
-1.210945818386279
0.9881053619863274
5.2655647623106665
3.4497105856263515
10.256600406603974
-0.001246819515426552
-13.206180037192492
-11.510788897060847
-7.488316300615374
-13.791788282590757
-14.491603541506619
-13.92346234052057
-15.069080419853153
-27.243038307010565
-25.57220305034973
-13.578991821139992
-11.449086516629336
-8.28993388498976
0.9103675336866032
8.404749358171571
5.30880113099794
4.925362169527898
1.8333253457153231
-18.41009732456618
-11.70123609898371
-11.81660682816266
-0.473856709394627
-5.7437845565693335
-0.033318162759525795
4.914934418783917
-5.120424473058339
1.9776316851520617
11.007704148916977
9.03596082146403
4.719546380877636
8.740095228074642
7.022508492050793
-1.0406712338442967
3.991042741689622
-4.745258913471265
-7.513682208844526
-13.336516837894996
-13.069645137150175
-2.385372689907896
-2.4340217005338824
-0.10683117462768532
6.968530711664358
13.231929695482542
12.974265625295422
10.810012616024883
12.298451830658605
12.508123121181244
5.385165994475188
21.87474409166813
16.436336218498663
21.298890062866732
14.483859098966825
9.955648535766864
23.70206706881356
14.56250455764158
17.37040636295809
13.176560286564618
-2.2816465483155253
4.836759541723099
12.72034829096764
11.281304079604109
5.275534320756392
2.300041577057377
-1.6547773508438868
1.2372424466967218
-18.562495983090287
-8.649463133127757
-14.589231434294035
-16.42753280141603
-25.099228430157126
-12.512748734784534
21.499349198661342
33.56913485971263
