-16.43439463873069
-11.095559043826084
2.5693017582558912
-10.015170672760071
-22.91890789387047
-1.7356367098194196
1.6364019867031443
-13.740373988831177
-10.916775275784769
-13.633191356139085
-10.366518203736067
-33.417556512059456
-27.73636544068166
-14.431131100853925
-19.28276977028471
-25.107292054328546
-15.806696164655438
-9.58097826909607
-9.173525855889244
-8.01562535330271
-2.53559375499914
4.152672355480134
-3.2730333774108296
-0.056226742136864655
-2.903198768674299
2.0676707392730904
-10.55965734681492
-2.943241229178052
9.66014125777358
-4.6940580100371
-0.4762916886736678
-7.438214466237953
-0.6880800248188607
15.564986210290918
-9.761928306534758
-8.697866586802673
-2.786306542792639
15.582890257003847
15.866769869713321
2.044670716234464
5.353742289594165
8.865885092359273
2.188937652504694
-8.205628908567249
-9.474528264168432
-8.547730958001798
-3.8896515970918593
-1.0278208773688036
-10.063866764119123
-12.650482724020884
-22.551582499673962
-25.00459618468292
-17.380402463248
-11.245870162752722
-14.025305063564785
-18.492927907570568
-17.022348086373484
-20.233651918215767
-8.66381497822713
-13.04913438544392
-6.869608612666854
-13.938972485607586
-8.594979755440662
-7.3645030606555455
-16.62934115894549
-4.565672008331279
-16.680187268335665
11.252245273449411
-7.693486528931503
-13.359099181537735
-8.306151873147865
-10.764198030953484
-5.7159236676017855
-15.385270925807765
-13.44638909391965
-0.9966272754544307
-4.489991093835854
-8.940333186417881
-4.777304059951208
-4.995471233444105
-10.58905321220924
-5.033913670934709
-8.708745984834351
-17.02320231277019
-22.27606364410943
-0.36910786817274577
-1.8612084416454435
-6.812546337103561
1.1976532056635385
-19.517277000903047
-10.455426791297297
-10.01511318299976
-3.82048531398132
-7.072355085749964
1.1520610059982457
-4.343392117928693
-7.5775337394907005
-17.129693932656068
-7.071167052699533
-7.853257638858899
-13.813841591124199
-9.26089264475411
-13.409929074273071
-14.8309541061289
-8.509114908960523
-7.415926095979872
-6.527906428911253
-17.951562065984465
-13.17476926799054
-7.870690331645247
-5.893500385150545
-0.5104443250510307
16.679339737868116
9.972478164227411
21.03322773618711
22.90182531505706
20.803570877031547
16.810354106578767
21.51219093612429
29.464349694631828
15.978556108312707
12.5003467630442
1.1452948487109238
12.806552856443298
7.884246699963849
