7.984430004775523
3.0089346330420974
9.704664778329628
0.9495617671925
7.348176174614457
19.580594572731147
1.4937481849758902
13.948734368108564
1.4929754159515658
-2.493216074831636
1.3638635916782884
3.4094630182738643
-8.5531590187904
-6.171833005513947
-15.961323123243512
-0.09552525421547194
0.1815407392749821
-5.6041432053278335
-7.942146409040048
-9.428636404371494
5.090390857671192
13.952520584183118
8.15637025245873
2.6961235850944827
3.302884367706312
-4.275284942687587
1.4438807023245532
-7.4080555591943105
1.6570710089674843
-3.073394179993388
-13.765798616931319
-6.002851462332242
5.026784101980903
6.8204371641169175
3.6913226039983953
0.006847924183475986
-14.339841683138475
-10.236370047828023
-13.328537337342508
-20.106330007491188
-26.800464562732124
-13.043703367439699
-11.399591083263928
-26.352708140020248
-7.520394417584372
-12.039388584068535
-10.817160624099287
1.3930593578954482
-1.9869253969546468
5.526851413371144
-9.675201883994133
-5.393376977204891
6.800841945861043
8.507792058900263
22.11897589347221
30.525800508345753
23.131192954614814
22.99361741262865
20.18089990622779
2.4890925744956625
6.7358765990653495
15.467477895871072
9.668800684460876
6.323098724699261
4.838855781850665
7.826578499104928
2.754657917835465
-5.485093308491371
12.591850367736162
5.378244379732768
2.6165447862656532
25.183114657165614
14.67674065467182
-3.825188652162464
-2.341389171672899
-1.7209184949523662
1.2194042749770801
-3.4014010781911312
2.6035120412107537
3.848744396876
0.19425999406746114
-2.7229295258950907
4.317003403446638
15.667502092441067
18.1481131446809
17.065261429197022
6.918263646584218
-9.269861295025931
-17.593583571833673
-18.037573237012005
-9.77049576404353
3.0419867360414203
3.6708610418979135
2.0955799485762965
-0.20834035991814354
-1.4121564543241854
-6.707695670526447
-14.73156742905486
-13.765363333888931
-5.4458508071871625
-11.575090017646678
-11.994399371650472
-13.341921860249727
-19.825549693094324
-22.789730675989013
-19.87519123564029
-13.215417204577372
-15.73339942142715
-26.46185223973577
-23.03338622095736
-8.789726373827737
-10.157169819093973
-7.601652575774082
-12.463704952350655
-17.909148468490837
-9.590241680180961
-13.46325092703079
-21.80377069165849
-18.932288792348302
-20.6269922958136
-24.417836114194756
-16.868740453186465
-9.798966406180304
-25.3357202026722
-25.085464637848172
-8.185527177239004
-4.565679229542691
-11.926240971029909
-4.038759604131943
-3.9972123818657104
-3.4063486346490137
-6.4351419558020995
0.011733477480263632
11.270041935947356
8.781377490536537
10.282394976255901
8.032518704071101
14.32658555589564
3.28690211449838
-4.431698315514026
-9.782944666205069
-17.678022163312107
-22.452577227266435
-25.108286134671275
-20.468734697045306
-16.100134023098622
-15.123634117800247
-10.367563257509707
-12.357834455599829
-11.725363138168152
-16.562623572552372
-32.88133025331383
-44.513867069150926
-38.478613028944906
-28.30437705047184
-6.943228878431069
-16.069108764520678
-17.938746540071076
-37.973053089515965
-37.304794143694025
-36.65890037261874
-37.11832235361087
-35.9073245816361
-29.379931080709706
-23.41402551295679
-26.51385569349626
-20.385359850929014
-10.236375303234887
-21.214917354380844
-12.305440250731289
-4.183909808661329
-5.335607328817246
13.330325282610795
12.958422661886456
15.057178935275648
16.19658197536003
6.493377366401401
-0.037516046013266184
-8.698335950332568
-7.971408435803997
-4.294340680759253
2.612159296007124
8.083988251371036
-10.182768301769974
-19.422795397735374
-16.02622267795976
-9.928559491640065
-18.9203341709332
-7.808268874676311
2.1295176423475035
-11.151130325101867
-24.332472965647405
-35.767824552852026
-42.827831106855015
-35.30629515362024
-23.089463027194977
-4.383541396499645
11.127166166576387
-5.300403481440566
-18.369416392777513
-32.318219415368645
-18.38453243805198
-27.178579833287387
-14.89844511522508
-5.41421733168117
-20.5764849399023
-16.155729448983898
-5.271845370270854
-12.150937168179789
-2.5839118784900696
-13.658614916929992
-9.718060752820284
3.099586648521617
-2.421598461448105
-9.934798910660357
-9.017172383838373
-0.3962208811911377
7.373617769111794
-2.6131363103754492
-1.5152663559743038
-2.8708585772316932
5.063611915498606
4.574407663219638
3.4812395375352243
0.3726863773013932
2.22714084683618
3.2213230013228187
6.819574433573207
14.664830193428266
19.589883626511806
12.795248436022547
7.514438058091128
1.2383774572207893
0.4988491103059578
-9.09834683159329
-9.747943935717247
-5.303822956076331
-2.456888047792975
16.113006527109643
5.7864515968094965
11.395447463432811
2.6404247865457497
1.2670210389152032
14.573855815858856
0.7817809411670716
0.8274657135519097
0.5094738506317936
-1.7664868041141093
-6.939277168597281
-6.025072146469724
-8.522156422769196
5.1218477512892715
-3.9113031904556497
0.6810894372256686
11.162446207444653
16.946838034009392
18.361311740620692
8.094860446380785
3.79433349111305
6.172478541179032
-7.203596644880773
-6.9443034996526745
-2.323713937695723
0.4677703814905283
-6.414253582859514
2.505367643074069
6.745377211072675
-5.224426711414409
-2.294847325784536
-9.370915773687662
-6.406405471570678
-4.6670954310309005
-13.444418867575962
-37.1305371035781
-44.52590437535531
-53.47393788950518
-54.90908172154459
-40.09760756659863
-48.87798750746054
-38.20363403082953
-27.852310820069214
-27.572587293520066
-35.60996584415974
-28.54191431614249
-26.909572211979228
-22.378376856158198
-20.191747286114047
-16.118253951867473
7.198461053898996
-18.777335106369506
-17.841208260701972
4.676007057283162
-17.315669236527054
-5.53427810012492
-7.369838783841063
-2.3143742564293643
-2.395940851316185
-8.676398824222435
-7.742525352913266
-23.903092677801816
-21.450551951965167
-26.620639676523968
-23.86453345626712
-17.356403263014805
-25.183134233894528
-18.65733001372046
-15.747122893351715
-3.0931382593949195
0.3299476895726374
-12.558136162969928
0.9767564276360768
0.5067668558326095
-8.427003745821581
-13.444451952909386
-14.739062399627725
0.6959122403749217
1.2705053825749033
6.105274684738999
7.684529328667416
0.31903873300889785
-15.956666716014281
-8.480855964402586
-8.000728022080013
-18.827755453405825
-18.119284976994642
-24.921043351397497
-10.704968715214203
-15.671313907457252
-7.897059276862308
-10.085269607755901
-15.429456377734544
-20.649287400274535
-3.3166325607632663
-6.1849946143884384
-12.692896437644215
-12.013045142701086
-18.37629923808836
-20.56424276705242
-34.68037872350823
10.047723930990278
20.08720111689632
13.12302566717718
10.607040397421471
8.39678303631276
0.9862180780706878
-5.552035326879171
-3.075529490164995
-8.601114485069306
0.09567911413032908
-13.644434080724304
2.781337700166149
19.922319919484906
7.685333850882344
5.7829594669229065
23.165222325145105
22.670465927103038
16.187602201615686
11.800837616795347
9.737143834019617
10.447457885836489
6.765489504794271
14.875658391955184
19.597854068240785
10.423631631143007
12.522318338797708
23.39288819627607
14.06748614355321
10.566856839653981
10.950989774267633
-3.2624808697056684
21.17405369682427
4.861624349895426
25.057904393863073
8.307366230131494
-4.086505303173167
-4.116610568828983
-7.819831308688179
1.60550432482582
-0.8157830810317116
3.4285013725800555
-2.7967484089550902
-8.930607394379576
