-0.11422818489844352
16.83265941606207
-6.914251905302153
12.383913042209521
-7.1175504642024405
0.5695129732040364
1.01092153758505
0.10860370232560236
5.618411234504888
5.2521542425688805
1.0202201049037305
1.8858319817774687
5.384018673474589
-2.473913453085701
-3.647885752408708
23.39707316790615
28.469332053147177
20.961658604135824
-2.8752877446518226
-6.677431622734
0.751294368852703
-3.4569077805029744
4.584418173060607
24.73105396412228
15.88576340644648
18.33577004680065
11.545580485671953
-2.8508483246285734
-20.30132638084059
-20.777963673540878
-22.9335058506631
-0.7983654454515676
1.7648521592808857
-2.556434887064794
9.054324882315123
-2.9838127526090763
-37.53561818799183
-17.883294322657253
-15.205311605078787
-6.052913979851892
-15.316832571155805
-24.93018897590684
-39.206759599911415
-30.59575798019264
-33.18691877784107
-24.91174702701411
-6.513727343953952
-1.5457863460465144
0.6868120071722569
6.090612158386731
8.025647330012442
-9.928270460772136
-11.496119976306048
-23.84016560097609
-18.779563839124318
-7.001956750624112
3.5405415347760743
-7.148326014085217
11.20372031183591
3.4932763894553243
4.032803661923496
-4.094419038888827
7.6477916985641965
16.811871677022744
7.099110143628248
7.750892312903023
10.776745507052674
13.189741596223294
10.447460239113092
-4.241470315552824
1.5675473770854156
5.477494879715562
9.661651503319401
13.342486683533476
13.647342996384756
4.755650065480624
-0.3797683175285812
-3.160616463059557
-6.58685291927213
-13.842473545010225
-0.4725357008349911
-15.987984210753131
-18.413723731852674
-16.176384840272764
-18.87169731651203
-13.731822278305573
-7.773432065669453
-2.846960270782194
1.107811589051312
-3.3944930854339184
-4.735574009614746
-9.931185787175435
-14.778335184860106
-10.47771564158175
-10.08583080921928
-3.6401426122230056
-14.295439961883002
-13.085577866488359
-3.5239742037643373
-9.952225676124463
-3.3139630275051246
-1.0395213830103536
-4.159189231703419
1.551249079403903
-5.543109375004669
-11.36008224633417
-8.228608208858153
-5.350397614742294
2.5848108174164017
12.290630242180171
12.131071881190767
0.24859730369910235
8.411043863066189
17.189099901899304
18.12102787914016
27.010185998997283
17.695525283663333
7.439312760041549
-12.613727064148616
-0.13320756224970684
-15.060989233068948
-11.195594821943498
-11.412260916352704
-9.692460858146916
-11.066370151087835
-12.159043629684465
-19.443988565511397
-22.228287007077675
-22.56269255286913
-2.01191066891435
-6.915896379423701
-1.9694417973504932
-12.184350250791919
-17.187600361422426
-4.544994048084217
-1.5310128547750783
3.901815046766035
-6.872721143735329
0.08351005827988121
-5.901240837955122
-5.997128828643816
-16.931373571833188
4.5189337780349765
-14.17336856412524
3.262487682174623
6.618957790554414
-0.2817126627267837
0.07224054074956042
0.1918635135676947
-12.32666025015354
-17.261805959236213
-14.423028025277805
-14.344915990963823
-10.06578035987963
-5.379008428856347
-6.213747596651451
2.1191763009919447
-0.9873740568577488
-6.923235779835218
-6.4357030984320005
-5.547005211207139
-15.396674559726687
-13.969809399157741
-31.526622362697147
-16.10330495107948
-8.528730315072973
-3.724824235581088
-23.00377852127427
-13.832537071345074
2.85298343717556
-10.988334427686985
-1.2856114649082628
2.0397456136425918
