-1.5589721836202282
22.016929900233293
12.89210199108512
13.6083615460281
-14.540463207685287
-11.898455617928322
-25.09370853399964
-27.569066125866442
-20.02710544923061
-12.673714702388803
-23.81673814016054
-31.933000956769977
-25.576836955662326
-31.156420075054932
-30.47160846405139
-24.87942223287651
-32.387657260979964
-27.31775222927997
-23.802038304221746
-28.89002624768052
-31.54892793676261
-8.082469618351318
-1.3389646188650497
5.2721053854196676
1.6839300346615893
3.974332992219789
-3.4300562170738784
-25.736442687308283
-26.279746635533854
-19.75229116072448
-23.299735485568814
-25.58769223426283
-28.01169429526312
-27.63110537845803
-20.341326125118
-12.680872563312006
-17.950508957734847
-23.308348907514638
-9.73676479553098
19.92711869845922
6.793695477380313
-4.572876475126977
8.749604039246844
-1.837456002368968
22.191433646858233
22.102708538589678
15.730654785743313
12.829789700501134
13.079064132474425
18.139459567533613
13.295440964811304
25.13475427763232
30.196521815782532
27.251762894656476
20.53747422787073
6.421297527207309
-8.79193143984161
-1.9409937796535328
-0.11219125494095736
0.12739125670888465
-14.448967864949894
-2.7785195581173694
-5.6758337729919885
-1.6145793697372988
1.5315052250912085
3.2793362219976534
5.717609386284906
-4.285899712086094
-3.7840619776088418
2.318774094576741
-26.647074931813282
-6.620226408283843
-17.567008281665252
0.4710204427089467
-11.583806257735958
-0.6402188771951823
-2.959690107790472
-3.638110470510105
-0.7724338962886375
1.2477910535453571
-10.529740973467717
-9.806653482293472
0.9486060787264016
7.349529671349478
10.091894395263662
12.537821632897217
16.8352884587186
35.0922782371092
11.998765161809125
0.044169325638961365
11.518085985818493
17.663241496568297
4.6846879152205325
14.53716294415648
2.083029216029529
-3.754982661117752
7.067265651494325
7.4696254886100375
1.5979361223699162
-4.981237885611857
-5.525947400777329
-0.256267918575662
-16.67186338994027
-8.551581160745059
-14.30325677079741
-25.903717946312426
-22.539375131443638
-17.529214633765882
-19.111890700418808
-26.498588718941928
-19.275884095857545
-13.802072528010724
-17.852260199049077
-8.860029131696004
-9.382523995611797
-16.900561601692463
-16.565079551172847
-13.333108589375515
-13.942817167613368
-14.144465554462164
-22.946992885776876
-5.9773974915333845
-31.920539050566568
