-12.589002139849587
-3.4259828722790657
-7.732527891808165
-1.5458687282067312
0.0630437758502939
12.376127004316551
12.660533336407182
-21.341015597114037
-5.389412013054759
0.12656043827059055
-1.9400226787616976
-0.17098971106962496
-3.8831209555308734
-8.041626149713023
-7.421391902058648
-11.549929544122035
-12.587279119853823
-10.950764353138792
-12.464986837638564
1.9182261857923169
1.1658912100257344
-1.3504896980230112
-5.070975318390048
0.3040296364510337
-5.458563344603656
-6.216576147746083
-2.348109397744996
5.723426022658331
-22.182991273862548
-5.032445127949887
-7.972881045882683
-0.0586061677461467
1.864710963953896
-8.925269790145524
-17.00334661692532
-11.674815467209866
-5.287906152228676
-6.2799474900849175
-1.8065589859211253
-6.211166836465874
-4.492345713891984
-0.6096426923158281
-10.643190302429266
-11.867635801955835
-28.727751097358198
-15.35668542358106
-5.9590009378298845
-15.918955587857445
3.3554760255512366
0.5932518730884019
-4.103224593556864
-12.949669000852268
-9.734462676639492
-7.73048625091397
-17.884183236613133
-10.853972949720466
-13.877317028898066
-12.862345449069181
-0.946860811458904
-3.022739113128752
4.799856539013796
2.375587709086429
-13.257838584900787
-19.572780246716324
-6.220835990072027
-22.51243168874862
-20.85804490576689
-26.77244816167581
-6.551718830967396
-1.1369767980981158
-5.404236653045569
-7.804971179882921
-12.921946021102777
-9.233853356991018
-8.62379143015955
-6.968633052757594
-0.3147763750469472
1.4457115153377973
9.335279792982039
7.701412372031037
8.038266215787159
10.9781431971167
19.916118870515703
15.434294490413434
2.389217691730578
-0.9903165976036312
-7.015044539875138
0.7789102774008675
-1.462288151699219
-8.095400326173804
-13.262007211901679
4.076790504997837
-18.011024231837325
-15.27894072333756
-21.22414120701386
-20.627789386247386
-20.112377593783933
-14.409496921149524
-12.259512831883967
-14.252913279058529
-12.418340869910908
-6.415372276920233
-0.5128926817062396
0.8272472382349748
-3.8806472153431546
-8.636116066332928
-6.578857384513007
2.14251496105775
12.882963283885381
14.701694347039108
14.55629875259533
25.133006718854908
26.77300785066017
17.853544103917397
3.972528876013569
-4.472982232671604
-8.663791309148559
-8.243492383140104
-4.9014295110604085
-8.430865894703194
3.0564935044668986
12.484303834608813
-1.4419037002819173
-12.283083993035133
-9.251380376483898
-5.651808955960537
-1.0878867649885908
-0.6357666691842491
-8.51181740454715
-14.429969531829078
7.253237885512091
-13.5620470048103
-15.118332286824165
-1.0231237951812315
-3.0858442866247584
-11.434234336102438
-12.752199764448774
-16.718300430386837
-13.93381339211232
-6.987309328734816
-10.881841141236038
-14.269807307013561
-3.752652581021952
-9.670264855646732
-6.649739965888678
-1.198041643891578
-10.701338456540649
-3.313665071029709
6.2381998041829645
-8.439384614634672
-4.887668369380963
7.886555157772348
9.022242946810652
3.4630762399782133
-8.68312344227693
-5.282469836672901
-6.329329231458937
-0.6914743486616803
7.7981579120882545
2.610462588764978
4.997714627514369
11.925509693338876
16.714495541167928
6.62237548016663
2.4447094784296297
18.116161187865185
17.730633587107086
1.2878512593977849
4.67627639943541
6.607883682902408
10.869921761232844
-7.223522011134213
-14.611754519723231
-20.159903640743245
-20.04635578031101
-9.262182483850678
-4.583049506684509
-4.984974099502727
-7.19767027265867
-15.240241439069145
-17.579230674046872
-20.064445736873147
-24.866672787720322
-32.62344260158354
-26.46759427730548
-27.540314274655188
-17.04063414049087
-28.383545071480388
-23.404793150916053
-19.49926651651325
-26.568916113948607
-30.818390079445912
-31.41430350808444
-19.656037688213328
-18.064651928607386
3.5935911461496417
-10.496635587778734
-13.808260068285414
-15.148690326249412
-18.24937897546954
-27.35461718057702
-23.566436509466296
-32.818735459325836
-33.351005399844325
-32.66592420944757
-21.137484917423066
-29.364835300912052
-36.33949923243383
-30.735273364263602
-26.547448608256964
-34.35870658280853
-31.752554315760783
-13.403541876619151
-27.391723607651272
-26.19982916807827
-26.31731405619428
-30.88714655383513
-15.654620574743669
-20.855296575022322
-34.168747353021445
-40.08707280423194
-41.66828121435197
