-5.742030788021099
-21.959429476571422
-22.795196572311088
-22.24032299510376
-6.50203294945263
-19.646452420663067
0.9304217037063484
3.673366075409372
-9.461878941583867
1.4411287803089328
0.6938943684108676
5.8642643561504055
5.933570535380379
-1.894874177137674
1.1707154171340444
-1.7591122937889483
-9.855910359255855
-16.63057430297959
-31.28543021333209
-42.91739411327977
-42.55691580525982
-25.73130769324568
-12.498234559691884
-13.503515630316693
-12.843161873502195
-9.566706714777236
-12.438768379276727
-20.919201386558107
-22.053568508562407
-24.63163601928165
-27.879664639328322
-19.143326692251815
-5.0430364634781935
-0.2648041646635732
2.4206165516310474
4.623035657923562
8.0671122083488
-0.4495482035165939
-12.271901628811907
-16.157488550625914
-23.970702817812022
-26.18827269886327
-25.410953767270538
-22.7766650640305
-10.685744343007283
-13.368587919229586
-23.568147544778643
-18.759564587057714
-10.039448983175953
-3.2103117701362667
-9.992044505092556
-6.215749578294302
-12.276620379984347
-20.16718449532987
-12.23423178832793
3.877951788572396
10.503328035600283
18.780679787511048
10.76127645553101
10.2853691510576
13.76108062397117
20.547620371397482
23.565524265479198
18.357073106000193
14.968193046192644
13.142139749683096
12.981580574259185
6.183648143166487
8.765119104146864
-4.899993615699096
-5.852659799519593
1.5387647708407184
-5.1491938591569655
2.450103307406417
-2.1868836767233857
-3.0627007170904084
-4.9935470747910635
-9.620202853256641
-11.166598422863544
-8.095878672312564
4.315387877300558
-6.051657643438599
-7.687227402198976
1.617023888310666
-1.1497089910598004
2.5159325878006094
13.645124072037758
7.569717678960918
-0.5475300039615357
-6.65846778909955
-1.8894809073760264
-0.8755158165166967
-10.834398658309558
-8.299024025742401
-7.320130017667304
-12.0655095936476
-3.3680048046072275
