-2.299006859704274
-9.875937602804038
-2.500609233603423
-2.165220842818824
-6.7828858385819375
-8.16171851746331
-9.901274664957947
-7.0714154297121725
8.221375460900672
-17.63874643103854
-8.214390249992451
-1.3670250947355662
0.5068755922675345
-2.478577930690192
-16.051296745669326
-9.77090649559897
-18.30392029895443
-12.114695356347225
-12.669372328542044
-16.58641950267834
-22.09326534113645
-7.274255292951277
1.9401844853328205
2.3651625184031264
-4.954509869191303
-6.5613395837639095
3.0286830606939303
3.226767111449794
11.76753772518132
8.030676722226342
-4.5425648196793045
2.623501962961816
5.726299141146956
-4.8105265354090765
-1.6734836116118197
8.018783261547284
2.2597380439769754
2.76873987763008
-0.051886108329550366
9.519138507850606
6.275459817138889
0.009275132705553885
5.736570086852154
4.211019882114223
3.867792559293168
-3.4780091120356187
4.5742135143087195
1.817108594776788
0.6355172704061381
4.716778773340342
7.253023899561528
1.188652143034803
-1.173281499847408
-4.787407692169807
-8.235571434573071
0.5204987795650874
8.636276780112157
17.499842407535056
18.61955966974222
19.881767474298805
16.664964986487707
16.876405588015107
19.658578663966253
18.956202764130946
28.29681241846135
19.500539279069237
9.511994648022837
-0.9201171544567864
-14.495963057723934
-12.541265022354922
-39.442569280360594
-0.8358570153580465
6.722252389412022
1.3669744282549143
-8.260295188264779
-0.4586142578526524
-9.58971823526035
-17.483250831453795
2.607585816106081
-8.941533078198484
-1.802352377625748
-3.561481640343501
-13.107606527206526
-19.95238675312115
-25.39387211553964
-37.472743224266296
-34.608434607494985
-17.862498384156495
-12.714965419858347
-6.007630919108312
8.77771770405887
12.934809421061232
7.262057574497634
5.149158725169838
5.764632220394431
-5.861816054740267
6.592532084819938
2.9823584167137254
1.7092496740378365
-6.841989324385826
-0.16311732101136892
-6.873170607445792
-10.521653778994102
-9.235311267553787
-1.1781770043884878
-7.5772779402591
-4.897106677085146
-7.7761961499216286
-2.4793275050811494
-12.382941340064162
-0.14504881901208955
0.7460060616766891
-6.651418104923737
-2.5518502773294016
0.3768682617286678
-10.451021817650547
-15.379357826176415
1.1756858370157952
-3.6280764930172
-6.702198022558227
-11.891710727121474
-4.922555619366213
-8.770539355470142
-7.322282721559031
-3.810226326171756
-4.918028306087975
-17.345478561298087
-8.172324033978954
-13.433955768635936
21.67566809548185
22.884274218033344
8.438365753980626
-3.21526868629627
-5.210083306384328
-12.924331624037347
-2.263887979779952
-6.9851914245541895
4.320276796757435
11.777054291460118
9.37504488158023
-7.929873702543173
-15.158331416420019
-5.960924541606495
-8.398810685546032
-19.50432024130411
-9.29004246040121
-11.201911219220467
-2.5966874786811
-13.970651083189079
-6.554303898063885
-13.330911754020484
-17.290737347971827
0.7860258373967345
-21.223856396277412
-18.21188189502711
-10.534648148161613
-20.298198192050517
-19.952701265216533
-27.31770833979715
-26.037314534217682
-17.821961654510382
-17.67100846136596
-18.59517572591988
-18.957709489841974
-21.029734026693603
-21.474317078542033
-20.994387881556765
-28.55716819062705
-24.579498314867248
-18.61308587054221
-5.458748363085254
4.655321404051928
-11.712191620612868
-19.352564896211135
-30.03704502833581
-18.209000737036106
-1.9551593896821704
15.418845336741546
18.4607985674441
15.356291836521294
-6.391933304667506
5.9485476598282325
3.9807506231149863
16.90661144311915
4.855686928644623
-1.4588917001541404
-6.312437040892738
-15.951057159009828
-10.445688641828657
-18.730395069884146
-7.2671130845607905
-1.411068541509349
-19.33542728680576
-8.779642762804425
-18.399388126161845
2.4597374552818883
-0.7985544457709041
0.7556221501689588
-5.278258491415933
5.917741087073402
7.231107662670755
2.314354139500991
-1.399522245601275
-1.2214588952269876
-4.933442791612003
5.476824156210459
5.722004316259601
2.422841316353748
-3.3154984585976037
5.0656208010070705
2.965529541473914
-11.205897529077356
-9.970954308489816
-15.267971893419096
-21.108934578513328
-18.28106689947678
-14.830017281710134
-12.494761416763964
-17.628073934129716
-14.184185491911215
-3.345829733515347
-1.5826616078435634
1.7630023418283558
-6.5507033746086964
-26.87484358316926
-24.961374080212124
-17.383136497411954
-14.91092263866172
-11.002821185403056
-2.7361200564302
-14.13221605625968
-6.8722319446346285
-3.970756232673723
-1.6403726594232746
-3.2439703944929152
0.3780103597084588
-1.953770997385584
-5.449985071921726
-5.885156929530518
-4.610617619994756
-8.279208147319652
-15.865710512219213
-19.114272815944567
-12.976564864131525
-5.072184956664395
-17.259955159825648
-22.60623038213008
-22.870149701228804
-14.381588928570446
-8.672865832802767
-3.808197489547757
-6.396507345440449
-11.327255758615044
-12.490146449000553
3.425874822980357
-3.093229008797828
-11.439593932239948
-0.4176332929469586
-1.2927791368370771
-6.8733058708045105
-6.4201165937208735
-5.426480138327412
-7.562970155797545
-6.959909558145244
-2.0183136383571663
-13.418161560971258
-22.124231354925108
-22.18985888325028
-24.010488378503947
-13.377956204784727
-14.636604824960886
-17.609121343432776
-20.502251914332682
-14.496272599115207
-11.621785687710837
-14.603072059702043
-6.738586640203147
1.1603387169319566
-8.398259252811357
-9.950491716392623
-14.10490510066226
-14.370793031106984
-12.063766607959412
-8.513815263559506
-3.7641814812979297
1.9733633267699635
-11.271958471249787
-3.9609955258226495
-9.257437613503333
-10.850224348289778
-8.801845478192053
-8.434846874494912
0.7087736418329027
-2.72236612221472
-12.065635895718108
6.000664873562187
-8.663440183858091
13.938602187487787
27.918770091370586
12.384673514122227
3.6473981708078886
1.5124594269331053
2.118100364587572
0.22125304916276053
15.25835605648561
10.729914974551653
9.81466815382491
3.5739887177346272
-6.054965165618682
2.26016473505679
-18.577198069014177
-13.657901705718045
2.0345441720749857
0.848232105485173
1.602402712011565
0.8917507931257992
2.9952654046472387
1.1957908134051631
0.8234427132330445
-0.3757311038505295
-4.9611747162337085
-7.717810350830524
-3.366261393820664
-10.645734396788637
-5.117933864563954
-10.308051407752592
-13.625762679130116
-5.820373255365116
-8.373139525156507
-12.413564604643488
-17.599772855277
-9.534902246160383
-12.217949034491566
-14.5906742569504
-10.672373856598645
-6.598004122368818
-10.209951623467076
0.21782069825644695
2.2324376548611613
1.9832613990891956
4.548909980142943
-2.9636403701657508
