-5.660514470329598
-8.7138442285653
4.293663606446821
28.52072384608176
23.825848683165336
23.594701684722896
19.933199336346828
4.8501723723045576
0.5000534543104246
-0.24970327314366425
2.888296724945224
3.0180284480286934
9.35338984111427
15.151612137844975
23.825431787499493
9.292641739205628
-1.2091225376755277
-6.352986460310932
-5.871607377152738
-7.99191741647885
-4.456906437563754
9.840018880903386
-2.9503989820993977
8.77921273783573
-4.489883065667913
-0.8171004451788245
-6.491000598529602
-6.057287848098188
0.5829325297106024
-5.294866756245517
2.031987263479925
7.001802916604109
-2.064256774412723
-1.696550778629594
-8.50957096176522
-18.40765200422057
2.5233415161726183
-2.613219033384635
-3.206012034553802
-9.424862196559744
-5.044292626531467
-2.3300034785943797
4.895880638669542
2.4825277091236053
2.3778491955170096
0.9178042637044695
-1.010395821334834
-1.936920530135549
-8.205826434343708
-14.246018340848432
-22.724016767997924
-19.518214176622266
-22.439283072032836
-15.736095266418715
-9.195858862783261
-8.162304048389302
-7.999422440024414
-15.176134489154197
-23.080627191813804
-11.497805933189692
-0.23421967676576025
-9.886571900616039
-4.299395116627158
-2.8120376807006946
-4.755455492169771
9.078980425940474
-10.453969025211967
-9.256178075754967
-5.9091334241847555
-5.883432870990462
3.7595757529885097
9.906388211304607
5.234840781248723
1.8571969992994224
0.5058370957919465
1.771442089534662
9.064247629063846
11.011915755845212
-0.0324133021845074
-1.6738320542507332
-0.009085874147015522
-4.874272905925613
-2.620639851427116
-10.431481040801243
-14.53187950820698
-14.757757478723734
-14.496011970869631
-22.79355346215178
-22.47052519566958
-14.493570389168005
-11.166387294685205
-8.114622563636985
-3.0065672780053334
0.7411773513707332
10.726798700769557
6.479289846276418
18.002533052836142
11.369722282926151
13.108230621066086
10.481264214936374
2.1424612104650747
9.568242170673118
13.792809923889413
10.443047423702732
15.527774708715233
9.879689143910806
3.619615200432775
1.7288083667341765
-5.310093140614193
-4.081041148621305
-4.641906064567267
-15.292589929459526
-10.156872946712443
-14.230380878026596
-15.694936121651766
-17.608926297644867
-10.86102261840175
-13.082619176078662
-9.4382993411793
-11.942616991919406
-14.688262196294431
-16.329685595257267
13.221207355854334
-1.1467585008478909
2.966673514434152
-5.179501097416824
-11.158558925195965
-8.761695431915486
-25.97046945997486
-11.884300316870293
-6.461121276183324
-24.52365464276705
-2.2568157382470084
