-7.559346218285426
-9.719278446114423
11.26659085931043
12.098471733384645
-10.014825224580886
-23.544620452703015
1.0917499321214812
3.3763833707095685
5.429337916456452
10.5495486185275
15.269716273589005
10.633015719622486
17.478318561144167
21.28176989970991
23.27263833388262
21.634212180524315
23.157105973792106
19.52501461208481
21.20140577302813
-1.0976363769072688
9.626912724256464
4.024251941654499
-2.388440370959032
0.7161744998280998
3.9996305665464265
10.7490529461307
9.09542892127822
1.8460725275273115
-9.75101560831599
-17.445520501898873
-7.500972354806672
-10.64318914573069
-31.979403731015292
0.4885680792306849
-1.9673404605497729
-14.470195855043444
-15.246036038462705
-19.166410071465947
-14.12715317025496
-24.98531892767252
-8.176841597506536
-4.8889314388523495
-2.4742058469877044
6.513974459511851
6.639408675282809
-11.950031922664905
0.994492507930725
15.580773481671256
15.650571343127694
16.44213068324703
22.04577696221285
13.361459719109865
12.691781051698356
11.529901733858882
14.17632045738032
15.807056398912973
4.321731942706647
8.991112018937743
-8.463895161372008
0.5616300657354306
18.41957328902935
4.1637477512019325
-0.5312390355723676
6.2070590283902485
4.395722502063176
-7.3039689623654205
9.062246512935127
18.76955130789836
24.690683061358342
24.626923970325326
15.186902126430835
16.535614192395602
9.295803083412068
6.492056957360287
16.29986101405304
1.1445262423869813
7.009271159693344
11.512036059875527
4.10279874953822
-5.0338396945758115
-5.259307527018972
-6.070829365758737
-13.581504083104269
-19.26198554245239
-13.110401590384269
-13.368366617219868
-9.594702969434874
3.599094568913946
8.175312314478338
3.1446406565893144
-10.725033731084011
-6.884790459239214
-13.254381105476648
-6.8838446854910496
-4.896459870947607
0.17859015760334107
-2.3445314931268033
1.2779964627148463
-4.2449823993418665
-10.678861778348788
-3.5129953146173447
1.121527990246125
-2.0522834700385557
-9.638835291703415
-6.876175507649956
1.313480807688577
13.679105727407926
11.815719564137487
12.382157235771745
0.9075862165721286
-5.3175242937025375
0.3335148874807385
-7.17928440344633
-2.849552698645125
8.245257015858629
11.676031243031053
15.337900397255964
7.545719438538816
14.533578568377983
16.703262111134062
22.619587784009862
21.589387486449567
19.49604297667503
21.063643974121486
18.88367506755411
15.02586228303917
5.275856639328257
7.304487746442965
0.061919369662580374
7.977854247673412
0.7485577602100811
5.609335338560204
-0.827929457875752
-5.760418175027866
