-8.880111874278708
-6.4619853592355545
2.1968113654516737
-6.287989703339296
-21.762621844738653
-15.77556695921418
-23.777639775651522
-22.525146412549265
-19.572628903506857
-15.279468765120876
-19.03168211367616
-29.36559377536923
-18.194707923634137
-18.76653405911215
-11.96634476422683
0.6104126568963623
11.063510394098415
9.31997837676632
1.4395508361116325
-2.4492889445790302
6.258530085986202
9.363795408223957
4.087136680242236
5.5441529915821635
2.184503019963917
5.535323191807659
2.9444575560607333
11.335636539702422
-3.0013970170774518
-12.85118142872887
-21.205185330986733
-15.000500803443673
-17.176864406443148
-27.749036361083704
-22.433256095933753
-0.4776547985957692
15.164866483121324
9.350366016028
21.56584615489986
16.46642965570637
15.167430697214131
10.971150510427229
10.477157672974043
4.048390843435294
4.072468237216353
6.884016184004736
2.5119902786531094
5.611683856399806
4.829111825599067
5.057743710877071
8.619743925507267
3.6388673119940114
7.674570720843973
13.342293065330596
4.2962811209190015
13.771902082898164
6.486356353245558
6.527620715051048
8.960533444676486
16.60946249466599
2.99204658503662
-2.570458582647787
3.681140650475557
-2.7460187668788527
-12.240177958202882
16.74332290711544
2.069109455817783
-9.657426371103883
-9.189146078693867
-15.665422903683922
-3.265839118734612
-0.5721112681634115
16.253634631717347
-3.5505411739028196
17.227789548635855
40.793820874643686
16.543326148919327
8.527806056168718
26.666350167804893
35.61022014238138
18.16692633705327
31.682870109181696
20.375715110235934
27.314878401824163
22.24772707924644
25.694847159676122
23.886621789232773
22.518172738078896
19.933293303805424
12.869961044809964
18.593507202881195
20.636328658505867
3.3121039171004325
-10.363800249316494
-23.712780643276695
-0.2549849092076392
-11.50865941009706
-12.928091151553975
-6.576069742458683
-18.82278451462514
-20.786370315465128
-16.061554136545407
-2.288260888683716
-5.9946520400355565
-4.708708981439579
-11.533660618975349
-12.19049904838178
-13.481491691463704
-27.226096640885054
-17.145044916716202
-7.997630110568519
-0.15978642991815414
-13.508272656978528
-11.51727659955904
-8.915205395300088
-0.930054265551081
3.742795509077596
5.310536164582994
5.657770607152297
6.522185061864621
4.344762484691944
-4.339396425877492
-6.832522859630588
-9.212053823250356
-16.666299250347837
-26.8407430848398
-28.34747547953989
-14.203213548810425
-12.74555794193922
-1.65168517557641
-13.793313300775859
-9.697357861547006
-0.16955903759665106
-4.821258574173381
-6.571354159451729
-9.382413114946953
-6.1078336412936665
-21.483263248165546
-25.2008818134918
-16.469725794881832
-24.19359823662587
-13.469288180747386
4.630290542170705
1.6025136956145989
-6.536687482972874
-6.279751954496409
-5.800636096669719
-3.693009881844964
-7.943785221923266
-11.160941834526813
-10.526140812727439
-2.428234245510267
12.119025991258074
10.317515983713877
9.834889156168119
9.828611042737322
14.759905200133867
14.931629312054515
16.770155753750398
20.9710863906013
16.455760260734678
10.23005696301504
8.87146070646009
6.094740063333433
1.618919129656334
6.427984980053653
14.721278744298955
11.67226119548832
14.842707941216785
35.18081489251944
34.39737123872068
34.67838372889024
32.23666083535897
8.002870783005552
-2.6770819081489607
-0.13283452691681938
19.972844560596744
6.730021393219047
18.730781596324906
11.015701198111637
11.056135850189216
-3.5638180796049737
-6.8780985444690845
-10.9009995405201
-16.67638539078215
-10.88615110109993
-19.564223168900142
-15.706376902689293
-16.328083824755314
-6.464216911160498
-4.444648079291193
-16.95421555479782
