-0.6699704026073551
-9.272713880336296
-3.1701071014612845
-6.258709454443138
1.1585981880993894
-13.139218841694126
-7.988825597165063
-8.413679365417494
-5.136554354835893
-18.020728287657363
-23.190102687847236
-18.389423306805142
-22.4446807941398
-27.237534140794768
-17.135404295897647
-24.325478096808315
-21.653855712557696
-2.6368125563438825
-2.009237385040914
-3.960589431881493
2.231686955894208
-13.379792463209009
-29.680602503011603
-18.512313669623143
-9.37371375700477
-12.596006462954204
-10.215608939478233
10.561703129284464
14.609935045291966
9.40381397645869
-2.6672935960596647
-2.5153462645806757
-7.961331452577671
-6.188373373783432
2.389922026613464
-8.609405270352438
-5.293433936998711
-7.555902956748793
-7.450130299175364
-10.363387271665749
-7.6849034154488525
-7.916492004971527
-2.7211567429205044
-0.37250715015219854
-18.2195466109042
-9.98137083149648
-2.5367055541545365
10.20239200415016
-2.1591980685148724
12.551965809453284
5.6044614240538015
-3.662175013282449
-4.4363561176875725
-5.397099544798058
-4.286752549546016
-0.3713792319710872
3.77311209057199
7.763938302093881
7.138943489260748
14.053424829040225
-5.36147489633629
-17.427204896990023
-11.12241239613532
1.0617640188738175
-6.976976743778472
-2.07403154035809
-11.370278022869988
-9.320657927208499
-11.099048029684212
-11.19682223713239
-12.677744650689528
-8.908438540572456
-14.316418399611168
-6.0209725797676095
-1.1147242880005737
-7.359210571709571
-2.497390484123188
-10.585946673739377
-7.880638021470508
-12.180954466233144
-4.8239100558013845
6.409044632984557
0.09144242285187626
9.330879596981996
0.6910027816225832
-16.449755842475973
-10.287177488616095
-8.098575899719236
0.44160088359173294
-26.32895732084318
-29.554497147780648
-8.904827633096067
-15.951945001131856
-23.000697851047807
-39.137713416212286
-23.628783595623393
-35.89321193583683
-35.37204274220462
-13.56351046871225
-3.8106913708355425
2.3915451384727016
6.320766862444384
14.314812110302913
4.414912090944521
2.258907944591395
-10.723886073419305
-9.478041263244341
-4.2959156199694615
-9.906969394653244
-7.955959036661649
-9.449821449858627
-20.744432533247608
-21.852402660428304
-11.837896477831714
-5.692000149105076
-1.4034304511373248
-8.986418841151346
-3.6198805126275047
-1.868527166618504
-5.043347253375762
2.3359045511753664
4.984419388019657
-1.1954495185644187
2.55387574297756
8.499439671350787
-1.3134978317117914
-8.898126424176821
-3.1534557696470396
3.2978079114125003
-10.160013837360461
-0.8828829052292356
-5.164999672228352
-5.627909554838568
0.4967073485586862
-11.641032799395385
-23.407452042028908
-17.49301079815973
-10.342737529668788
-20.90014719717557
-26.551997125672212
-25.18805515776809
-39.18139085462896
-19.33715671530717
-19.185865915586735
-29.656834253691937
-35.979122642329
-30.05637973272491
-30.25550646986723
-28.208603000597826
-24.28313061048017
-21.013957509466085
-23.306809569433565
-30.309509464568738
-25.940756567749354
-28.18460191354793
-25.29659659373621
