8.069157232030394
11.506759301164687
5.683309492651772
-4.995945982312639
-6.165296359681268
7.769215682030795
0.542414843029837
-11.186308962923789
0.7247632610936896
-11.030103272713184
1.3270513681441407
7.926122708293837
2.23641093643528
22.74937213670804
19.15064329898033
9.15525298044393
9.876550062081607
15.66720419495501
-0.7614726175119956
-19.966247515351636
-7.0832017668188465
-5.342507247417903
-10.310776472768083
-10.53106102548799
-11.752941556056536
-17.389737003536244
-16.216294154769436
-17.73883005505242
-17.287732510647427
-14.523686517169653
-24.478417590692267
-21.799142192469912
-15.909960281310275
-12.899452929927339
-17.731291011781146
-13.007093028902087
-11.1035848054285
-20.824821797782505
-12.155495481149563
-36.25879373761649
-28.883412380080813
-14.453243268184053
-17.890644274848643
-14.030992460690367
-12.3199219941643
-17.951330764929573
-7.211596564589148
-1.9061895378974596
8.82976476757517
7.214832275664095
-8.877314546731688
-7.143457261856897
10.926478409162913
19.689193358509648
0.18257519255234325
-11.634098398922188
-5.656442478595531
8.790854866909305
6.345778754242345
0.7628957233878524
7.0630858210010175
8.561843476330141
5.073961809630705
17.331158488525993
1.1536816319735983
4.3525295926307015
2.359828790974884
15.15818465367482
11.385005934302056
6.997757501398139
14.133788876997018
-1.2549467726066592
-1.0440085454414214
2.4049878857881253
10.828211687927297
-14.929675835926256
3.586736469799343
4.049827971027498
9.325854029537387
-7.237327684427176
-19.283795315898733
3.3509469291042286
12.693029075978158
-5.335966896855283
-21.24180318170209
-5.344634516911858
-8.123655862645009
-7.197693970856563
4.812877014254368
5.196732502577476
2.1030319845382808
-1.921656653064847
-2.8115663180916326
4.762538622129863
-0.8006453925345483
7.3139353201951325
-17.907509640025133
-16.896991769036415
-3.6679986871840984
-4.789443113287924
-12.142655517992889
-25.94022329166133
-6.961938795229173
-8.200477283870388
-16.17345488258696
-7.7733222204985175
-7.398420771555787
-0.3686513803871079
-8.69696987458798
-12.559588976227436
-0.9731671472299058
-9.860690273175218
-9.8108858866375
-10.008022360955572
-8.868335766045359
-2.564730934186147
-18.043237223929783
-18.999471488966318
-12.607031509315268
-5.920298691008482
-3.3185659830316565
-5.9184412899512955
1.1777320733494658
4.475445771174229
-10.534111873667436
