-18.68808103945636
-9.708328422922682
-10.625433964051657
-16.003923578378476
-22.921618419277053
-14.79883680729388
-12.367891179548641
11.851036418329507
12.022023208982509
5.933469107626404
10.858153742245277
12.345474578732507
9.537521471447418
-3.995763474204622
-3.2922496919934745
0.9450836295995364
-3.7866817185630426
-16.861658928441717
-15.426212458528116
-16.747064908193153
-17.11841235986751
-10.498077289909931
-13.703560564135524
-7.261546182915822
-14.280040187222678
-18.403775198197746
-8.690626433416574
-14.282996416451835
-4.541725065513593
1.6235361739358467
0.8084345583938881
-1.9427542527003427
-1.018515787049548
3.418333583780404
5.915844203124628
6.519293462639446
-1.988023069462924
-22.433531466106146
-5.317728766435845
0.7057943864400978
-1.7038219047235097
2.884226719189629
16.305411721574973
14.062395929763715
-1.7041775041099871
0.04491823648536769
-1.7177485674131288
14.273136542911306
5.343903875013907
12.644843766014613
18.946725517479237
9.672315222513278
6.2951479217800586
13.326713316978116
20.269473080473283
20.313724041210477
23.674385974758405
24.16474968689177
44.914044682318135
24.837707488727172
23.227055194358798
22.347898310688134
21.96210591781353
21.55757317522316
24.801966464893717
21.532916437006488
21.849910549840104
26.620620058583345
18.302385802095813
24.573336202012342
11.12915342091873
-4.344507075521509
3.72657176683729
1.2576509849242532
-8.167737386610657
-4.280304487356344
-15.457068895600555
-13.263427015781346
-23.31563017906039
-9.6352545452465
-4.773748405306298
-3.0437857321856536
8.733031758907845
7.0004785639481675
7.188036570205357
0.4500100285790432
-3.9653100349963664
-5.578931368460078
-25.18936816614353
-16.972463869617208
-20.600095114202283
-15.58390321952516
-6.61246691892462
-3.1761537170014797
3.6020082204490564
4.887486909565727
-9.43564939130383
-4.195898644059503
-1.2638738636921312
0.5253777411349905
1.7377704501073126
-12.498190862356966
-20.02420146002156
-16.80066118241165
-30.34805592415659
-17.42001398356792
-18.941428740979546
-23.451837427491622
-31.29856775706789
-24.306376795399647
-36.76150866889506
-18.75480517542937
-22.45543906032145
-18.748104313125502
-23.45989296140337
-24.944866376478352
-24.992941426126162
-22.53493568142693
-36.66657053435714
-29.95926936872008
-24.09975582109785
-32.86700189755639
-23.725364146579327
-20.489645420602752
-21.258615785136328
-16.225439377009693
-15.004728621242885
-30.795802529430283
-38.435692681110666
-15.713530266019278
-10.916535733682863
-19.35534919146043
-34.36583345297412
-14.548140603470154
-24.70405332951309
-13.362681821015382
-17.448328015660767
-12.522780378709747
-20.446561342160813
-8.975766212232443
-19.345163838467236
-11.955330530062716
-24.890657733209924
-18.58373708351665
5.972851579774643
9.840266951598977
16.084546769591398
18.565861800876434
8.459044156918335
7.038003479812379
-9.130748540727485
-11.733207852988825
-6.200677249542045
-10.873749926827447
-12.957157638784338
-20.678729787848308
-10.3742037057144
-9.713679512772242
-3.942048260667367
9.569191930913938
17.736168722967427
15.62007200215166
16.438432893274538
14.720636753523982
15.58150440687381
19.359963921412703
25.116860459318662
11.982569425668373
18.89496880448955
20.739319029327334
18.388041176464238
9.068958058986489
-1.9102459336410111
0.4880169137511293
9.197096530155296
6.4320932607311825
4.365778994843172
5.574293510920424
-2.549103646037865
10.691280114840527
3.117676680067838
2.778758000664168
0.07629786897667586
-10.745038778237753
-16.773301593880724
-7.761625478664183
2.878523537540396
6.21115992191368
-1.3366655813323531
-5.011979987497868
-9.377870550546003
5.609212772715821
34.41051889763007
24.77236718824947
22.966732703502174
22.42986893255688
16.300348772387792
19.933020869392106
13.624701635180669
3.224236479919129
-8.2215490732236
0.32082411097388114
-0.2940109440552207
-17.89363166062206
-6.136141459797332
-0.2482825490781223
-7.214283222680219
-22.69750453161381
-19.368087382488127
-14.80455442302226
-3.948006005278964
-3.497891636738672
1.4564061700310718
6.064239463199037
17.44135999034375
4.028277308455787
13.938646232527242
6.223689332098168
7.69983170295682
10.42695324002152
13.773806272245539
3.0894169135542433
16.228570035359713
4.945857370169547
0.09351239558509103
5.921738388087436
11.99008672426558
16.736705659265198
11.79186714307632
17.785618875405856
19.703310978182174
22.8429396346698
22.214295941404924
25.14342987763419
35.235659037282794
31.396923320399388
15.058877252896625
8.204037882487192
16.797082071475753
9.64193784172032
21.216916096823088
16.005568554102474
11.97551559903452
11.7143474662336
22.956204905559765
10.800061329200853
-2.772044209556736
8.456046031584957
17.546861038481257
10.133193530032473
19.04518370910248
19.756653441731626
10.906932622824566
-2.100734777815953
7.853806940102959
4.503765780495592
12.206724338049908
10.629918479389364
-4.447039853201831
-2.3179079834548038
12.054558026661525
5.746714252211733
-0.1499191591935037
19.788635122579123
13.522150889557095
4.259959619139057
0.7056463160072377
11.932183248718095
-9.538082530680676
-6.468828725072019
-4.396452760011093
8.960646251229527
6.187333017167971
-3.5513377105109862
1.2807162998562598
7.623113741075218
32.89313744238976
5.385000291150161
3.920621433388816
19.260785869675125
6.426080075974193
17.119546594153224
2.083772991709594
7.492486094865669
-6.817689267754395
-7.6306162321882915
-27.10329516218931
