-22.64581033235309
-26.51102109985013
-17.230805357937715
-24.82936917093715
-16.744276453522307
-25.301185790340863
-28.323167288471865
-10.232608862185401
-2.4748585905485987
-14.633673149610331
-4.936153729468421
-13.856911534404695
-11.381144028637662
-10.283352933416646
-11.849884985759804
-11.318123287847259
-28.30826975537087
-17.688636827465086
-15.614504704352148
1.3000052465458685
-6.888234289967315
-13.421936611131427
-9.04793124663659
4.020747218805108
5.0091279180636485
12.736874524014775
26.35224383010852
15.230628840345956
16.78789968998181
17.899896168017236
27.521923126162715
7.1169911983566045
11.810698305541404
7.635605587865478
1.017264859101568
17.457030848960972
9.793689356687835
6.925392173354773
-0.5305675883149881
-0.43113031442148814
6.117405006442111
8.352510059226512
6.416361620150268
4.416237035395433
10.891971265328047
15.757525500618902
16.41814366170157
5.6235122674968245
1.0354165074872874
7.938915621502667
3.0190354648688866
9.624717652045671
4.955988743690429
3.6742093199899744
-0.5695963340615625
0.3341216565184681
-3.3630002905024368
1.6285168842452244
-17.063188926948143
-16.242087600296642
-19.636158097885527
-17.70680943352388
-22.198871714388275
-23.753501386853767
-22.17124292877485
-21.464194112796868
-28.144678076783915
-20.58639160308513
-27.74512269473856
-25.468772493316237
-28.214114418068142
-27.568021592207323
-18.41301897522655
-17.385252748910933
-16.463985355445722
-24.24799756090264
-18.933342928763093
-18.160990815819254
-19.10583771221404
-26.611114613907052
-19.90974772118682
-16.372538199839607
-27.860662307974838
-9.681078917295457
-14.667208216615926
-7.442840996333778
-8.367070564183322
0.7614328530946256
2.6185955191079806
-6.133430416993488
-5.475524332994793
-3.6723589420154465
-1.6665772423165308
0.18908520568370205
-2.2388817817734274
-6.437458661245277
-5.6627198953003655
-4.612106717987554
-9.24920381513346
-6.966570213644456
-7.311520105472599
-8.020412152324841
-9.283825984511198
-6.6042954944266965
2.056239190656165
-15.444645574919598
-7.861983186555519
-7.832524586041258
-11.360727828121107
1.4199720938006726
-1.5670531823959817
0.00430705659591708
-8.471334279900743
2.991257910957433
5.76206021273982
7.2241556297571075
9.770803790540882
3.5975093197029486
-0.9398717737431624
-4.173565655708728
-1.8762099377673997
7.9489506135798385
5.6287843570689295
1.1447944423965812
-5.840753875393668
5.616713192689517
2.1756003525760623
2.7818240760412283
5.753436278517464
2.6597449550274037
-3.6937412354273764
11.863060211229525
16.48430432544501
12.447856524451131
10.635630113625211
17.660311116515434
7.05328597516166
-3.072546076827277
-8.012595504383052
1.4866972608825604
-2.292088220188388
-10.846821587284193
-0.17213326760018954
-12.800673816982716
-13.451896938616814
-20.144214107226354
-22.500608607593524
-28.90713903078147
-21.368300132355174
-21.589543465954577
-27.219291104521727
-15.06432789282898
-27.416916174889263
-29.910736197819705
-15.916929383794214
-25.261123967403602
-15.122403728184018
-16.988924287816136
-27.041222983589364
-18.534215904067867
-18.177858799831114
-10.663240423623726
12.044172162911757
27.24855920284386
23.32347148395982
17.387237034543308
15.046651465942825
6.966967362135072
0.7441707763032913
-8.242798883716139
-4.540523755482797
7.501534748855938
7.480625066045844
0.6339959621894415
19.35096287475952
4.438620955516231
4.779584900571273
13.991515361725195
9.803749334300262
11.903763219322146
9.94235952686472
11.240641352316173
7.562898006172148
14.270272280059118
23.802320072772307
22.47916703666685
13.112952314821062
19.226959099685608
24.45886024107327
17.929858429972704
19.99501262205508
10.166877190446156
6.954744113737428
8.062303743723378
14.591758337801357
5.204810315691102
-0.8992247648367168
-4.179532584678927
-0.4656061115612707
-5.474187740267179
2.329594443197739
6.016517488315543
6.974668162358642
1.8243602786060764
-3.020475662894392
-3.889765746717332
-9.239556223165556
-8.93210733443718
-16.252635229576107
-8.97180206262426
-1.3511210745552718
-1.4306462362118804
-27.751829550974325
-18.73341961556747
-21.88194476930397
-25.765695235820427
-34.3703184093628
-42.094243350873256
-35.73768889971653
-26.897229789322328
-29.51040552545014
-27.724898682382356
-38.24985789713927
-31.862219766462303
-26.54602066223618
-16.695854105496146
-24.849734118550593
-32.25747841688215
-34.369349563677844
-17.814369745373146
-25.920213615399078
-12.905005597945733
-21.398874872969557
-18.9852271122693
-20.174222126016073
-13.146188605730606
-18.17285542642982
-24.00756308869021
-28.891694247411433
-21.56140662955368
-23.198613307940477
-34.952203409184406
-28.63495264658565
-13.894074004306955
-18.295563522983354
-9.111991309769532
-28.342070216406594
-21.721852554352193
-20.176385356123046
-25.237592482598075
-26.872817050823983
-16.186353872979513
-13.997782537354507
-25.573060637534905
-19.149196781676352
-26.723924028226946
-22.296169805038737
-18.474065338370774
-30.311662159688417
-24.295214527640944
-27.329536750896345
-22.098497982100238
-15.52383833990378
-21.26950120808929
-33.099282310929816
-27.84641858720525
-32.0047223999397
-36.64470147808545
-26.80285363488584
-33.77813542601774
-28.14100135007285
-19.868970007918406
-18.665496753112848
-19.22532271481241
-26.66222361123306
-19.785141118270253
-26.392707018697628
-18.659852731555496
-27.820693458747463
-32.886559793233644
-23.843957136399048
-16.566012314713547
