0.2673969975452611
-0.8871099423647194
-20.70307950653671
9.183404372459039
-8.256841336567732
-12.537078024881573
-2.408690192460765
3.7072915880784985
7.573341731998884
-1.7546455616395142
-13.712834929185293
-8.819504968549086
-2.4624215410747543
-14.31326946231984
-14.761015212891412
-9.279460667872842
-5.290488486059363
1.7364865419571804
-11.26757800431168
0.7114569107350891
-4.549735076322854
-9.870024623380653
-5.387752990709701
-4.499025915284221
-8.66321751715279
-11.005027230355363
-18.0548083713482
-12.498163195892804
-36.815623069076
-15.788663714482178
-13.507714842424159
-0.046304553001624886
13.537402603818624
20.985818768074086
28.49193694758311
21.021614634976963
28.603814030810536
-2.700640229061545
-18.525953896303424
-16.369057948340632
-8.617846331504687
-1.3208216001046742
-8.368487151742022
-3.895311368324788
2.4301012349254845
-0.9125555132877564
-5.522790025966767
-6.894326724154054
-0.2179879273456596
-7.367940000534199
21.49966962307716
14.48058550743439
13.755367229163694
9.959594124815855
-5.59291130547579
-10.043098108242509
-9.427273314172393
-10.513325539465123
1.6862907342066908
6.059277672517196
11.482524498207605
10.6651807096484
-1.4266005644721576
3.4987340773184705
6.982435732580211
9.29783855949071
10.172189681918802
16.3247111653383
7.815154472113874
7.4116642136094235
13.73579243359325
-0.9417512515088956
-6.3139022450324624
-0.16949559641509868
2.5306104266327725
14.568395303433487
4.191614762435903
5.390279910911571
2.327797213512442
11.685825124414249
5.990355476829515
10.641520888131053
11.951100493639307
14.628265561889465
10.877652046190471
15.257207796623169
8.526285122288463
7.762406406000219
6.959893660458713
10.384749806216735
1.2348909292649344
-1.1075871207591934
-10.73472904537512
-5.395155971217538
-5.5191371988995686
-2.2334111762091053
-6.995239121623692
-9.710165360025934
-7.098938570895304
-2.9287033878824498
1.6922639309683583
-0.5698555132689171
1.4149660615088504
6.9214343765649025
3.1458231717830545
11.309238955017399
8.287083814351783
6.101799757341715
-4.5736786908716605
-2.9492060717243564
9.080458185131416
6.340151479840103
23.792295994426233
16.9248872914435
9.204197698037936
15.410034818418168
19.25708893714479
15.400302147439062
9.2294259584697
7.592170019574898
19.12953318910869
17.483196162233313
9.020849192900908
2.3110119777304514
2.941396849949452
-0.9013401230850268
16.423388537469155
19.81507343742863
22.170898765797148
7.944454635737571
20.554504035598022
10.054899047770366
