-8.51409134317634
-2.1149781368419496
4.198553376704852
3.2259363063762088
-0.9630364106337967
-3.5817470735747468
1.6348569875679226
-0.2608512968450422
1.0628485229022029
-13.325624729009185
-1.0087582281965233
0.7777132236427645
-3.391544761806335
6.5549302545277515
4.796017301349262
-1.2096613799185678
7.90523424521549
12.363812363562513
6.636852880399793
-5.68908866225651
5.301965782986783
15.406068460838801
20.4993100818154
7.311499728486456
21.651252154584206
25.618702476231523
18.163053153109484
25.3482258967371
13.086745556406115
21.342650090345877
12.655117188441999
6.291711815703219
12.114540036265002
11.193654268141339
22.25845949522805
25.124489615143148
24.17727619397079
14.17028219425859
6.520425098251502
2.658697833734168
1.8476017645919265
-1.371570761583557
2.7612878831072023
4.965348028487731
-5.492309685898434
-4.010824472700217
-1.8425317377776071
-7.977126101027843
9.871941929792373
-0.7781937486009552
2.2030491839850703
12.496485772008862
15.651577117093735
26.06446902393009
1.6084035240120482
-0.4460109751962393
12.169764130760145
8.391850565912023
13.60066044232384
-9.521897536912912
-15.508167185011796
-12.768717443904535
-15.775137018428456
-15.18755889990318
-4.320187118180897
-13.54088047757796
-15.363686099857885
13.343946906438534
25.849328280496106
36.00756278154974
28.985446083289997
16.124197799424323
7.04407886104996
-1.4819728578863405
-4.198386621087781
7.083883251557782
16.451955556720087
14.405538299318788
12.380704945028008
25.167062455410928
6.932819275898125
-2.8013036303054397
-6.882994329999892
-10.55257876968129
-6.929581925298338
-15.005379707398676
-7.931170643422441
-6.929810821930323
1.3870530680753002
22.93094330008245
-1.2310357979853137
-3.1077990338030994
-2.8514554044784517
-11.950761359154644
-10.002711152396168
-11.104748694914539
-18.682581570376254
-8.267002094661803
0.4800367270311438
-9.551323977374
-10.872376683088493
-4.8989797434657305
3.41933058322406
-0.4665533523863172
15.707894211585586
18.31488322676685
12.040541456080156
16.13521726857491
30.456376632939712
-0.4059312403527217
9.318792434184283
14.090774971242952
9.61990654994613
15.710918759289891
14.178599320940885
18.895997562569768
23.290794691852337
23.72098444130468
41.83471524474281
33.57014303778297
48.9838412387453
39.08788073345547
30.94092341723023
25.89424885050693
19.21839931026654
15.924111161439528
14.570973232386963
7.19808467514162
3.5902944568070225
-9.914178383313157
-4.148462397151756
-2.8458431065174388
-0.10783085877278263
-3.7341104806387775
-3.346117504193749
-6.920816421295665
-10.403251504093614
-12.593137176437411
-15.404979685946332
-7.541137461625148
-12.796690619983929
-3.8772997245949448
-2.462457320266119
-14.821765915554217
-2.403521586395144
6.224139459558217
-2.9126166955662454
1.8754891456476719
11.697637523808682
4.230010602571784
5.854795640498887
-0.7904918686054059
5.075676195807144
0.4663440910695248
4.622220811792875
13.243590374120341
5.254011728207795
11.572403051901514
8.538645783191367
4.373065538028667
3.8629361917662894
12.329555932999986
11.223810044828513
11.72010119025825
13.82059853182224
17.75571622271168
14.993403174740699
9.002140200422476
14.288410887093058
16.495750284973617
0.6327107719727539
11.773463067848144
13.665601015927017
4.8188763349601365
1.386711370251186
3.4068743734348588
16.85350761840144
9.266187104231843
9.600856713103537
22.23650827494064
10.175973984013096
1.5417049182007727
13.476418360443445
14.303675470477977
14.26950075120698
14.705170719618184
13.502394273779275
13.66499161484363
8.008349669984819
8.265014768393625
-0.17497690162866236
-3.978170686431671
-6.347926943007933
-7.990499702696098
-13.558762869551195
-15.235690733813062
-14.54019346753143
-8.061264461163907
-21.503220621249753
-21.388338693337708
-11.391227008405654
-9.718842997517099
-11.739977237658124
-12.644901144076323
