-20.7910618233384
-11.14475949717186
-15.620589394262517
-5.283186169685774
-11.207101218384175
-17.694900385638302
-14.630199693724046
-27.455640394336484
-17.511040203543207
-11.9829432806968
-31.167515914099322
-14.204578106996735
-27.189044796192317
-26.857505633282408
-13.53330140414442
-25.93987429083609
-35.57399675915792
-37.41584903454718
-47.240156627987396
-17.631978431130182
-17.43560271576422
-21.43431910575923
-5.659861419865153
-2.7703393619446715
-2.6520270491862084
-3.5003409178290985
11.073191718544251
5.294512131257209
11.260659297865354
3.2834387877119124
-3.2919688263464417
-6.148550898758332
-4.508741960245124
-1.0492710770336944
-2.5489130691225257
1.3099443073544752
-3.837687970192457
-2.9082367149117485
-2.1723251993378905
-2.4795356850769843
5.44898072956533
-7.89782099834554
-8.120433192679013
-9.554441394960016
-7.918869645261455
-13.494016882263733
-12.788438564945695
-11.856010056112947
-15.252755236282036
-11.781975561554376
-15.615808100334682
-2.410374512931304
-6.1531196135865365
4.448238848956558
8.661700506637256
2.455454892576334
1.3173953342957865
5.780033978622124
5.345125526614564
-0.4802227231561401
17.829396571986624
3.620136319202517
19.695955223085534
20.005267435906188
19.323564176973754
23.546879128132712
4.192381295305694
17.13766154208688
20.067900185528114
17.830332889609288
17.278479275726344
19.479309739463318
27.105131773443183
23.222213799470353
19.114000665011066
-2.021874155570844
6.3738796215503015
13.111685907849
-1.2437145597870112
0.09100931934290776
-11.99435530085457
-1.0034576282767569
18.93110623576272
1.8354579796393724
13.541386003775056
-2.2484242687578986
7.957460278649747
9.793643276192878
5.0919821161133285
10.91964114077117
15.354610248431225
8.569991911688634
-2.2879656527329892
-3.593384159275696
-13.360036064816494
-7.110641559268871
-1.5408999149285685
5.498053257714719
-5.83095613308506
1.2975781951072436
-0.2523115713129829
14.298772196665384
9.8386328391897
12.419008094331307
5.872484723824915
10.390939387010997
8.567589350462711
-2.199194740491579
-10.405818341267173
18.593569350857827
16.064331746599276
6.589274152466773
9.530593975369344
12.511006794555506
15.838070910240159
13.609552963177734
-0.2510083072606614
16.322275273205985
5.848502337564471
6.677947360448775
24.270916314430266
12.174282738626655
3.740807151886924
0.2736299893386677
1.465031482668807
-0.07501332070087187
-2.1144257006776064
2.604843596689236
7.372976937235903
16.114091337401618
16.398849985502547
36.362006728411345
25.844873078832702
21.5983202644308
10.702367196841337
10.364409922614
21.966092474866404
10.066558448533236
11.524887567318745
15.785179972653212
24.068226352470685
23.623010854723724
30.226864447667626
24.864766316276132
18.434109296895922
23.731059051740605
29.606848169313317
40.158475410646545
41.01047258757927
33.92079026252614
26.166570215516845
17.184715722113637
11.73381114003237
7.162790266526536
3.5963440692605944
-12.207026900117675
-11.67168828649423
-2.2985081005326093
-0.6763513590636406
3.0601887025940857
4.328993732801003
-7.282340323731727
-8.619343818755205
-0.6801526373612056
-13.840074562684931
-10.365966505932727
-14.424574316301394
-4.875846883037685
-1.146912892785323
1.1241482310619784
-6.184242943281503
2.6127199455323837
-2.8994833524209414
-0.7631656145285912
6.413788671977833
-5.355683222341448
-10.76763628521045
2.2881200771159254
2.6391847078242336
-10.840231403204134
-4.6947070492800265
-6.4870431449630415
1.102776730712682
-8.892837423883384
-8.542080278760313
-3.330337538466197
-18.649441033250998
-21.701243810534578
-14.562951066203047
