12.811461749273866
13.837061729916275
10.839191381450336
20.445657153071828
1.844019636923656
18.66944691373138
-0.04708480052463244
13.496066547234447
8.43932392416672
3.963157243713273
7.504607241644503
13.795006159344986
-1.8108877371395808
-3.7533542711582313
8.892327603585446
12.514627005629682
9.750789008803963
14.820573337748645
5.800404537495723
6.003238582286523
-6.520904040838586
0.3199005300303364
-8.292220288684776
-3.150421104598092
1.8216330324584853
1.566213424167182
-14.522302734621274
-17.659371384660016
-14.977008863771033
-11.61257716100261
1.0548176291019271
-6.398899824313059
-5.691247493694228
-8.386330848425295
6.941499442581898
0.6682291939031659
-0.40196790603666377
-1.1082303402574765
1.52332469758266
0.5767664464996256
-9.90610132077451
-2.3723716276998177
-2.214573391681164
-8.596826822734617
-10.842735154336031
-3.6727240646852275
-12.275744117589634
-9.750555225484316
-1.2728687727946577
17.304198788631066
3.5759482208097113
1.2152902191615504
25.133659788619784
26.47333669712189
29.860608574011486
29.028405549887786
29.76001834672921
5.55852736507344
12.882756365728222
29.670768109577388
21.57035708823209
5.1277226698332985
19.708300768423765
6.212282078704669
14.739061494837511
16.671285363292522
23.75938546466517
27.425253834545217
19.88613355184913
11.347866752875705
17.048963386317716
15.40365679729316
9.479125729622659
22.65420960157072
21.007153090123392
27.595068991639728
21.742143803736955
27.45563311308109
19.24018255530236
12.496210473328116
16.828909532220866
25.808256906502262
27.74741988361733
24.01308030559909
38.47680968795317
27.663084765595094
11.456690953604527
14.568518367357845
22.65388489940908
6.164528150251968
10.605044896961273
2.6964779316435323
5.329584209329028
2.0154974106869634
-6.283666557031509
-8.015366021302256
-2.5789588595190063
-8.552063580761132
5.375463341173396
9.032304785199587
6.9920994436341966
13.280374968027045
8.485102573862704
7.044073479079679
