-11.843096960166323
-17.36805320164576
-16.87725542102688
-11.24430115996418
-17.209758679352134
-6.0071617341941375
-10.105213633309278
-0.24695990168827234
-1.4913380889686083
3.878966000361224
-7.632628543446527
-3.4322497191139667
-7.640904220362272
-6.513714134340629
-13.295436127924374
9.307529071849054
15.746081465702195
11.08999808635716
8.242474841224992
17.537272744615294
-2.7707077848376374
1.9132153615504213
-17.241793527723473
-18.803891356528748
2.430278944369607
18.481739018150485
3.630157406757142
10.091388239608504
16.004551568212925
4.144317377623712
4.324169561261469
3.9237598161949836
10.794531307694552
-1.0187429286903895
-4.112490602052467
-4.299142896139168
-0.4361822148767877
5.231914960214127
13.347035935441296
10.66569532224729
19.833832980704894
33.15856591277039
31.618091045455536
15.593374625908694
7.132910694301523
6.848934068391737
8.391736147598284
10.967735666277962
-11.411559281455975
-2.2106725910935405
1.9928713299437395
1.0770931645560682
-1.015746396499042
-3.83902376357732
-9.823452441865461
-4.302604532559638
2.840814143471506
-3.0966118971590237
-8.625399867523951
9.673392585828653
10.99829352085222
7.985245507948106
11.63219178976692
13.063104591155513
7.002343333664852
11.587397426581434
-6.4655077509895404
-3.7600680676337097
4.6926006254415205
-10.271640681041369
-13.794893111352243
-13.610570455302794
-17.644178902754827
0.21497137945130093
0.5714159970133748
17.074120402390072
11.92679147364157
8.469042446858053
5.039734026360962
3.2684005849923947
7.161277155449187
9.237859717543936
-6.640552824412496
5.944866448171406
9.925599668124423
-13.43357601833384
-2.5848767407062736
-1.1760676124085674
14.292499432465364
-0.34904846941152806
17.175613837961976
17.275408005270688
13.937467517899474
6.482412987688347
21.816744890224992
14.796222133710232
-3.110731519442819
-2.2833056335885717
2.9213552532929588
-2.127388806617293
-4.803806996108428
-8.909611059028194
-8.93221300504684
-2.31675637695052
-7.989077036627426
-15.120910424749177
-8.935026848058303
5.915134461114912
15.47323742391896
19.070813409926267
17.176663402244394
15.465137195976553
18.193213759234297
23.904985005755037
28.259545267212825
21.740315279061967
24.9294252419946
24.57607303795187
22.948279359750487
27.02521709878767
32.94239963457109
26.919450020709306
32.967113827675554
34.200323354901464
23.76388980028985
31.01590819607456
27.298937693829146
23.465631353432283
24.827527326847463
26.70780845788431
18.195011609476566
11.748864033768404
16.242017682294193
21.101734905296254
13.559427660259251
12.858424803566617
12.051778629908354
19.859674443574022
9.73930275429008
17.774764452818886
15.947596460087675
24.81807900246324
17.89378062274463
20.35102909179896
14.359347523106383
19.05116456938864
19.19757354081573
17.43117311985167
18.371683019915128
24.868481436788308
25.61201387419816
19.732492450955192
15.10894344138148
5.093742363553355
5.359018130235983
8.114776979263263
14.891952986657579
4.041488669108247
0.7256912426686289
1.7881041294069706
-9.888636044773145
-14.164893499838035
3.694193439117309
-0.959502214877612
-23.9279735861096
-8.940011632999513
10.441548448196462
2.5502719449406173
9.602748363199405
8.863195877403411
9.912991887962194
7.7944542931055025
3.6554223575357465
15.705372013434221
7.616164844059435
13.22736260297633
-9.619040799171618
-4.269041363757586
-2.238099148635534
10.459824150327707
17.157119419571025
41.12880162880861
34.749838420499096
27.955281279583602
40.953027243813594
21.22037185348785
20.840608082500122
21.594076441843683
8.796074079472417
8.353468410065389
-5.4501099415853504
-2.067768885065921
10.340012794454315
2.670355648764483
8.988518804851694
5.050256761833473
10.820207345221071
10.790690509356226
10.406867750922006
-6.287810790681534
14.256455966107788
-4.017384800728687
-2.7398038424566793
-9.013465858075854
-13.308075566496255
-20.762364688204638
-28.626165116546982
-35.73576468910118
-21.58728228298849
-20.028784221563253
5.6545396659620675
17.04635009082028
12.939853672962856
11.005763762074478
23.365155426934557
24.361321670805268
20.29116064730498
27.537765464146
29.115043616582323
19.93719448471418
15.844487394193461
24.377975112042165
24.233358325933718
19.81448664629816
14.737014456646405
-8.690190089734205
-4.894298230725604
-13.857829609562344
1.8346263712478772
-1.1930497508931321
-5.610938617735117
-7.5021925496321025
-12.470920683301133
-3.6296799015492813
-3.2456837272336463
-4.996471556679237
7.397447210835168
5.265601978496009
12.045914185790643
-4.750442384004879
3.039617047197261
23.280958915865888
15.484966984831154
15.712230413656632
11.02609352569
11.935339422883905
14.557301647015874
8.954335923960212
-17.100012590650785
-9.103505445929763
-11.772730146632796
-18.07229467151177
-0.8964017733747135
1.1685939715626013
2.2560055338650216
-4.611156134035369
-16.997438376573733
-23.181826066948613
-16.14927314446177
-24.30424250897999
-15.162905187333205
7.318148222214567
-10.290230453705293
-3.638883507839796
7.266082818327797
-12.503750833364242
-2.9171715966394687
-12.60705890992241
-15.315379477364536
-13.38134063640826
-4.2498955875209035
-4.4513894770741
4.979266794402543
4.117903339793053
2.5320650056807743
-0.6361620491230517
2.932209991656588
17.230243421593688
21.591476427913317
13.55531633749118
26.05883130875145
30.87792163432412
30.459138439756174
27.26299110682073
22.86642212805478
18.800606392441143
18.03033833534436
5.193800470255618
26.535593824393878
18.204045052866217
29.897196431119642
17.91554968063407
20.76425569403174
17.421474751901687
26.21027513450449
17.369391958261787
52.87888462766946
33.51769658740971
25.69514881994013
31.08866648756835
32.34995289989848
28.75807999736671
28.96502467363388
15.41485160741233
6.1759046451610935
6.2688155060185995
12.015902990750124
30.57697684840771
42.05282131453101
23.003218936886128
11.968460328102546
21.956431739364596
23.25632631812927
14.258675362489395
33.55304720976104
16.83104144500061
25.842357754734074
14.336872539301893
22.04328159844268
12.189037314775367
23.9103849768075
5.64927924179483
-18.847811012158264
-4.49155922462628
3.0111391900109212
-4.304473210279495
-3.757979504413332
-13.958256962016515
-16.478122719776252
-4.38494690829957
-12.156546017032303
-14.404682412450011
-16.17342077874564
4.689262449455753
-7.693192844347383
-10.128741816201297
-9.66512071569301
-10.612844887233347
-7.5938772907370335
-3.9927080692797015
-6.5444497377185735
-3.813638928085112
1.6674827603342866
-3.2667518472520367
-2.370657123345952
-5.139644632141199
0.28470025611676203
-5.86287178601605
4.886261644394031
2.6582478648717194
-3.7523446779581473
-4.733683464389246
-1.660521286327792
7.457904250677471
11.012229744783225
8.124788582632098
16.67787233309367
8.00407299086835
9.66437969495308
9.470192559877058
