16.327410769052502
7.128839841230541
15.358002020991702
-1.9194782747801107
3.6482029737898363
5.220256754915594
4.103171361742693
-0.8846999871973547
4.190499663944633
-1.2218920916477605
-5.0582223178614125
-3.1369927526288266
-11.591205565573526
7.72472347011905
8.436553654508577
17.38518773789318
10.869562015968182
12.13211652276789
1.5085477322352996
0.3817843228112259
-0.7257621569680945
2.4369304446546542
10.66281441935534
8.243143548583557
14.818798818684249
14.483526579745313
9.664433398221568
-2.5180277919648963
0.8162591044251846
-2.647665778955409
-8.733005372988435
4.440574119910825
5.533262561720486
-8.554002058516685
3.950138562780962
11.059113354739306
17.668646476246426
14.523585335298
10.17045104938156
19.483595483974593
6.698576709555737
14.063713012853484
1.4013777912551078
0.0013563026163854294
-3.4825770292495495
-0.5089562813820158
3.5040208324660083
-3.942333290781266
2.261163311556659
2.9316099048159003
-3.168507889376252
-1.4783677709933871
-7.271567529105773
-3.3047777377086587
2.5843288812060816
8.719458514619296
5.789708483265182
15.493105115599954
11.3328765258517
10.366355663373911
12.535833504678836
10.825071668479113
21.97195754566594
14.128723165872465
11.38680343365406
12.737167077864347
13.539881436958506
22.086589415535563
4.582307447679844
3.8945200748617146
5.1963947816539315
-0.08125991185805702
4.747722863909075
4.614226502926691
-1.1434205285435548
2.2490951404914905
0.7074652039942256
-4.701492811298759
-8.292843085158594
-4.194795897263871
-11.964486446181064
-7.873982694294013
-8.148694432542264
-5.860782048388741
-2.9772257578374215
-11.310679839077787
-0.05577876095818013
-6.5940799317304375
-1.7541591387339222
18.12343687991761
0.9286239079556212
-7.325206110444005
-12.82281053911528
-12.50623014953385
-10.63698569714144
-1.835913057883222
3.078716946447836
-3.1372796669935172
-2.649955890355777
-13.99455434781743
-8.688642396693794
-3.06053859169517
9.40792272683498
-1.9968070183290032
12.80525726211474
22.509804853176504
19.15688192925656
18.712400795854933
-1.2721919757922275
1.5741101030603128
-5.81845078644409
-5.7469466571643535
-6.718109209890738
-10.728472071838942
-13.660641757342944
-17.211133688820606
-28.38499765595121
-19.790042883987567
0.4211448727158322
1.752978057498772
-4.341667980117752
-5.156747635044462
-7.3576098246684145
22.830230554465977
24.599668365291038
29.25174075666358
22.76823816497829
16.046878364876388
20.431056672584397
14.948443799038927
9.503366718970156
23.10805260961865
11.84655181589242
11.588570791225125
16.951468164603742
28.640401304946828
21.104287168574523
31.754688567842113
32.47047164785907
28.721983944633273
26.80090380615834
30.756957375141425
24.84671403630489
6.0099897609376205
15.029567004886891
13.047160724067831
13.696496530697663
20.633479256548526
16.204970098424674
17.744529954125593
7.715785182856973
-5.484823104194481
0.11908578536834452
-1.1330655812008592
-4.31077955181796
0.355273139773476
-2.2330170728608634
3.6959850298738712
1.6396601527742607
-1.7737017704126743
-6.060791504820932
-3.6810036112559983
1.8753242049576517
2.1005889772570088
3.9419048482518506
10.850154325114737
5.3299621475016385
-0.651325928182749
7.771947227740671
-0.4231632958670859
-5.496688368196765
-6.393088343423249
5.6450868462149195
-1.133237305998133
-9.938286055117603
-6.235083843590527
-0.8680725549878145
8.203788708934438
0.9555519908925709
14.878168772378494
11.974045874067874
5.510324070732883
7.265378667848347
3.656385453173269
10.794388221080636
-1.9739978432150485
0.5231443952292079
15.88160879786382
19.36912904929755
5.296243076384894
5.872902620282044
15.166832491321466
3.4020347161410385
5.261768579096227
14.15242104629191
15.397706391622991
7.5502690035709135
-1.6451034479674005
1.058636071729246
-3.770769163645866
-10.457977784625731
-15.649325483705109
-5.626433581081359
-1.4246762000545126
-5.261325327988014
-9.412025672812359
-7.650871103673222
-19.50186450852098
-5.822826139080568
