-4.749634368756947
9.611291351901427
13.347060583031846
7.527037812007352
16.66024713552979
-10.38486321288747
-25.243611267154066
-26.37187509472355
-17.431855604109487
-4.524173755400678
-5.181290994558332
-2.919511660089299
-8.045493068437334
-6.403588144964986
-13.509898808346033
-9.912172413572888
-6.7171869645047995
-0.6823935406621543
0.07577800315021098
7.222262223417813
8.348401910167821
12.817836005215813
13.554612571886834
18.56068643796193
19.806023067318076
17.123000412254985
6.4187205017756845
-0.0262443519436728
-20.54766751340375
-19.904572430104988
-16.651611703891362
-13.397527214486963
-19.066178669043826
-27.711281501892124
-26.988233035810453
-26.04643753774673
-32.09116945193603
-26.01130788723772
-12.496005872664512
-33.93676508135611
-8.908513680739144
-6.560960163755588
-2.71337686334002
-3.3978123678644763
12.026732279947257
14.956534224883521
-5.614507792109351
-5.706307092498762
-8.3190763935524
-2.4203903845308035
-3.5623276509064468
4.087915041083
7.646700653581122
-3.619719706665818
-5.142980011444593
-12.593944035738902
-16.985067483647327
-11.112091235000953
-10.645584699959528
-11.204189319041953
3.41328156983924
6.076534062631697
0.8318737176792269
-1.9565880510687257
20.516416544423826
28.425045226214124
24.46786221968927
32.368788251946874
37.41393562480986
30.515567184891328
32.82167270941519
38.57689721131929
28.86226315107317
37.89401461289146
33.12095460744359
35.75698327704254
31.94306260471004
40.32238768664386
37.966691479325966
35.66756428951404
19.600130240250284
5.602548216670549
18.290546046897934
12.700109090776794
1.3014090301733379
1.972950544384372
5.1210786399980845
6.289958247410138
7.575347768153322
12.586316478113437
7.26429539327807
10.64502477197584
-0.4985061881329843
27.79256848848534
-1.7167960971461431
4.085821837075433
20.01859866542468
14.588012362059322
3.893773420554578
-2.9035535784858024
-13.757055777535314
-23.40634832374791
-25.31073972304953
-9.325939358009355
-13.111843953856368
-8.41680314717803
4.472858063424211
22.528070456774437
29.949227965229305
11.299558511424765
12.481671496005802
14.747238303041724
16.848256148836967
20.485558117096318
7.713606492384478
4.1293277268431785
9.22541831768205
15.632918735607124
11.288571475427071
5.8145195371652285
10.848379929551037
6.151579385040223
1.1717786843575495
8.051044527678624
-5.494509399637366
-12.742443092765319
0.5894659026995118
7.545640485329986
-3.0248104664564743
-6.457115799794633
-5.9902605167451615
-10.190559171460627
-9.478429501836413
0.8245490898991376
11.212651325042318
18.869119325144304
23.122784420052714
26.66190796157307
16.44700197091341
21.263929445380555
23.29579759356534
25.087888277632715
27.48876213730958
20.925284842136616
31.47501539375852
24.723959297550568
29.15020156497795
39.87531830965706
21.86476725354001
1.0248262808206896
-6.959527178900966
4.352148836272458
4.787531606279353
18.072788880233144
9.161991428645154
15.839711383047126
13.482112730407882
11.8143356995137
11.378315472097757
-5.737745252872214
1.3727074198562532
-3.9619523769999607
-10.497303874942826
-2.0240305648870103
2.180314478074958
0.6142765083243138
2.9580749123394936
-2.044345615289397
7.109262068009017
1.4898333139425788
14.006114745721257
16.631770749842538
26.605146293717084
30.254756187469184
17.9142690174003
5.146654419417674
13.620106552492402
9.650651944583144
8.475090205876539
4.244003196896187
3.0375670162328854
-2.7413730818249444
1.5339388345297922
9.413994590450104
7.461891697759447
9.579665383165267
1.455490166811511
5.360204673293512
18.736292721823368
-24.98855554281505
-22.584344182467408
-29.577207518512697
-18.587681024940085
-21.016087245602566
-4.515415189602087
-2.6878264317234213
1.86793365756464
-6.120523324312493
0.15532399030627564
-4.3961974228845495
-14.230248963677692
-9.90662585935056
-7.225087032545741
-13.546763393772789
-23.664168515479304
-20.172849916193236
-13.233076297394009
3.4273100656092645
-3.803186875195904
-9.331121997988696
-16.644405740854918
-27.99806170916209
-29.89935150157485
-27.343058057398057
-23.991243078922768
-8.134430213726754
-22.10820501760927
-19.749824064701247
-33.108492346049395
-45.01147791407566
-37.50668341195999
-18.7041817363725
0.5945969467809461
-5.116459521560328
8.748628365011081
-0.2501063610584683
-4.404346042370649
3.7576345517135046
2.9884239066634333
0.5377589922610863
-2.8378805590286116
-9.360717134609935
-2.650093607710412
-2.8929104195488926
7.244094218118695
3.282779239203257
20.02927009933212
15.308687935833225
13.105650253508873
17.577683717730114
1.1575014059258664
12.453458349738431
28.35570086490293
12.5417767428933
10.246413543357393
-3.235907846659063
-10.785207904293893
-15.972971168990135
-13.588386964396488
-8.920530040463289
-11.977971557949227
-9.934644340849102
-4.921961102818544
-20.192795085324036
-8.902274390483736
-9.542149782238825
-2.2926791336600143
3.3755635393178163
7.658604270963973
7.854564901240772
9.784075467778028
5.4370254141045535
11.915545874160873
12.67488071435898
2.6733243386312635
5.459474099369916
-2.4297006758547868
7.549435519408151
12.142257736513207
3.0263457735201302
5.069553243562122
-11.027261685945033
1.2061627614143262
-5.741108028526652
-1.9193705490135755
13.07889436101517
13.86943700064204
16.312770912809533
15.533840140552998
15.283499145905964
15.846942460825046
12.988182451878213
7.565995713311237
20.17104085813804
13.39417532299475
16.565476071662072
18.669958737890926
4.419278958395969
4.3160103466512885
-3.6518721401750116
-11.226879784837546
-22.161075304099192
-21.03971811170586
-7.702159582672566
