-9.60314663867207
-8.68032973831793
-21.485863804298425
-27.50752926275689
-1.046320705066058
-10.074322526140495
-12.280079441543016
-11.20365487212557
-31.545209106066604
-7.5814174252638304
-7.809488680872768
-22.139304078324237
-13.588519061379573
-12.246366653189128
-16.45827126976721
-4.687474449343839
-13.758921308188038
-16.792511924088345
-14.387534673946671
-19.92863837504485
-27.556178888842968
-17.597642976242238
-14.370807477021751
-14.814875040687072
-15.297862140144598
-24.225767941211963
-28.236734192095838
-15.805244876169038
-5.4776901679045995
9.774018251270377
30.5074950280665
23.77056147323075
21.001455724697596
9.1017261755914
18.35828028101251
14.212999485045929
13.234416204145727
10.146554440287881
-2.5302247903553026
-4.947740545745778
2.931823621183933
1.1136350233507266
0.491160375347505
12.787479263372802
8.240901979778249
2.496430484129933
12.919980111617408
9.508070122537024
16.989329110457366
19.134578132864142
3.317041964863924
0.3859302574176196
10.737721049589961
11.962123758974226
9.332385116631004
9.892168587007523
10.140413429061704
22.794214388306703
22.970355410401364
18.411683688393207
28.146838728158325
8.905284325164471
-5.272025057520929
-9.155822961147855
-19.09643881353691
-16.489274822161835
-3.530929821841169
-11.538143066431804
-26.06325927868612
-19.837599830822057
-17.218662838330562
-14.831435181978435
-27.29554477883256
-15.485095213600587
-6.283673675424513
-14.230765156813483
-14.023581404612182
-12.194418924322145
-33.565263574213105
-19.043062699034394
-13.984890727801226
-12.336628154086652
-15.705716137904446
2.9333849138550687
6.029219471890916
3.6556696129526713
9.960939637922015
-2.502184102011768
-11.316664670181146
-5.257366137143757
-2.60262116742672
-2.7483546329642987
1.4572936902619311
1.3407245060471398
-1.5952272931175198
10.876873675992496
11.454287026031116
-8.479094149021984
-10.357764429545812
-11.975793787979255
-16.690852829696453
-5.73638989495463
-12.697874007764824
-7.441309910652333
-4.8537213848166365
-21.98255158519311
-7.552264625828418
-9.879374207293305
-15.170308455783221
-15.30263433891757
-19.38125941777565
-6.274303471868461
-0.9143198362056714
-21.10524029386648
-23.96859129442477
-13.615816264650135
-18.069579908294973
-27.41831445091044
-25.05701391301197
-24.07992537188434
-21.82060465457616
-34.151030306172146
-39.370265300689596
-40.18050709742125
-34.61454676033193
-25.39634897593976
-34.022618165474164
-23.883654588175023
-25.346759638434158
-21.449260573161496
-29.64118669324905
-32.98513010539297
-24.82943411278304
-21.301583119513527
-24.74299573162209
-31.37705204386935
-32.045037967812384
-38.45214496540783
-33.42881594564885
-40.28060172460793
-30.01619395933065
-32.985661046894215
-31.997225750784413
-33.15002217517749
-25.81607875792813
-28.881306201050805
-30.890792259892773
-11.306106305048731
-26.3897523895432
-34.8941462356398
-24.39595710741418
-9.81293228362514
-14.108746706364382
-12.226477951511814
-35.929295562799005
-16.832533298604712
-24.540623573504657
-16.995208713356647
7.056573667227646
2.1743184778623177
12.709223521327212
15.11572994451562
7.834686689963545
25.906266795201642
13.945540665532056
10.478155590348935
2.06490006467742
4.5480365997218515
18.05230794577734
-0.9509695397133832
-15.397347144884744
-6.382973851968495
4.487724179442439
-30.569453009373994
-7.80585443885654
-9.498269313844462
-4.831931928192295
-10.406373996414537
5.2460097386254505
9.402052228213536
-10.84431485311294
4.466682235816599
8.924195930342414
-3.5743028983117684
4.723822027829428
2.2354059655599245
5.566918291077938
5.658126524976415
7.0559032325769895
-4.6590992392388415
-0.1829032597316685
7.5707564749098575
2.2854458908282584
-6.776875858233078
-8.397288645076456
-3.6404830702702777
-6.9419214086957375
-6.237949160705077
-12.503201075675195
-2.68887558527673
-12.526049505717184
-12.890548721238124
-8.56879675773159
-24.748515721400576
-23.766790773573323
-28.930011649873535
-26.963402820166305
-29.319174564854013
-24.320762354753818
-21.98174644127165
-28.274639920983233
-27.531337268438055
-40.377827081985004
-29.665256714843768
-31.372733876279952
