-6.801798236865122
7.885816200519459
-7.010060341227518
9.826829361878335
-1.0988777352575951
-9.302757112973707
4.91994954686251
8.980219264271616
8.835403839246444
-13.634522469923606
-15.323665896799252
2.5192991353641023
4.896193782727722
11.835691003742438
7.242646430330518
16.214570083711052
10.799868974759658
13.657517895700314
12.650515494466193
14.357237763099768
-1.861550231133984
15.650410922576828
-0.06360860971154482
12.419805716136407
-6.7476737431780816
-9.157384379644627
0.17323661890970046
-4.6289878065416685
-11.813163124726145
-9.184495522325381
-13.69805847670023
-7.666978762841309
-22.99724288518964
-20.13220909238574
-21.46294815373069
-19.642998703877375
-28.21224841856856
-19.59415790452245
-18.5621032853122
-10.638344597419053
-8.945405183543173
-16.659110134303752
-11.675000092355873
-3.836776145073183
-19.36310680636594
-22.5213375345925
-6.756737674291623
-14.733870420256512
-10.683098437487873
-21.26186917388581
-3.672792789347082
-9.172783298429438
-1.9163129177466465
-16.55601355193876
3.8168931324599518
11.303424746975566
18.23451610341712
13.714715211439644
2.17163667714219
9.712027922283148
9.66540265229701
20.842271282924102
15.195101124297226
17.130473579283798
16.324969330656256
12.892329944115016
3.464024454901683
13.952933242992012
-0.25866522554154064
2.495647874829814
8.925583309120277
-1.1519279533794209
9.072628957654173
4.780877296791045
13.673213312069226
11.619953206000185
-0.7877582943264748
-16.057090671221026
-21.4589361696667
-4.5380760548148125
-4.259788865504018
-10.186980391107829
-14.732892629219362
-21.090199557916854
-22.301229432211663
-5.462112517186018
-28.23384390590873
-11.433557521117796
-8.345709548495066
-9.397905383806695
-4.937819137172767
21.540626106477717
2.76387969752803
9.653793338905057
8.069403721257919
2.6297388831878057
-12.01693339238385
-15.16241088487431
-8.225443482478497
-27.364869135205534
-19.449436373061488
-6.912071514518449
-22.202005136313602
-12.661709800477484
-22.814408869668505
-25.56286073445682
-16.04290238845592
10.920402020981571
-3.2743391525425762
12.767228413534848
5.64365599723367
9.394787728905632
15.718968514094012
12.796591973362329
3.34755271776977
3.2773251415404228
11.668976813287568
-1.2780893826221638
2.304983424285078
-4.182923265560491
