-10.2862643319678
-4.3986074058268345
4.7273333251260405
13.10723709984575
12.03876052742566
11.351499848234315
34.89531731293479
12.84309849997881
10.794122280320178
5.257846994252869
5.525763251976652
-10.654343024102246
13.00670316403584
-0.3636324919227235
4.1300302626447385
-0.23387004045827006
-2.0134048543836323
-7.851873866857822
7.890279223915786
-6.1391172703652765
-11.277688528235377
-6.025126485876633
-1.170229595420322
-0.6597339701510394
0.11576587214363974
-1.6124012363308138
12.683926404656255
8.383266705687195
6.7274681554465365
1.5852673339310976
14.213753859763827
4.920401299927577
12.694284787386826
-8.953854469028158
-15.883434999649731
-8.698661383361149
-10.98574551909696
-20.890346477015086
-8.1854875590662
-8.443181801489612
-0.5626885032695742
7.865913286776188
-3.1475337254843776
5.755916563571375
5.991757575962608
-0.030020469185162893
-1.9642865052419451
0.5012217427231306
-9.566156664402683
-9.690971076039489
-15.267663344825484
-24.508392866602893
-17.925393360311507
-20.78999493836953
-5.941953675350074
-9.756430354006826
-5.2926647178243575
-21.87778506826923
-21.16666148237065
-17.831706679834262
-27.69868810982635
-23.30523955882777
-7.768614468454063
-2.7066933020499797
-9.589832351047782
-27.89023131348636
-12.778724135924694
-5.507568286693857
-11.205417658273987
0.9220647520858904
3.039892667065447
-3.1441308881600682
7.0711884723259875
3.388977136781244
5.700099774647508
7.184441135580688
3.864228971682879
-6.5947754306819855
-18.03455912648821
-20.520303344446226
-19.467805986866573
-11.935058363882394
-23.688841309416908
-12.1892525704441
-17.70770460434361
-15.86642585489657
-36.785204108088934
-28.235480141899814
-15.455938994358716
-9.958759465975064
-18.64159057600541
-10.742452548639529
-10.540323617321988
-1.7987817123932974
-9.684122645025962
-5.776919584415463
-2.8315565210632903
-13.526147419542449
2.3485574466469825
-7.497445815447772
-7.9548878892631825
-1.5099105319703174
4.604130457214891
-4.224465370638397
-7.715502765403441
-1.7734943549892088
-11.621761559788606
-11.970920253037338
-14.75521445005292
-18.544234844737566
-13.73438999230431
-16.4032354342476
-12.211271874527498
-17.5306437006102
-24.806288360988212
-31.762480532761952
-14.789172263580143
-21.172958580058246
1.6432865813078563
-15.647719591732814
-31.564695183665947
-23.99368641438161
-11.906024564749131
-11.308627244782393
1.4589446278601894
-7.733910565388593
2.3302511803718082
-10.95032782804875
-9.940012178843386
3.8062358274466592
2.8515833113261704
-8.895861716215027
-15.173479654528515
-5.635701295623711
-3.069878942631959
0.4190797051781184
-1.4483034676904545
-1.062932125432223
21.06037509212663
15.484384767090845
15.894469396808017
11.774085773936115
7.5735240635457695
17.431113445300483
19.384086544305642
13.419559005757836
29.274864242840067
45.54066466307751
26.899853210717183
10.699007948944844
36.534352851026135
28.891519793475567
26.102167567790808
16.195095963544034
-9.791595927388702
7.3453066018518225
20.054952411311678
11.484277897027438
10.36121572721546
5.973638114376697
-4.89335480300032
-17.461447218718813
-27.71453110067151
-15.01180615820132
-20.295462429643678
-19.041514792228146
-7.599965705178896
