-17.13795191295548
-21.735087188081387
-17.404602737839927
-25.916103767135162
-15.265729576965752
-11.041723412871695
-0.8309213203379853
-7.9811548975349975
-3.0237303815007
-6.199957597342287
-8.112837573367045
-8.699749642936185
-14.35700288465516
-17.139440602925752
-22.663567310859648
-12.570509147014107
-20.205136264567926
-13.339329302637756
-15.985656108804235
-9.0888831515332
-13.685937893767168
-20.99072081600431
-11.071864349979725
-14.651501300549695
-24.94945340598031
-28.322146450146647
-30.00863489515648
-19.159644870452308
-18.03010694479568
-15.902270276183467
-15.307662496522957
-7.7362625028515435
-19.25625063811485
-11.0187968798364
-5.899965119632333
-10.662717727648834
-22.85880296846567
-26.27628161655421
-23.416426049281803
-8.704156165984026
-6.654797405240369
-18.521660228299545
-2.116587284113145
-8.531722691690224
-10.060890656635404
-4.2451876273934035
-15.707788060588095
-4.546119987609446
-1.0506637573722335
-20.54691728231724
-13.991436730944129
-9.830246956473452
-12.356828134577684
-3.2708958311156517
-5.995709472930131
1.3039580404956586
-2.6952227242447067
-7.546135381461426
-14.6440898607113
-8.159449746705125
-5.853133658439917
-13.541378730477323
-19.294143163289935
-29.833545903878473
-20.891006312044755
-20.978165559848346
5.7295367709247325
-10.041870733036127
-21.176151849103984
-22.899981364646024
-8.513126626945702
-6.47543552237641
-19.373047151108533
-25.86623670650093
-24.453907658079252
-17.37099110988856
-26.299467329035853
-10.964243157643104
-10.43229038454644
-10.194527336589227
2.9216266190678635
1.5027306369129732
-4.235330032079562
-4.7717372037926165
-5.155446695700286
-6.261888568921306
-13.912436848310213
-6.786681415964812
-4.010633704725596
5.519901051230754
-5.619174085301983
-1.3199539077699949
2.7421789693425547
-5.769190222887093
3.4179525761986875
-10.6671207303765
-2.514420303489966
-6.868818672107487
-11.837273990273006
-3.729535436413915
-8.62720937338292
-8.471246462286063
-14.210402660552154
-23.408986389075974
-4.721983862772928
-10.529215261593666
-19.278230387988447
-11.226681733043051
-2.7440617353325583
-23.03954529400025
-13.178870123229627
-12.532793747486789
-17.00368810632921
4.8506194701734655
-10.584307164723619
-17.551207011914002
-21.151957625594093
-19.44497219089284
