-20.697206022552038
-22.642328201037913
-21.947444377584
-11.714505459746126
1.4331667109556088
1.1946803868691112
-5.761049143996388
-14.478291076301286
3.101881559696076
-22.256497180336364
-23.610630542431014
-5.493955092630391
-3.596785212976929
-6.960780726051892
-3.957941047251949
-19.01495334571891
-3.399346017185203
2.7959943680866632
-4.730432064872908
-12.281024210129349
2.639166065800275
-10.81032274163948
-10.292818215902292
10.360539068902854
33.53616875556827
34.19193050115573
33.69924813823054
31.70589537468253
38.72341965032067
30.08412681243224
19.377997464967887
25.767440154852082
32.8473774000772
24.01101677139586
33.86922746186543
19.051595607007997
6.949960769990157
6.427631629978454
20.140619498085176
5.717213626781538
-7.96284540344298
-1.5347734477193518
9.335659641582568
3.0812598683636248
4.874181562670339
0.4458539955178877
4.753973318772541
-1.3247361703901883
2.2005559221242947
10.083466904121831
19.565409536762747
4.844398387415829
9.091374553527055
15.528535365337564
5.5979375454627265
6.356049692168423
8.862175952848443
5.529195832098861
6.446841666254902
1.8059276787290364
0.04377668558896234
-11.937838326836705
-20.468997350277675
-6.512272320529537
-7.74343237307805
-8.838544488217106
-3.965256706432227
-9.438150447079632
-2.205464909139708
-10.612483354776533
-13.373608008958858
-6.558659805013415
-29.76118272178565
0.5603873728702499
15.067377798186481
16.50479611503474
9.198472987033977
11.92037768308578
3.7560447009977835
13.370722953822677
15.536652528547027
2.570695171996888
6.370847478296418
19.27635363390187
32.12003796403069
41.464318735079175
33.578778832294695
27.037369931809263
31.74968339759209
25.942708683728323
19.33484784342013
19.894522806249498
4.562823068806464
-1.5837162087432266
6.200485763941168
3.8521552035638633
19.988584774536392
9.997532185327216
22.156299612521448
0.2904689060803341
10.998493938526053
4.008195896851127
-0.9792743726368298
-5.920389841071232
-2.9282356384375645
-1.1663778196708856
-16.255683516412233
-29.488645504142717
-9.633949904650992
-12.108534234057464
-5.416879695418682
2.404498266134552
-0.7907388940037917
7.083923115700022
7.628369267064358
-5.382018497872057
-0.3543959377690947
5.156672221740912
18.41007737003292
22.52524197378209
26.32394937542474
9.305890591988275
-8.101595579764231
-10.133457832338454
-14.648006759607151
-10.443977926781413
-13.189504177115465
-9.347611479296786
-9.989278648687096
-13.275230637869976
-10.318218144796898
-7.912250383135692
3.530389571942957
-2.9988816600178043
6.683147022277024
2.65968740280025
9.6032918467512
5.787702303345201
-0.5697833363266225
-4.756005420980105
-15.298356441899545
-19.760884212423004
-16.660957042240398
-1.9358073134757663
0.9906298420943136
-6.644698098657201
-4.071407024299119
-13.860611131552186
-9.00156532018802
-7.543606391084684
-13.992888285557814
-18.037872994264372
-6.781473865162977
-6.160682236889406
-6.0237227362171355
-3.2184099189751647
3.5504023890650607
-1.7966798790889795
-14.345119039424796
-28.88812140243775
-23.481735490686926
-22.959636678531872
-6.982977624393309
-7.407823137536041
-12.741211446445089
4.90923418328172
2.5279798397796394
-10.244831862528471
1.078902176761913
-14.223741359619426
-12.976816289621096
-2.4359551956739414
-16.551356979753987
-12.466195673479495
-8.329566653815952
-6.179721622596414
-9.864327379211318
-11.647890404325075
-16.374086894836164
-16.771592070460063
-8.195542600908793
-17.339901289605745
-22.936253344094148
-24.134089633409747
-25.433218669507127
-35.51925159305342
-22.61357331228773
-14.539998334654102
-31.338010848010914
-23.453310200106486
-26.76322830043375
-6.1640038915801165
-13.757750410906027
-20.597837728399295
-19.383078236730093
-12.219290778719225
-11.71157492327058
-9.404173147108864
-15.639415385899456
-22.77188302182403
-11.894681242734904
-12.771949970311534
-16.507610015093068
-23.580793800088248
-8.885458168792852
-3.7022752943093846
-5.818303456956601
-3.922464912061877
-2.263983900696988
-3.7054253655548135
-9.608690526046072
-4.891993956952492
-8.209108034315863
5.21892112165418
1.0515105548870622
11.354830910170332
2.814625186065184
-5.586393417173531
-10.183019083938
-11.313940219851615
-9.120310640195692
-28.41096216934418
-9.05911826544441
-0.0037631610860281712
7.775969578625026
27.94869817096397
27.73938627857953
20.52827086399376
16.12185102778885
8.926206265996248
19.46530513067633
21.927085962794493
14.42789183638517
14.125291247326524
12.782969306463821
19.2206447035455
25.17786443730737
14.284545390842563
10.456897698559462
-5.69890750010347
-13.354259620425436
-3.447509971704368
1.4146878348162175
14.506257919181314
0.8072850942271754
0.6396442475959184
2.483015360696065
1.861248555727684
-1.8445617202314264
0.3386633421263756
1.1266521041567668
2.7734464126021896
7.410763779001097
5.272498856569917
6.604859868048951
-5.443196360271993
3.983884352910087
0.840705211529508
-4.927736011992066
-13.6060042783794
-9.826380688422473
2.8574522072767614
-0.8385337690079426
5.093273322201915
10.8170073976784
10.612968574122746
-15.019150994014403
0.030659516265341025
4.254364004052553
-2.8368537841829977
-11.484942037340755
-7.3430165417091695
-8.445690420225151
-12.462847696634231
-14.516587609578199
-1.529245544763166
-4.7817454374163875
1.2365478012321818
-11.463871036220631
-12.326974781929893
-9.557385503083925
-4.0273558582453886
-8.973632756693139
-9.045756679803485
-11.800665623761187
-5.412151736221447
-2.2714509955540274
-8.04118582829951
-1.910724622631464
10.8788764665607
15.774503848965196
15.214836683405807
26.522403726758252
17.94173457346591
8.619832153818821
12.038070934895975
22.2134446314742
24.36581112333213
17.861252625316688
