-9.643467779785414
-6.798058482146798
-14.010324347283053
-15.178445603325784
-13.074370024940196
-10.164002105876934
-24.396067678591265
-7.644568295723553
-17.09501004632694
-11.17764020531716
10.181029184999797
19.307153406172322
20.52924492671727
23.01896322524607
30.10680427711247
34.107274967913014
5.874069070835006
-1.0719173538651008
-14.30040656229226
-5.6546594346236505
-8.081015077081346
-11.478155802298572
-13.902553813429133
0.6891642196999227
-12.863060918285994
7.1888813199792985
7.946012911293902
-3.5214874938922267
1.058304651973782
1.5741525404522994
-9.14341560428496
7.123248094415233
10.40509130827625
4.915344846237504
7.5580598318189205
7.963751493532453
-4.388145566209433
-6.269704019168589
-12.821894988401393
-17.682315816402774
-9.349473764383244
-10.185590488561543
1.8573489906465697
-12.787198742633333
-16.423263906807964
-13.727940213422524
-9.301596061033571
-9.064008254891744
-29.33941785442
-25.776916587761768
-29.19173095304781
-25.71411193361388
-32.36698998839443
-33.842644113267056
-33.14142321130516
-29.584573097721144
-25.62979476656923
-18.084187530319507
-14.71145294931566
-26.85738043945982
-26.53425732714067
-14.908111241789145
-18.165209361571048
-14.211034838808231
-0.5004980495337952
-6.927163264938427
-21.279838927209674
-27.35315584927016
-4.3165921590400815
-7.813531098690053
-16.675876359604768
5.435947768254616
-3.5897028437470926
-0.8990977047501602
11.815868921984219
10.318623983696076
4.280168053239556
-3.3195791068389204
1.0622416841455462
-5.55379191595754
-5.1389950710299015
13.61668707720735
-7.531222782867572
2.709897390487292
-1.11311329820547
-12.448259215480787
-1.99123128502632
0.4988252632688432
-4.0068436030834045
-5.682428645948103
-17.28585868355835
-15.189726632934802
-5.002600877226925
5.2080415916066105
15.626088094445825
1.5037955764639463
-4.587867566527249
7.3041950912034705
2.281790243339308
-4.724461117214578
-9.521498323201063
-7.034523370142052
-7.378025345675731
1.8547877212586577
14.832044018270185
14.011413192320022
23.173387471828303
20.613175640067507
1.8298138959788472
2.135850593457448
8.292084194871146
2.428383536435582
7.808021968267182
12.259619922374403
2.9937031370265017
18.43298701461747
22.48624061071041
22.232198565824213
17.494073215248054
7.857104381629582
10.847575792643454
-5.052982413426287
-7.0221068881166735
-5.690373888710423
12.113015896464319
0.9141219571733374
-7.2617211956093755
-20.716898484941648
-29.310363427363402
-24.88854850490301
-18.281109315442507
