-16.595306439418806
-9.056606255362613
-3.10283192336741
-6.9901590060942524
-18.563225219164078
-22.475091447014094
-15.635295403550547
0.6262264599349604
-11.773594763925846
-8.87745462147591
-19.44177126111486
-19.930961236617566
-8.409303708471445
-7.393435917903452
-12.97296593291961
10.693452998305585
22.78336965947378
17.604126924821067
25.847198879390593
30.475444719283644
18.56896275794712
14.266701743347015
11.769625204309909
19.71283013484544
10.450066392493373
13.765757452946675
7.179361146253166
9.245590031697668
12.152118367729123
-1.0611391998264244
11.711072187787009
9.529273181485364
11.489246154638579
11.196437236543856
17.996415936100217
19.50232823908024
0.05205012441948412
1.6197184296920542
12.544075054141233
3.810725615866201
12.841076802824139
-0.3177905925929353
4.549020120379816
15.473580170019119
9.202707123441758
1.2896062154426888
10.493788699419797
-13.536320587028804
-0.16957082207891247
-22.628862492235875
-4.87589450645479
0.15287890996494316
5.794121423768357
10.113943877941132
9.5013663165899
3.1141626884194733
11.279824617591355
5.109138863235902
-18.06268037758213
-1.8794886367767765
9.972219834030314
4.922922622426292
-5.149020870988036
-1.1719001743113606
-18.24591357138579
-6.063090787452048
-7.870563024269103
-8.363912987725913
-17.584136384086527
-4.234264549359204
-14.663386012046152
-27.41650922088817
-5.5848295110849895
-9.467645548076053
16.118507776562883
15.466789543528998
12.431305438401216
24.93705764597641
26.09066077573763
31.907674518364576
28.49017205390255
26.399633938343353
25.51070348855195
13.676618995430813
4.432870669339059
5.185921260394934
-6.225680421213801
-1.7496360006479923
-13.207483968057248
-5.686673351592313
-0.048846524378409334
1.1371975314654628
2.2500403616525757
-5.402832238413176
-6.654134005193828
-6.367996742758401
3.6633057415279104
-2.026875179228054
-10.942293721098187
9.474002940495716
21.83183420415834
7.2752213617032595
-2.1866433375431336
-14.38751146445864
-4.059725076839201
1.2616768885688807
11.475032635006182
-4.648884955107444
-1.937751179476643
0.34476122620235833
5.796847037481839
7.422949883282713
-12.029376986933132
-28.21294798016721
-12.341334813404858
-12.850124058224873
-11.212933954380217
1.6525324467498848
-5.993555655631694
0.27224335878703465
-0.2260767497311922
14.547706772628565
-7.589950566459312
4.66622341170824
4.760099220805007
-10.04355345407873
12.478195032860427
16.84394584908426
14.110090005137836
15.716377130810315
9.508189131323755
23.124052041092227
25.99414937919251
15.767863876939568
14.690419616928091
16.77485090604716
10.43347725515662
-3.7403042318511615
15.009081841334545
11.740091011602
19.67022157604069
15.409407610067476
25.604342937805534
10.688126307521834
2.575880907239428
1.4326449323491732
-10.99533316975764
2.3912864782546617
2.2058058964719294
0.2753147921466864
3.0090086396649554
-9.741233908064377
-0.1706076322199078
-0.7207038427947601
-11.370714860425313
-0.6934307877060717
-2.9306844577892712
0.192738654860276
11.280094366075243
3.986706200246637
8.232650206974714
15.078851240735169
18.723495084498943
5.709805455556602
-1.1960416743834763
-1.3260719167250907
7.884291601173155
-4.173718470803578
-3.1313612500206833
-5.547198885489273
-11.648396122489267
-9.289229247663314
-15.037168870353213
-7.049208101543312
-9.392192113882956
-1.2745945397065679
-11.556050262663375
-6.493568745345428
-5.921818242369643
-9.424084330418113
-4.0869487650034335
-5.275000462291574
-7.755625104826896
-5.723785700747035
11.162762801994683
3.540051163567745
-2.907253787451701
-5.117094082918512
2.4123055146541645
13.170288498833505
-2.1476035791051884
3.0727348727362864
0.6698720098305758
-10.520884925983712
-17.532034351649035
-11.848224112426516
-17.136936969519688
-14.871722370543532
0.16814686090933167
-1.9968229742863743
-9.013683891680284
1.8431866444287908
10.787958103835065
1.6698264046346398
0.6591961670072556
3.6771773344636265
15.78192924543836
4.157512141353738
10.31279912776091
15.050617003400252
-9.20393348417073
-12.831181474331286
-15.01937559971832
-18.375246535192076
-12.16052836549338
-17.841557777200972
-17.55663483605939
-13.740227449136615
-21.11531881846261
-19.597384083503208
-19.222972024107627
-21.662803764325872
-23.957395028615128
-0.865119462926125
8.017790294610196
2.551765493583155
-12.561111133494586
-19.06881803876274
-29.857505590057503
-22.894134102219315
-20.584879857398622
-25.54991004655313
-34.67435151385016
-29.092147319057716
-19.23989315823943
-6.9084577558474365
-10.822933761264556
-15.666948459158982
-12.113642290843153
-8.539721145094443
