-24.061802515811546
-10.848308119247148
-26.05129162093939
-14.61231967578857
-13.70107928452983
-8.518633679326657
-5.800114267175967
20.172195857533104
7.7079831894786075
23.32620385459372
23.747828268805858
13.261923967086082
9.629663865955614
13.236511783121355
11.728125935666124
5.256630069979933
-5.5307880243105085
0.7596472161773125
0.6286424978449441
4.1932712170539865
19.195389345304946
26.866979447264253
21.540684289881174
26.83949499737472
22.3086212096434
25.17172659493889
25.846299686991447
25.25496703931169
32.30213210117741
29.261035494221236
16.712002666288758
11.539951502946446
1.9496158278794529
-0.4322811734350266
3.710012247414471
2.4380640775224136
-0.6335799168759269
3.2739924724516034
-7.495709293280274
-3.8423240200019766
-15.640078358548427
-4.105172576861031
9.548376737764736
26.06526660401773
12.663472088969105
13.789904937832516
17.759333111150013
0.5863942148660953
9.70703856371072
10.027234850235796
21.643267497089237
14.489292202542202
4.172423454097304
11.895972759178466
16.88529339327402
26.73059157588421
28.756019708113346
33.80387715259601
29.126463507699384
7.216741979698237
2.4163023569311624
8.412400774919558
10.88068903344882
13.176694392324412
5.922840166357652
17.2379669849328
-4.01642858040748
-8.974738883510069
-11.911212638373227
-12.978100004514664
-3.3868747533714427
-26.02835280041257
-7.488666747881443
-14.351608847936713
-24.446411601288208
-22.767440154795214
-28.93628074004443
-18.325279394856654
10.183236967141918
-10.618806114290637
-3.147826501755288
-11.064204253539591
-8.06711056040042
1.7262891424326263
18.020780391022647
22.803505394015488
12.707442510063007
3.371589608323857
8.068220065839999
-17.361076794906907
-19.75222821462005
-11.537745661612837
-14.277926236537294
-17.045159050929538
-6.607984466233377
-1.2312229762138722
-11.425661809343335
-4.144792083586038
-24.683752692022843
-20.215224716196094
-22.543832814944476
-30.01572593023849
-31.01241271410189
-35.06302495285612
-12.802652622459206
-13.212085717786689
-6.336620681382004
-11.448447724152045
-20.740059631997088
-6.805446852352379
8.658830780704246
20.279545404257654
18.184989027399293
21.45288189790389
15.226012899379333
3.5683862257482493
-13.968426648062
-18.236197395595926
-18.096582315831775
-20.358507483801393
-27.173229274829822
-36.91382581741785
-34.876892102902694
-41.418822960173
-30.33105715439412
-23.17008415982788
-16.70960854306707
-10.96274268294276
-18.664602495317
-20.65133868130579
-9.621702724745338
-27.63573812734759
-15.021856596199706
-21.164356565615154
-26.628162093073787
-30.499313015432357
-12.638852910478047
1.4784321942509655
4.108365213977368
1.2887839828229657
-19.923806496935246
-5.1416028401873985
-2.6578985611122
9.404807831760174
9.278203253192123
0.4755751374532653
-11.861573243500805
-3.9975110730593992
-8.866162755834445
-4.986871291836064
-13.017764170257845
2.2866160397727318
2.636017045004531
13.931756193562288
11.752479617630994
11.350503503127726
-5.095777333688352
-2.624723042848444
-4.160559011458325
5.8644891695397225
1.3327940248262409
9.724785107439358
3.111452998682936
12.167134726932304
-8.836090838394082
1.6276381009415894
-16.991357030100957
-16.313239135556266
-9.487956219148273
-1.8613415697096205
-9.756199639345077
-12.611366904192474
-12.72687826550015
-19.35523461980335
-16.306808860196558
-25.350082071002454
-12.860729000413995
-10.592159180304968
-14.419054045901001
-6.635752324298624
-13.990134103913055
-24.04781608576048
-24.62190671388423
-26.292965253756037
-1.3794207666173754
2.3851585167170284
15.926332687265985
15.92718612755314
14.913787635178714
14.183796898202267
10.08574081713399
11.983145485574155
0.3355115549420549
-0.7245269706451111
-5.1117516919529535
-15.217806672041796
-11.189126440480948
-0.8597448572569081
-13.268030936998153
-19.493192697547627
-2.055674602473719
0.87997018404805
-2.7608644113244565
-3.77130301756756
1.110882083694671
-3.4686679950903954
-15.952875164391953
-5.038625285615486
-5.421788080692495
-2.3245880639420062
-18.758070014148622
-22.439075354873506
-14.285439241130902
-20.520887198679425
-15.676416502215021
-33.403139592515274
-31.599804120218803
-22.893012534873467
-17.019360120760993
