15.888432737118395
0.7854828920735534
-3.277967701420192
-2.1965672942995007
-0.874723415027092
3.015792973664741
-8.167341683831541
4.636436046330854
0.7226602135697031
8.846890340766091
6.201501538805138
1.0441544202418591
-2.8275820653759185
-1.4765374480827411
19.921816988245816
26.29333254299015
34.577190379419
31.402847926321503
6.053677845636741
25.21875171951831
3.934578923131959
-10.24452308094561
4.988367355072096
22.336743673063022
15.900230486971038
11.45083936321692
8.571995449256496
-4.099684395463056
9.121535383078015
22.81289074812292
8.764858339563812
21.401480508214785
20.288147931987904
18.2668751274492
14.660197820702695
22.188066616232387
17.663675646720762
17.898805123712357
13.579047511448762
22.068450927651895
8.624518932936992
1.8840623450691096
10.804795393719196
-5.4350011647582175
9.064342559731546
2.322935889999844
0.25771140857728625
-8.375864734027118
-1.1225598432465502
-4.124301325205612
-4.843617417005197
14.202996876028404
2.5365294558886085
13.738305754327284
-1.814246473099021
5.578432630767191
-1.914812927631475
-3.9538682424282383
10.035190847659656
10.87409848233234
4.783250539643978
13.108644197997409
10.45090692375128
12.691036145250035
5.60386087029003
-11.013499627821208
-19.38446875603605
-14.419244634613909
-4.1465267421046805
-10.724793750260387
-19.639306950201302
-9.34044362092408
-22.35809938967932
-7.141391868523965
4.4527765919867655
4.752083500536957
9.786120640617376
7.502104847459939
14.29018898701813
0.35874742795475273
6.0953885640823255
-0.7280836621332372
0.7908280779471326
0.6719185835580529
5.402199529752637
2.2533083791233626
16.4810737807197
24.021397120651283
15.739579495252581
15.631095789046473
22.2898883856433
22.39523204036306
9.866990803353618
2.683680507834416
3.835420101019572
-0.9948146720729054
-3.328549702938996
-3.2396006718383634
-0.9109375194838356
-2.9786990977990158
1.0160672393160195
0.8943630730314509
7.686716660382887
3.5735075140160024
8.26242588388208
8.691691835043391
16.012464785958382
7.831544161141447
13.825939527834947
7.797474722530455
-2.1266334735297336
8.614760260604394
-4.583090364514017
3.425086412035408
-7.427999657379535
-5.3456971672726645
-1.574331047151883
8.268585193167423
1.8613956320206204
4.447165559919567
1.4158382235978608
4.032846082691969
1.3530658627410912
-3.0178391952990538
-7.754606074369033
-12.56815783666806
-22.166337596494063
-10.615018108544662
-2.61155042192816
11.011579173621016
17.982644928965144
6.932729379928103
7.616016543200626
12.11217694478364
17.28660458933254
14.454438431556532
10.521544006871656
14.046182109291918
11.556941563030088
14.701378737361246
11.675394856176085
21.44217016110852
15.16953742918398
4.343162759482587
2.799441411423088
9.84647562210607
-2.5555014873126325
5.468614759297996
2.438050748990006
-6.3210890044573365
8.128443815592878
16.261171666003055
18.977589573368913
16.18217312219311
10.903420917618869
8.490001685900577
18.452163617686104
14.498790895156407
18.993183649262615
-0.2580304776567673
-7.86660610126253
2.716527312650157
