-15.180406872003413
-28.901511464156087
-40.82807067140745
-25.195816999436254
-15.4900308299148
-39.948805399861726
-6.318347421429047
-16.474328914980358
-14.832247680017057
-16.803500146751517
-20.34800319011501
-23.459361530450934
-37.707486986737216
-31.453338668213743
-27.825679520523142
-16.61459898861068
-10.463462318686318
-3.0925900820376007
-15.935287227136865
-5.840053423127407
-1.3470666232114936
-1.48704325347124
5.242792161597007
10.8124839527772
13.370369979294276
19.90047281179516
11.754599636364182
12.399672748370445
1.5937946140001782
-19.05498873824166
-1.6185937749583528
1.1740352044790183
-1.9781753620481013
-8.759978212844523
-8.821822967358687
-12.087620477307162
-5.389188496670884
-18.82036106296428
-5.687159804866277
-5.633196715880133
-6.548082835184202
-18.00754907038787
-9.171818524921123
-12.478908596383322
-17.859954695078756
-16.521606769112307
-13.391112237192619
-20.73940685227609
-18.89144064673474
-9.438535664213656
-19.042453503555095
-24.286270125431308
-23.805721298033088
-26.742970536603746
-21.077363839982965
-20.004515426953677
-30.04955439235492
-6.7305504139367915
-5.1932781531398815
-7.008371991701412
-12.718589148222613
-19.130699374344932
-7.754605107485538
2.27518061088492
18.14896119071692
12.0618537024566
6.526084858243773
8.164476937664965
-4.8328367134386205
-16.97877032469766
-5.384423170487032
-21.513831868383303
-11.303570926038988
-18.85340801083707
-3.1893283308888734
2.517112816112681
-3.1610646751860294
6.775711939127586
-1.082185957839496
1.2490322084009462
12.290561906284134
1.8192343735435843
6.176234575489199
9.512797833166909
-9.041225000009508
-16.337910020754787
0.8244612667054065
12.176965248802368
4.9777191830136225
-0.011845497018569285
11.53293114138066
15.516400088654851
-3.49408921979649
0.11885676092526865
12.21936814966207
-5.2332560593137325
-4.385386251036675
-12.335174157286653
-4.906082298527539
-7.320231019542096
-2.561313854906301
-6.803156255875425
0.8352340329654115
0.4167416634026765
-5.9018618402502225
-9.401694380127335
-2.887647416912806
2.899106822272934
-15.12084129526748
-28.816748801881413
-13.849443470980768
-33.16086771281285
-41.423277045919114
-28.310141424933015
-22.349779456052843
-21.040464518607518
-25.06725462994972
-30.37050268611112
-20.053120014818266
-19.920726182574867
-24.865520539459208
-19.599185606721303
-15.421894296039026
-12.957615474820976
-23.402004400269924
-12.077243416864945
1.4320201597855484
-11.478967076295836
-12.465246282958816
-17.90202473478706
-26.660562224196404
-17.569077133304404
-22.559706596570305
-35.156695420047996
-14.936179149724646
-13.248935334224095
-11.598285971708107
0.8825171553603397
11.133859728817733
10.167916292083024
-2.7627611941046046
9.328923476941355
1.3486470913440194
-1.2911600848643128
1.7283649168576407
-8.885620143915153
-10.677876857957452
-27.410351009261483
-27.55559864685895
-22.738674750802726
-15.412154047143488
-19.611467105959388
-15.504783303939297
-16.625190762473846
-13.520195446083493
-7.322746929402581
-16.766866578972454
-4.388131223822383
-15.672001022733905
-8.027496378504177
2.8894707515376363
-10.86205574924041
-11.205125500898411
-3.3085565016422125
-15.065664658324089
-18.16691260493821
-15.488322212044025
-7.3872749642049405
-11.622804138998227
-10.717708615758523
-1.2902493959942294
-3.7866469795502966
-1.7503075929201737
-3.3968724691829077
-10.774974487509143
-15.012210865634312
-10.753906449963493
-14.163228276012685
-13.19412179544333
-12.558578949696368
-18.39057988190432
-25.87920256619152
-23.977877488805532
-22.875809507517303
-20.28354147618203
-13.912489936885883
-6.377949783204301
-12.225325262827164
-11.459343516234744
-6.630127841317901
-4.179228617770767
-20.104986755875217
-13.160589137325838
-4.2680882216784735
7.632499209072213
-4.058163339884969
-11.835452727636035
-9.241499080228014
-22.38157351672367
