13.100995649278342
13.824236900821347
0.5219702276891964
-1.340454004604846
-14.17560757350232
-10.239671036101061
-0.7047378153015934
0.8475773547665921
-1.2091084558420235
9.207224445270844
-12.040994675240778
-11.557532876030493
-14.35442981156834
-10.915246208642763
-8.880873699222215
-10.517595362312145
3.1299554187617487
-20.088151926083647
-7.777903335832032
-9.058179094972077
2.7429069103773447
-12.302684073777867
5.043689925855722
-0.017881943144394227
-8.995919756217269
-0.8975336651421996
-8.845000520656669
1.948593996678338
8.624444889209673
10.739924610821722
10.832063842129646
17.075621648787134
9.904114060185792
9.957239727969162
12.280663014952175
21.41271586820313
17.09653878677063
17.606168723475868
21.268697183287987
17.321976966995813
5.937143540704442
3.758011659247206
24.472264355271932
15.442529317914314
9.685169800947287
8.681467528263955
12.355808496346526
20.526845727358122
19.928106589536227
13.224451636130107
-3.828625652536948
-6.190864840413147
4.770771737471213
3.3164022935425463
-11.000734918499413
-12.545859224266607
1.712672389092839
-10.00206143158332
-6.389465779383247
-6.7905967372451865
-16.839691506472455
-17.537287719092856
-19.7379464702912
-18.15468978803621
-14.763816449807964
-11.797175661337375
-10.311920873208518
-10.875806679594646
8.91299767208574
-0.049375641887649216
-4.1323263320134975
-0.4050422729235307
4.47088071230338
-0.08759459264635164
4.9468098268414185
0.3436046128132309
-8.093491296945793
-14.947426318865556
-17.49374507329874
-11.818188515771364
-10.79300684844312
-9.134137189309307
-16.577934447024454
-13.934212396229134
-18.11148801235728
-5.968372376809374
-0.4669144960349876
-3.9784323693258425
-1.6869362658914764
1.9845231331444984
4.285209220468629
1.5761414200529973
-4.547565300825341
-2.2983445698067704
3.893568800850458
8.734907448599207
14.830388500584581
16.693778237026788
15.24707911123519
6.879838466730387
13.04762432974416
15.10549953620067
15.577681484015772
15.023864886428212
22.882880401829855
26.647105655509897
25.336433846941443
17.038357258232658
10.856568380488591
-2.339451244831883
-10.461372245186675
-13.496546518900919
-17.406218364905357
-16.466925107434296
-14.122985349039883
-3.4912901991277234
-0.7392429245574242
-11.709572149840572
-11.808462287799342
-24.70934231605635
-13.439055953772373
0.8729571967248821
4.8119203426861885
12.59683696222316
4.94748560869939
9.392634210969572
-0.407010419355845
-9.932186308895828
-17.265053962332516
-9.907277008454736
0.9799810336202436
2.111649442498845
2.046137845586949
4.571660133635675
-8.040236564184106
9.401957942804383
-3.4566343989448582
-1.1142405048330546
-19.433533002484825
-15.554329032858716
2.6753604183977964
-6.616529362937058
-2.115121467296249
7.1101009128292905
0.8861161160281162
-1.2284963483251254
-6.633326182358215
-4.953605263442629
-1.1290547973409415
0.6174473996384846
-8.1520303405084
-13.072093902901402
-12.299098124594856
-1.202101777086874
7.1341730469009725
-12.213873416719315
-15.114882645217518
-15.869034049519193
-13.476099612018876
-18.434731336315718
-23.73525492145801
-20.168388219101832
-25.95128922715466
-22.386886089498983
-17.514698772681
2.169652848740355
-8.54650435956939
2.663930438032753
-10.331841769597306
-13.947090120426502
-2.842090253605315
7.304978089344998
-4.3161951379006105
-7.399696615865621
1.7008828667616585
-0.8732914781731228
-16.437027388750515
-26.82737240575905
-26.375371424178
-16.196780980602146
-25.061141250097965
-31.78752983846332
-25.2702892183685
-11.91838769529885
5.222548633410787
-9.512464665466496
2.4197504460140897
1.0719034427371004
9.057513561065052
14.837930956845607
18.37835442519264
9.794869567260156
16.708896560291755
5.55319217700793
15.215629858755063
3.807711293437252
8.222326445817323
9.130566925173076
1.7138244977950654
5.016166262283206
0.13469396875541345
8.673798712782881
7.291498573464649
7.249802991168092
-2.268431072953783
2.9661765612896334
16.43906736028037
23.48594901327087
18.235156588044525
-2.8201752208169317
18.1448331415986
6.431116904301222
13.991064121768913
25.33727478074905
-5.782708578801786
-5.202439738513702
-11.119731223609442
-3.9262025244248613
2.5394733110716463
-6.945745440110887
-6.520349522452793
-3.174802356496412
-1.3175175447953007
-11.123090853355643
-7.79669608297516
-1.8543057497446724
-18.078733089569553
-13.569928442088651
-8.021643733183442
-4.216789937875078
-0.16384128569072196
-2.95041900799164
-15.1488287548556
-9.141939527043057
