-6.0199563332987145
1.7725290742079798
-0.4307184398407689
-6.009474773345338
-14.775987408758578
-7.464562293268562
-2.030189571116482
-4.9948553886260685
-16.7470690625017
-16.764889928187866
-6.104783119340956
-3.6104604740834128
-6.145516285642168
-13.829186104710185
-10.70529133404742
-3.6736360146578835
-0.3651409733311862
-9.814463654298665
0.0818135273469251
-0.08766368830975843
5.8344788135931696
-3.996355387299608
0.058372208084222464
-8.395110085162473
0.5498289688866477
-8.882310892036555
-0.701819218749769
11.448404319463876
7.557041391040102
15.216217504857884
18.88549865295629
22.792385665554143
11.62841064330107
14.4526380835999
21.25022640291121
18.32551022907972
2.626923185993133
-1.1592348730709976
-11.844615197452574
2.396774985263584
-15.14563286619348
-16.10643751924049
-9.896424882251988
-4.236470282290736
-1.5352680961949516
-19.995320474802888
-21.333439542391844
-16.570960237122073
-15.038788446634646
-17.10571955910791
-21.890462805173012
-15.076668519647406
-6.959268501616789
-25.1918128893407
-20.64759919377157
-19.992356013342377
-19.728845057091686
-15.39798175297617
-27.408414633013724
-16.477081139756383
-32.25650009891509
-34.53873779729551
-15.2988450657263
-18.94726686178928
2.937918479344964
3.7564015828323023
-5.478142668793235
-14.1919286415591
1.6313575580261035
-3.7720994223733966
-21.657555821033803
-25.66682821220079
-17.79147334031111
-12.756096006995636
-6.337863199415015
-16.336923002669202
-17.939682705550293
-16.55642972887993
-9.364292024398157
-11.619603795713607
-9.4364846422557
-8.251474721014466
-10.174199149480998
-7.713336945724409
5.445223519150149
10.183196310472496
10.111554271817347
-6.188342894721036
-2.3147620038236227
-15.700094106570756
-17.03487733925793
-16.0031210745225
-8.542000953016073
-9.418716781562177
-16.051237333077186
4.1831984757407
3.824540905866806
-27.918498447706426
-11.526024235055884
1.5122656992734866
5.017293385665304
13.833068344671625
8.331860639534856
6.482800324929481
10.460824827295662
6.67373521442506
1.3318175144290472
2.0184187463348
-4.6120037519869435
-12.525353216709824
-15.403222888095126
-9.48817679145498
-13.605349098189158
-17.501019647382474
-1.021035019506526
-0.7810020117379796
-1.370397420455198
-6.3799613749758
-7.312930370247643
-5.8174718027624985
-9.083919325231985
-9.799502456923118
-7.571022273399517
2.7686967807197407
0.4579001001291811
-4.750858182180845
-2.6258460187368398
-1.7735588604590695
-3.320264203012524
-5.70923598792618
-2.9708396607781036
-2.2651468752279498
-4.877669038862862
-16.25326207857141
-4.5668729029507436
-15.427172045281505
-24.13013788668964
-4.509804300412252
-5.5021025192361455
-19.069795198565977
-8.975680703703663
-12.970574616106838
-15.44438967328398
-27.812205703556714
-14.220096143419992
-9.676650749193644
-14.610083921178838
-13.662917464786473
-12.315291611609547
-3.9762031294119136
-1.3504897458590213
-6.664735896720487
-3.64787247041306
9.055378194171391
6.3362048075975546
10.35601185213168
15.662605821084778
13.793162007455411
17.054225548874353
21.704243063872276
10.268619548953968
12.305266076173332
-9.860314654141167
-21.519630085042316
-22.581346409114733
-30.558361725641422
-28.883652008764674
-28.281776202556728
-26.65227343180759
-26.60513321601129
-32.42938377331276
-7.18786706921592
-7.9282216535340435
-20.563782973233884
-11.35490861452609
-10.838690907031843
-5.146286536677784
-8.857851429421409
-7.870488694614655
-5.155583651640463
-3.275057446373248
-3.2946036440538595
0.06754225492612577
-8.325267118452805
-1.8221997291862653
-3.422831159710752
-8.86492576606615
-5.006660079786347
-17.23106428617867
-16.26891422193885
-22.166719170478398
-20.30103097393736
-19.003619529967338
-13.687410868238304
-7.7093975363262235
-15.271696137415953
-15.966968037307494
-12.507779552287483
-20.199712782647666
-21.82597767841357
-10.333856864820198
-8.348890046450903
-10.744817059401246
-13.398809510075061
-4.660316565666008
-10.133255508620627
-2.682426966591162
-1.4621858789880853
-11.312644085378913
-26.54658129941145
-26.929156705266667
-21.660814507436662
-22.058696308077693
-30.03189161712411
-41.298712663089745
-27.273541710350326
-34.79395452316999
-25.57725412096204
-6.216235568244021
-30.17988656540016
-22.867310917776702
-31.66782676058936
-30.891313727699288
-10.502989519510873
-16.452125278374325
-23.2249930026646
-20.896982807310003
-19.91312990686055
-21.978243338562642
-25.450153281764155
-8.546250783310095
-15.781204159129446
-12.672082143634524
-4.5959491267553405
6.517376850164287
-6.612179819432187
-3.2650964035991232
8.991080914553793
-3.670727025508768
-6.977289391227099
-13.889408117908747
5.789899174952095
-5.601464497248044
-12.112516195155035
-16.247086072532912
-5.300997455459413
6.556519521677285
4.239850327196654
-7.293947812941611
-11.227661875720614
-18.512443194203577
-10.378341274013165
-17.260096318666008
-26.359603604605894
-29.649257464766446
-29.72076971438509
-29.987445687510416
-34.55743008222733
-31.660038637314376
-25.373243293773232
-31.91524089437257
-23.7462878132125
-27.025881192325755
-15.558263950255876
-22.20883847003849
-26.0616418755398
-17.839490061647282
-15.544660237427767
-18.404814906003747
2.376472350666436
6.452852588536907
-7.240997799722918
-9.324328835341255
-11.886453813589844
-11.727708260643778
-25.957614767181557
-18.3139952090526
-5.284862856380231
0.06506419237099695
-4.570653943033616
-20.757837353073906
-4.0802830824167415
4.954431162912035
5.498384907935666
-2.0142012346803595
-4.831351250490216
-3.9066383096606754
0.6062983297258361
0.4543144906415968
2.685097721718266
-0.3366104984799717
-0.5288540557336451
-7.330430742854956
-5.484035778695611
-8.319091041222226
-8.711878617361403
-5.4812427535847785
1.1365940467648454
-9.542918181249496
-5.304134572033057
-3.544152648349147
-10.809490697444188
2.7817817329108334
-8.065246803505456
-20.307774767944426
-17.401068067756153
-13.038630259174607
-10.751195354195868
-12.792052553820335
-12.78062664734825
-5.6823800758280365
5.118005967622916
4.02067058034447
3.876833455353717
-6.9262210745076045
-9.724595175565288
-7.123801156359643
-3.0218791119319284
-7.1291555188360665
-30.037475695456738
-30.10192433049434
-24.825004732936872
-18.68920351323032
-30.685398972214305
-36.737322210367076
-32.583994762352845
-36.425492350107476
-35.41224192890721
-35.897490014252355
-33.27976111193216
-32.222828155837306
-33.19789347037517
-34.354381806902
-35.16618432336605
-23.045112295066193
-19.91327237057482
-13.072506145928047
-25.5404306855263
-30.941676095514158
-29.470562569464427
-25.51687079478885
-31.162698500686695
-22.233335636082078
-11.358734587938482
-11.445350267468395
-10.488195948227206
-4.6547703481776885
-4.769645705337416
-4.496617874620637
-16.03822165570336
-16.598022749995984
