-14.83558988380848
-23.973765026231998
-27.809719638038626
-38.8546073963612
-31.883447038715293
-19.364674004810066
-17.856813533252705
-24.978792124860288
-27.03973029291513
-24.816640475164238
-23.211804084100493
-25.528086845634203
-30.926750336921703
-25.36200526799251
-19.410026997108464
-2.2126326477725105
-15.586203461248033
-10.232130949660265
-5.892182390956918
-22.915543431716966
-19.572317720105428
-21.23711756187871
-1.4584481107882057
6.96039235953604
0.33114607877665075
13.418633081176019
-2.151925793195294
-17.43325995420117
-12.934034077317293
-6.6695971272614205
0.5481540962566408
4.708170901186231
8.592940346686317
13.835330276278215
8.558251542524921
1.7122289174322736
17.885324771239453
12.782187135623445
13.454397407243786
1.757611854890014
10.623440271260828
7.321986897581558
0.7948642517927215
-5.092013584401126
-6.674117686822457
8.421245244932651
-0.6796499193991923
-14.03611064414835
-16.920903868839734
-21.506560229100327
-27.39064661189668
-36.44398747010117
-40.091782996910545
-18.63782950437808
-32.267383258762585
-26.043388518516437
-20.891339717152306
-16.622795794986924
-12.68269640412351
-14.08490185546821
-10.962117627038948
-2.6732857483952652
-11.704996842577614
-11.596112184478027
-8.80493936087302
-11.724438289010296
-15.650145651284573
-18.970389350570844
-22.548987894028677
-15.663090804916337
-10.182064973979575
-11.394926840135472
-17.577277979262988
-17.942513368907413
-6.001815490516512
-15.13656193461314
-19.610161543748763
-25.57314263088251
-23.624931546036247
-22.80456554189735
-26.156852143252074
-20.874155079476324
-2.5872894191061233
-14.41740455421852
-26.889862927991363
-19.03457139974668
-9.468998853018027
-3.2408047769123645
-10.108751909843356
-6.285726071909325
-18.18402105583113
-7.39412248212113
-7.397129928410703
-15.465640517647133
-5.829008313828747
-11.075076612520716
-22.94399971488931
-26.972222195188728
-10.869657244563044
-16.082333152990927
-14.4120022872232
-8.499944749950558
-2.4645828131410856
-21.030117908976678
-18.738127428107852
-24.88124575829709
-19.449210650622803
-13.161869402609913
-7.527356704769201
-6.46989702911588
-9.766097124501874
-22.125806374172782
-31.942278185736974
-22.617862581914373
-15.256178648319516
0.2271888320400463
0.8951337496981655
-2.32225780589617
-6.481651972064129
-14.384128233674573
-11.342402040089965
-1.5353907038028438
6.642269045166385
-3.709900530981616
-5.801266712638057
-1.9655619565599576
0.6213676067357582
-0.23267401928120854
4.926581124638325
1.2554786145420085
2.4265374352899105
7.351755668843343
6.262111568297403
-3.9055834660392312
3.2177856697962417
11.666666312207296
3.3885489315336006
2.8142688608886357
-3.311012488265823
-1.3075100639779689
7.958826656353061
-1.2816408470442882
2.3347807839244004
-12.948852219779727
-15.941631419483588
-13.224304730687553
-31.10809026203934
-24.892356846495762
-8.22235193639155
-17.661284095884717
-24.72494763251175
-26.665949697546573
-7.104049539662073
-19.311341188251653
-22.43021674907319
-24.979514480934977
-19.00547329399994
-23.35586885689549
-18.715823071731247
-21.42264480909945
-9.62142443008148
-24.60662286101609
-0.10059695398656364
-10.183940812665949
-12.989420729339043
-15.686475793186922
-13.957791680525329
-22.693883773751335
-17.573241688284536
-12.599312295255695
-2.8664637535158315
24.35860483235269
22.17209691145917
8.378981761817814
17.213391980922676
18.137291445820747
36.95754612542557
19.28447319936704
14.02171666832633
0.7593432654528707
-0.2600061944399883
-0.3768161036846652
-19.774247239674786
-15.277396595979846
-13.972137821805443
-4.190358976976269
-18.401968889057137
-17.336182132748547
-10.120330015306386
-10.801974007439695
-9.212622691790298
-10.379698583432699
-0.4760296734914332
7.515652252134999
1.9018563530952504
11.702874647340165
16.0256093373929
3.2739280842126526
7.318503066586459
12.749592911448698
7.288566629058327
-2.1345656621211506
-17.051988653981002
