-2.2428936241636697
-15.840186694328928
-9.31824362677728
-10.806441899691169
4.242974746277437
-13.287728617319797
-6.142266204382167
-11.368830182247924
-0.5186758608244953
-0.4765350856295365
-11.65590381652451
-15.088214547777385
-14.751362907744019
-24.05709789058703
-19.061197650158004
-11.536542217997908
-11.582786311011528
-13.03112923072316
-21.37394812157611
-19.811929902619
-11.405261843932175
5.226391760398276
13.553867169796208
6.999553093483477
-10.52769360624065
-12.579313866570606
-14.370738013111449
-13.965448993526444
-13.134948954314492
-12.529930215060432
-11.573743255770738
-5.260041837787376
0.3482552379497171
-13.446384594143716
-17.62909967636671
-8.059289691644228
-4.789957082846162
-12.675454212223613
-7.387911955502695
0.9770021137011003
-5.957751748808707
-3.422610093290338
8.792782031707965
12.96488771121429
10.522849007618094
18.838925671015
22.4645450348182
24.335775142305884
26.08600029520405
12.245661964041656
9.733431070664821
17.21707496203232
13.230369269900356
14.341565076081805
9.674462020127716
-14.572074998933735
-3.6110437571836274
4.415627859896044
-7.819169597665481
-0.3302443719513744
4.234483902814859
-3.276592829586628
-8.068427680166726
-4.458311342945613
-4.673618937000743
-0.4538180394055448
-6.7913557872727575
-4.209819264009169
1.9717192897787588
-4.030827076034358
8.627764794211242
1.893942075495348
-8.570371894975633
-3.296968943952701
1.7118172641093263
1.5362277994776232
14.154133428207665
13.51076781697546
3.9928798699602193
12.284582192929136
28.998713597168923
21.656221438760504
17.02637044642396
10.597220859982114
5.607565139601448
-8.616118559367402
-2.7137957407576363
8.344749383921359
5.311440593700683
1.6888839772036914
-8.490780360032415
-4.534565017323229
2.665721241379748
-3.7966018306148985
15.737121749767168
14.983007452103427
19.29419689468097
3.03660084287808
18.00370688122279
4.800668479718122
6.897709297285153
