15.69418183386017
7.3939612750059105
11.425828868588223
9.912618996589732
6.685670194121057
4.801992216239832
1.1766642878125126
4.324521503605845
8.649588095656762
4.39541250046848
22.283180281024862
7.591837619651152
12.34126943746518
4.39618789546528
-0.8932773741035464
-1.5705817728600038
-3.151602945983308
8.148868902112332
-0.4052002899011615
9.159722975220644
13.71501420343658
-3.408759412004468
-19.858309357372324
-3.4488095315754563
3.9288155257145285
-4.643741944298967
6.127763722750263
4.89310478414437
0.7686549021884943
-6.531743724567307
-4.165469828837032
1.4433630574109522
-2.485753652970442
-12.043796858084766
-11.847965719971961
-26.488292329908923
-19.90636304153612
-28.728289328674823
-21.906146616672537
-24.652415052762862
-29.317438110230324
-16.193508732109834
-24.05564141882776
-27.14848410164648
-18.090471824027095
-17.346636013298742
-15.132662112750811
-2.5279224768815287
-12.132121779302715
-4.451438437770347
-11.035143326399474
-11.823207815986331
-11.01965242937799
1.8140290907719463
-1.869214914179807
-2.060146525604148
-6.964017943121606
-20.77390759593075
-10.355408968410522
-18.706600017185604
-25.946235800231424
-19.50897554260839
-28.531249001352272
-27.6447336664078
-24.19059245784521
-20.45844409055108
-6.656508293422411
-6.048607324727652
-13.32030930997654
-6.935947025489093
0.2405320751228781
-13.613611148218904
0.5900926394360408
-4.366955342169575
-15.804026255042512
-25.9443538290496
-7.44848807404542
-32.35253020415694
-15.880689711737649
-26.355830914682713
-12.08880657570256
-0.14239279934876706
10.088743788901596
-8.792098416889246
-8.785228705597062
-6.244405322452776
-4.385615564463125
4.409572824877861
-4.094523139768855
3.403644054198255
6.147946753806387
11.000283155196113
11.474524682386198
3.384235686482981
11.460594500237969
7.949058409739737
8.99743198970393
7.210150855410101
11.922719667577695
6.149383939837478
7.248963743910083
1.8695177982042859
-9.593628991263444
-6.434716775488137
-0.5571215345877383
-18.284909374018234
-18.39934956546527
-6.011747647946558
