0.15199443101316146
-23.268770535636506
-14.515717725577018
-26.49747130165773
-33.056450324235634
-14.521530905571922
-38.9700971160523
-12.565160068579472
-15.772760094671495
-16.017116159819135
-4.379440326515115
-15.180933140148161
-14.763018927746089
-13.43851992489476
-4.5604205770465525
-8.696166473379074
-23.486526428225012
-25.939075160530415
-17.660843530140628
-11.466085944883895
-10.796262664032387
-16.23506489948219
-16.070750428635527
-17.819463352548606
-11.554106911443972
-16.738450785338
0.15246853169081792
-9.286955012541512
-8.375588176728048
-19.93852859713443
-28.73674542917258
-35.52153172592853
-24.119852653211176
-21.75704142907892
-9.9575175011215
-13.571394861488812
-20.7804406442458
-21.248177161486282
-30.084189527111977
-23.487989565390997
-12.707811540372678
-14.452740412002107
-5.199977962196765
-22.951117345430358
-16.594173768106046
-16.159520964182953
-22.575776440352158
-25.343165023521763
-14.247086673174735
-7.167564056318378
-11.14779171323547
-15.012049976006248
-14.532205462453037
-18.72622464733041
-14.48099671882285
-16.385075338958682
-10.923353622910339
-15.730419016951835
-19.5950402825594
-22.304348253649426
-11.20322828988033
-18.402714054801226
-28.749352200605212
-12.046081342807147
-26.67476912558968
-39.1417741593465
-27.827716817453894
-23.00852827073877
-31.86109800231664
-20.893380328445886
-11.115892929043147
-2.6667653275876497
-1.3220423003384658
-4.9519991158893175
3.8300844350877545
9.464185012612957
16.729708031032608
12.528362938072636
0.9971662984545676
-0.3625952897882167
4.134484088964343
10.684619615602658
10.309896567039637
-8.285049855765457
-0.3727762486510732
-6.603917322120577
-17.640946056224546
-5.007301794666309
-4.369711729837227
-0.35240758404902833
12.063716527541615
17.79856979777307
28.203553101927014
19.65434062892496
21.788773136331333
19.865964480079995
27.541288416433158
15.250607750928026
20.631661880147355
29.29068466159891
26.072272649604262
28.41373321121677
32.736661107674955
23.052872219199553
14.29959894772618
17.139895562493773
6.63069439150514
21.99069670395234
32.14661303063977
26.54885400964137
7.724843949507984
5.5490192590441785
6.721364926533816
11.798146635781993
-2.065074776907511
-5.382422559342266
-4.661203541114602
8.377771116846297
3.334524048178919
-12.619892707540044
-7.503137394924644
-4.209718946814374
-17.426823753601234
-12.056885633362356
-26.82403787496717
-17.29086740923429
-14.4057388985119
-18.68932004156457
-8.967986341920637
-25.83781833310817
-21.30345390254919
-19.863135359692205
-26.10879578057112
-19.60842632647468
-10.326520062799966
-31.179620059647764
-29.117399394574687
-22.472473948054038
-22.96138166847217
-23.99250538103652
-14.033020462960064
-6.7717196469338665
-22.039163653066808
-19.590343695508693
-11.128255625959804
-17.416596177508627
-21.686211440148526
-9.792877945100765
-18.344596850180015
-14.620948406880595
-29.81036209025918
-15.96668197291267
-12.186821098847942
-6.059945253551196
-10.002726641033268
-11.482634519706211
-8.352747403729529
-9.269402228623457
-3.2766625239957325
-0.9167243823083852
-5.742622639987775
-5.236593445212038
2.9236800825007148
-6.005445215205697
-9.126435922428564
-5.565097977462332
-12.502485111805427
-17.99820589256438
-14.649713366265118
-11.027447398226336
-22.916650573719824
-8.899027649548445
-19.302053708928547
0.22024310768514374
-0.1883574860053233
9.614357789635756
4.6367981023615705
-5.917986230810281
0.846441883736554
11.538834736631136
-0.3811886200100751
-2.555013963048957
-2.4320835406261994
-1.7751290351154552
-2.104548284045788
-4.417053829792212
-5.123252284219802
-1.0109229904420862
-4.354631056302819
3.1642654229414067
1.520287610384791
2.3232627085430977
-0.7346848021991672
13.965297801714168
5.715077449616853
-1.985873883208012
12.8442732771319
7.061397072617017
-2.182001315054606
10.29061034670924
12.790468132518258
4.765966033503128
-12.69137611850572
-6.267927957240849
7.881343855830648
7.105620640790602
5.021892872192949
0.1783867393991421
-1.4861808647945691
-9.157657292436689
-8.098389117699229
-16.282024794699275
-13.916733261498097
-4.022305093967123
-9.952116262511737
-3.2143847487718165
-6.284715485355706
-9.683411535400893
-13.605189001129633
-10.076524129673164
-26.288456142540266
-5.8137526866442855
-13.64106377739524
-13.683182842896919
-14.496756653324251
-11.503857208186169
-15.277863548990952
-17.841198890396498
-15.514515661213961
-18.41607181577192
-17.675393569452144
-24.674108740636576
-37.74635841912927
-14.922779303860214
-18.893405792133827
-10.004028349201537
-9.255334777720591
-1.284070883914069
-4.062222856936442
-9.948606293088027
-14.135336680797126
-8.633265863812674
-16.492944505509378
-12.789943807587075
-9.119756388291734
-13.44782095915704
-26.457329043666068
-24.298577069965766
-23.775961017210612
-26.329097790145227
-32.834661395216486
-23.90508454414945
-31.755557451195887
-22.82827340637693
-5.7578824162361695
-14.275827002625869
-0.5820916719910862
12.737706039171275
8.232159940832036
9.19610117257126
4.3325524888539055
3.351796564626963
-19.902239062602398
5.411318007829286
-21.791436020960504
-12.692284415627473
-3.6369033899205285
3.4408747696513777
-21.681800422380885
-20.02151977460329
-3.8594473612452633
-19.082425309493967
-14.286680471045045
-10.714790865883502
-27.860505057576837
-8.038737050611697
-23.866859146789842
-14.602687960095508
-15.79962834430375
-20.575256684172142
-15.212085846336127
-18.695434256242372
-20.68591873350997
-7.1861103565620255
-7.029419676439093
-18.290523096954754
-8.626539644653088
-12.115151019370444
-20.767586443562696
-11.296574199325061
-15.664789411911345
-20.038584603944738
-20.55285676797373
-18.11926575885443
-4.701796002949796
-5.7276855718941615
-26.219796660062613
-17.27042308284807
-24.387608524711776
-18.71063270598629
-14.60536586484064
-5.856510311202223
-19.88916066955001
-17.56084501782405
-8.599084908175548
-20.369456888629703
-5.611294333225603
-10.663339316476282
2.487258634566691
-21.572878215244852
-14.78416611206534
-13.94603552704418
-12.821365117103221
-2.2759917398163645
-8.122586093646829
-9.697476914418925
-2.9907128056757433
0.7251494346518275
-7.570012172805796
-5.451534953767832
-16.111920177497808
3.0713949729584966
1.2286314157170712
5.491708548138701
19.612847662050463
15.410964174453092
8.767229453320255
-2.140695331426911
9.28571072008719
-1.9348568149231449
-16.056283393320832
-13.737333377014474
-7.2823679141536815
-6.130213243034839
-3.90046848691342
-13.534300535043295
-14.726430628501234
-9.156347774761684
-27.57233986034886
-12.130315799689535
-13.183702299333403
-12.228756795428044
-28.004865995021127
-18.657108851600608
-9.49558436166878
-14.114050768738652
-8.600121294194837
1.1584300538672865
-9.030668934830928
-22.532510033703037
-19.806542068094608
-20.01649567044551
-25.782421331761604
-17.929924313025538
-37.58883989609755
-23.81778721248076
-23.302065732714613
-27.706582116748727
-22.28596444632121
-22.090267109696192
-25.935123262299328
-15.622726099104355
3.0257773978697933
6.912368905950115
13.212627186932766
-5.9512991522822745
2.2217561343391417
14.73471841687991
10.02277472991251
-6.094339401852717
-2.2135732749793533
6.786756572323336
8.839370759692637
18.72841645129868
22.446731231271873
4.004521902170735
-0.8108728941294995
-5.163714056256662
10.958705295222172
8.216112619300942
4.652217949137458
12.90637093985757
6.69833547388471
2.0764979111242847
5.75404798356546
-13.308558943370498
-15.756442337442458
-12.760050140031344
-6.790401074420982
-9.828460351708713
-6.6304128217550415
7.548811378353489
-6.276617321482344
12.964036216945024
-2.8838691246506825
1.0920603671734892
-2.068190583129288
6.7818952371690395
10.980900722004339
-2.5608018256603957
21.030625718199328
19.33965741301852
-4.242580394460944
-5.207302542199573
-12.829667144885414
-16.140998716806187
-5.077490697211472
-13.386078465606893
-11.541015234847224
-8.31995478559554
-18.547458567034944
-29.130540815676284
-9.864871375395207
-13.730955117587149
-3.4792040845512164
-3.0498331853743483
-15.828644813906093
12.683630550613337
-3.399092506670767
-1.75810758169264
9.383159760608393
16.945669321699242
29.674417172923626
6.248614925523398
7.835690307960888
4.6379245238884215
5.644393106634213
4.176902836627928
-16.490867317152414
-16.71107395443417
-6.369601122937065
-14.236930782099785
