3.2370369495609643
-0.729058927329769
1.493026557766563
7.1635591595747545
-8.451711937028604
-4.042893380295152
-17.924620273550914
-13.13578154534633
-18.805829412161355
-7.4611886012147615
-2.6625075171237182
1.4240503604101191
4.886280402316514
7.762955804295799
-3.27829486960301
-2.314731886984537
2.1484767143706267
6.392206678031505
2.1080026245509984
-5.846164243025888
-5.706992040868458
-0.9022716138715308
-4.377866302543458
3.211406387795801
11.0020551250921
-11.950110478218182
-5.7022628005840685
-12.046018264184578
-14.089305598940197
-8.519507990223017
-10.419866133379287
-20.80037136893849
-24.131324283685288
-10.90563384524987
-22.520204994293433
-21.5206983783139
-11.231815334518327
-10.448535784094444
-4.083454236748569
-4.920066007810067
-1.2486119282710255
-2.9210581603650856
-14.620053346531053
-30.92369597178618
-13.456610290442756
-12.999294544515084
-6.033928398957538
-3.881079293293719
-4.880102463385229
-12.714967591508426
-11.235467508808537
3.2568553010737595
20.174915347762358
21.366295988158
9.775552082052247
20.399353662807524
26.91509045596573
21.402633051689968
20.792153299865344
23.334945544812356
24.824313206992016
17.12559890964614
4.338950217173552
7.4154439672153245
-12.355462233559065
11.716367033113949
0.4238872900848572
10.473617875771087
2.673277021938836
-1.103203685234874
1.6954302633971323
-9.338013142512782
-5.397478330385091
-0.39882596778611534
1.8557581093304696
-2.740629814091576
-2.8063185678885727
7.870510694472276
-0.7043959437286816
-0.983608077790474
-7.021913759887023
-13.456328465422942
-13.86714836507537
-18.10784929757429
-8.079583512629386
2.50498417235495
1.9554706598045184
