-8.387092332232934
-10.612616491831268
-9.328727251998826
5.736517699649874
-1.6283628037494045
13.019341176715246
2.9605188783794616
12.771442495106944
18.8831452710577
5.089455542441193
6.8750771405769004
13.200596291165281
9.09324520096146
9.647295738837403
11.562497812067953
-1.873528184342252
2.890535630898625
-2.5290474257019446
-9.735046342665424
-9.746784958972226
-8.306234953167701
-9.504520366969023
-2.2171700020734377
6.577573574205526
-3.67992231038152
-3.2747790406042965
10.986412588749227
4.255972473847392
7.591874276426737
23.168495491609782
13.40024759203234
-5.1755611426324775
13.157608259252102
21.67803409039457
5.374243124499095
3.071780977325287
-1.8124591523179248
5.601594945592991
-4.376158594318821
-2.1751042723979306
4.968200581793701
-3.999890253553028
6.468826424920943
-1.4800575781412106
4.9971758687589345
7.668181920116718
13.118142547679726
-2.5315684745304807
-9.986773960384221
-9.752626805804471
-1.0408311881277943
-17.21018470556328
-15.196275415490756
-23.73677462104311
-16.551209621671642
-28.73396886212047
-6.8833892263116585
-18.856253687427767
-8.142298931201566
19.53860035365461
7.941038109103468
13.009454550778283
-1.7488230695741742
21.578967064543384
20.257645521748934
9.960967281588298
5.185825593147121
0.5368360082378936
3.096609805980916
-2.060674350730621
2.572697221909646
1.78748060230449
-3.7463926308883013
4.03854809984463
-6.902015982609734
-0.6903322287143592
-8.565461120923118
-14.503716653836848
-1.7563747898194018
-10.038585453185304
-1.626328121336175
9.356133563499322
16.497998979989518
4.675779814705173
17.191145439621625
6.167975480624447
7.588513141311183
-1.100954192173384
10.672229250253768
0.32735961706743505
1.3448972789979807
-0.7163862689155739
12.902214193662836
7.389814180337981
11.136916374310069
22.713901577761302
20.03709567778886
5.7355210239026455
17.362708352347955
22.431566544769826
26.831023971747943
33.468909130506624
35.55336037301714
39.09116057897137
31.000894178848647
31.028215212311824
23.527182699185296
15.162079133666149
20.1726350552616
12.159077649356352
13.730928068793569
15.376410378445925
9.52016021852217
1.2802379276143403
0.2996091652062319
4.493371687504165
17.847891513798093
7.8440767336528765
10.022398014736767
5.026365278298137
1.302580571782012
4.628334911512223
6.723299139877298
-1.607972131032486
8.03438957027176
8.613867036791026
9.900699548349543
8.994041623776289
4.516661044477634
7.441154479219082
0.8554488545774666
7.5302602587739065
11.520364036697273
16.459659289675088
16.24074019417742
3.7632818885444816
7.785089427147057
18.959207965552434
22.85030518259584
22.198997987493428
16.698076357833763
16.666828234479492
12.033530767070534
27.0946857966316
19.80441075916767
3.4188085143663067
15.833036573526144
24.88497557741283
28.437143684485928
29.67792963136429
22.78968732740297
33.75569398382077
20.664918210998632
23.961437494521288
25.712318876663648
40.37250801572629
19.930966212115585
14.25506956070654
9.741946693728297
10.483012126525713
0.17849057126555926
6.408866234842383
-5.7893531235464515
2.28998686700308
7.159597160850829
-14.035106210654169
-13.884509907111413
-3.8300880576466207
2.6089901623686136
-8.793709330515302
15.870792495238991
6.4663188796002045
-1.8586610213947463
-9.574776706044668
4.7605939506595405
5.34206490048285
-8.8629325170636
-10.842696569869089
7.506628768906768
4.747471495642478
-0.2418434207622901
-18.01703052391017
-13.86475374960716
-1.4161920687017897
-6.814978743268
-17.197893251992888
-14.65286983789794
-6.797380161488109
-12.43439203628922
-10.920764886154034
-12.949343546859794
-19.97813793154216
-17.750092871516316
-17.50183226112264
-22.716677708864733
-12.607807954875586
-19.53699064170685
-26.85257454714348
-9.347798749282406
-3.842921084481333
-10.23005117088083
-25.851748223099595
-17.050757465596515
-22.525772454376625
-8.0669498361239
-14.36956806802132
-15.533970360778794
-19.66725832338582
-18.533115888468057
-23.22392652633831
-7.845218988033269
-5.779433293700304
-31.6872274767598
-19.532771415832567
-10.662587833476339
7.546009102187617
0.9765126039475563
11.152417626774405
1.0016751219168478
-1.6938181284009757
17.814247558187073
5.578236940287441
5.94099723966147
5.610141693877911
14.941644666440494
27.85735388397972
18.991926779394507
32.62158945248517
24.17559610585768
18.612049340985976
20.182175688338173
4.078615406318953
13.814736927213204
13.028969169274795
14.567121171766974
20.718202100007925
9.102047348345128
-12.037299384166731
-10.625131779365203
-12.462463151003806
-6.997116357885474
-9.27122016481266
-7.671622298501376
-10.406296407801435
1.6176421693197962
-5.091038839988691
-2.674148664937799
-10.807676493285074
-7.045690640051728
-15.451534461926215
-5.113880999956102
-7.996760191509202
-12.513656564691761
-3.0898107039365
7.095700518014837
15.520280625754273
19.302389708662343
26.577756228465272
29.512177735870857
19.266997772696072
19.639284936570476
4.644529666435004
0.9544790056486872
-8.068122759190649
1.1862200296346088
-0.7810781450761325
1.8515133072788752
5.20847792666086
6.034399921689624
10.495571128558936
30.524526184468865
36.42202650542322
19.460300726157023
27.720675428913086
12.005701002166221
13.192188532833425
12.75666766584167
22.710975462546223
37.788959534746525
34.39516554097496
48.68175596728953
37.66898367892116
24.661107954323835
20.492612133293285
8.132518727882918
-5.583684010136106
-14.008932733369765
-15.276913598239922
-13.514581563843205
-8.578100241606213
-7.518497364734636
-5.742285749088582
-9.962223582462359
-13.9722201313869
-8.419231698158159
-10.45783351865314
-7.646756718173723
-6.2094326651478156
-9.335704780291103
0.17410545009490436
-3.836689529182898
-1.864984694220576
7.2159090818971965
12.61373885989975
18.969023090637766
26.18463058705025
23.30106432670485
24.777732263242317
20.819164850182645
16.78851530532937
14.01203398406431
11.035177337864038
20.928673481003027
18.57681062751761
7.072048888135165
13.25813665916139
14.023637825999018
2.481906178390432
20.415637192551696
7.831322099156281
0.8309491472069885
7.106079645026351
11.197525404995242
11.962200398426369
0.3920521917043592
2.1980734770175547
8.833796205151469
5.3380622607424995
9.283109045530637
6.3639770733258745
10.214637320777854
9.403962617909416
11.731165574932694
6.3243180788893625
14.584225704633837
17.212712724909846
11.05485175623455
5.071671639390039
18.913881281348992
14.237082045501655
-3.84187223044016
-0.4597527024735829
7.836921434651497
13.456105414681302
-5.6226748547326935
4.090295570766865
-0.8499525836895876
1.0150379885448613
11.43428911186118
10.52935168663276
10.125630448577391
11.501628955602245
16.08075275482101
6.368298126508467
14.077091777887805
3.795818384911565
6.952603417548731
-0.871681411898423
26.31100087607941
7.9555537562739485
25.610632221913896
28.10639131834333
26.277479438224912
9.713824131430004
16.049137076484627
3.281928158560924
8.642204590384296
4.280960381383542
3.6589257738132
4.624673888273827
-6.7205159979138696
2.146776288385328
-15.925959200893494
-7.825233554931152
-8.15361300433407
-10.024698658896863
-25.237907116998983
-7.144061078695433
-16.545436244303442
-16.608779591610052
-8.871713619121302
-13.357428289668805
-12.536464957485206
-20.365229538339666
-21.24326205269345
-9.595485830714974
