12.640936319831019
9.809072464436364
7.676493747142509
-14.283934125536664
-5.5600490320522455
-8.716248480072563
-1.3433627131256525
-3.5742105435101097
-3.0211238967606153
2.23404580208942
0.7160301954872402
-0.5866254803146056
-3.351318709013018
10.726757033256346
-0.033789548608601366
10.301545706024806
-12.789208468685324
-5.554509201609332
-1.904322552160853
-16.815898794861464
-4.9701302398008025
-12.393303780703835
-19.502392027526845
16.79465466677752
10.441805712865367
6.25493515828494
24.90935215080155
18.285329462071136
20.566723845733787
14.258287174760587
14.99407867001323
24.35213722461308
16.084822909487688
6.803560990608308
9.663781472475588
0.5090798715676871
12.530406398369337
6.568325030652595
15.182233201693453
8.73940596437134
2.8366461769596265
3.740192162023492
4.542520367985012
11.07563676888397
8.452164556003593
4.474411141800178
7.8368838050239376
-8.412366905730739
-0.7593066699166724
-1.9004320861108
-0.7004884820550048
-10.277963845087006
1.3953809031403792
9.60104565978032
4.407230822514596
8.816870668796337
21.97919262220855
5.560786002925185
6.637628348889488
-2.7266690660747432
1.643948978982696
-2.2074365057635834
-3.727202916023043
-2.074812089334644
6.322706864493696
8.364140459518918
2.204335135458708
7.79562658035633
6.117330766374821
-3.070029075821562
-9.129628272906206
3.1270841246273147
-3.8241775723119567
-15.518508141019769
-8.416942781665027
-12.114719003989544
-0.3727799385680962
-0.9979999151921544
-5.049485533958613
2.507441184102514
4.357412209426775
3.9456077719227127
2.5280891348158407
-6.998293870681483
6.731003756582781
9.478883300975204
4.757260709019851
1.9621987572283552
-0.3496742301366675
-11.937481545241384
-10.659847484904814
-8.277625333742005
-9.03034859274617
-6.579641058949559
-4.169333921693728
4.260939578778709
0.2312091794710041
-10.365182313986423
-15.705639966416626
-4.485085978868713
-5.54477959198074
-1.50906717314527
-11.499343590751964
-11.01555516141022
-12.445702936732616
-17.695670590080336
-13.961343008825176
-4.120535570515982
-10.044478014303431
-14.842624754076553
-13.361206913893707
-16.48932223167037
-13.533897078978848
-13.766946516633336
-16.601650529000935
-5.059888374884936
-5.435939233047557
6.922148605749938
2.412849339785784
-0.8968431441744512
-9.129796634597778
-6.359618685890477
-5.765255390199845
-1.871392531170784
8.859093030026715
12.431090889704935
2.226603844450126
8.278390162518281
2.7517788140872783
7.475513667664863
8.564826572724423
2.6859708855274342
0.9014626927401952
3.5524529680010524
6.003486032290361
10.73869187152034
15.345371459895256
24.234502574296407
12.84148231808584
4.396765898927503
7.306763933304236
14.076033049817653
4.220552243789118
-10.582908445725339
-0.7436433369719275
-3.1420110971768347
-2.184228875777185
11.408573853082562
7.297110473787089
-0.2783757025580653
-9.239288256898117
-6.117091245570955
6.376720210464137
13.244190115941985
25.384866182173962
14.7777810402234
8.114082847626019
0.9013911787631896
-6.411963379816707
-9.652750013129676
-11.710714671265366
-12.221553666370875
-12.017496262327946
-16.01789668000451
-32.779296312953825
-30.74881013163157
-28.178200901155318
-20.29815652076568
-20.00898380890445
-6.317138053326067
-4.052809191164226
2.0113833036456885
-3.1123962257307154
-6.6882008304021685
14.055977543340235
-5.017030981565352
-18.772433877213413
-19.1428772375065
-9.188312742049515
-4.738818096851085
6.269075695654184
0.8891865811417777
9.020980267046935
5.1783546778222656
-3.90480475136978
18.694209338207315
-0.5545881778711023
11.363006291539016
-1.49068415896972
-0.1481237489703165
0.35316367186821257
3.7600479803246745
0.44123640717170776
-2.4377910716641025
-9.396455785102454
-17.92000785894548
-31.31699919641624
-15.650687343099511
-24.074876712819037
-19.089677404808842
-11.693235412313333
-13.619380695962812
-18.288124739326328
-21.566783841430503
-17.780481670160405
-17.0217282138684
-29.01386587930679
-22.15869152574575
-21.336679280089434
-25.65791301068482
-4.886375819648512
-7.342309190097808
-17.05168341568204
-26.631151398549353
-20.637509223549472
-11.520840515168102
-13.993908128224659
-7.617279235093398
-17.048947248040367
-29.90943281993288
-27.078093325885124
-18.543513446849442
-19.580223722273587
-12.306012807913206
-17.072686793836166
-25.304851111866697
-20.485806786141573
-13.320277385074633
-5.93860198952277
-11.984664863748716
-11.56233942240947
-16.875071538169866
-7.70510662893037
-14.52355884089868
-9.382926587253962
-2.9075874316697403
-3.370106640206012
2.9806485239732656
-5.493859412442691
11.941786264743348
16.248910870480127
19.762679773236783
18.908876182571454
14.99214505798833
10.261130196921307
16.82380118824433
10.496681562153363
18.03742721495788
4.442133406767899
4.898214687512562
-5.453131009556311
-32.477142179205835
-20.69220781842374
-13.935743255389259
-24.51995076645084
-17.983498159004267
-17.756834321631978
-22.151058048218488
-21.944970866928223
-17.768454714424962
-15.39457961929471
-9.213759044744732
-17.81445169315511
-25.413063218527665
-17.509042407465927
-11.151416751420463
-4.823518173208976
-9.83877025191032
-21.253125282529023
-13.392784368119063
-11.792658285121266
-8.612239443534794
-10.132007567424179
2.2839707436991272
-8.131586116078493
-2.125460216862029
-13.537509454221473
-0.3518876642894605
0.022900913277283868
-16.9642499567485
-26.169673611477684
-4.175877672200368
-13.048463275011935
-10.407223585530195
-8.276135584286706
-13.677198370735896
-21.81430847469855
-22.314501342856197
-11.743329960843655
-8.081151294318126
-4.51922166724579
-23.02327941941065
-11.116339205120818
-13.813461116768355
-13.105398945254448
-10.403230832762551
-5.431388073213864
-13.56322232095122
-20.67584131134571
-16.623317250446984
-13.348864917231625
-6.790678971459662
-13.427585210470175
-0.9020193247917055
-10.222825175776267
-5.571098842871837
-11.130299821709423
-18.46454243690201
-13.25786652944536
-9.988146985687269
-8.402448561966434
-2.3929599271123188
-12.282068359082697
8.198377334724235
1.4022861429520104
3.1333171894744
5.962493958965822
10.776831918004193
17.342326317349464
20.61576114581025
13.735539704729282
