-14.51812248590259
-17.77663798082332
-17.991043717801432
-15.657578845389795
-16.433312693523668
-20.489524399606616
-23.47714506469004
-31.95467972835536
-32.6255205855305
-12.48523755041774
2.4312687696022355
-8.015171648296544
-26.297349383693682
-5.473034342879426
0.6047001500483158
5.322188577959215
16.851419109080037
20.771174295026444
19.44166791130397
5.345813598663419
-2.612183346272725
19.21920921769696
11.370927252092118
24.54079311871261
20.47729968771853
12.000992617180856
14.159446670449936
20.435283789088388
16.940686999931955
16.097027850640515
25.716911900754766
29.03997320347374
22.6511101321355
23.580146052223142
25.378438476516518
24.802437400262733
31.3299216067804
33.06965346280801
34.135576430221946
8.58014615579118
26.204838967793922
27.879870126311847
25.00950610720002
40.8221085387711
41.311013951329606
34.15083533148153
28.64759153470759
35.978118352445534
34.520604529524824
29.99240193101841
23.982594334165203
19.37892069998323
17.260042786274244
19.912230783729733
23.43108768852768
8.65724600385901
14.962939649742554
29.938090696120835
34.835867939050125
16.901073676220218
9.364164442978543
12.638884292432484
14.90687707306231
28.57925119223223
28.30378809092062
26.869481858008598
30.193827567048174
23.171474435474682
27.38996420277921
19.486791613092002
21.913813958073916
17.225469563035915
12.708342492402165
-3.514883823544505
-3.0198290937565666
-4.654933788764417
-6.18208309280524
-16.2146448252398
-10.214228385499368
-4.723763907516775
-4.975595404102021
0.4787054042287705
-3.823690686865908
-0.05308731492349582
7.019479022774844
-3.621717277914746
6.03272316271937
-2.0368118113051383
13.882899289200928
10.661050312417833
-2.786007122239567
11.424744246776187
-15.427302305568961
-1.1420298050422777
2.916079363677865
-1.942524677321458
-5.230550942708455
-0.5983342369887291
18.89430642571219
20.38755852183885
13.863004069018714
16.911363519165814
13.80210544398251
-9.400426106141644
2.9688757293187904
2.813153199609379
23.139533323269124
2.2952117425059195
13.305487123835556
-0.8585387071023098
-0.4282385023813167
8.456023338658596
3.9104426350678128
13.667565802274654
18.25724172216519
8.770895414716762
14.864423183508071
7.999709231241511
5.8879289433377675
2.038676801492398
-12.249612209334789
-10.211787445520816
-24.186266887774714
-20.019168072220683
-16.473528061850907
-11.038231946836596
-10.614743515105763
-9.839938282923152
-16.622596209249362
-1.9584928825962835
-17.02942411497678
-12.228851467567425
0.23553778074107226
-16.024918348201833
-10.29694064158985
2.0147629766935404
-1.1368084089206805
-0.16489644148495786
5.6051507745357085
2.6399505552668416
3.1345060884827447
-1.3809261139147095
-9.603219982522297
0.04290942226852934
6.016205225829473
17.16896536131206
18.89708937915044
8.728540232926868
1.9616532969571965
8.038630806557679
12.450648171701095
2.7465963172812176
1.1845291977119774
-2.5504655583283102
8.531171054927398
0.5961281539685103
-2.9263157185797115
2.3908192409707727
7.2801402691640735
18.10463640412946
-0.2858525331305965
1.1303735529821852
-9.652684811941995
-9.92274690076514
-16.887000559203017
-22.40318921754088
-8.990647710960099
-8.901686723482593
-2.360829027828171
-6.723788481123322
4.758923384908564
6.779524988009732
-7.286412103044884
-6.953617039951941
3.9721345199312283
4.1879787579280565
-8.449356348070852
8.700067785798607
7.56054251748209
18.384488185326983
20.5704983159751
16.949984134562055
17.743877815148448
25.41363917326308
14.089908585363665
16.294244023641358
21.34423241201768
18.247693563898267
25.465315063575837
2.442946137654421
-4.361922405876098
