9.159967504721306
35.272826219702885
22.54977091893589
32.50793648705226
27.588434288398147
28.50516655297734
13.556174405942173
16.34836933027765
21.511442268551697
19.933606177807285
22.44336832431875
12.401886715229681
-6.904874131710839
1.0708143661805325
-11.934251204867875
-6.53910538857573
-7.6438792412033045
-14.030362928523214
-14.512918388163314
-13.402704998935306
-13.79697383378336
-13.985929927523346
-12.778826240589016
-22.126283055056945
-19.841025216924557
-31.864866657898947
-10.252861277099829
-8.640739902172356
7.254290389831016
-11.399125113852506
-0.9544576178290601
-15.066648323867616
-6.954301441937488
1.5594764286201035
-1.4120925088619234
4.143542755873814
12.462337545696945
-5.6344137363886615
-15.208731806062104
-9.417618266639273
-3.0217076880262215
-7.068446307654238
3.5797064072065887
-8.03484463844079
5.341511503611943
15.483422316356222
22.57692341856159
37.28472288676993
25.14584308204029
25.58233903329001
20.17174861584709
15.02778190898059
19.370345459417454
5.052454744965625
-1.5077360624317684
9.974816544899447
12.635589453232768
6.554636776995936
-4.494943451297664
16.841309198515507
2.672929502177229
-1.7767958190494186
2.983147777654564
0.7311088194658726
-9.216273092922316
-6.1958661551958265
-5.234014996743261
3.47008045057956
-5.897039941077298
-11.273896134125845
-5.729100782487756
1.7304890233078585
9.78920595326696
19.915373003860953
3.1797034276180325
9.828509128807603
23.38090697536171
33.71508669402156
20.480207278050024
6.097408838428327
12.774286454543898
22.09610039373599
9.587075089321504
18.88737109020148
14.440642400448313
0.33372917975977084
11.118677868595652
-1.2731188583218258
0.8246968516445146
5.5384294907556235
1.2813907800591708
0.3037544518613398
-2.459703015167332
19.235202080759283
0.22345057650718445
8.068737301674485
13.760307565043805
6.095994616664777
0.1441895627121918
18.415887058056768
15.90718403547496
16.451305834100822
22.61554190469921
10.399959857084811
1.8670269804755517
-4.076141928645107
1.4461815134636444
9.861218536148431
6.713244897927048
7.654581022321647
7.007870942369182
-0.34275917893059565
3.391160076499632
12.75608303030261
0.6159852889377614
19.63052949924153
13.331979014024474
12.384313836106596
19.758830569185942
16.18898437822427
6.97542707286404
27.808421526579586
21.77256157926568
17.042078805169318
26.784823683475572
18.950018997430156
24.525755548104378
28.634544048296018
27.35373880842197
39.22477945349515
23.97412264322034
20.36997524555223
7.474694627395728
15.464938284083114
9.227411888209618
10.242502714653613
4.8452419217224625
8.583824191102366
-0.8664127188972799
-2.2824859872797156
7.073768334641037
7.438081798414114
5.020887817491628
5.892210991923344
-10.821949761430895
-12.14322517503257
14.379087694653807
3.517402262408968
4.552352268842243
14.781154590332925
8.314402038725415
4.374148414122914
-18.61031410384459
-5.3967481450328245
-8.848375255256185
2.678932546364107
13.700445520983775
5.192604004216924
6.114100381954054
-3.07321933173147
-11.167398894167924
-24.43703241710528
-14.724702175550075
-2.173514523700721
3.25909249204305
-7.7142624410360945
0.02653584955300277
-0.6922954273663484
1.2283466272162595
1.1327220703645913
-9.108831855549258
-9.171302341461613
-1.684923426473457
-3.643029220594545
-7.094053123174362
-17.247517498925408
-1.2345093453552076
-10.255224617090793
-22.182950867167612
-14.049750143472586
-11.672233256808624
-11.418377312280883
-8.22432785663827
-7.717216560065923
-9.761402265888906
-5.8584430856746685
-1.5002548219370233
-18.033705402396397
3.57585119323386
9.573054502008388
-9.400034926812367
-8.547360911473204
-16.246961975684258
2.0376695313718702
4.772343570119691
2.346119494499708
1.5817272740800878
6.867651977417947
14.545269246459274
15.888173074518473
14.762108510408185
21.60183413529536
24.834652084177595
24.17860308637651
18.799827763937927
17.87093390830946
15.246470129161837
18.623081841918975
26.367352120037754
10.500871803163747
14.902999037592044
16.97486461854851
15.216491773359827
11.706518426900208
9.84807877330502
10.806220140692911
15.922583599026913
14.046972430209522
22.42718488385541
11.065084131647355
14.708649161050387
9.680586666873085
14.410834097763662
19.088036384691872
-4.018557945882319
16.89008218800525
17.4326837867535
15.034147220779538
12.191649202368462
9.909476082486352
0.028553566432987003
10.025685182630387
7.6638044618290735
-11.930142991150365
-18.951471713037808
-14.560667329569636
-14.747999199696945
-17.302750560879716
-17.365121972870828
-15.620170738854144
-7.672952306525648
-16.753233437747387
-15.08600378133274
-8.836507425486658
-18.596009229787462
-11.575883079363566
-15.194442346048405
-34.29762648113875
-26.329882317520237
-15.860107587343302
4.514853179162275
-10.105559893535704
-16.007639373648114
-11.775967181376453
-27.708880359112293
-30.95299057851345
-28.42413996281868
-27.43807368148481
-23.42721664034089
-24.135749479479227
-2.2845071185485675
-0.20751956370978072
-5.259539655823586
-2.491842478482684
-16.173256063027722
-6.291206603504894
-19.586248509726826
-26.10117425589061
-21.406952083375142
-4.963112844392532
-14.94746529085358
-16.94812818874549
-10.476167414323037
-17.338714798712992
-20.79583629559164
-8.833700528835177
-16.743100436047815
-15.946710495123193
-8.714305370945466
-13.792598285843306
-27.24361428148595
-33.944816878266856
-23.289302471831125
