-11.913071567641413
1.0854591468847226
-7.065499473339107
0.7661467581049165
9.169888160051745
0.17301373410638007
-1.3519272964322857
-0.21691385471124355
-7.133967210821493
5.931922734864295
8.61915078122833
23.854034036988693
36.012999194405815
42.0318886748077
39.266405389161356
19.35918077485712
19.14256182249771
26.910928452645006
23.45455690784299
26.58426679056816
22.470965695875073
18.060400940130293
16.1194988386114
16.087698347667935
23.39611959453327
28.914585977855328
32.352293277948746
34.9506820731677
42.476010271902425
36.67051318831898
30.23669814330149
29.31654092451687
23.578008236610586
16.074701518783073
22.378528896008916
29.54030804439173
33.5585022143585
28.03933005424233
30.879760648549105
27.836316307675535
21.863552486634035
21.68407202138518
23.66294597595469
15.78194622254626
6.712813611361053
19.11425087087271
23.55663201171702
24.942988397344
25.16839957812891
16.001828599118518
16.580844611336435
10.611533075215707
9.061258870846078
8.656056613365685
-5.3690794544920495
-1.1758092081226426
6.2295694752800745
13.809205299046392
-2.686590328286561
11.450050481443512
4.160984650009727
-0.530783103009292
4.611662444533664
0.6551549487779957
-12.996355087981419
-8.162808004867665
-15.696337030869715
-22.871873919903432
-17.599966005719523
-18.869124134877453
-15.938706970135113
-5.597587136374362
-2.967090185023267
-3.5007363700581973
-2.2153074503997767
-5.850445805482881
4.670285582146682
18.706102569295748
10.285578445901873
17.865949488533488
14.050261121880968
11.340677786240844
-5.017629789033199
8.878571811685728
19.917310084435588
17.26563942369916
23.807208016858983
28.73863000580427
16.115061562979538
2.7656783877310533
