-0.2981176415455114
-3.8362431656961036
-3.8894223839642854
-5.229183562554158
-5.729723652279871
0.7329070062691477
-9.826788738915333
-9.97480779921608
-1.2723188376471268
-21.645401435920743
-10.001479383521758
-0.32253336010018785
4.085297145763342
-7.350692555359968
-4.051623584034121
-1.988046494463794
1.6337789251272024
-16.485490958357286
-8.090927015350415
-18.184330151554832
-12.600690047752224
-12.407088457490373
-18.05619892192082
-18.897287446250942
-21.77927946419445
-25.33955318475171
-22.662055160621534
-29.890860857209606
-15.885374710980106
-13.7406436947655
-3.8030092152828723
7.879130081169981
15.201787455177698
21.49349941962336
11.359433936218462
20.640722427086306
16.073469563044767
5.415944590238557
11.897868930559593
-10.025341318271645
5.558894993776301
0.7232797648022495
-1.3903816109132705
-3.2053170128438606
-6.130641874963382
-0.7575494006050046
3.7647868200400842
-0.2270152700613561
-0.7985655027869578
-5.543386324065032
-6.590050988041897
-4.431442345574308
11.777294879708526
19.20982885162515
18.660400672523817
4.721976886004383
20.48882914645635
18.40690772751747
23.32922122598936
17.717891045905727
13.150715561936671
17.31770864260202
31.094673406337147
20.10420332827439
7.724902648032888
14.905233048115015
4.3777925065858545
17.55096561412469
22.452917991349725
15.80671897157178
12.32946719355834
19.201347479783962
11.12009710194017
13.28524339172942
3.2776416325274016
1.7966154557721354
-6.776127803732058
4.504476131740562
9.426483207796053
-5.899907939621135
-14.691061194296505
-8.925792264208312
-11.84569079656312
-17.972459510222265
-16.508633725260005
-21.602679813372504
-29.200281198033327
-17.404358590223392
-21.688611859799988
-15.173751610070473
-13.168533844411039
-10.127099980844617
-11.885426717824464
-14.670239629742428
-26.926777413833236
-24.44549724436769
-20.89827394086859
-21.05820170744961
-20.497820458323183
-26.711833470823013
-29.427155015558068
-27.27449482093972
-22.208254539184605
-12.792074814081024
-3.774090778307888
-10.970218021584415
-13.060478686989105
-16.75428152613675
-16.38587275686799
-7.292179646758523
-13.158526643961789
-22.316943925249337
-18.189563505887094
-5.062757103950759
-3.8635626117572235
-13.068991728115265
-16.755210978915045
-5.207384059967639
1.1190706565125044
0.8689432158589644
8.711842151887385
7.3005093540595265
-2.464599950402351
1.2934336156646191
-10.77691704547943
4.235707906670226
-2.965433548054888
-12.37583674055598
-8.7171506298453
-18.26123922295101
-17.954604696305353
-11.83413779489738
-17.22873034731767
-21.007532806419317
-8.994617218762286
-15.27207699334967
-28.652693547562478
-15.482767912896893
-15.51968163008652
-23.462141736420783
-16.174811294911958
-8.287848517233389
-13.669177794957807
-10.184274591391702
-13.685609227629607
-16.668269260327534
-18.697820740118953
-10.797265175893758
-15.08704759156893
-17.9759208747194
-16.47326021691162
-9.36134476720317
-27.026324295634364
-9.92304673081524
-14.509520588764865
-4.402841323968632
-11.896473423623931
-13.92997622962706
-22.602351627890247
-20.736465280556867
-18.821145829477015
-16.518925625889633
-12.386287182424926
-5.964570302459168
-7.802848578828227
-21.64527368616037
-13.725402964951162
-16.817609793433235
3.6556895167745496
-11.374777937155098
-10.669305157823958
-14.594519558571115
-15.988980987310756
-4.526412486687988
-27.685438135638154
-9.176571222336587
-19.416919975453837
-18.10873219150133
-18.401595251273733
-15.682101993465087
-20.977537238864336
1.6527175732121768
-20.60851289529795
-18.035981090936964
-18.220500869307664
-15.30112761412244
-21.583486602506213
-10.40066198854371
-14.432588640713773
-19.031022103902487
-14.509617199037821
-16.575371321313202
-24.437572346168803
-18.585344722439746
-25.725655816983622
-14.452142418321118
-14.71556817625571
-22.00212975972153
-8.861748487337751
-17.624584329125007
-2.359491169643728
6.205357150049295
9.0163396775405
13.042561943224866
22.49722508468608
10.505534555158006
20.768882713438305
4.749344669323013
19.23776523413203
5.9945586364059125
13.39097277136157
3.248030927848962
0.07565858152125762
0.5154272698184339
1.8112743333695935
-11.849032449085977
-9.163890238203155
-3.3676411761007325
-4.562897087353421
7.882740208024898
6.520935744739116
16.984490569701414
24.09958435532374
19.328817884070066
28.35735749033359
31.890143070663353
19.196358809946265
20.13475168891189
24.10136079945495
10.481836393642416
16.392376258578857
5.864274020811871
18.35847956192378
10.244595596679767
0.7811271005002398
9.103849626530478
3.5344188153676988
9.892363157465585
16.414019730473274
-1.8360424745642787
8.178297831870179
15.891161153047063
-11.515422740972376
0.17847923731386378
8.652361640743644
4.882840104576382
7.8359892194331255
5.9810876229346395
-9.756364864936844
5.399090180923473
15.148823090464466
10.313080854172595
33.07399988216137
22.890603219276084
30.0889989833595
38.803771994858735
45.504403431843656
30.73940658883689
34.77635728881206
28.32427746503781
29.56388096584473
21.355872455419163
18.283896511328674
21.38044305303667
24.806687978205492
29.576025680275407
19.175224233126173
10.724454435527852
1.15507331253585
5.33009102153471
1.946334699406672
1.6303550165402811
1.6368486381943368
-4.592661882756596
-8.374920653178155
-10.155567063866444
-24.660273297423156
-27.80706472911877
-18.343904491693472
-20.5631696354704
-4.040541628936085
-12.982223305848873
-13.969681045006471
-10.388373909823152
-21.946475428700037
-28.510484824061447
-14.086484583085287
-20.304782689758134
-7.364229487835745
2.7380643254125427
18.616151191211802
33.12453890745695
34.111452224859065
48.1567431556501
25.359666491665145
14.53102358646781
24.627448190392872
27.642287996944304
17.462965639346876
21.61498120800137
20.111037965785872
20.631601937997186
14.090323629856869
8.061050107761616
13.519445056038506
9.762143807979564
7.2066408135716475
17.299056097300102
20.909662042193485
12.482545437126156
18.638222029365693
16.887297103278662
19.220316829246915
7.076839666860956
18.186890388830548
20.794334552629266
7.701750619133942
14.250497135292804
25.755234654434012
28.310712857990808
19.7208156623666
25.332955353293084
24.96403254115942
26.20746817969205
22.58044168736686
19.297153819738025
22.441997682954177
25.296835170621343
23.523697075558818
20.59635185770871
34.8293047224189
31.903063322085
41.02496659711765
29.087370998243493
39.42230361910063
28.843340460925354
23.029682781358638
14.697112817631526
12.935739693700926
9.10421032775899
10.461398458477456
6.98864805494503
17.6695882467911
19.863114266362
25.20423338113568
6.554393462987307
11.610574691769008
5.998583822237077
14.663838743082323
17.502703440315425
25.738298013959675
17.511442350991196
15.48597880914073
13.668450653390012
13.441602728936527
19.454152264364268
20.85752926361582
28.378413078117703
27.570889232423028
27.740709204882545
33.6683756230372
43.86446460246446
36.50402652810572
36.38391171095852
38.94566122364827
32.506671546750376
23.213992073284178
9.274843087311986
16.959873330931963
13.534692951184116
21.905701592473267
33.03644627150486
37.6260280793366
27.81633613046052
26.610470732044192
18.338651392166692
15.422675296614456
13.630895145835671
3.678610575353516
14.765150645258789
18.22011720510144
14.495541940144665
26.231443660579764
20.249434671443613
6.783582615173247
8.266335867931009
18.86343134289164
5.562220048156309
11.208105551828798
17.253792675444696
15.558264550254982
-2.8323709847463263
19.064816889720454
20.633970653082265
25.27253803277455
17.012350385518
11.627632608185944
12.402296682226323
14.526775687695446
11.103459014359533
4.344472566155941
-3.3749198156988847
-8.361420216513476
-11.210018900800671
-3.1059747213674664
-14.574035403060325
-7.026147980600944
-3.7098224552507215
-9.26338351756558
-26.551731988590767
-11.400939519919074
-15.540168908926336
-13.235065436567846
-14.053286892537274
-18.732656462005178
-14.67336887248074
-2.165476376863812
-14.664200644933205
-18.18349423966082
-13.705637173004382
