-14.201998208827472
-9.552401130239472
-9.638597611287217
3.940926772821737
14.942136195821275
21.301038781395388
32.042014961551835
16.736343977679223
21.148025523290578
20.282672369639986
11.253725112828082
6.113017811371387
19.947495240185464
23.74750755703631
3.5964938636062485
1.2959691320546898
7.7787365510623045
2.9518805197503784
-1.064107051015695
-19.274658731631735
-2.5776091907953522
14.150654430630308
-2.314826323332261
16.87402532484341
1.0119717257737462
-10.12305942556596
-6.32802712373351
0.491196474729971
-5.526002423695228
-13.189128488814134
-9.114889273051316
-17.188462373315307
-22.033771789648352
-4.3284224438772325
-10.402645903418694
-8.790919610816307
-6.16229872473878
-7.718162238051972
1.599333415830225
19.131115035577878
12.247972769982177
9.907801178137966
5.513416460793708
4.677405362139747
5.40899075483946
4.621580831859842
12.125734880469695
17.742504524758317
10.830898771089835
40.31582955510433
43.40669428693866
46.55047611152896
25.191593786564002
43.52000402037155
28.909089892620017
32.86251433548956
26.442791999842612
29.149518408207587
14.609930056920815
18.721585372943746
24.66585140144331
9.049098828080226
21.547918895748953
16.52248154938539
16.680671777779285
24.25127975481386
41.593273142104294
24.260313440261516
15.123779975830212
22.919822759616434
5.057039923426141
0.04165843832675928
1.1929229912765877
-9.614733959943514
-8.431378896146379
-15.026368146457445
-14.7290673456832
-14.493536334666159
-2.6539156381830584
-3.7682766709143767
-14.201175541157555
-8.755666241124798
-13.507610623919785
-11.96743613665978
-21.2651120430903
3.867456363338899
-7.777441337143563
-8.579617791117206
-6.113904483674549
-1.7173707765718682
27.35008637780342
6.193059701751431
17.061984558657127
15.63794026959161
21.15706356554965
21.531837719939546
13.803021079662797
8.01385888608812
6.024000995340066
7.1651680118533525
0.10753022496092206
2.6123755658279584
13.226170018713784
4.9066199774233406
19.101674326432487
28.347869270464773
25.67143795356153
31.72376138828073
22.08994467806409
22.6616953250944
20.871702782098023
15.820239748694814
9.298214202023717
26.932477819787355
32.621135331688976
36.653970603117536
34.86695088455538
25.900450005098595
34.54071024041425
52.47581908134968
41.40185606406793
42.156553412808904
40.80311159052326
29.048738827436708
34.56074213921152
26.734364050858442
6.602191585977303
0.5263054576851826
8.019284240787037
3.55724670936902
10.319870725975502
4.188012883271221
21.156217793167077
6.058501286617623
31.0403106639448
42.694485937756724
28.14275768785819
22.46110357121251
34.93769187451455
35.955548567877564
19.836652496173095
33.92977595490084
27.69859477971341
41.90451853790912
