-11.155736420685756
-5.975462381319256
-3.2882148981980017
-19.741604590965487
-20.621645804861664
-20.282292336701566
-16.262781585776793
-17.404017342028293
-20.677679346962712
-9.177861491761282
-19.867623836186873
-2.1806704418013863
-14.811180995306154
-17.99018422882613
-7.678375237073427
-4.087665033722528
-5.142982291217229
8.68928731437325
-7.996638937331687
-17.34177035316959
-12.760792555948065
-10.64621406020594
-5.269520904695039
-11.4908776953824
-8.268245563159681
-12.199483708980855
-16.910064771817964
-18.27920972541405
-18.32638087574901
-13.36886372279677
-25.250378678366836
-6.277246729227088
6.646344762144498
12.137054279187176
9.68539355413459
8.875445881573661
8.854868927995199
0.7937035070180202
3.1402717418524086
4.473908701134238
15.724510310123536
12.120942969355523
18.403706819469853
19.650694626786393
23.935318717478786
12.757690499845646
9.07984702410817
12.571458975837073
8.14499645600984
7.189013402512826
2.677581347649003
2.0956418655740916
12.239638915767198
1.339982784543139
-1.3954947049838955
3.5869431308935367
-4.762690330641458
13.935359749863718
13.913345216458795
9.839983959951713
15.638604265434516
5.770007646687895
10.775584134109533
-9.499136049456927
-4.132890742632686
5.736524568662902
2.9219724335558723
14.089283992005415
10.164978935770774
7.81721533784738
24.829462448525994
8.370410810327835
14.630837129074292
7.720889471738952
11.220054953872788
3.903193337687712
13.322238933177946
16.423434288585575
-9.025779532507695
0.21320196690483348
-6.60208025578166
4.0334346878569445
0.046993179643897716
-4.7986574561492015
-3.6795974650086207
4.872833667082348
13.404600029560205
14.576670493272259
12.49114564910289
17.028543307697493
13.409674215376473
5.843192157804805
19.84781130032665
4.8884055654227385
-7.264920803445816
-3.272328375233281
-8.611003425030573
-12.668537740411436
-14.567482151794955
-7.3380843670091656
-12.622798918353887
-5.764211258119827
-8.367851968147884
-0.5812027240986195
2.5135897750242857
2.810149256935909
-9.166145805110439
-6.886463907626238
-13.465022871916725
-14.041298187435027
4.853300593255106
21.766267809052948
21.243832093975087
17.869739600993647
23.45367203255231
17.035539369780473
12.19000722863503
11.46290309941428
12.08379738071786
20.773324792926047
9.51221879763992
18.099082858453
25.972024159303178
24.294043086108346
38.82951497418723
41.3391149523525
43.309425438126176
35.33003423996789
32.32624193600382
38.181636156884814
25.991018973236493
27.23282199634743
21.22844430414308
20.74352387753677
8.949272843499294
20.18349936208785
16.128747249058534
21.416230356099245
21.69133082442764
6.936090856138701
18.518759630905805
6.637318556420293
17.52344294408092
5.517826417094213
34.57877379032635
38.28356831380045
34.88513519772169
43.13075779422879
35.24907872148602
37.36627548830446
42.96184619913224
34.80821121170359
35.63481964385357
27.08841424981913
36.112440296160564
49.84538913538686
40.37877633083336
25.552707865526386
24.50781250981833
34.91794399659397
40.91952099496227
49.9647721971049
54.878123148677
35.87258120395254
45.134410450166776
27.098810664137048
48.940053421817716
40.94920483366556
28.0752611887601
20.510627358150003
12.330782492419225
3.74729433323052
-11.437403049399615
-7.515748711788287
-17.3218029572798
-10.45165556932867
-14.547681148517269
-27.68085676085986
-29.066320761675726
-30.770424874099184
-29.711889603525012
-32.09096846216003
-19.4595846005436
-15.212753465982587
-6.264395142496647
-23.21639016879005
-14.659391775080431
-14.287105944095382
4.7149887439705145
19.63454949966566
22.24128093614122
30.336445692854305
28.916174394286298
37.8416948072264
40.8966292079926
38.276470700935434
27.549577016076235
27.63915063986416
25.63316154395733
25.93515660113278
35.23429684279018
20.7862288945045
10.528827439562557
9.305702270302028
29.616895199931122
16.40159621438276
-2.877687452744772
6.422790311209623
9.138817068246905
11.411810271662205
15.545194360313475
12.28826516236607
10.995233624161392
14.581920645351977
17.074849107499006
15.730143467888302
16.229432077741482
6.450025705481732
3.751257679791709
-1.7640064115228258
0.06779796064132543
10.295496225805078
-0.12576778882895764
-5.376000925770191
-15.023482735205993
-2.9897561845966836
-2.767416129389192
-0.3431400464381787
15.819251133484082
16.84015076000651
