-1.3985538424978967
-2.183190347677709
18.872970469753092
2.2535556233332983
-7.436545964530662
-2.1478210419238932
-1.603731151106112
-0.6385607667357134
0.19006379358142209
2.5856510927361795
6.486750328352281
8.36885312684039
12.39306499119501
8.073367089029022
2.1350748360658707
-5.028422059323703
3.3466269459361744
-1.2043940214291424
0.9791895377522822
6.402990771009314
-3.02871220163726
-0.4648840620123197
16.832987402836142
6.145874013834317
6.1606049712247595
2.31806253649142
2.8478198339296505
13.759980206869454
16.061266622448027
18.644861576573692
14.968327139028617
21.521828359706227
28.861119610913377
23.84803385859301
12.705208031527775
9.370822047091147
5.461110998967485
9.063940093827599
13.84859373979221
14.903105211592095
11.29584018463884
14.554178582598713
19.001433896652287
9.428589267535306
1.754903118787588
7.998947344311925
-2.01151274228857
-2.791962032968638
6.103821313943571
-0.2081387387244007
-2.810443622023862
-1.437605084860895
7.712983440143784
8.383645079573272
3.578518148953687
12.034979542142894
-1.5440429008022862
17.873877275310367
19.935334164063526
17.768703839649838
27.50217130133976
16.56787470417581
17.18944849149714
18.584354146708094
13.075430353576026
11.329449602743196
32.88472137490006
36.22703736920318
28.784941799698284
25.935291593879803
20.989785974701512
30.302311780251003
12.937330586146315
22.086437249088263
10.610677821855617
14.940921131664766
43.045723542525714
38.36000793135622
40.63293973591476
30.20219373561822
23.5088661548867
23.112240999868078
27.211555209069413
38.45464218188077
41.86519721681015
33.83377948967739
31.5536824878549
29.10026384248467
21.72720288984293
33.60677790876943
11.807978285699651
26.206121708676648
35.53347405299335
18.917639172625016
4.6045577317926085
12.444533743556613
21.655978720695558
19.618214070434398
20.44070268259643
23.64262388591973
13.584556479226586
29.443902067830912
11.104506700484777
6.9325026718312275
-11.266733465056028
-8.929809591707482
-6.832220171546163
5.714004760648276
2.9580933272345376
10.692556181106529
20.61314637225585
31.25439169952564
27.05041423068613
26.44667116340229
23.10977265874364
25.415689018716673
20.24369329364645
19.62231052413404
22.954334718968557
25.46903357183453
26.057363846678953
30.92495689011009
24.976211372001767
24.311972171194853
20.284208150262273
31.485594378026548
17.705144813665292
7.572327466645421
19.43779651260572
-5.221002662581321
6.903854611871894
0.6569849019032503
-2.3325525956986803
3.111075095797752
-6.312842156277793
-12.924000382741776
3.6973619911440294
-3.0129880112017164
-0.3565908227549203
-1.4237954282876315
-9.994230379644163
-11.546744284499734
4.071084522301871
-7.799573221296562
-12.243514500792337
0.8778409035512712
-4.33574187219418
3.920600998162719
-4.697257872850225
-9.46898537091769
19.95742674702822
-8.997419979012491
0.09073715573402848
10.486344665008897
12.997381626306266
6.700035044898741
24.432358857328754
18.591878397057105
30.4088890020698
26.763335496580332
33.153871954666826
15.623052017780454
27.149112483472305
13.446730909612947
9.524513826054713
8.131459705473764
4.877858113004011
0.8367500071898208
9.48768448284939
10.844739326735091
2.676644397146549
-5.615895734914658
