-16.026324967440203
-11.149713558588589
-14.65612067881333
-5.516302246553598
-11.241577027492239
-13.396718466902358
-12.835363452445149
-21.209056278178963
-6.404592806104198
-10.28726904881083
-6.929480643449987
-8.86516060236506
-19.21697991799799
-3.1256253713426156
-15.282852865696864
-3.5500942158833837
0.0683501463288703
9.424959823563851
9.548700589895509
4.7721246260877015
22.259296664246655
32.626510246550325
23.25018952241161
20.982899483206925
15.467690156763869
17.719333802206926
29.01906098427401
18.180087391098393
11.482901059043733
16.03428029251214
26.946305140174985
14.108524254720447
14.472343859870186
19.264349421652515
16.46170910408274
23.43324867153773
0.5780221329958551
26.8934323182344
23.02697164250147
18.71331816856464
15.790336756059412
9.975022630433136
15.579556535130155
20.961737787017668
5.6152582700541
1.9783426881995168
-11.09147335377216
-10.96048628368675
-3.151306378601371
-9.275705438104968
-7.989867391881164
-6.229149291592766
-1.1164927323039195
1.2500086102552836
-0.6806627778492493
3.5524974764045014
-14.517665170971478
-10.292145052945372
-3.3635605768294354
-6.779254349324296
-1.251287678377588
-2.2133990649643005
16.24520299884219
0.7919182560101372
-1.2920485972056737
10.924299786930783
3.4094325084658674
16.72593596560287
6.651581764282483
10.180773377538747
-2.6322169287452244
9.255774488848669
-7.0024229480643525
-10.478421846146981
4.112110160157964
-14.856207756881616
-0.4808723188033126
-5.05332739335753
-12.009420593246551
-7.21686492555316
0.11683327511652247
3.9491813546379455
1.0836435195933407
15.754481717272794
11.832309634936609
4.045595826208649
-0.7162649901958829
1.8528382060292068
-3.3098260601693577
-9.027981160888727
-9.877719750471362
-0.2716835129197978
-6.0681732379333875
-18.855087823311287
-3.0160034003933753
-14.867773525903926
-3.2251520995252014
-10.97504803428424
-11.404147835415216
-8.230853031652845
-1.5098237732872966
11.280216421053279
-5.089366498847852
-7.1694002313427845
7.565256822672647
-1.5280967922533408
-2.8876188489803845
6.575704475411217
18.42337709602368
13.661966475300641
6.373082442525499
-0.5397775007870297
4.2465219118485935
-1.8344243975408585
7.441772357512754
4.424911271314385
16.464689758518105
11.223051657940873
3.8297596460044905
7.873025944556685
18.513935526693988
24.378987819419667
25.168856686720567
28.040148921369834
25.02585630535684
22.46593726096577
20.8650815703308
16.97182615808515
11.687337707472407
14.853551893550653
19.746989821824645
20.968956696275864
11.921006828374756
7.908405323170588
5.178245260454176
7.255642754528828
9.91293109263859
9.532468339901893
15.424461748431494
1.8619611363839357
-8.186718139264556
0.3325477504177193
4.827745848409231
1.4922366172216706
7.145708494525841
2.414810934939081
-4.692139364471166
-7.001665917330165
-2.7591118638923486
-4.574947299301297
2.727711090636504
7.756641858601923
2.0664453597906696
10.669228768892546
-8.357500950555833
-16.87789849633966
-1.6819794750825745
-7.770757420778471
10.228962191752958
8.153233903308806
-1.5269810299367108
6.318470691616421
