9.994791312115117
3.6646491929936005
12.658589211142573
-1.3831725256234817
-8.409155591024842
-19.158484989152363
6.434250982329803
-3.390838775213348
1.1252671817309066
-4.140444399811412
-5.1687830963359644
-4.004220246559304
-5.66402047738241
0.8305617399351221
4.490661658050948
-12.317666527818895
-10.223585035153071
-12.00503356599417
-5.586979326100837
-11.444031397698572
-16.282946248252337
-13.03292530997405
-9.866510006213744
-16.473311280586753
-1.9649083914940704
-1.8056669421539409
12.257082940033806
-6.5898423541198925
-10.69873812555638
-1.58395293845417
-2.576648484929615
4.4198998232435365
-0.5443650390295831
-7.851140779512595
6.159375953300059
9.444138086866749
9.91445324949256
11.053096300306153
10.528168394885624
14.61528137660067
8.671556506167164
1.4825909163976876
-4.117874779109231
-4.9408419805399015
0.007624986196269787
1.6037350330971407
1.3293966879872532
-3.867307681605739
-3.7133532071185016
3.551618560732752
-11.493288755761276
-0.4018139538777613
-8.223501365976949
-0.4063737016474733
-13.423598571172574
-2.5076211613588906
-0.6757533077027261
-22.781482255073445
-13.455627507982554
-6.613225349030612
-19.27111287593225
-35.5788347078186
-13.673951377768129
-6.555995017232242
-10.001548569107907
12.440061792453315
3.749397049787517
6.132467742406642
11.548395243818858
9.83204684134959
4.5705949091687135
9.207248179448623
-1.4065415387582594
10.095445681856976
5.5391859872838936
10.308899089228316
6.066075890266477
4.822880212009858
0.921160834788846
5.88286910973778
6.054740895985456
1.9018875180252253
-10.484740514143269
-6.1392555081116384
3.964492154578681
0.8938082732809894
2.9661070719267433
0.9600945009600964
-3.8883902971186752
-19.40991167600161
-14.352550003549494
-11.51704835172323
-22.870472158368774
-19.77877720149381
-11.456219335301142
-22.321936101197053
-29.42786043824296
-11.000849430804262
