-19.465469231898645
-15.790741793766127
-23.89582283764576
-16.826616019996713
-9.738299412593381
-13.531858701416144
-3.980347756010405
-18.24164122578916
5.754854962414779
-7.720108184427478
6.6183808610801815
-18.39323612017144
-4.640392648523238
-5.5528036729437735
-8.218007714357723
-16.2289894933858
-14.016722557472852
-10.588134360420463
-3.751011504860201
-2.3027785476150164
-13.491194347194659
-26.49200490576643
-6.3483203244165445
0.470902560294493
-4.953795715305101
0.5528447537676986
3.5059914207489715
7.381553918176347
15.589420052811361
10.430684538025297
8.13740088098894
17.053604138906586
-5.119496342945067
-4.253516213582281
-1.6198352617798135
-5.305935603690411
7.574868792056181
-10.635782599643273
-19.92208233394544
-5.997691208688575
-12.71972194400177
-12.978877245664053
-0.2075711495106912
-10.917703003287297
-12.600603574944591
-9.344926389397386
-12.96398999346573
-6.0744851436388405
-14.283604996165275
-14.788223203858006
-15.311468891589243
-11.850165069142768
-10.770898019210025
-17.461581589784902
-4.348453905350463
-1.0541167037346022
1.294871434210532
3.0437397598535085
-15.980604867615607
4.015830605617256
1.3281200881064528
-10.85487510180409
-3.773000634426377
-3.773554207798338
0.4819219514113494
-18.345453245214426
-1.0192010403318443
0.16269884187656564
4.828480496547616
3.3346827247447406
-1.063061989525954
-0.2741164270293093
2.1820094834048223
13.267650659264591
11.757889648558063
20.938523683210928
11.834559128893561
9.743868992849684
18.5139500618109
16.718564147256288
22.79229233811667
6.689206859400513
8.868330235812811
20.103003710996354
20.05952953659908
16.532792346542248
15.043123822353346
17.75797969097647
20.345582891681367
19.615639860424945
17.468043692478446
14.521921071530409
3.0273768056191788
17.479916527291884
3.1032245542074706
3.5991896193086763
2.9738612855542685
2.83757405202574
-5.9864582313656305
-0.9930358885732216
-18.811265681664125
-9.853375297968537
-7.524314894363321
-3.9926929472843273
-7.960395990128402
9.88297370225612
1.5088910796882873
-0.9486431590092952
-9.479837315371887
-11.351725586250335
-6.08333912071245
-15.332924010886526
