-29.453061461032586
-20.18235434594444
-13.703134630182307
-23.23808190314647
-13.228497592312616
-1.210853367728313
-4.268836784839381
5.6224470437357255
6.953544456501139
8.938524022704875
12.719280805146894
16.464928797159153
22.405059338060518
20.701969938986146
18.548843657747554
20.314642339075135
18.710442420960533
17.138336333671482
27.721890721388586
23.159330441154538
16.24658040461172
10.675385132606477
-2.3439962764149205
5.729173324303838
1.6475461284260853
10.726708777312806
9.614993282986102
5.906231640580017
4.9581660236351315
8.088505307589607
11.03865285620501
3.392697889281852
26.638284359500645
6.3336988591552625
15.949254475868932
12.615236255926767
14.405603634989655
20.764508436357183
22.01273331912499
14.766895283276426
13.787974315433807
9.607176605279562
16.55159427689262
14.057049018714151
12.853415959307785
8.360635780409009
-1.7842381981761926
2.412421070414181
-2.1805015222178143
0.5001366261828122
-7.643827426802537
-2.385261499646877
14.809447046359686
7.444564617195268
8.831510539971037
14.08933029514518
14.446172376585238
13.218207032634124
2.147426295587523
-2.953558635020415
-1.2340796126674418
3.461260265401893
-6.002567208437793
-5.3462795056682575
1.587063332300651
1.1903370180772512
11.941517409704694
0.6529820693308809
5.7139410237242805
14.79668821315839
10.03705900864605
-4.203902162882606
3.0210619546571778
-6.619405453080715
1.33136531654853
10.001715322744174
9.216970228715539
-3.348754563446501
-4.574813773133403
-3.149545398811873
-7.803250695033181
-12.607929120895955
-5.032373805865339
-6.0767542519094375
-2.9677635748263285
-0.8343728534428999
4.081986744895773
20.63886543249837
11.770165747418394
12.767779977570065
17.204021952014525
9.17871145823285
7.351913357761668
9.087469857636602
17.085398741975506
15.233171662871904
-1.289382095708211
17.698308441477725
21.79326240485074
4.5698423046042365
3.4464394285696587
9.531504739573236
2.561010100492942
11.268795303138688
-7.291774922788641
10.806340108909254
7.6959243976756175
-0.8536796086166158
-1.267388117149823
0.3787052905296157
2.5948839880668286
-8.553990367238299
3.364773332909281
3.962275993505304
0.33710128228277114
0.1208849947758254
-9.560392936699268
-17.771115613354468
-23.705876898352052
-26.200314805489093
-4.673307438796782
-0.3109170259877412
-10.270221163336359
-16.38233037745206
-16.071119082029266
-15.410182839252336
-9.335490095824161
-6.543016678730232
-1.5109112361428398
9.532194219021877
11.187612824857373
9.603445357926226
0.9584997100382664
-0.014656057393140291
-5.957122080864064
-19.48238508142619
-15.525423713714707
-18.69227413802727
-7.626435416634202
-18.621672890826584
-21.0001960270132
-15.609061390108195
-9.460679652618843
-3.799870616353133
5.706299141552645
21.004724477757488
20.722438065234197
23.256013271834803
19.000402009935158
18.045013749218125
11.266576771043244
15.414048949919165
10.498679158219185
6.689535022584537
7.740389910650379
-4.203011486178717
-10.016524115069837
-13.809228633669445
-18.85368985479888
-27.88352953761285
-17.841647133656593
-27.266476865533978
-31.09220295228169
-2.8552024638985007
11.631498688222301
-2.296465715270073
18.83543984110496
-0.250334258720099
3.911305285406312
-1.595252083253648
-0.17350388627043886
-2.6095366924903836
7.46183646865442
12.234932332734573
9.956034563730796
0.0766486494430285
3.3897145101290134
-0.5989333431758767
-2.7505644382163235
