1.8457639054369703
2.4168105432077422
-0.8193569494237678
-9.818499148248916
6.602949565978713
9.071207629419067
0.6271268890031383
0.7439346108558219
11.341488781658564
14.08360890936153
15.865709232656393
17.45976640305891
17.431139712547445
5.554207169897686
4.775939898030952
-0.8405303123346751
-12.282895084954085
-6.490173541488573
-4.828400108352189
0.9631114302724976
-2.706812669842356
-5.5523680745552495
8.171768749287324
1.2341160203361097
5.962313151021781
-10.976186860002587
-14.60291646766558
6.1410160003732495
-3.454052558966129
8.802139835979775
-7.027195008118645
-3.0839466104853934
-10.740251485326207
-11.370470454095312
-8.646007993038513
-10.383477794938331
-19.846247411636988
-7.462259699535418
2.158489741353625
10.274184327609065
1.9591131605713383
0.5154998302239908
2.0490195946695833
-9.54361724351686
9.37426900978323
3.39591085543969
12.751303664752793
2.3925533764909983
7.897225421206089
11.582925695541332
8.085124071409036
17.051034681908668
15.997600354148938
11.370550792040238
5.291874689967778
13.032342781178913
14.481509657703636
2.6788567526504905
-0.4137561455201255
7.479163327382218
19.644146769659745
17.514063439963913
3.735280073772799
16.129693648426823
15.061861327870847
15.933986084920445
12.627052461813133
12.989745706625689
7.591661717873328
6.592620249315458
1.6718809720272103
10.338040026027716
10.876356885488457
6.947007267731432
7.0640962987952065
0.7999718103529347
19.930727701446077
12.7242387542482
15.092888256158814
4.216617778596573
2.8048592146459246
5.691106228615304
9.163923806305569
6.113684539476915
-6.5131432946473735
8.86640608127959
9.957202702597298
25.4390520493659
24.05442877773625
28.484360515639054
29.744780931706327
28.517328101230518
9.561616057667116
15.9371988619319
6.494137460198706
9.961600385406458
-2.3256394775558347
-7.8971107106398515
-3.775636279775378
-10.466757332430484
-23.124748739659253
-2.174740355485239
5.4666431293435656
-9.651231082408717
-4.281674650458067
-2.6600941781046203
-11.67587854006378
-5.821561060452411
4.9964264560909815
-9.986011761282292
-3.830186697690409
-0.3319191112338958
-2.6373091848907517
-0.5414553266713042
-6.611303780159028
-12.670529450997215
-0.6325876850989604
-6.442971527988679
-10.940352313199243
-9.606152050279004
-9.762757912886123
-4.896291502414637
-13.060939575511636
-9.27985632808208
-15.251291452441508
-12.924518001581283
-24.828138617601386
-16.44120718584977
-24.51604922348759
-29.32787763859992
-2.1362522044881764
2.683904928780444
11.276013899776911
10.6778063558504
7.77967364789356
6.666809787411139
15.102975466990955
14.829890227692914
16.796427795250466
11.205952647976426
0.8255723595869439
3.6784151799284
-2.084048299959232
7.094211743558153
-1.7550981255928138
1.2631549308729093
7.1869659699482105
-15.033043849360421
13.801190760602221
3.1392676333937986
13.805992551767394
-5.399661937272353
-0.557684186679393
4.228551726616272
13.067664867923785
15.443461436884814
15.576222230623658
31.327021902740043
20.778452821575318
23.974629930385948
20.409130626280522
14.52109418440791
14.48176150743356
10.104941487523359
6.265960126147327
-4.617362841635804
6.400639166099054
-2.7535180023345505
-4.483012692616613
9.298998566268292
-3.197945181187405
-15.987421735972704
1.3133545400815545
-0.35211765607465634
1.753848765313832
0.25041378777506723
-4.280027560876265
-3.0916518638097226
-11.408047866954302
-16.626174243921394
-12.96848489599132
-12.360767184807026
-15.358408718053706
-5.818745415020188
-6.742497088632251
-6.087847522144811
5.326098636949353
-3.8735552622553273
-4.286621202627799
-13.185804827641828
-11.841048805099108
-15.564536765157252
-13.485597802407822
-15.068909352082017
-3.1944897214643775
-7.751710819712348
14.325920044499496
13.099622363256968
9.08907299973177
-4.899558570597338
10.988362338545183
13.896305206435766
10.904276141567102
12.91412770438946
13.921302247880895
12.295923591936267
14.171796987281807
-0.5110576028243847
-3.4582357717215677
-6.2333921331274675
-12.869120078722114
-1.2567598367051194
-8.19060798496824
-18.608721745021374
-8.44255235512619
-9.6369099418676
-3.967356749626136
-3.3653858546961932
-18.864745056467516
-23.10428856642905
-16.34467879100646
-15.338317056231546
-23.767888529835467
-17.729665639684864
-11.901066840520079
-21.04214444599507
-20.839570294450734
-11.10756723126276
-34.5343321854035
-25.71747332190371
-18.71392828340434
-10.472143127872657
-13.930168406919586
-26.770491619093647
-20.48437726689661
-14.890195726232129
-17.19707533676526
-16.386118364778653
-26.472123122718052
-15.157299798091676
-9.002387773893922
