-27.19296878226953
-21.531043027562905
-29.78599887491788
-16.910388822226633
-21.271615249242547
-22.35005392582715
-24.504248853357506
-21.452779618832203
-25.03460795762241
-25.545326762478094
-29.63809611272854
-22.914493747577303
-7.72790684874898
-9.615172135042874
-14.28569078942481
-21.74583098059432
-11.295101934483194
-11.45051218815134
-12.438314385811687
-15.870929738358505
-13.984185060264316
-15.154952761852135
-3.0781849306382125
-0.7559847385229178
-17.555857636938242
-18.222535152101685
-13.617208447922295
-10.81029682928072
-11.271098272168338
-9.729925260532431
-9.923349037067668
2.8597077045629917
-2.8143181638232453
-10.732400803168128
-15.758345020842285
-9.122951058305443
1.899596807259424
5.183339004972543
13.285810229962927
16.156544828094606
6.379418089962107
13.00576187882758
11.492842062934955
9.636022545744494
4.592126514444656
10.092165008010427
-5.0499852091614414
2.4592086711343835
-9.659163241521039
-9.805466291516495
1.224206217288342
4.127479612035131
-6.101423409073743
-3.127366408940977
-0.7091356418718813
-3.0148526013387285
-4.3474534434779315
-3.7700194672639262
3.2724250605461584
3.6524733363202415
8.597987784569064
-4.267156118690895
-6.642421898598035
3.311452361054757
-0.40297601923875576
-4.3402273639541695
-9.535625815703328
-3.6266987708546914
7.433788948253483
-11.62436680751759
-8.131804799546144
-9.527660838939694
-7.1243092534779935
-1.9266642704861647
0.6733625033909227
-5.180635980004858
-12.64323319973721
-16.751385375341663
-24.185504178260175
-22.807302073313732
-15.296289577211475
-18.439513388201075
-19.380417471099012
-9.667063301280416
-5.268978967099536
-27.022783913673006
-18.280707875842644
-18.030998514785274
-35.139973404571826
-25.56101646075045
-18.629490408421837
-14.102398616331664
-22.23834315522075
-0.3923237749396736
-1.1346025693104744
4.078633381230331
8.94459378926878
25.956577283507293
26.168913459322862
24.559479115093808
26.903704240749477
2.7804727346461444
6.801922105588501
9.417252209378317
3.6682484066564958
4.159960524283736
-7.141602533124512
-7.7112508942390505
-13.89113516448447
-16.810312118615876
-10.053315664163836
-13.00484730650268
-0.104376818894652
-27.780540666014677
-28.021060363823747
-36.83335165093361
-25.19485851614688
-19.129307170757414
-19.374882696849237
-29.93747629846999
-34.93700564759792
-17.30646131053333
-14.400446675437253
-12.458774607966944
-18.99618807015571
-30.316892617312323
-6.588854760595161
1.0057490108708644
6.698833331342801
9.091894639332397
8.13183807863959
18.601001183989087
10.69941571984058
9.116475431653708
3.124059528043396
1.827872176844542
7.431168059041454
3.3934786403519874
1.8405395930338944
6.5182173242493056
-0.3028755997905587
8.600958910319886
-0.22548430802546954
0.8029510436739342
1.7480330040924488
-5.667750105353878
-10.181117991436912
-19.965141831172726
-15.358850928962948
-1.4873025110220577
-12.208263480032597
-19.394548072747934
-12.898942601346665
-6.767701660543414
-4.451815981707648
-12.94440058817658
-14.72033744704927
-24.39463298905005
-38.82462946868496
-15.372059946855126
-27.430724957904356
-24.75449990029537
-15.42365415350981
-17.179878300724912
-24.09643593370901
-31.380248469963693
-45.495424730433065
-25.77442598067027
-26.232951107077557
-15.106015568339519
-5.206845987244613
-12.410499284503985
-6.488731944188858
-13.167911287889938
-11.099682179854451
4.814214502901267
2.9601595699655316
-6.22250989482558
-13.833845105328214
-22.172699821860814
-16.3431486449674
-11.475531329559633
-18.93808004176689
-15.418761115441566
-9.072518331554752
-20.661007204625353
-5.854344550763699
-2.5914567207224297
4.230998776184804
-3.9167093814103424
-3.4008222537031783
-3.120645736534042
-1.9000943293564487
-8.602243069212973
1.930471922781974
0.692473536307734
-9.618327578082297
-8.777959464723006
1.1884756472344091
0.5437979130574027
2.5395149257171203
2.9971242585486064
10.475534261539007
9.781368528807489
-8.731301687036463
-2.9280901473311074
-5.280181548607968
1.1448383693016937
3.6141196648594964
-5.4900081033859465
-10.985293161283483
-4.330596119599963
-4.692717592154064
4.322063202919496
-5.187718971208579
-5.0107102077152685
-19.52678028188369
-9.96882421488677
-14.277517876979374
-1.8939714245645136
-1.6207696268562133
2.390329622377597
-18.358407954495558
-12.73184037617094
-13.245282642056427
-27.78768676838477
-16.23666021587181
-10.751230707361618
-9.224495269476275
-13.981851351344064
-0.05173278375018143
-1.8463981986543039
-3.1478476478489537
4.7585908125464425
7.06940385457791
1.6372443464401245
-0.3425567631207825
13.935923859783983
7.083276221990236
13.183188837921787
26.515003842336306
13.575276749304983
0.8893168510666664
22.131022769410734
25.62805184199901
8.538812881666761
8.658074962841491
