-7.98207022059649
-17.717233832160378
-6.168238876435233
-9.732002673209637
-10.34462196146556
-11.090336659235556
20.271167284755187
9.9403299850724
-4.133371447666203
-9.745628422957314
-1.6987734838435986
-4.249027244951422
-6.4781071296455295
-17.018500822629214
-15.715992118161646
-3.992541841309426
-10.018416181303092
-26.941370953254662
-21.765314087532076
-19.109849758289034
-10.874609135017105
-6.6945116289175415
-21.127485413138594
-23.84211427284109
-36.12161680467345
-44.8082210452906
-30.536507764301987
-19.61955811488353
-29.06381134915636
-19.90167257281218
-11.24001573831569
-5.960908967284496
6.937383784775287
2.0867193676111637
-2.48902527386936
-5.229058739134956
0.8562205718282222
-1.2054506312641564
0.4139980138233969
1.0602767372526478
4.5720094089235666
6.693286471323539
12.432432866360012
1.8740856601937887
5.929857848287891
14.559097409038243
7.466562857173362
-7.9498372560148765
4.669037971896128
-14.062556820875086
-16.706520274957875
-14.325779489702636
-12.37985605670219
-14.55695749202828
-17.245226726340977
-8.87204308751001
2.469501565172481
-5.914862222005062
-26.04024885389789
-16.532355636291737
-15.208208231382313
-23.862796419950566
-7.913121981838371
-18.29508966426923
-10.64276308494278
2.849669605590541
5.179679212103692
8.0175161536358
8.57779724291583
4.788314721230743
-7.439965751498839
-0.2682340572561013
0.9018624761986308
-14.108907373383177
-1.6667470018910722
-11.686095594021154
-8.149825600520433
2.709370148197776
2.8201627553508857
-7.5638671417264645
-12.710152211134679
-13.659114276037126
-14.404681539971257
-8.510795502957116
-5.009950679962941
-5.552968812621326
-11.235385304977504
-9.854240515771172
-13.532436312328624
-20.59436592458689
-0.4282987533717335
-15.237316017265178
-13.456420214258824
4.122195296403559
-14.546765047159042
-8.454137518263924
-8.331791734769944
-7.068425024494476
-4.03676356159881
-2.1613676304862155
-24.18856397129241
-26.565791615407797
-13.847343986247038
3.94548761082092
0.038574411815893016
-6.878918470851005
-11.819541636067614
-15.768427370293514
-8.322273774679957
2.600032148854687
-6.930289103388753
-8.00031510062051
-0.06923090887502881
-14.620549635498376
-14.5747618344817
-19.524181423017048
-14.341266302156667
-22.939455576192252
-16.40999115570921
-11.444370505269658
-23.966878152970036
-24.37563188883678
-24.560895622499732
-21.245673195926344
-9.632057906162636
4.04340040787733
-12.448454880847466
-5.8446052141782925
12.54586128748922
5.4521808007233465
5.4974195946748745
-2.4238600129160446
8.75982159388877
10.741724419338595
6.3401527916518585
-0.44669501356366376
6.072746022186871
1.1720834261045638
2.595182272228502
15.743215962717464
20.384740699667987
6.5991504341225795
11.304945090026887
4.882414111371683
20.811391532549127
11.281517662421855
10.210019983495767
6.225558719725137
-4.495077423494299
-11.283683366296408
-19.856591271587558
-8.214034899679275
-5.177533370591459
-8.83687961603253
-5.421691649119797
-19.942038969606852
-21.46920793440363
-25.83987798403993
-19.49247927942912
-20.18366349675356
-13.923397349640712
-14.208055783601136
-15.280111838787
-19.918706448669624
-19.336579302988028
-23.37065081752277
-12.208319676811007
6.92940277269274
-7.093725864872022
0.007757451279894904
-1.1060811214628643
-10.331750581087093
3.6403201806133865
0.8194101523369691
-7.675856392824957
-33.07194201708141
-30.520843319278736
-26.885248201524448
-2.9568285733859443
-14.87143008578018
-14.964899604901953
1.5771039996939378
16.35579243182503
-2.7920320064005097
9.485569501121462
16.267137317660794
20.64886809395305
13.913497335216961
13.740039705546474
16.37179544305278
25.60436816873645
19.44131218915056
34.37587404748297
30.689421037728337
18.534038770212806
28.825517174893182
41.30918185100736
41.50898688233423
31.911380665390038
38.05330771772997
47.629364207087406
37.4877738029134
24.530694936014534
29.231772496797902
17.260188192192313
5.7182702749802425
11.273244841397812
14.823017991582669
8.781630033678972
6.759152689962287
1.7738440872495214
-1.0622740961283337
-7.02105010285668
5.3586280047192645
-6.586256345619017
-15.375162186069439
-9.959315120550027
-4.2825071622217035
-19.531052700896367
-6.497826745149933
-6.621385029289957
-5.1313557605581375
-11.809026379996928
2.3836691311168052
-5.366128874279028
-12.551877920575476
-11.86865181160616
-9.980450011789104
-18.494687499529494
