-24.09860280278768
-12.337313294443607
-25.668894787608572
-22.97535969675169
-24.217411437069877
-28.74119428628375
-20.419705747617773
-22.35913385559716
-8.217546978230214
-16.31173236278335
-12.324664279392117
-10.483029006870384
-11.743998286186349
-7.665730249676296
6.8244033669313025
19.204149281128572
6.4843492091854324
-3.5740763306905667
10.922373336484661
16.79821157663973
17.543510810965596
15.090352515974455
13.96662787036441
12.017805983299807
13.862624177410328
5.150898344177829
3.5826909182358633
-0.6830857650267301
-16.841342647552565
-9.868353231298482
-7.351870368891258
-12.176743665716502
-10.859881312154029
-15.340042822599028
-4.2449983904675115
-1.9078954343653247
4.8052529898374585
-2.795417641215041
-0.7581831990128846
3.938303729156486
-9.699411279164488
-5.741039446342152
-7.58388915960713
-16.047350284114266
-5.778663269598143
-13.081312213912186
-3.6739193885744714
-10.388381937685775
-10.142315136257158
-12.486815235615143
-13.62359153794522
-10.432465309038754
-14.68431825046876
-8.972696906738697
-15.906698235555515
-23.834381395046982
-26.78737451064651
-21.05733903045734
-9.875536772016966
3.859434221284313
-4.122226940913047
-5.2012231269336215
-2.5260041759401184
-28.035135145887764
-23.34478573102481
-35.551319083054686
-45.22788184338243
-49.745652280898675
-50.87944872197343
-51.98945938061274
-55.22951043088133
-45.589155473204755
-48.47266282327956
-37.131070109110034
-21.92047768239518
-25.13722893418128
-31.46330915347888
-37.11854446408568
-25.415210738705486
-33.00208979241634
-30.77274293890575
-15.104398749150656
-25.989794527597297
-19.689434360164594
-19.987909562828452
-28.076037165212345
-23.541084210653445
-17.583841348794287
-9.024540990033454
-9.386423024275414
-3.298534504815969
-2.9017611092908857
2.1217146098459274
4.860364665253592
-11.346106777581761
-27.643744324038078
-23.3323640666413
-22.190947591097466
-11.970205919741506
-26.12415596479424
-18.496248038868327
-8.72723638520022
6.486970389023981
0.9340767491980924
1.02814452397927
-9.676312224280736
-8.976549402898403
-2.443071744759506
1.3440085392869356
-1.4929253530012272
-3.2971238100320717
-11.92666070164698
-13.630899491416182
-15.755345795304356
-25.39666317204637
-11.474356976868876
-17.36834127585942
-15.661607565909733
-5.315765204026562
-5.031573249408844
-5.350244383328256
-3.680201532420908
-9.324606963687087
-7.784253101009657
-10.645700098559374
3.9232606516471775
-4.7250393014612015
-8.312527542123362
-4.611758752593159
-9.307964542499636
-18.341425833046305
-19.783431426598973
-10.283699163915516
-4.649907770269151
-18.036173512370734
-17.661371190946113
-5.777018337458158
-13.36777773476402
-19.48135128381727
-18.29201834389864
-29.11548302106837
-11.439814188269429
-2.498366679673877
-9.783067673972651
-4.1666105509151246
-5.886103873982233
5.000657807567198
-10.556440684241638
-5.479108849281901
20.938060295065966
10.0346307751422
10.126760707896226
12.079084799850206
-8.06750846551751
-10.397510961203043
-19.24032465637569
-22.864808834188143
-23.23856140197781
-19.146716757499032
-23.623838490637606
-19.015052007600712
-13.526780646217134
-16.925095789227928
-7.018627041777038
-10.781514897763223
-7.675641970793112
-8.84621522140915
-10.943947262539618
-10.879577474290292
-2.5260693124714746
-6.464969966492286
-7.167360510980159
-12.006220872704873
-9.246668076107891
-0.2285836249747652
-7.584269098121629
-10.543811333096896
