-14.432274610808244
-8.578479689414985
-9.467526905643313
-2.2333532849000117
-0.4711815472500503
5.706019889861514
-20.249171859575394
-15.424788378390515
14.987208082187252
0.6302437793308217
-6.644370595245916
3.5726232950145134
-2.2660089067906344
9.060406353423947
1.6207051138624609
-0.32418368726240143
-21.28611396452084
-9.254661098737769
-6.879720832764523
-3.1265632053690045
-2.6282839542554237
2.58865559124448
9.194101318411304
23.948186301210303
7.8014800935493565
3.7474957410281236
9.161357412500404
15.161146531136774
-10.541034451418671
7.188706399915437
13.278158521739375
20.482641643389204
12.448151685613912
9.708232546955726
11.438392407203883
9.873613187311753
12.849459656030767
10.987108284498612
12.732169978394886
16.947382528387205
13.46408690533647
9.444493654845461
-8.120430710119235
-0.6056520892294747
11.668213331342946
19.34684618705189
7.643049717323081
9.29479776767937
6.738549228116517
12.364659198159002
4.409694389114511
-2.166541150791005
-8.398480258370983
-11.034532417565133
-7.659056298649062
-11.991444041283646
-14.555830291625936
-6.233793459097535
-5.4654868071705005
5.327980104773798
-3.265953478493778
-0.7046495331140805
-3.273767672544814
0.5564212249630209
-0.8191407515467679
0.2618111315906929
-2.163755905266888
2.7700025755295936
1.7096630725606652
4.419216404245523
-0.2758157378516167
3.641017327505136
15.730681084618876
20.234679526772585
15.57346132947818
9.912402244452505
10.152017775358667
7.138961315978807
-11.197441080360916
-17.240242726198446
-14.931166526741835
-20.508789583398613
-22.87947724282603
-15.462439849818075
-12.088535391579859
-19.895121839915163
-17.08967535444265
-13.46943187333762
-14.362282863022902
-31.67804069271802
-26.206931956529257
-26.903400522599853
-29.50751175346864
-23.938363860506076
-17.126995182522307
-19.736705590862826
-21.973435701290807
-20.7225051109812
-32.576644303932554
-20.729769101908513
-22.53986859296177
-21.88719633650488
-23.66386453125207
-28.319292395676516
-29.19776474479189
-28.974904474847282
-27.517755350272783
-28.611318919701013
-30.78961017346339
-22.630567370730077
-13.433439125508446
-17.231339202068643
-8.129519401224718
-1.3324740332015728
-22.093471318419713
-19.371689989899707
-8.441652259055445
-15.034596866272864
-11.500148273382461
-3.690230952232888
-14.573255237098069
-13.00967449976035
-25.70619755840643
-4.7148475697121395
-20.641502148165287
-1.3414359279703192
-1.5022056488159246
-11.814677212640257
-9.45750869486267
-14.229419819957212
-17.919040003246177
-6.986691486536095
-16.19007751271867
-12.842276838537392
-8.746710512692811
-11.452233696978919
-6.468478289512579
-21.013702478888266
-4.539886184491066
-7.820950292064414
-9.612718188423644
3.7092015675508327
-12.393414007195675
-5.287257661768465
-12.52044824338667
-18.681673833340078
-15.959538002857279
-18.730410329100412
-22.304612550740796
-17.532284496948517
-20.66918659744252
-19.876773640318685
-12.588055974679975
-9.709068088426527
-3.7782283997537007
6.879057984923778
20.791012829062673
30.948662751840683
29.67233960126532
26.464498246068338
20.654270711890497
12.848374470105949
13.837819341687677
10.824753664528869
-0.5737439589527912
9.728735274267047
10.301578349922304
3.1980448802920884
3.641265153173328
-9.97773963768588
-20.036040611651718
-10.844065812313287
-4.950613323907454
5.626534235770646
-10.10254795162773
-20.32642152901137
2.145637652428717
-25.893647127745997
-17.815629421336595
-25.31899025913052
-29.887563406600943
-30.73759683759211
-29.50532951465648
-24.044738516432385
-32.550134554142964
-14.105400623386206
-10.192705260955671
-3.8301468539758283
-15.921341189488794
-8.009047854154364
-7.421277856984209
-6.760115431490688
-14.620826593903887
-16.038950897855436
-8.578254748017075
-10.049574790923783
-19.734035297989
-3.5229291125091584
-11.10447057414231
-20.592306475366925
-21.052132016869372
-4.084238644741543
-1.0442947322205076
1.152960419137991
-2.559495021554143
-2.2067239289598923
-11.360915040930667
-0.7594429397466278
-32.978805859648
-43.84657106180035
-29.811892792391628
-32.78135597319157
-43.184239892179576
-41.14407237482246
-32.362175572586736
-38.188095488314865
-44.879909291567095
-44.38161909617854
-40.478120394865336
-26.97351846396996
-30.55030081935357
-22.244942373778873
-18.738977691199697
-15.122543908669064
-13.565137612953071
-9.842971727778627
-10.140780635495943
-4.010043034633557
1.1892341370688515
6.829109983492581
5.765133459738219
5.409233353720208
1.6069438361224473
-13.985180627374671
-15.794482199231295
-23.565907334931214
-21.95268264457212
-10.229320427618426
-16.92123901467776
-29.273857969919558
-20.47365161194333
-23.632440939945297
-32.59815064946753
-23.67282408587491
-16.793377796189407
-19.818178025500067
-23.346480707957397
-21.200371638366878
-14.363241813236153
-1.6096907930135438
10.316455942838985
6.076852465239054
-8.471776488913124
0.1819574555796911
6.795434618214171
11.33205921430224
-1.3905123839545666
-8.078568184239607
-10.322014140750746
-14.5103880200719
-7.6049464914892
-11.575754531228435
5.049751898600476
0.2287662112379328
-9.098254256002477
-11.948582063909347
-18.468028205163453
-13.140260314012512
-8.862112615164731
-13.389568386864708
-13.353738023735964
-2.8437039607075576
1.80599461088612
-3.6244593046635085
-19.64101579931633
-8.348783907645677
-11.853154703725538
-21.792263228492942
-17.179821507613358
-18.29055868861116
-19.406690646407327
-18.70623962160148
-20.91258821118318
-17.479771281551432
-12.189993558689027
-19.668921893067534
-11.83616953416116
-25.707567198048984
-37.90587244075112
-22.426032879928947
-19.077653381299246
-32.60600587817452
-27.627554213655944
-41.77756340634297
-25.36453859536045
-20.59144948439969
-30.632642477418102
-38.48144827291495
-28.9534425414412
-24.511946483741283
-23.274167240653497
-42.6834057515724
-42.69734993785731
-37.95200276291659
-34.69209392498495
-29.039820364621946
-28.21115801726955
-15.241252797586755
-18.632486959430253
-9.038445342325543
3.415595643753884
-7.62663230806405
-10.453828317680312
-6.70980196346355
-10.813447464277509
6.35356054766759
-3.5401045351296574
3.9682926536268366
5.7810069348499
10.614234140985166
12.862906365199525
-4.743713611533748
-3.5237635475496427
4.362822362660343
0.13739067045618575
7.7798158900067165
-1.9251925293399037
-12.472293920205438
-3.0123059973499973
8.064296246647219
-7.941279084161081
-4.035455196175353
-4.534420917241445
-2.7575022136188845
-8.098824241596594
-0.8499173309519666
-0.4819730088143805
-21.00054699173453
-4.351757695431356
-23.957228254833
-9.895831157102764
-20.26776963163303
-14.611115832580154
-17.877161899976137
-1.7133579472122022
