-9.695411551829913
-5.458924919357201
0.2413958699835867
2.6140102202857958
-2.8286578380493177
-12.818969387547138
-13.906869907900846
-19.929447496897787
-9.213175478732484
-12.130672032236355
-18.054084952484725
-21.390081092563925
-18.58931015220552
-3.3624058147453173
-0.4284301670896386
0.6791645876501841
-16.749794188312322
-10.768500535018218
-12.07692409141614
-17.03941616144125
-29.07434312115553
-29.69481291872064
-11.563326070469177
-16.008169790384642
-32.451875206513385
-27.89547472184479
-36.03272742970533
-36.744285141101116
-16.209502897002782
-27.952275241016196
-20.26840954639274
-15.248105066156175
-25.543185102052774
-15.703074995829637
3.6438403366200554
-24.211677491995143
-9.092256888534909
-9.495324514781512
-11.38742058993304
-14.215126993977373
-5.710823988664293
-11.188349205597888
-5.8565599500752805
31.290482041647888
15.78624851443443
6.969027418187772
0.8479544457960914
1.134709641430527
2.991767713011228
-7.719994377274727
-14.104380540984454
-5.586025939938311
-5.59325530531284
-2.204818852435856
-0.12076474530714497
-9.941513568314774
4.284980019717835
13.745462883007562
-2.4597486235202783
10.865749049848127
1.0575686423414024
-3.7011955456433614
-8.800392744079437
6.431455587175738
14.802076425534242
20.092879932157594
9.572469119390801
5.8471570198741745
4.904657987374074
15.408498040333535
22.539342898467673
7.595794467287476
5.254109499794826
14.931556251161759
9.382030507398449
17.429440461061567
4.544076575654417
-6.334175724923179
-16.026437042440964
-20.10065938448402
-18.790747102148988
-2.235014664668619
-4.393174316068845
-3.8847875590418655
17.0560218830566
0.8181580339133514
10.961327405880807
18.137465142782474
17.61696660792809
13.796532224560735
12.64987938679951
-0.9392907934028412
1.736777719728344
3.722249300558415
-9.17730369782054
-16.175301604220035
-24.757141806722466
-6.295466091874838
-9.563341629606178
-10.522516332290918
-23.85500019971088
-18.103447882705183
-16.698534100086633
-5.291581386091352
-30.16601187610893
-22.585593236296386
-14.544596627104967
-36.84235560868897
-32.41466820667818
-46.40929086631025
-45.927474827618006
-23.98484909546052
-23.79373163338775
-2.9308081518077973
-2.034700414444357
-3.4305901650288853
2.2029732273844447
-17.419829375144566
-26.138779120263425
-17.863689180755618
-4.014170285657811
-8.623409112552935
0.6354029439838096
-11.162366739608666
-9.900074040006727
-34.6629226688748
-22.909977509794523
-22.91667332764213
-16.364748813958958
-21.21546884227052
-22.61235261444384
-11.110195952374962
-3.6888310839986698
-7.137309205773707
-4.346522544595085
-3.87514909521546
-8.517665201590164
-5.971066256900631
-12.664449451951516
-6.9963354966074185
-20.475732386117848
-24.163841640000825
-5.519200836149978
-15.777779250975671
-54.63345971363451
-49.516947703420385
-57.464287954442476
-61.382532436289985
-36.77937928045647
-40.34789484928017
-34.31477265779012
-47.160814799520566
-42.55670796544683
-27.969159199855767
-24.22688260166892
-40.329690243749276
-33.563178463077215
-33.17928223494026
-35.8179948081431
-19.145346451116023
-22.623946666598954
-23.08223597202383
-26.031796318882126
-40.18707335868
-28.31002488052033
-26.391560887667193
-8.27055213617303
-14.426279819742506
-19.502054019400283
-23.25673146150788
-25.0577450142298
-23.35838821721416
-21.25231036418582
-25.855154143840114
-19.33557961774132
-19.575434931788212
-21.811959909818935
-19.69718754837689
-24.971468835285567
-19.484833856834666
-18.985168359421515
-20.88021780115545
-23.28223598024973
-12.985897741725395
-9.918334265530836
-5.326856879768091
0.8567987642538406
6.773063548081349
12.746112375052324
-2.864033737471701
4.597074384645043
21.3827276303818
14.72066048756623
21.983582215453488
2.198636114609845
-0.3962066367437008
-6.390158791667485
-8.802738050125146
-16.767714288010318
-24.82531729460649
-19.39589770138111
-18.420681241031684
-22.20384868922858
-8.556234525886772
11.809283202961426
11.053052328883364
6.9537242141702365
-2.0958916758353685
-18.26664471742958
-11.44062052015265
-6.7178712693476745
-10.508129847765082
-16.340820504468233
-9.503137656093823
-12.310545371010294
-17.27842801742041
-31.4884865192624
5.487638574289926
11.467914533754012
-7.542225389315784
-16.633577642734828
-17.75816767241539
-11.525287577253005
-10.292516697501569
-16.028301408615697
-15.189136356804328
-22.579326415687774
-6.72931845554176
-13.561437199964994
-24.131048414103013
-24.57990412306452
-34.321785536081336
-33.7962338976284
-38.26606548957053
-44.81215365576809
-40.86736371671793
-24.331022334064198
-6.097131469201961
-16.68040492564393
-30.595188639519744
-26.55773471267319
-17.43200592120104
-22.14685270631064
-17.26181223837423
-12.478889200823676
-23.54006529492336
-44.1594505837005
-31.983547949594854
-17.741833850917672
-13.941856754357437
-17.138402288088308
-19.826856782867484
-8.003082405026351
6.859401130384438
10.970433501632677
-10.010933233338132
3.1928905588491823
-8.451006345667667
-7.1586827003327045
-19.936532086528565
-14.753976053072646
-15.29411593095559
8.251138533527014
10.747769660440797
-9.517184508908251
-13.688485736885214
1.6141050161062398
-0.3014163682488198
1.1064051759879454
4.066590666985853
6.557900067597522
7.926147127445746
9.678742472041796
-3.0815298708579157
4.3271410063868165
4.482552264658969
0.8117309625365886
-9.354520109103923
-12.913285307578088
-6.19362515596086
-4.408569163779278
