16.273238530407017
4.085681684062229
4.091426830954465
9.475590280880256
5.037371330822917
13.410007870577655
5.6205869691267205
9.500732531499203
-1.0827342351080929
2.9163496538304625
0.2992211248352761
-3.83313113203028
-1.3742217298106167
13.746891145826588
4.475801909686359
8.685583285109745
4.9972326702455465
14.290626889619135
-2.2068513835132637
-7.64730784241759
7.379780577136371
0.9867162649008464
-18.966148481240857
-12.819931288831118
-13.906078899997175
5.058306266242122
-7.026004851690793
1.1720861865027965
4.212908614179265
-1.3109023789061796
-14.106174029852186
-14.4193253857641
-27.97203965742315
-20.009235314970173
-20.594539294730325
-22.18643689437928
-20.405534225555773
-14.062312896952278
-9.194340543979184
-20.3346425419701
-19.152274039265283
-16.162758909156576
-2.681596222610246
-12.7753226988575
-8.272536087318525
-12.395229104877247
-6.533925168132379
-17.27356351825913
-2.645036195744283
-2.6817295361881266
4.88977934165445
4.018104316509069
-1.3834264187701937
5.393476557139383
23.3130191752816
14.443365061338673
11.055603043179774
4.367258875080076
18.212824776201657
18.31445760360536
-4.353146166773971
-9.195545360081658
-0.7428588638695873
-14.422377219493306
-9.971722924724943
-16.687319715352427
-16.628899990426646
-10.305060119139604
-26.04118714458631
-31.367582113563934
-28.824037573794946
-46.11377987046927
-65.02714903655155
-50.89671285173643
-44.74183633200325
-44.33644541751868
-51.758141986606404
-52.123750956524496
-42.13255616062058
-20.922789572749814
-23.04039758805594
-42.251926543907345
-28.57176644773613
-28.193503134136574
-29.849140085326198
-32.91807878740775
-41.30475783318834
-27.390359506297045
-19.49577051183012
-9.577504751862584
-10.562820148508095
-26.914647263008995
-13.375880422336644
-23.506295111640426
-38.61528497564184
-49.86692067572774
-24.876702198190483
-14.58548730302642
-22.814381602006424
-20.583727797676477
-7.176339381482389
-17.480997208876342
-20.82641079901939
-17.419700862692245
-16.171486980398182
-14.391404294570734
-16.233251756107446
-21.478185474149672
-11.251905115546991
-2.4239254954738745
-13.536128256942506
0.0642329314452761
-18.87304457357831
-43.712347399739244
-33.629811904102304
-23.99269865057324
-25.729738377733646
-3.7732926151214574
5.362403044683977
-13.201906918274233
-14.481765126789565
-0.2941136957814137
-10.520020176175477
-18.746006478927733
-16.966619051942207
-27.95072292303927
-32.800460646811885
-16.441962347992742
-1.269965949015036
-7.246241570882304
-7.110321557847258
-12.837738407901515
-20.74312761130612
-10.285144054037712
-10.524816742685664
-9.820339991466797
-10.377881206679302
-9.61712440157486
-10.651445301957963
-11.310155340293178
-2.709582827575424
-4.984069818480553
-8.401449165754288
-0.3793192165054517
-10.019316020536161
8.028577561215664
-3.8872423921930657
-13.27748233630987
-17.091976136273033
-18.669246048532365
-18.12359247972028
