-3.7639160659322353
6.5642294391465885
10.133018159473014
16.73104003117531
19.474034494670704
16.68952917321935
8.555712431740709
-0.26073912989819403
5.045217335624554
-15.131086376320818
-18.25681245555305
-24.69774259075107
-17.70241739671128
-19.93912518681936
-15.395191356285382
-15.54380276717746
-8.14678860956367
0.4527096936252245
-11.561960730251176
-11.536671103516698
-4.353199979949337
0.026959279619047642
-6.6393014656444125
-0.8331774267700569
-18.97775793672312
-3.598361671387415
-9.748979329583273
-24.733085965658894
-17.39644092560468
-22.75157118208228
-33.74859678477374
-27.466719666604323
-28.66274421885928
-38.75398645801654
-37.208658839364034
-25.95350054269784
-35.23425801543675
-32.17013716621797
-36.96925295300094
-53.001950386196356
-51.023144305645246
-55.472090426591386
-37.13823099850745
-29.186656833714
-33.70853509624203
-9.906336506355268
-9.257242518462334
-18.478477737873973
-19.25281059855812
-21.272604372810267
-8.93364369511455
-19.46704998247434
-25.742635966952268
-27.831337457440853
-23.4392751086312
-18.578361942478143
-23.81985996901873
-25.6745721123241
-33.36245454269368
-30.64761579714467
-24.676954972748927
-20.014605533961912
-11.999835969871896
-22.544315770898386
-26.023552475478727
-21.94163079896789
-15.008063790139206
-12.488193211343171
-12.917663246187267
-13.669643442122268
-10.103183518817827
-23.15038606282394
-9.496289186332977
-6.966401773427084
9.296839372267476
18.82161068215426
-3.1364710609290674
-1.15300190949874
2.969371965752809
8.472526353873233
5.6195118682181935
9.600398734168689
-7.745980184014899
4.275318107449174
3.664611898027412
-11.639968817246224
-6.124805294934964
-17.685327556668522
-13.791895150244699
-24.840154088022533
0.4888269778435562
-25.50850386178185
-5.608122583773737
-15.91837037081835
-18.678506263357672
-2.1509362835464647
-2.293496057557248
-4.716785095823338
4.410983186174722
-1.6140685941102308
-21.88681295670573
-22.41313117071063
-4.140877835370857
-4.1733838081933055
-4.226423898331737
-0.5757184666991523
-4.348636819247025
0.21540303958109785
-7.8938676262003264
0.07787320397563807
4.1009484294289775
15.60218880790998
11.779778790434758
9.32574277001544
6.783318868095275
6.520365091116163
8.152624383297892
1.3168483215109426
8.509153771231077
1.81389426644298
14.271608416620962
8.666067557382384
7.657813745630278
-0.31750122094856664
11.76350152146325
2.9593651764761817
-9.320625452154523
-8.025919361063039
0.7803728284580379
13.543197910367743
6.706656693918752
18.22049340318292
17.664319803351297
19.991894970386024
24.60009304766261
32.96934860642951
18.870764059047822
14.444195890928327
20.19318206257255
36.829023445801894
21.774436468387194
19.58252201530512
12.724172795183392
18.179298684183443
33.07411070602382
23.22480782482741
19.69015867295849
19.278380844915358
18.421025054085785
26.033930094473465
13.68253773674925
15.832022989606257
13.158020310592155
6.270993532314212
9.243173717351613
6.133169624566151
-3.762569409558537
-9.717271548209123
-9.429995866391614
-9.279919890655304
-5.160838420348627
-9.10392700101405
-0.33386878593092795
-10.837411476852472
-3.0292084539583404
-1.4090824606371417
-9.746210201908783
-12.530833910116607
-7.8271582349243936
-1.4240236439088918
0.5381543340133579
-0.11762887095385074
4.871249784140142
6.008396964124719
-3.9574115893730606
-5.560744659876653
2.4607054416490937
7.470913095001046
1.9411373373168817
7.967946219476372
