-21.61370907426761
-18.82776902541306
-22.058057568743404
-30.918292053803786
-9.337251031191958
-1.5331018119740532
-2.138705100624121
10.875947356700056
1.421006490095776
-3.0418630748288535
-13.017273337478974
-9.41103958721212
-7.4292478255782965
1.6911693253076996
-4.064448154332161
-2.3328227439465405
-3.369315547581856
-4.516384972027564
-18.71246344866706
-12.68989529524892
-21.387380852077573
-28.34752841473309
-21.88246801535183
-19.53616720704651
-9.229534292118425
-11.63546222405777
-20.19513700245353
-16.414623502252176
-5.893498675994913
3.4581012531212507
17.560946646009825
24.929008686605428
19.993187505918442
18.441517950099847
14.612845830079527
4.232891854570774
15.757750163337068
23.031910866424152
21.304823940333847
21.556208304721203
-3.649990531395523
0.40827034601020595
-16.281606260934346
-19.368986056668152
-18.06101428981395
4.323335825156861
-3.8965994081154665
0.4085899932388904
-7.86900107284397
-21.436794996693926
-6.493201282481243
-30.566974285038782
-29.870762681150016
-21.019594792988574
-20.8960495496584
-19.90551858551733
-14.819473231379336
-27.48018377877016
-27.495728946368075
-23.17014847924575
-18.337915002228677
-16.857699815068482
-8.391950195799996
1.00096759908481
-1.3494658778948894
4.793069281835781
1.0277761784210822
7.009579515100692
-3.7014635668883225
0.5779420026176642
6.417463370218928
9.363233714488807
-2.1396330256359195
-10.052280769515876
5.201251749137847
6.585153222151368
10.804688897708743
-0.7647683233311012
4.737488515465354
4.973192693474128
2.843398537163857
6.327450388889779
3.6692595491160023
7.329954858730272
5.141677785972742
10.789282246396704
11.014392489152453
2.517418642234666
3.7268843147529633
13.156532272640364
-0.7345217117677956
-5.432517547325383
-6.767899357001584
1.738530807665936
-16.096964810217546
-16.654413269163765
-16.628528559619955
-8.050521625674815
-13.465807737183528
-17.916429170015697
-16.798876694115798
-14.891027050593948
-1.8787499631193432
-0.39743987436335293
-11.054665616548002
-9.073470651212027
-12.709972053082344
-18.165003140194038
6.721731497864572
8.035393816331714
8.682596029591483
12.175587939133385
11.333890527123135
0.946940641496756
9.016005126271203
11.29719702944282
9.320623343263287
3.365645035792676
-2.1915955175822197
15.488288814475132
-1.707341156652621
-0.6861404036084646
-13.65466683836576
-12.062061947115051
-10.583228403733868
-7.995877295974566
-9.878481661534213
-13.340289409077975
-11.132372662287727
-11.696907833155302
-14.475268411091314
-12.896745954590493
-15.310947499448025
-13.142395614902759
-13.204786460890286
-11.419074368637785
-18.690768903239913
-14.743929734962974
-15.532068727009172
-20.219385700199503
-16.144693119820644
-16.65315617995975
-17.61671402164055
-9.223485539548404
-20.767716192049253
-16.440132013490988
-18.98381854623907
-16.695164451805187
-18.216069932525784
-19.717335520832282
-15.989315751154962
-23.31321804639975
-14.413629599308054
-22.693869194200072
