11.773603739753414
2.3217055242899294
1.978299343939772
15.821649866030256
17.659150771287738
19.41543130057741
23.88221931294304
24.88006371347713
19.09187482952421
12.954234733473838
13.561271205484063
5.577892095096103
11.166920896694124
16.59459727619513
10.847614309985724
5.227527228664101
1.218768200614563
4.260658589285281
14.614828186928534
14.56657158204338
14.416431828022342
10.630210851602557
10.827365152555599
21.387720240898236
26.34420417955303
7.463642487368858
10.602222666706417
16.808498678480348
16.163799868493413
12.888118972743142
16.62615208421246
11.852759353378456
0.7573896211495953
-4.516686190448518
8.70711488359983
14.980664533790664
19.57459734575068
25.139909733083115
18.85187277452472
11.151561121504075
3.092194308092143
-14.552348077994454
-21.36729293098134
-22.237598858575915
-20.76097211349262
-31.32826604646614
-27.752705688847204
-31.5124438634158
-38.79621892206939
-37.371935373356756
-46.06559226895494
-38.15083490840221
-24.150124052200013
-18.855864047374087
-15.239953275474653
-14.973224582925493
-10.633196852550128
-29.175838804554022
-13.258867737662845
-4.867866916785537
-1.4038278966015407
-2.7709354612814066
-12.803227979010105
-9.423704235311007
-12.975696103948383
-3.8859760054200407
-10.072807355563919
0.3778649559031755
-8.599628136636458
-0.1822854828591273
-28.002210802457075
-30.185810968260427
-33.14990408628076
-40.60623272428722
-30.22736298349636
-23.43554100296728
-36.13843392694177
-33.51344181640143
-33.242577489545795
-24.717602985796933
-23.18005407128005
-35.693621941336986
-35.367280807715396
-17.105520231363847
-15.038997675445001
-4.362908358666214
-35.233897468738235
-22.373051990813643
-8.10055495143664
-17.64321604052516
-18.947536663009338
-11.261727989366829
-3.116053521366481
5.82065000037658
-12.776525464241528
-2.9908701108039035
8.862924190838676
5.698504499730205
24.341475035350555
29.315094670919656
16.182269748694814
4.606669795771463
-1.1586240957815153
8.084317285881857
3.66182313251986
3.4625196220509475
-3.4362230943387515
-0.4907864124467608
-2.5775374082099094
-16.191477631789578
-14.118882278227847
-16.634773070689796
-14.90414693979913
-12.180784308418092
-9.30370186043008
-4.557727196410296
-16.251942451253452
-14.212993430748774
-23.183299901650823
-17.477888933845605
-12.295318768263162
-11.65308569456431
0.888122631096081
-1.9780020838608927
0.5669488611032464
10.07460032228657
10.984554982001978
13.196046689234324
11.624930317421262
10.211069177157588
-1.1119320966444142
21.960363447461248
3.5898742155186176
9.72040146794397
9.547947551069717
7.028983954961604
10.3830547186507
8.374262693883745
15.021890763033207
10.740077495922627
8.336067691229811
8.904312475718227
17.534564064024114
5.749043014647255
1.942727800853102
-5.869380501107565
-7.744537393645964
-1.380340735343028
-11.033417178505783
-9.750979538028927
-13.808238336883301
-1.4970334097195903
-3.09349001346944
-5.168946400098275
1.38294524295709
-8.365587286125232
2.896321302432619
4.962365197078436
-10.074271273985241
3.4115217508779523
-1.3626960960776744
8.929514798562215
-4.800548452238171
-5.117696699213932
-7.774924869621628
-20.65480436697653
-13.057312508363006
-6.43419858886436
-21.961219665063194
-24.988874015376986
-19.632715951562727
-26.06677944982635
-18.136233803163496
-43.57134372105344
-46.31533082917781
-37.73414637875761
-29.919750321937805
-18.003277476500045
-22.011639990756642
-21.94509821081992
-17.006574716055837
-28.05071848727253
-36.33161990139208
-30.15936573241683
-19.518561372378482
-10.456724049661632
-27.053649372659173
-33.294867392873286
-39.39030797020385
-30.15956406093465
-32.85572064270865
-36.32238947377381
