7.444110621022345
10.726748572553019
0.019654144199806413
-8.793889175234526
-13.003387965949278
-17.783924550697765
-19.407992125515307
-17.416032969718145
-18.047807668611828
-20.7689553745788
-16.166367862179886
-32.12105451527546
-36.03220256474943
-35.06227781647553
-39.52577484042855
-39.160659999143725
-41.32521334975334
-35.57797972167782
-20.09784410707501
-29.08211100305736
-32.00493940541898
-19.402258738260546
-10.28394448785874
3.102444716433047
-3.4428567074366785
4.670695225438628
10.493204345598992
17.04688422793941
22.652705311239142
9.309946790415893
10.698741018952823
10.03522119774332
17.286204192740072
15.840594148031096
28.67664001083085
17.984982106850943
17.292720583494223
29.367112643324646
21.190655310068
21.834157813964204
28.61126899300909
25.87471324212666
20.204387531392502
24.214597292038995
31.29532495421865
24.352464167922484
28.29313317453799
20.890576125223085
15.161245223520615
19.386642918206498
15.14860290313815
11.60942347907798
18.529783948062548
8.717963938353765
5.734260317012281
-0.4128319677343924
10.492317033617978
-4.352509487666123
20.13456126523131
26.90545177427835
17.124676247297685
12.712701846449068
22.218093837377623
20.955684336178233
23.66626282287812
17.062155088764992
7.767416057263705
22.92894963461534
21.292352295023147
8.66940601177858
-1.522599274955006
11.069935480485752
5.385665098819241
3.4679710895871563
12.519080916957801
14.795754217543314
14.432885870944816
22.77350464028011
21.082549564850336
15.820809075121664
30.619037133252764
27.597031397827603
23.65545644676437
29.80250334710821
34.747823565493896
35.20208408108823
30.225771969584674
1.2173502568725392
11.368119349711947
9.006479855975293
19.832966366077247
28.154046163675023
20.272261194770586
11.215859921507699
-2.360305270308084
8.815057106674004
14.835300497724784
4.783638149672501
0.2091094471124415
4.146614139988525
2.167159547578048
-10.589558433835274
-12.05208361425906
-23.0378874230858
-20.934998153524877
-20.310705262039665
-10.259100585223653
-8.731908782976125
-6.4701346687767645
-7.793433100657662
-13.100823431814653
-11.389382939323655
-29.39869136944846
-26.528508003631774
-2.2057513614050746
-6.615940282460983
-7.921817258278986
-11.505595517688056
-14.630048652535221
-8.488870855821874
2.307564148807705
-2.7894340938884272
-9.348807642698649
-17.087828689340235
-16.512471302115973
-6.0281600111599145
17.072414167564887
24.491689335057
10.264182478778654
21.727272905565073
13.798828972491275
8.497059367187173
14.03800322663991
23.876693658182727
18.272073629906174
24.0403663051488
17.326417068479365
18.386741200287886
13.82571734573865
35.25991081867574
23.284596258536574
16.44726722349199
11.039131531236414
8.884895803055711
11.707545449965492
8.118402910205234
16.951331607327436
9.23068988324602
-9.590883171096856
-13.380363346258758
-21.43553875927412
-14.372726433076744
-21.112588494098986
-14.057849591842402
-30.835067346563072
-25.169889886946198
-37.425951582786105
-35.1757130017808
-24.52806593621708
-27.21569928438933
-11.902095895047106
-9.996693041081508
-6.308133684921925
-8.896149687079747
-8.609830522829617
3.122608314646444
-5.750840612461072
1.723244603667672
-10.128284187448235
-12.3812729240964
0.1179829371196338
-12.193327235030274
-12.596289413245096
-7.078198783341807
-6.591863277834334
-24.71787777221447
-13.782476082934625
6.187287290540674
3.66851902998108
-8.194298208763426
-15.099215749925413
-11.920512233647425
-4.835869394446943
1.6029840914766291
-4.462555673217267
-3.1799272593821346
-2.43547705532959
-7.254026953673848
-9.171340035604564
-13.237795294833315
-17.511729879376414
-19.482994476109248
-14.503170640238766
-20.367279088367976
-19.32408848731512
-22.586624026128717
-21.85725254588673
-22.40105536046236
-26.27770855392517
-0.6641902800701881
16.291636497628026
4.158678808091454
-12.92736096765842
-14.099188812920422
-16.351358353738238
-0.30194666721089725
2.8803607763399817
10.169202064357846
6.622498339795624
6.3144979410769935
17.062376701963295
12.45201410065776
18.50856950555858
14.60724516275058
7.629816999064313
4.373488296434365
1.7876461110724935
15.813913958529286
16.479402334542392
17.3648217458658
13.503648041387034
-3.7612800582729884
17.005047821447032
22.06661977419384
11.632683137402479
22.123393379122454
8.44925467325812
11.645102758847933
29.41528676333127
13.787435991311815
9.794822664580783
18.6780632170838
16.217390525280916
6.3536763785235895
15.14379486014586
11.058164203337753
20.055683865614423
20.04610909009024
-3.49522464256334
15.235236432858102
4.238567998671254
0.1988007690527235
7.238092659451331
