-10.431346353021873
-14.818644422427807
-17.398183327248596
-11.992069594993579
-6.271298951075977
-12.844889904657887
-7.982823798598263
-5.13340661323639
-21.046471110856107
-2.1971861003207667
-3.5466528340218697
-18.599170036165713
-19.06179080071247
-18.662848947137867
-29.10221451813293
-27.34045564461663
-35.43037833289567
-42.47766274911359
-41.600445545675406
-56.25093380420818
-44.308755867113526
-33.45647919161774
-27.08917400739398
-20.09323980871969
-31.80738628542161
-40.546435382137325
-23.81414196636241
-13.623306201447491
-20.108840342736983
8.147336093383286
-2.570150306610277
-8.610370918959697
5.888245500366523
4.316188143491941
-3.5400270659408597
-1.8602333087619176
17.20884939692319
1.6012368013808151
8.114887629197018
6.299893283868961
3.903756700676176
17.908863627971584
15.012777109470914
20.38367682148041
-0.5724125622898308
1.16670246357994
9.953431628145355
6.416668487279768
-7.8658368330996105
-8.873919893152664
-4.841830307388924
8.48043234463518
2.399352010580924
13.517005064254926
9.541361374514842
2.1623839696412257
-3.584300414943518
-2.862932671531846
7.233767713134508
1.6591511168514832
3.816364007440933
6.469795150565808
11.215087717422954
3.354762502883404
-5.877950140615536
-16.45502446421595
-11.81780222838047
-20.270038874022056
-10.768897556343644
-29.591014937881106
-31.28970577971316
-37.104394841963206
-45.99425673726146
-40.77695557598677
-40.105526055928905
-28.1206798182893
-29.087191231067038
-9.365339004943863
-14.057914249254091
-4.951364240745513
-14.348599012110979
-3.130712083623912
-3.0094218711370377
-20.515952960898886
0.3352836484142067
12.721809130063331
-5.628391249923203
-9.532449402874436
-7.347046264590071
-11.480962604100853
-8.37938167168221
-11.359409812006175
-2.1568122438825448
-1.1112993111237248
-0.7125458699148617
-5.172690644947791
6.472953089793349
-0.7516076243927985
-10.673068428778206
-12.645107365391643
-4.53456141237072
1.4137449154419337
-3.9943285760587575
11.344287452732393
3.7493426998651582
11.701803337895587
11.417734107950258
16.377123269243093
4.670958425952303
16.9175622074902
13.71292875770464
25.904785853586432
22.54939499812378
17.004256731783933
18.98531120221937
18.73324808621673
10.596195748551725
13.731583980330086
25.375130862533627
22.282274856278626
22.792190947797607
22.913786442086266
16.685320192959082
3.9584299011681567
