-4.507236255457516
3.8524923898255983
12.176865267710733
7.132250094237692
13.28804974523282
3.5298768725880096
16.644965063639898
10.784173832109367
9.241202020912429
-7.081972592138045
-10.784314879497865
-10.45983089297192
-20.906968486821576
-11.26669262877772
-8.995736271213078
-20.165548773134766
-22.1904402703232
-14.91743525882303
-16.962093272306312
-26.653220684472178
-15.00543391172832
-14.404241205284185
-10.67800588190695
-20.130073365949656
-33.46042951610806
-21.64635805587453
-35.05952565341133
-26.91075234790445
-13.700148401151464
-14.139596185598284
-8.677992061565321
-6.325316773822002
-8.488672062457297
-27.030150047972132
-7.954113413171059
-21.398297495648286
-31.960044277493147
-22.56668790860792
-39.98854330993241
-20.79114941897173
-28.045162640193986
-15.311900104850062
-33.30257598715775
-27.17579183890069
-29.10221568161571
-22.09314264742736
-16.062713275414588
-22.66426671554903
-27.420849082137195
-20.115254390954174
-21.142818425985226
-13.452756661461839
-16.46506031307154
-8.334640834913394
-6.6405205304565085
-11.483091927475705
-7.552622693773625
-20.11137654271613
-21.23454952781556
-1.2675750886411576
12.335004976699837
5.786231771123358
4.871326874957171
0.2110785690602553
0.039107210100119146
-3.0756376162616337
-6.692235066336831
-9.177858989742186
-15.3801027646281
-12.685624095520573
-18.792457277247767
-21.03507125215805
-37.940000066757385
-28.25636725427053
-31.36885614038288
-32.99591879669764
-30.337770668465577
-31.700142754188647
-37.71901848251402
-23.33073017876124
-19.074378032119785
-20.471096832807905
-28.34231791860741
-16.749934270513425
-19.339115429071974
-20.446601349266185
-20.840267153114237
-25.87157172655105
-30.45451367933959
-17.554368591691787
