10.047376498623848
-2.088321282109611
12.816205908461649
-7.8639143055924725
4.3111330782228725
-0.5832185283143688
3.93713130365381
6.5681872417384675
11.752739574042845
21.049050278662566
19.380858960647934
19.006621174901422
16.012159678155793
16.856588636998804
18.084372089402628
14.913748091634714
22.609343146618837
24.47720048864482
26.17438894289784
25.32930431281007
21.110748028703398
23.72185572104753
15.957389021921227
6.359597653218036
3.0752446152369903
-14.518699651768012
-11.293140631526988
-6.225698596924832
4.7724161302640224
0.7047373147654461
-12.9117017510527
-3.5257458531479706
9.015318612201742
0.05281960371374871
-1.2027237742608057
-2.679866357623685
-11.210694380114248
-10.94707596902117
-1.2671196396883628
-18.8464237419702
-23.05439678216339
-14.809180103275962
-9.78114310898358
-5.345397213041778
-8.964547240241181
-8.786198689311057
-0.3545678422969987
8.20798572914013
9.97473525376187
10.659101336819832
-9.779155547765797
-1.654560398121333
-11.882575859699802
-4.993100718727582
7.547708451563891
10.578432417436224
-2.168144791298906
-4.168368976191179
0.07554957622398457
1.3237869143329637
2.8181468007706343
14.120738529443052
24.10546998246691
20.64485925455788
21.82378807841002
20.77739903532605
10.864098020141888
-14.309900948176065
-3.645351124933775
-3.341627805652001
-16.911287712999705
-26.251712308517433
-11.956483556674357
-23.075991031808194
-40.18917669989775
-31.92448184311652
-27.94223095434896
-21.861094756085734
-17.272984764334073
-13.75964133218264
-10.708781080035974
7.292292268602437
5.804216527450072
8.413272444565512
24.93532774461507
25.76769346306529
19.04255302562269
19.46379286998885
17.400951108844747
15.200402101216463
14.383755994250462
11.246496382176824
6.517448507089441
-18.12716078339265
-8.476105402560265
-4.5354945678084855
-2.3198176406971385
-9.99625116012882
-15.73068484895017
-18.19323400691705
-9.182223865569817
-11.290755855937778
-4.701532632916223
-5.891002074518888
-12.5844329110993
-8.972924460799439
-2.150712891857772
-3.3431450282485287
-6.329995616245933
4.033158263011129
-3.5365989781884615
0.8260809979240739
-6.780027781369685
-9.9685562736271
-12.15654932979893
1.1416575296369746
7.7215763713879815
4.628197263399837
1.2250426436721435
1.7232403432957708
-8.863931435579977
-13.280345109461196
-2.271318519368605
4.911434080672088
5.154102512076504
1.1140434857468562
-10.733836287168524
-17.049132359905666
-18.79412088198373
-20.61691950525473
-14.597649352737086
-20.722286687179974
-21.388436976575925
-28.33315170908239
-29.646397713271465
-36.172103298448
-22.36577146772332
-38.222371735454495
-15.07958008977138
-3.0538961954814114
-2.160120023118092
1.5795805344933584
-7.810444143967882
-4.53911229747318
-5.060411067930507
4.537305028635445
-9.252152595326967
-1.9033980622176472
