22.046264804821085
24.267538404270862
31.274435074793164
29.71658233826309
35.69060967892713
14.942047580408476
1.3873918843601596
1.3497388065278086
0.8361238745664316
-1.9617001887281915
-5.392486972029152
-23.000884329476353
0.02435292041805352
6.009515092294676
23.67233675084837
27.14416083405509
26.525322574898386
23.99950436032732
26.453285102350332
25.219302970572038
17.114949948767656
3.0791185518273343
-9.17681164283375
-7.52660481639567
-1.7447414362097382
5.662165543256473
4.576705509257213
-5.756139624506188
-20.002358942451586
-2.5622359552425817
-19.43751667746153
-22.97561669304204
-31.6260345256576
-43.1534424207435
-21.907891246135613
-28.509536535527683
-23.695554973150312
-15.297050085349396
-15.843673700936355
-13.664313464105833
-9.761165548338088
-22.393058282351237
-26.34242010696725
-18.897280425009466
-23.666271139789963
-13.844032161093649
-9.714096510609359
-3.085793667681675
-12.123070917003648
-15.531504971924493
-14.906340744187634
-27.137588924678248
-11.22235550222009
-16.663598587024826
-12.217406414096715
-17.283034411359885
-9.365790666031565
-15.687936250546231
-5.795731422776914
-1.2746025373295096
-15.33275617465446
-18.610879706055783
-16.15369985445671
-19.06012015862262
-15.99929799913686
-28.22677952613323
-26.63661438748112
-20.476781740270408
-24.533338725532836
-22.744024833617352
-18.575423909303435
-19.722943858339807
-9.42657467718712
-16.556585606827355
-14.548023758070345
-19.315874150356716
-13.888714638968926
-3.7821623226299272
-5.479435637854171
-10.036967632331017
-12.61640317422649
-10.706252853742264
-10.187197220468645
-15.216943789718163
-8.233672840610689
5.455318710770387
3.5786801904214207
6.401529042597753
4.5179279510379216
3.5867506950266947
19.274680326953074
23.224032240727148
21.44412543919129
7.587398071445697
12.19954482637578
4.301716949840865
7.8725785616394255
34.20926526637598
29.350384767690553
32.11529437292577
25.25176665217332
21.820728932078215
15.661785513939149
13.961815544457435
14.722934548496921
9.52226234014371
1.4012345687984031
11.855543550914776
14.83398339108615
2.086489710058012
14.385900884058628
-0.010192813042763564
-1.7010268897737697
7.934874486100122
-5.243730627053513
2.1710694394996257
16.584502930486394
4.938164325720586
4.1994946369982245
3.9053460882229727
11.562563281756672
20.159057200561247
17.061982713751938
18.002537555638014
12.347098875569113
0.6844425767940318
-7.414013314477224
-3.8395980503656464
-7.592824541643673
0.3670976115278481
-15.943469839675592
-10.432709600312684
-12.561158837505472
-3.7983970849673048
-2.0345190712250627
-0.5321365172010555
-22.761599158421788
-26.976016745882177
-15.780291355915036
-18.527497693037173
-22.03954884673168
-23.201829095085145
-29.266054071107373
-22.17833622132528
0.4589841359262349
-4.3653297612186615
-2.8521387142404966
11.507459570869347
-2.9697299810577764
8.786349340492272
0.6988180962462542
1.501199579536164
1.0044497237449472
-5.297269220610712
9.505164663313147
10.94574907993599
11.75276535834966
-1.819127197530182
5.194324234457488
14.355898910340883
2.7953729195054846
3.06397300613106
-9.889203108926381
-14.345702557424598
-9.115406159385822
-11.4099225496712
-12.433673788308912
-15.157964345272445
-9.0353943681094
-6.463459291537482
-4.981430876060419
-7.497428286746015
-5.832097956260892
6.448788145159187
-6.0642542829936685
-1.2363227223129751
-3.200939992825215
1.2159200058997268
17.807310094109546
19.47676924195409
25.57054185809865
24.978116962275593
17.152833098608852
10.117806646431587
19.57550835106729
16.287692335108886
23.514729793580443
18.056868012690906
12.827891182439767
19.094849607194714
11.272459984599562
-4.1074363545451265
-5.1207822336727835
10.681353579423329
12.864064132302374
24.76826603797017
43.50059625978793
35.01158277908813
29.027197489795665
24.817125662691414
16.292611804513538
5.129492017270789
12.808773695574002
1.3991808995107466
3.4394758514931487
-1.9538215592539283
-5.344430658194766
-6.076602220268251
4.805339843781169
-0.9158002982643156
-4.578718001453836
16.006227707402605
0.9626145257914508
9.75874894338273
13.408488305143552
4.950513808939025
6.181863000542461
9.794381862153838
-3.4232925154083493
4.41503016334862
14.944036943494694
7.799763140120072
7.09403840820442
0.7807076696987627
4.256148172283733
1.314836173930067
-4.435766187213179
-2.364136365864855
1.7732549963218558
3.466504004278581
-9.315985655849305
-13.469505230949476
1.9170697041715208
-1.5342561149356648
-8.823932614917114
-11.393910919520359
2.9633589611784066
-4.780261740071375
3.528278772515148
-9.008744627899489
-8.701440979064026
-11.106850084870395
-13.556389164774446
-14.81409241809062
3.6120412091093987
3.6693350895915002
0.8677909806020203
12.258299380859293
9.86773058994866
-2.31138112378467
4.324698463591159
11.355982413401096
2.3002159927169483
10.3574021810541
2.121026134900992
11.852578013082953
10.308357884084565
13.396913906492095
-2.3932375945761324
0.6406800258116667
3.0770227189942285
4.942962452809739
0.05846000240105252
-17.775716875000988
-21.19196992162906
-4.810523844497303
-13.086528396570149
-13.298501165630913
-11.97471678974154
-13.760381524108286
-7.653579592918018
-14.396505520245688
0.7911898180509274
-1.9963168105429416
2.3593961562233328
-5.4658785425861005
-1.49115656989329
-3.654383259828218
-2.4709007352932257
-1.5355298537865527
-8.411226507061837
0.899126874834598
-7.279599369106518
-0.12192514793465555
2.7270585884370897
-1.0409004577565155
-0.1174877490299464
6.846341968055564
8.88416964407236
10.341736281923023
7.615533730451037
0.6400637184299766
4.097981894323436
3.2591927803557637
-3.8199467830733997
-12.658053569294045
-0.6118680808831803
1.9518789566307364
-6.217852738375923
-8.101920401534796
-1.4719927299640665
10.26417806712134
7.027216157151427
5.845830876612832
6.785767679332787
-1.5362083810273164
5.418836226922507
14.272117698205724
-0.29422191152783683
12.003896681221347
2.6037295978904837
8.492762703974869
6.827675378926758
0.12538908713152191
-2.3660701868730025
-4.450801270309542
-9.464758591384047
3.5136777584126433
-3.84155626239834
-9.673112449626936
-2.172080984876319
-11.058479689460652
-23.727466883998154
-23.94808400210684
-6.6299057316770895
-1.1281211363589452
-2.6141250539612524
-2.9812542413341823
-2.9435255040136767
-22.986957197715853
-21.804563762544536
-9.48982331567731
-17.881725197896266
-15.44175966937
-20.239168447207067
-24.002025819051248
-37.183470208077715
-22.28732770142982
-25.55575870292203
-27.041831528107963
-27.725716164362726
-31.296198050358253
-31.25106689778585
-34.58492371467578
-43.09035534050733
