-6.556706182329543
-12.621126775164322
-18.21461712033464
8.359871658020646
4.296508973325669
-0.4255392751531225
-4.47592555435772
1.5676694294567457
-14.696540583213586
3.10179582434242
0.9571144499838076
-0.7181923070826125
4.151439437718004
11.388768794049273
13.418237148618154
14.596993270247664
9.980117623159682
5.333724578554578
-0.725219002483485
2.604887129035136
5.7076358519838095
6.1460922192238225
2.7387466101526257
17.843207721938207
-1.7460064298161886
9.896973792165989
9.255536339762372
4.007590262419064
5.101488153940486
6.640844705209915
8.564390398111538
-19.24664219411304
0.3782352428433868
13.348800007782796
-3.1090061490329393
-15.935587587778823
-9.495083841464167
-6.376356065922664
5.184259963974061
7.646440011699111
-10.511110067286758
-8.256280866479415
3.7422854593044086
0.30455395058674983
-4.5738404359451605
6.665545637427425
9.188486520757818
-8.176758667096397
-14.375852481318136
-17.965051593302476
-19.895132884993533
-13.926056355148198
-0.4476536576731032
-13.801380863725846
-20.846539837830427
-15.469964803216078
4.091378362357111
4.4848603334117065
8.563617901434073
11.984089378453755
4.824121788024004
8.997377465503055
13.759238536876357
9.88563955750758
22.85082518665585
18.060326184299708
16.110880076316388
5.6373991271381705
6.807167521446299
12.823655120011336
-13.003519888111475
-0.6769929966105922
-2.470015756120711
-19.358999821442602
-8.990505730170867
4.819490233920686
0.6806369141926081
-2.063821839352737
-4.252206861070648
3.063274504211197
4.397645137077292
-2.9562344271657817
2.254719033626869
-15.590451886667607
-19.542938197421567
-23.89764446115825
-26.387246048710637
-34.12940358541945
-36.59514917801175
-32.11902134146464
-22.427255792731586
-31.997757711650962
-33.01300186593193
-23.51742409743686
-23.028423702692784
-34.219369916965405
-36.8976803274593
-34.40927690328217
-34.74833836935669
-26.71629532973667
-33.28332361174224
-30.358407357138233
-28.024078342725762
-28.50874201965857
-6.246227843882529
-18.92021923088567
-12.936305808887269
-11.340835009842055
-18.869382823045964
-19.040899708933452
-11.232908621339163
-10.909204502548203
-7.267088603453157
6.299803358443019
-0.5907454059208346
5.345146337122396
-0.8917336128517541
-2.841609597594496
-8.737085642390722
-10.245765622543074
-12.634185622498903
-7.294447472939074
-10.495622682925081
-11.91070930657369
-5.166265893537257
-7.481012832729141
-8.993492353292094
0.7834842642315041
-16.913608026720482
-12.14928078387671
-4.994264017974291
-5.755084278418599
-12.266781866413867
-19.917046183923983
-15.326567619281569
-15.112194098585539
-25.329008138527765
-24.54145804491166
-29.79427660689785
-26.546224901939574
-27.572947724590072
-25.406137045034853
-27.93369138521625
-28.24947200227401
-26.010919722411188
-24.243193786196326
-24.73397751889513
-15.040271551438089
-15.745776981563175
-11.989911005316449
-2.93967872811724
-5.468655875260112
7.762549699402079
5.916841166866453
-5.14609471009555
-11.642888277047033
-2.031189637398523
-8.81807362918581
-24.927179900385628
-19.410787733305973
-29.51712133003269
-35.2519457933411
-33.330674472428996
-2.074688627171873
-7.123310180159278
-10.297569924938307
-32.53148150124769
-19.491023081740426
-12.688094794773074
-21.23840818502932
-18.46047755885331
-5.2511444275069294
-3.700145769820628
-6.174294041922541
-10.164948538470187
-8.29792694323831
-2.0063169845791653
4.673481949677371
-8.03102091426591
-4.842230759242754
-5.287259434062729
1.8569263372595264
1.3044491523464643
-14.313423911803293
3.9256948892725783
9.964221790484824
9.986249481165949
-0.5599581864575617
-1.7610554528532498
-1.877912096903034
18.08615244421384
2.341335727253115
-18.588912558407827
-20.410255596024406
-16.411578193620215
-24.971461591638864
-15.441557167363825
-16.324172761372807
-13.677143919697029
-17.494339033886064
-10.557871075108784
-7.464906561511233
-8.519281979264955
1.1262012308354896
4.0897879506880015
-11.529544903847215
-1.0252775497181092
9.673317148274363
17.71974965670507
7.509624956901695
-1.0085239835630302
5.449559429620703
-7.5836780781172015
-8.677353352855393
-12.410982003710844
-1.9961190596622589
-10.128465218081836
-3.0888699367299814
2.5739576147830543
-10.085295910668997
-14.718453291394693
-15.146858715370096
-3.830507019433018
-15.40471582690506
-5.985756610107055
-7.440605590360891
-16.5602374946631
-10.228064060066329
-12.165552104450253
-9.751136971096859
19.681237624268146
9.408440036582409
20.66071241221152
19.69181491743689
29.786247811476606
30.526735848186878
24.371144854399482
11.725801901919635
23.70526365397624
25.72358042138561
10.462196450709188
0.9892366811430656
-3.557867060603157
-1.0577464495873243
2.4918136820600383
0.5183224900317017
-0.6082935776958964
8.95852877111117
-5.607520718171863
-1.4335649680509426
1.3624194971199477
-1.0034636612093055
20.557656592514032
10.956245949258149
6.1093987963448795
-0.2671705721222695
-8.705804300014435
-20.323271280351392
-20.299023104496733
-19.34111296901771
-20.391688843808573
-9.258048030468792
-16.460708255644008
-1.2283597322376838
-10.551259971873666
-17.543395776471908
0.19124151911822296
8.443806433937711
-7.520430006888073
-5.333248874144707
-1.083505098688315
-0.9938518566041168
12.533297366315765
11.778184031193527
8.46290271171477
1.9781550481842345
13.523337850634382
-0.10877995339165072
-5.579284081253513
3.3546435659547473
3.3009991787618147
14.921247162855533
14.810311316702068
3.3937483520467864
-24.528335461056678
-18.363103407481546
-17.705493530168255
-6.457955751744048
-18.267100038102196
-10.123017701237163
-6.40953935847616
-6.281340070059756
2.4909909739422904
5.298033456365555
-2.040380677922128
-14.171064458692019
-12.418327625828994
-1.0929812425702454
-8.123732700711523
9.858628609647981
3.6209732811796833
-2.0477170485849543
-3.979273678120225
6.496630210573017
11.929702555177105
17.472859540314793
7.09637242128124
-10.352676936624817
-9.915984764283431
-7.338244961849406
5.350270276835935
0.7906647109203057
-2.7850020226770305
2.699542600434603
-8.921119865519612
3.7148552599660665
-2.004038909152531
-14.252087768841358
-6.9035343873543225
-1.579219055826924
-8.73584828295622
-2.4463130551280847
9.628330343717918
13.636483198873734
16.27707399937741
22.986898413927765
22.13383084330049
4.730200568132896
-1.8386445785559329
1.7732310453177642
2.4497873229568974
6.879046748112273
12.278226611638214
20.252262029511453
12.611461300300801
22.855449126619057
24.34938331517632
21.43608534027605
10.373099687563752
17.061178939434352
13.470842375040837
9.155885559721991
17.40761189095393
27.46761678931348
23.6303254105606
-8.7416027053227
-30.716626368874262
-22.48034455274034
-18.588038723356732
-11.052694378369491
-17.195016746394586
-9.080912442517524
-15.714866977999971
-18.53817787214095
-21.218173969528753
-12.626909326062341
-16.78766182600848
-23.433302084504906
-12.536251133897224
-22.403178553782844
-26.088109446612282
-27.20252263369247
-12.24645807974885
-8.91775278223461
-10.78184579243597
0.3485095181893014
-20.382463913816803
-5.692811217843925
-10.102676548277282
-1.0591466160658494
-13.130024768276622
-9.857524410706828
-15.362315659400187
-24.697646526565556
-9.168871046058497
-10.768020601426553
-11.974176452206189
0.17381841437869575
-9.366749322316604
-12.63353937986591
-9.37789835931596
