-24.311729669361096
-27.255571139832767
-17.758689616549628
-9.55309567426029
-15.040381980670922
-17.74022562236477
-34.31593071946913
-27.14758314103212
-43.00027960840378
-44.30620756957775
-49.05092888509483
-47.73417666084235
-33.89755408927669
-34.324585112418276
-28.58949530392437
-37.743529980005825
-27.12404930893221
-25.054327180655736
-23.024906509346128
-20.14211004799088
-33.22719279036736
-22.961725706849393
-14.948753655562054
-17.021738422134213
-33.327390287322174
-5.60026009972696
-6.3597725601171575
-5.297626220309834
3.7724480319516527
-20.95978090327829
0.047961835194949884
4.754402547927642
0.2053697570243768
-3.0427553024021816
-1.403816260214766
2.090941703224244
-11.019063210744795
-5.485129898718189
-3.2553830872321767
-6.122793625266957
4.771449931968566
9.909432840637308
0.5407515153739253
-11.274360324334495
-5.221485861329747
1.8654888268396304
-18.914352054028424
-0.2658104217243764
-7.383824224869811
-18.14908430134048
-22.71417907137014
-10.15877638015155
-10.769381688606734
-11.765650338742962
-16.621344044492332
1.759014275697814
12.21261726873006
-10.194546011549681
0.6566238663328097
-6.19574636362671
-6.298528515526033
-5.104431134837707
-4.788672687475825
-9.339367564522007
-7.015998432924524
-15.60565786667602
-16.755798037904846
-30.54960005952991
-27.863838216595067
-24.95965360986587
-14.671886506597538
-31.66996000848083
-33.96479777105302
-38.55195061970071
-47.30053222548332
-34.96845051553599
-38.374875692795634
-26.745494376509754
-24.7438485936794
-26.68104405934727
-17.19262518700855
-21.789312591086176
-37.48511582417586
-13.312061628696346
-30.888357040903536
-26.020851791109838
-22.618157797502022
-24.62099212311757
-28.961221126847025
-25.334231394139138
7.206907417281003
-9.096099031057264
-7.405123215269632
-24.070851825178963
2.634368824307036
0.4179806896460854
-13.614084892936908
-15.427796771951794
-3.3230359025996776
4.643154845661269
-2.3158039805205908
-1.7290618283559118
7.054499010450968
-2.2428508141759766
-2.8977921910892395
-3.896430856632213
-5.735940334891651
-1.194539616758289
6.045637733927095
-24.67085206741066
-27.472920208123032
-11.770499887868471
-19.43864005009253
-17.02661550130199
-23.95733674977965
-20.12262749504004
-31.190495601510264
-29.142145666383193
-28.98684195996437
-21.155150417157323
-8.714281117951684
-16.417501717950174
-23.932425349114656
-8.053739260003008
-17.309088095387573
-21.16268982850504
4.841843305234749
-25.199508058443662
-15.055089162050306
-21.917872712359102
-5.703956814597736
0.18945670788873856
6.256242253635942
4.7089389831505075
6.8101679946097775
15.082872338733615
10.7159228921714
8.085449906433992
5.092447522498514
2.676639840316729
14.213026452701992
8.662406648778889
-5.779565654026463
-8.330766645751456
-6.398927114684472
-14.403192413677138
-11.98212561615257
-6.038183523043015
-12.382640691779065
-5.268175219681286
-17.535395609225766
-5.425997440242892
1.6430627666440136
0.8150493428179778
5.748698130262424
4.400081687064925
-5.213818133320785
-10.599510786256927
-3.373992165316451
9.04980662052112
-4.697177888449306
1.6421645789437775
-1.1803450453806923
-0.6689408511970519
0.8838862653867632
2.8029064223045417
3.17241842856316
-3.6493785603643127
10.766834178246363
7.142125468907242
-20.369935989996574
5.184080877379434
-18.138663938504177
-30.34007950549272
-34.476932288186234
-39.47653446542133
-31.368305243196797
-30.646188895257502
-26.885803059580255
-28.39089485804952
-27.71734936485584
-28.38199647923782
-25.61834253217184
-29.42378441772119
-27.2768697254111
-24.018602191410213
-32.780730526592805
-22.88230402904668
-21.261688168104644
-26.514149516668674
-28.033802009189262
-21.43321632553164
-20.53830733227205
-3.7944941369465397
-6.232617687754321
-0.04137200342750128
3.9221022760305537
3.8028725887327415
-4.569291869640974
-0.3560045575907073
10.430547665111671
17.04736432229647
6.351609746284293
25.884796117974787
24.143237633196264
12.319527354677332
8.617311859670826
18.385753416629466
11.440222959064407
9.760475550744307
-1.4215975473470819
10.461911782337854
-5.7044052559274245
7.0539436205148975
10.076504820516154
-3.248306598411364
9.924765015770413
7.307478661323652
5.24470022464545
5.646562410884487
1.8914679363335687
-8.535520246639907
5.899953339647187
-1.792535405918183
-7.8819325336892465
-4.1834671165803625
-9.637534830181927
-5.627962650393663
-12.47579148754174
-13.221255979627022
-18.29655566761486
-19.0629961553688
-21.465540570728688
-20.537726871428056
0.6732448850333308
-11.99091533468776
-6.084322851078326
-11.942235759238196
4.00938109233513
-10.311635799796317
-1.9303564438551788
-8.813641858694703
1.9157720106499545
-3.087434763429732
-4.0974631445395735
-16.543219708170884
-5.768156699367209
-6.992459860701701
-0.3720619679746598
-5.138707582525278
-2.7988164041285977
7.742534284818494
0.8052227727245568
-0.6093433641019274
2.7040620019557973
-9.82696200278285
-9.303779953040683
-10.694541695720307
-10.660837706164576
-2.5734414295326613
