-23.475991542266392
-33.1945202398915
-41.11185820979677
-40.84353417361304
-43.02083224507662
-42.25483003703245
-47.032503908295574
-54.98734612158349
-52.709304767754965
-58.577948950891226
-55.760228283272724
-46.191825671217316
-52.576009012507654
-46.28857175772335
-48.64617830286785
-53.19690619282292
-51.35770816426465
-50.59494088989229
-50.35623314458736
-43.07502074291463
-38.766946888936246
-29.186115501741682
-32.51049841602947
-24.53558722511617
-23.466833505627807
-17.06042117119657
-19.184468190921965
-14.313871566188332
-16.952526171355633
-19.270384685340627
-19.67522528529648
-35.72209164608521
-33.87457754560684
-26.518583953668475
-8.976153347268289
-25.85151989645166
-24.30564088733109
-9.949399731531171
3.1148869657690352
-16.517976079326363
-15.234120128306069
-10.628762137482292
6.667424588085173
6.839004465232793
2.6085225626991506
-6.047876273833878
-3.3090766246940944
-5.4703794557271275
-6.115452583808718
-5.134167158962186
-4.336527159715688
-8.491715497934285
-15.994102231922426
-4.188092287908666
-18.87470446082939
-26.162745337665033
-16.329629630542456
-21.18676714227923
-17.828469739359907
-11.447974751555568
-23.766365267175036
-34.202406294388716
-20.38335501763131
-17.497616087157883
5.325092230789097
-7.170969603466626
-1.1496330014194092
0.04993304006133721
-0.35268315781164883
0.8296016101766953
-5.769106337567892
-1.4009696406890917
1.8515871463151323
-0.3245802781556168
-4.243942433388299
-6.7730899671190326
-8.06071433316505
0.12108546618920325
-0.013273010295615456
-11.700089618093546
-3.7162853125703865
13.75774572825818
11.334110229453552
10.949763697907937
5.8293235705205895
-10.972784594412511
-5.63306081970124
-3.200612499754276
-5.039139879976291
-12.93793107466029
-10.301558741507657
-20.43167829643048
-16.33348467357699
-13.210831252337858
-13.662657079776256
-17.294060793508894
-15.970507799790914
-8.340262841711892
-5.356727945057547
0.09126940880971544
-5.5592495798283466
-8.3919915337091
-13.1780915852385
-8.842598251657042
-23.067890122126695
-15.446408625379982
-14.383863305839956
5.316495742348512
-9.289043161655677
-10.993998462709598
-26.113346738343004
-33.67680075415249
-37.187159341505364
-36.371584505471276
-32.30509612849958
-40.15427055818088
-34.73016012751363
-43.70979134399877
-47.526398729935245
-47.17094357853143
-40.61313671712449
-32.003519425479666
-25.431696709306358
-20.068235104293805
-11.783256163810485
-17.262844811070963
-17.327584159920853
-31.752384748769625
-21.11968470153136
-22.81200632073565
-17.862912173146892
-19.23002757944776
-19.44110750538823
-27.73919028279867
-9.105252657117854
-3.886789643846139
-0.5921864336475401
-14.989776948009816
-15.515962323125766
-15.174648495951667
-18.224158422075103
-31.78489634940893
-32.743507301156136
-26.58479446437275
-26.3868876820753
-31.120329677672714
-21.426886672906353
-26.12113337417692
-22.72425726470133
-40.24360648405079
-32.131857854262336
-41.217803013924645
-19.02413199140468
-25.76724084809473
-24.858780037193327
-11.510244097396916
-18.541095490805176
-18.23078358193525
-16.774298947524677
-12.941708842524042
-13.069854019825854
-13.010538397327403
-20.03380112702699
-5.8116153719347725
2.4278910281901345
-0.6645679662248355
-4.933920839180184
0.3655108415079364
-7.9320296032611575
-10.109639671406613
-12.831340017974036
-15.069080744315364
-14.756089752938356
-7.0471577505537715
-10.536762535434377
-11.817590007794347
1.0038090194519929
-9.55020230121114
-7.096126078522313
-3.872200850700473
-5.833966255974006
-8.758053324612263
5.806289341372168
5.535453200522054
2.436015905197382
2.63373661904991
-4.754054547787094
1.3876033815434072
3.192811217455564
8.553200677795719
-4.721164413474868
-1.1124976872181065
2.2277423416500834
8.688423861690739
10.393374563998341
2.3865675624185254
-8.209871824894801
-2.064213346469589
11.94291920176788
14.39514311254817
7.505039244595201
-0.06439039255088935
-16.29056595068893
-19.48963821560596
-13.743822300000556
-17.911290260798584
-28.066163535359458
-26.126984103352548
-18.99979426159745
-17.88058558066183
-24.641907506704325
-21.80957829939156
-18.06711317178025
-9.792074630179162
-14.635299534379575
3.123715816085354
-15.966835945869525
-25.551376448994137
-16.120088040635093
-18.751917286645266
-11.224402902369564
-13.690533784129812
-13.68346386993958
-8.548882293187306
-12.61230423484041
-3.3817220686126475
-9.418803705812927
-10.562589676594339
-4.269744213164987
-15.118464731237856
-19.881976531901525
-11.439161613573004
-8.244429219939217
-17.861763083725386
-19.029781656351304
-3.6199085930999217
-13.862457642478384
-13.498982991152904
-14.47960794552228
-17.95796290209475
-11.403456563619145
-5.258714034203655
5.8710694200102695
0.4006437956157133
-10.396670392432855
-21.296848767325486
-13.62825071069644
-14.788857408079902
-6.858218993564429
0.7771925909402927
2.707112279917276
11.285129408128538
4.937978690763585
10.776662431602917
13.779661285516292
15.680031510318036
9.197682948324694
-2.2479135489151787
-0.7709703252607483
0.2040806116692465
-2.302842775832388
-22.69757218795383
-26.757602807760893
-12.191827828090641
-12.901260437786405
-4.351215085909736
-21.29185164441764
-34.711686921913696
-15.407994348068463
-2.272768198333465
-14.774130022402554
-19.175125242739192
-19.55360417914697
-20.52036699722647
-9.472272699159863
-16.603565422232954
-14.759870770610302
-9.225033806023005
-5.999997087734788
-13.177901657593177
-12.697938590066311
-20.47992365929245
-20.29043326710136
-33.88445467016761
-27.67233203355189
-7.484118003595135
-11.31949807241214
-17.243417498257
-27.40594267942945
-25.80344948956433
-29.71259693549717
-29.262025773060827
-16.843340819192722
-18.721502202191992
-18.0031595533232
-11.404475393658931
-12.900775165898672
-21.391721280776398
-26.422547168201675
-22.453154571144193
-24.047472961289802
-20.006607190252574
-10.068221790634151
-33.888788609696114
-43.57071296160996
-26.080359734161906
-21.985632571711974
-13.506683593578401
-22.29161011734335
-2.6776590886708616
-22.532307410474612
-25.360047661921634
-12.794984799377367
-13.937443410791204
-15.674259839020575
-5.678751597312972
-1.2581282640920373
-8.220820165114047
-8.228570781961267
-6.994451813174098
-15.59882419966115
-28.47660865363236
-30.21286269939796
-9.252356485625446
-3.0712429736840825
-8.165461125517252
-7.219791523438668
-15.156831697919426
-30.51185582565285
-23.01665395246824
-14.089968352584435
-19.423350718929445
-26.428952679469212
-30.706162003711768
-8.381851938181354
-16.79191119565441
-2.1382308086415907
-21.3730864079968
