-17.12093535594401
-27.190051336842732
-25.50983057467173
-9.868097208837405
-17.335511196783024
-15.353278819978161
-8.48675048766558
-10.09424100289583
-19.26231901974449
-9.639501568032793
-13.877475301961631
-21.886053058534134
-21.59953593265397
-6.505813995761264
-23.84338429188528
-30.779457211744628
-28.78114394565184
-26.252998898552807
-27.097503851076933
-16.303954244174026
-7.138347087570223
-3.1623532091285567
-7.448143046487983
-7.161706681858842
-10.979732518914387
-17.044065117208252
-13.371349668337267
-12.039865802818012
-4.8587273658620695
-12.373411023658745
-13.054601625107464
13.024510973583428
9.054343761523912
-7.958343357840043
6.379697528619259
-29.446792686834172
-18.58797075181975
-5.654016517586625
0.6510170130294584
0.059812454316228676
-0.06362339584359337
-14.990205464401992
5.578475998113107
10.282065863042051
6.869275968051916
4.272269957016028
-1.5788238195192448
-8.948940996297711
-2.9064021743316464
-1.4826624585623127
-4.908418053530765
-5.256737989660619
-10.432724449415696
-22.4817716819906
-18.26305618087909
-10.967357685005648
-14.220860149979169
-31.01945064566088
-15.35603876121902
-28.845593757002405
-34.488264252993886
-34.90171457866809
-18.393367219457236
-19.920768447708326
-5.206583881113608
-23.609764410677162
-16.739050824858587
-12.829674944825056
-16.86418799348704
-33.1868718323517
-18.93127462252029
-17.314564720402878
-13.270331087185808
17.074883700633524
2.2244748809008055
14.210880164333544
5.954858044578856
9.461377788311289
6.241928544871442
21.299019365712425
18.030390912881643
8.240789450524025
10.075770247812589
13.727789290231998
19.2180153978938
22.94930902301651
22.48682428707584
11.627120382295375
15.298419069403534
13.846447791343206
11.685478252537004
14.632571307418749
15.859065641800951
3.2624309541871734
-2.667473591908628
3.6428267659472806
0.5541882675337216
-4.311050998085669
-15.197515403693698
-33.14595629707725
-44.4379622261316
-38.25519487676135
-11.848048095371482
-23.11454415720425
-31.79140872723537
-33.222984825793326
-28.458018340486234
-24.503077719702922
-18.345549885489852
-23.165902290361252
5.989923343192866
-11.344799596097856
-27.04640100594344
-25.17231141344945
-20.88506270228969
-14.946347902461019
-8.314820413700815
-12.81452637543818
-27.474143812616514
-21.544077368954657
-20.2411278449875
-10.802059704068515
-5.7564118981294055
4.342083528617845
1.5940770262977475
10.422384081700748
2.2922301132869864
-8.293852411939996
0.13030493375692492
-9.60001856024166
-9.735440029497227
-16.790859795433818
-19.65002679790889
-28.99193895462902
-29.206573772781766
-53.61786933878603
-44.64909403550206
-61.71356466255604
-62.44352778934992
-38.925907654591754
-24.598795307569628
-12.150991777829061
-29.921093008224748
-1.4699545959151212
-20.732583988537947
-13.601208569259295
-16.953209265074413
-9.271383734305168
-1.189288717518416
-0.054913119851713856
-1.4006310248831932
-10.722854355541193
-13.872885591647306
-12.93445617499717
-15.305721574795749
9.1779000919498
11.507812674427008
18.23772212251856
-8.879414408133902
-18.58804812339386
-17.128924408618733
-16.780899836346656
-33.546681961058084
-17.430884429113757
-4.328169702298264
-2.9076586626851277
-3.683745927782917
-12.23507795883586
-12.22711257447688
-4.619627542934549
10.708376805477883
12.579433672721438
5.195589749121463
-0.9950017469679964
-13.42458746422258
-15.801414975687168
-20.225939131847863
-18.19223281911239
-9.879450694533462
-7.389406676608293
-18.921767896723672
-20.063521575838326
-22.73280418062128
-18.21955010495565
-15.68399603660651
-26.47041381669907
-7.230472386909982
-26.70064057764827
-18.24393879629681
-11.972820812288372
-3.6576902537187896
13.626372134108053
14.017148127431396
14.19272063417775
11.95272607621036
-4.925507925157888
5.1616571548634465
-0.5107869276784963
17.17068731493633
15.235260989402239
17.056163153971873
31.10259772003214
12.503751354124567
16.7158346139667
-5.794686230388424
-11.169400329644663
8.012167654925287
3.1342056041179656
-5.266193803394493
5.648531573824728
-11.551192147582475
-8.675739114070549
-9.152283317963157
-8.297995023279784
-21.437266804112895
-16.659188322724102
-26.43183889719748
-39.188110727548406
-33.46635509318632
-32.67995711425874
-22.396758205820266
-22.534809236622195
-31.23221829743696
-26.98232623595837
-22.249087232971803
-25.002754202626356
-16.58461405877885
-17.402482528117584
-11.038284698214525
-12.178385394940074
-10.542428066300019
3.2906794613292365
9.00160282858396
8.852800827544396
-1.7212173723718458
4.84985190672666
7.688280397540349
6.423066267338862
11.504975857117307
1.2025711304449265
-9.767906708858684
-6.528614967462287
-18.007762296399342
-16.125339403271116
-31.29000893409336
-35.7785161775355
-24.52516929294462
-31.683062873628092
-23.89869474510416
-25.61825419614252
-25.653262577182304
-18.623762895191934
-16.084373470195402
-21.399176662332547
-5.070941471677182
3.1911289656015063
0.10771932616311093
-3.7716480146027536
8.07353083138169
1.2325907997746024
