-3.6914943158212017
12.335526947446494
-4.04659754862728
5.20700354964789
-1.8135694432670584
-5.943230588847697
-2.317207925274707
2.100133808079014
4.70111560376795
-0.1045587579950122
-11.631151191875519
-23.440929733739253
-21.29098210604255
-12.376854051253051
-12.309996222834355
-15.304962472098
-8.99371788291124
-1.2957114402927308
-0.4949681021032649
-4.784963875797169
-3.132490447015184
-21.38822995665916
-16.005794717988035
-11.786771468331704
1.5729531638270295
-5.056620544832629
-9.8025468482296
-7.627562448019883
-11.860068528165915
-4.180423446291783
-7.039514142632163
2.9080136408428223
-0.03699731139382919
0.57624411127578
7.556579037384367
6.082747080736056
4.108644968364157
2.7353249783845097
8.802523922228618
12.652809049659231
-5.214659553811548
-6.947714020970437
19.143570483531203
10.398387079308117
17.95899457070241
4.87463220655159
20.693673360656486
-15.438163929932045
-5.742081075289423
-3.2428265737586486
-6.444759870623032
-24.634493305079356
-24.973826547951465
-24.65231269326219
-14.492696380239437
-23.216609240029896
-23.073684863351
-38.217049387314624
-35.452902415141935
-26.14039004611643
-34.87579048221357
-33.122444077173576
-22.31396889697718
-22.890354950035853
-22.643752876078644
-7.575426996585722
-10.388378762831714
-3.7925546218403197
-12.166742491372588
-1.7477064440680825
-3.1599631189917337
-9.363182742977227
-8.882637143322412
-6.101068379164577
-10.902482875091632
-17.120741889234935
-13.914716460722165
-11.036872918635911
2.918983163402227
-3.503523637942108
-17.340780022041958
-35.1238725827846
-31.05757806585033
-30.535699301913976
-28.759067052469998
-36.70243126144819
-28.97275459217772
-37.657653940377685
-31.830463387653374
-17.098331085693694
-22.265254582791812
-18.33009566807957
-2.5207000453710697
-5.413589731326896
0.16604452195403116
-1.6434808377747552
3.5501876180286
8.552098778579358
1.6466067299784517
-5.586377479305302
5.020344517726116
4.503920778236044
4.456837192101566
1.609041671100333
-3.2798752317282247
6.60723752185599
-2.542840840589441
-1.0606190523071954
-0.8590636835986194
2.342084344641993
-8.857079489424688
-12.354410381892896
-3.954433258890991
-8.052993468850286
-18.129990397986305
-23.292670554449693
-12.248030201871815
-5.151637228269586
-15.282066735870178
-15.617022101517012
-18.904512608038484
-19.012684953110064
-23.08759662893506
-31.36210739870948
-16.134711156317177
-17.490633726350136
-13.659063815666597
-12.047759240916461
-2.9414057402195675
9.872795984407075
22.271020928604408
2.1052956053280645
-25.350569560881286
-17.35386328799191
-28.86915392906209
-24.133743117279614
-15.465604063639256
-6.7664232233372985
6.157922855914885
-2.5694339118979106
-16.35743552908065
-34.08452220745726
-36.95547778730546
-32.52904895280587
-37.03775599488909
-26.147344805748137
-22.284321161279983
-14.005521104692814
-1.1028357262528732
-1.877961507545474
-1.0035678404222883
-4.792206839266205
0.2558521899247491
6.198836335413265
2.152966939731276
-28.79692579189311
-5.585285768331857
11.026679517603666
6.455496945518202
-7.2251332865747395
-8.204516692211955
9.652179155514874
-4.023042834938766
-0.06012396995324493
-11.384658430773694
3.980610838979092
1.193789565248644
-10.561961708002947
-13.63071637907858
-20.374473575244465
-30.95815687414022
-27.767640399795052
-31.55666750529518
-25.450859228455723
-19.1202296389972
-21.131943085707878
-19.206126070549413
-28.96353602132718
-25.924403844883532
-24.293070776132183
-36.49871790825949
-24.228498342118353
-19.170751033665425
-4.456226287953816
8.730907806926469
-11.064378685887132
1.3023339429622292
-22.760340418706498
-13.780867162092482
-9.327677954498274
-21.89568720535157
-12.515065661924927
-28.953991411072373
-9.615342196386443
-5.6287861094360085
5.317087805184271
-0.3020055153828872
6.530253179271179
-7.932510462931215
-9.540617687713997
2.811116015429109
-1.5328691975850457
0.3451930573665685
-6.991710982944299
-16.207250749549086
-11.562567724229062
-5.077099645564138
-5.5299974976706014
-8.475252382727755
-12.097673029169586
-8.240387566753581
-8.109118603569238
-2.0190725650419385
5.1653854083616455
10.65674469222736
-0.5717726585952023
-11.899076272587534
-19.385888051874854
-11.68600015168435
-7.205300608377121
-19.970180266638547
-6.237506199825019
1.4674692695025926
-0.1844683187098523
-2.561630852824673
4.792336505413644
0.12941634049412226
2.575024434309824
5.599457459357927
-3.181885969155074
2.5518272686415764
-7.25819879632929
-8.205687532737606
-13.529628073713019
-6.648661122063798
1.632375385983016
9.260168672276073
4.385980638732766
-6.768965716493303
-14.469300989590245
-7.8814765257182025
-7.378755739193703
6.646300926680348
6.34095911817946
13.740329374066384
13.802261641856743
11.383610446394162
9.734059358495115
3.871690526632071
11.27684256930197
7.809237737043816
10.40860603251115
11.474509266130445
16.906737501952833
20.216368339722713
5.128317468913699
1.9078198903946093
-7.795070944448778
12.958811648370974
6.499873408434678
2.6830432846773995
3.5615029806835787
2.335213451657752
