-7.504357440156041
-9.767795734836337
11.435334724664221
-5.972273356159178
13.428665905246811
19.94699666986696
22.374076050361186
5.871073843459152
3.43688769709822
-0.2353127366407989
-5.511091977234976
-0.8513524217577817
10.877797632110653
-2.615633047498368
9.944759874982784
11.252177261330626
-2.657942648135624
9.737857767644073
4.0328853470309864
0.6121303307663544
18.047305744094672
-5.963030813065883
-8.847298185844188
-12.684223972653518
-0.6044824583393831
24.80007475774013
-1.5400416115152329
3.3217660493182914
4.749266664390693
3.1886370071545462
11.7738481836884
-3.076323068371832
-17.790478868104042
0.09788942861988556
-1.5819712532354744
-8.193004673729588
-2.3424496796460104
2.2411977829188854
12.833079433064293
10.859038708426855
-2.479213007879068
-11.660543237276961
-19.947245309970246
-23.56220393475913
-22.543873299301016
-30.503592143071604
-20.18055842873105
-21.297345887873604
-22.631024433635996
-27.732500047269102
-22.85699505476388
-15.782544381517663
1.3106537373028408
-3.7470712543309337
0.5423534215203744
-8.727744506891137
-4.7376580721862664
-13.093214120506204
-25.95839383338972
-25.975629318383483
-9.099371970859693
0.5559212045125517
2.815988512875085
9.376829101260656
-1.1079669489859856
-6.574135461524304
-5.493876689627196
-11.794590307426088
-17.156522470785536
-10.325914245439174
-19.676128985404183
-13.439725603943133
-28.04090064755503
-19.83726587324305
-18.460157161728986
-10.429787113880355
2.141659783776184
6.121661754904911
-3.4446512539457204
-2.1905387924794084
5.511328312680953
-18.940143745277584
-19.04054347301761
-10.297869665492726
-31.05589874426407
-15.124995445859987
-2.4388477844112657
-6.6020843483725455
-12.517666104301385
-15.072367947623725
-9.386971234021123
-1.7466694752738778
-18.305504072904203
-20.9356918386812
-27.050482967966328
-27.918914358284297
-25.72056942685957
-16.964617960109848
-34.487870420700176
-34.13090968331286
-29.720131880708973
-33.13533753939886
-36.44818008727354
-45.0031286145305
-36.16197710488577
-39.06567158625928
-38.124698412519905
-37.08603901445797
-22.923486267983943
-15.20959064639083
-12.24541820167648
-3.4879205396323663
-9.327068278265095
-3.1274307464546185
-14.543575995719571
-13.192369766977901
-19.25961076741644
-34.17698586229329
-38.999342828246995
-18.709659790300478
-47.81248177630464
-37.03749406631247
-31.982735756821604
0.16928061761957475
-4.7214329981708225
8.443509261488973
-11.289196792541986
-10.561343346221646
5.481198643826547
-20.04925961051889
-21.216456630318685
-26.93363081160364
-34.52084755725691
-21.003862436403807
-23.890946860675694
-33.83482564020406
-30.48660539622275
-21.683254754988408
-24.28107426616967
-25.40613242361982
-37.94051876543807
-37.116969299638356
-34.04525512319804
-34.682843766007
-22.073351407745484
-25.110130207945897
-26.80270575071053
-25.15721936244265
-27.761865198913288
-36.50815471990222
-53.90900339845352
-55.488937288535396
-51.326257469782036
-45.30600408123332
-44.478018787777245
-40.645167931277975
-37.928370664591455
-30.75739081977124
-27.09116661385228
-20.61146121508389
-7.183916197176178
1.1905924183800731
5.434049707630955
7.103862915874793
1.1708421266359321
-34.893062270788825
-49.803165246951416
-41.14479692716597
-43.10945613408832
-34.84830543110005
-39.05452774322264
-28.70789928146437
-13.218930782145774
-8.503343093381451
-9.830311907336172
2.572733108079422
-1.6785962323325796
5.893953003734678
-1.937157791400561
-1.1064864336710147
2.9084129173992115
6.758270990980152
4.686923723318616
8.00109335894905
19.23053360703461
15.338611848759394
8.998083728755779
6.796748329681477
3.629529049702009
-3.7713049427918683
-5.863712811418593
-6.603230658146633
-3.7227763464500234
-4.9328313424379076
-11.944876381437144
-23.31744231937789
-35.34706478229414
-17.829875983416613
-12.504642198415096
-19.316750509509554
-15.34015038698868
-9.322016005626487
0.2407585366983065
-2.681244778064922
-6.55007527298328
-3.8385322907614072
-0.6929640340618825
-11.728684869387688
-6.842345210425313
8.947518419093521
-9.939052618623393
3.866383559359089
3.9995366272969335
5.4867467573040996
8.008263127241657
-2.121151483787194
-14.451572830338463
-19.7925953763656
-24.365525224231767
11.919621708048501
8.161801878972307
13.994695414232178
4.536524467916797
3.5764614356248936
-5.8961686965857645
-11.303983273486171
-16.274774616993728
-15.436587365901234
-20.881073272937066
-15.254123242565555
-22.390662003156987
-16.364458597711195
-17.86484741159481
-20.54377073130964
-2.130376971939435
-1.3228298052991356
6.7258896018397785
12.882548848871677
7.03386422829388
0.5316771664220703
-7.93227834630227
5.97883423540818
-6.031005642313456
-1.4027472716005478
-7.317004050036249
7.394757955067903
15.049883950324421
11.630376300376296
12.849913536518581
-1.192489664827275
7.310297253075144
-1.8134071320555136
-3.7662780370274502
2.312772385341044
26.758379335980077
17.89420420896598
-3.9858398787694664
0.8406895308807307
4.6851388349081535
12.077273530354375
13.102849827098622
4.415172459768867
4.502020460009697
22.71783939246439
18.014199465780198
11.212866421547089
3.0658017534027566
15.642958587628106
9.34648617331106
7.581603383082241
-2.7060689637278075
-9.687386526543767
-5.8511235538492326
2.3915632662509845
-2.581542254711781
3.5307446168561376
4.969877527626684
-3.1758779988103107
1.5108613055327105
1.7326557050264857
-11.349113605699365
3.0983215926928205
3.613854995695392
4.926147382349427
-2.8768312823352837
