-21.2953276408696
-4.059423410247399
-18.42568496327769
-4.155687196054715
-10.506920247391568
-8.079881611728599
-1.6147548557946307
4.0074633838490445
1.0468697738209634
10.227005073442678
-3.2653889902283533
-16.257722435435323
-16.777807856975812
-22.369400859105415
-19.726030040826565
-19.077587057486024
12.588616243548064
3.961369579619153
-8.56638470848453
-2.991942067299308
-4.557926823848551
4.872014968452031
0.33895582487259257
-11.31209049760994
-4.871814425991731
-13.834400532339284
-22.650835159722128
-24.83842937589362
-18.590874470246987
-8.169624207370102
-11.65077785611336
-6.45785019617796
-19.082699487728288
-19.651922936455453
-22.936079279831105
-27.603824881492113
-16.841837577258634
-31.377501182037765
-33.394689256357104
-18.733045640867317
-21.603868052525414
-22.955739414018684
-27.81225323918283
-35.30993771351668
-22.237310030377646
-2.640328633335384
-6.8249879131898785
9.34711660326728
14.901266283442745
5.395707669178044
9.735652074901036
8.652079255743061
15.332450800036288
19.113452805289857
17.188593114261085
23.561329176276892
13.772584781061244
17.21189011485191
6.457873438358559
1.6536860217796039
-5.721374788039405
3.0643416382726536
-4.585994904215727
-14.339131486839275
3.671061101269523
2.8937014764335762
2.4492241258364267
-7.501317414817951
-0.020318099193215932
1.9342977503005871
-6.82343887734838
6.302269758356175
1.3405567227879849
16.720571817585036
0.5039796248463977
1.874215278052596
6.0814292790802895
1.1236908648139072
-2.573784376423238
14.954323846999994
-0.6460268081709695
-4.780542879002534
9.833986384559557
9.465075753697787
-18.84325158309208
-32.77834386286043
-27.971722859972324
-22.66632143401017
-17.967245199261487
-18.09900371996612
-28.79539004543931
-34.04423509355553
-22.561884990945376
-22.440423853920827
-17.85518040750694
-16.519205324070803
-8.610206410166954
-0.8886591486592192
7.507226951409347
14.87833321481786
15.343252173883984
22.228417128810353
16.987800967127196
18.30730714636135
-0.9717183779060122
-4.311286993555447
10.75671704974456
5.327315313696488
4.005116530491467
11.360318738733774
5.129587379675212
-6.853068445994593
-2.86073380522904
-3.9106246745578543
-11.110901465402439
-9.834828770866851
-6.482162346612852
1.553565603081564
-6.5247776188554685
-1.77101228524377
6.354452893991313
7.065104864491995
-4.8806935209930105
-1.6232044698651396
2.0189758086346443
1.8003674734241333
13.381445217077875
11.809396247192906
7.163411606192232
6.629026548823577
2.738317028949936
6.420584968761122
-7.090696401588651
-3.431398821355148
-9.242773959677573
-7.376759589180969
-3.906313024646728
-9.067938451711775
1.7386574588732384
-11.240498714118702
-6.612230557680941
-2.8951333325629185
-1.0837157605321228
-0.7970623517094844
2.3188187157301132
-9.566998304500137
2.4705589135355686
-8.273015289971198
0.5256426943041662
-2.75357879107642
7.257579791474713
-6.414712936899337
-12.811568910257796
-7.837963045435107
-9.756112118537326
-5.468145170014989
-11.274433673729126
-3.9417509231312153
-3.1503087343652814
-12.664521475510984
-11.611200455782845
-10.214684701633118
-2.795647785638948
-9.075655034264491
-11.223885083011591
-6.4363282471522085
-3.802768513642392
-11.267626167473034
-21.017442848119767
-4.192832465337921
-1.7796274248574837
-6.772548977813878
-5.876450937087888
-9.558870279315032
-5.450448603561346
12.771817499261047
12.6648767918158
24.26626585565552
12.028496606216619
4.088333730632209
-3.62011108367712
-11.88919624214146
-1.4140344665085656
-2.0884462600111373
-8.997980800140672
-23.294001678795908
-16.48245880292075
-16.368515958151878
-18.50004257461863
-13.423439383293983
1.2431452915840668
-19.14891130293376
-9.884251297644688
-7.797725780635141
0.3521005395141809
-2.3001293190831547
1.8414027416690149
-6.498750187652664
-11.674299821560426
0.13008400140982285
-7.670658527328131
-4.251919478131612
1.2773816804902125
-1.1210806331234182
2.699525415293572
0.7921061529139585
-7.694282572360505
-9.905806600035923
-15.358967263821206
-39.83763104618168
-52.53470363630059
-47.31434169955757
-42.94204107562652
-48.324256885746486
-37.09334133350367
-17.137957942494452
-8.297308880310185
-13.008204062363438
5.021953364668595
4.732595147849301
0.04704945334823272
7.47996269807235
9.8085521791634
14.824336878129625
19.31576235592928
1.1079046783239324
2.0423877173880864
0.9822903243161104
-6.253693848769112
-10.85699765326274
-10.122645063372232
-6.181478611813175
4.991985430631736
-6.739109128162798
-45.73444276721836
-36.39964602508932
-31.683101207688367
-21.644643101230844
-10.758272652935196
7.461316343132796
10.348291991022528
4.715748856595434
7.9619786350649
0.7241661144285438
-0.6942005691425214
-3.4128175972172308
5.710599460295542
13.609178597223051
8.466299685193004
-7.841712343000497
-16.355086512022428
-27.317961711493783
-23.631346786517906
-31.87986697888028
-27.122833099686588
-22.095487433110765
-22.50074368838248
-9.012020597388547
-21.53952357815705
-8.301718353265235
-2.8340321452884667
-2.8197691598717034
-14.456624935067214
-22.30925373622483
-17.918942563438584
-25.49131422038441
-3.639034343706419
6.655119091101795
-17.943936437864775
-7.747981398659942
-3.9632946232707593
-10.234659161686064
