17.502277034564138
0.5533331787052068
-4.736841487269018
15.243420331132695
16.821676902303405
18.41619223079423
25.69699817715601
14.013873263143212
12.111421892484673
6.612216057613199
-10.596273843685713
-9.145798632869603
9.268672369662646
0.3582942393463029
3.157019510416525
-1.8815821591945687
-10.700762443074321
-11.676807618029
-13.28228398952841
-20.886255661746866
-19.244806256851987
-3.3374908043638887
-20.687194221853076
-3.3416011725258303
-2.294008213555533
-0.9024868477781308
-0.6330003718820891
4.251187833063042
-0.9694655083239516
-7.426406321960162
-6.59624307367519
-3.9927920947943436
-0.3835563076045992
26.62349742698473
12.827043729939366
-13.700374984709608
-23.83022567707409
-6.6155948055401685
1.3660086769757476
14.064116275626555
-0.4931043594549189
-8.41621445767891
-4.594312664224876
-16.655453552158075
-19.77389521469935
-13.818066134252485
-5.6670797795791685
-22.59450788225441
-4.609538947021361
-12.111658049362893
-10.5957434288239
-9.84897862305061
1.9620154909016392
11.175709161147036
4.919231611994221
-14.44564733088468
-1.480595508470108
4.205745401920079
-2.885649425402727
0.5751964376126639
5.39544520902694
-4.569285305583316
-2.788311437887496
-6.303415861256419
-14.707762752799866
-2.3102155032156446
-8.318850288920487
-9.006682428513596
-13.040763766011406
-0.791704573672917
-6.589508957988174
-5.921344279635589
-7.967015785235728
-10.847649675881934
-2.182114242601853
-1.7969291168703605
-5.905634865507452
-1.1399626665419695
-2.5078202353785444
8.73468283167451
10.501694510683674
3.7759368508402336
-1.6415043169534738
14.858674705978107
23.540198335059234
2.7184650227420377
6.755599077451309
0.9547133291432028
-3.1568962931260143
-3.624214645692041
-7.634802140091573
-11.877731650861778
-6.52608733584557
-25.80311587518473
-41.74988640573535
-18.402828608146137
-18.945374335613547
-25.547915614399372
-22.67550528074468
-16.023044709024166
1.381685387941218
11.209752301259902
3.183998745114003
