-1.1310409297650739
0.5195537433239032
-17.867056808452357
-7.033802026000114
-15.607219750355432
-5.395247581251267
-11.648994890927543
-12.10397904278054
-4.013016751486674
5.492984587108433
-2.239120505444533
-0.9273184102997246
-0.7430698038810629
-18.51183542705052
-25.877363605705977
-33.358416281254605
-23.249950074073876
-25.43466331177055
-14.916789955327294
-12.63416012217612
-12.738442783902155
-27.10569880623697
-18.54861718243325
-20.79233818507104
-23.62949202573779
-12.330528164448015
-10.122879451044518
-13.915658276407047
-14.90975394297627
-9.447192425540713
-14.463492792547585
-18.55935363858507
-25.514818796283606
-9.361734485538292
-3.064284714384916
8.912491732728306
23.559195440326572
5.903542039570072
-3.1643558888533168
1.5565784718565887
-11.301618099514062
-12.169028148899214
-8.465281847887866
-5.013326715919601
9.012166364836672
-5.358855060163436
2.1856959958252054
3.2529771733648207
-5.156889736599633
2.4338214308966943
-6.390160109011235
-3.369193453191895
-8.665365713852777
-11.581576585432112
-11.218617368132147
-6.181807858257907
-10.322393581477412
0.6913809665749381
0.20314389781572487
5.732956009359902
-3.7118734703846377
-11.690220207349407
-12.64621020918432
-10.508472822401542
-7.408257415515297
10.154917826673252
11.075050992050953
12.213496450493276
15.837051785761306
-12.137567652505085
-8.513389309574741
12.061874860280847
17.116374271124574
14.88044310145098
3.042925001734572
4.43517632038203
1.843396278463882
-0.8589600581019915
-0.4255198014801149
0.8774215275783007
13.746652718634849
21.571270624086527
26.653618054472386
20.623436656208955
14.501451279956793
5.414288506728507
-3.2615440973352423
1.7321329547247482
-1.2628041425509682
-8.949834092596227
-8.592791816481641
-6.328242795001671
4.345148229397139
26.83606609363205
27.551720452071272
25.26711526123989
7.324286249703357
4.237679646154917
1.729673325144943
2.4160537843874303
3.2357470893679965
4.7203221577289005
7.380241469087875
0.4710263416636885
2.5625026346799893
1.4255144570281766
19.959875040938147
18.23399065056491
15.698761458856707
12.068203495668287
-15.353223702908233
-12.839945171845145
-19.422648943279857
-27.716327668792985
-23.424134573561467
-12.400886773520224
-8.493375258758666
-5.414797389989368
11.03703636665652
4.049619182236974
12.63865657044213
3.3674717589251824
-7.725279363267587
-5.484106389443295
-7.457568560784848
-10.6272625368663
-11.993271259135756
-11.583482320092294
10.096296683212227
6.217806053768563
11.121510972535832
10.130380701214166
16.518127716917206
22.32270784391201
10.01188707710738
11.381417988878491
19.056130355464344
31.54363267084629
18.28773074684111
13.375946504746848
7.864324823040628
7.300749767235241
6.923570025316727
4.733016336845388
-7.046125279849518
-11.81192434018728
0.30447825323591
4.13151819305213
2.7022300351638835
-1.3793986310810964
-12.406583919910267
-5.4201608711911495
1.4722713127568468
1.22136411106173
9.353969957869193
7.093017873773223
4.886586020519645
11.408887591141255
-0.4785924645155978
-3.3906321307279152
-6.170034539332602
-6.259719339359259
-6.6998952168261825
-14.348277490106847
-12.807204154174647
-22.243505114562964
-2.8088533359492738
-0.4305921967506245
1.8108472593792384
-11.25674452190744
-2.9744728253034256
-24.50556324786039
-19.980857602337764
-19.985258856992168
-13.323331672862286
-13.510264581489126
-7.379473824198568
-7.069330159095303
-2.831697822532368
4.94539923719828
-13.91073889037693
-22.577909513198644
-29.643448920171828
-41.51372403222066
-39.56716890414001
-21.434062724832295
-12.246732043158948
-10.806714968147881
-12.242514365453546
-13.659361864511522
-14.068247992056019
-13.058704483168654
-1.4515651721570808
5.600665259745539
7.385994269907433
0.08393820332887653
-11.584345744305955
-21.6969246922196
-18.970568133734904
-1.7679344713400709
-7.279977097263679
-2.78365057662788
-0.657251781324028
-2.712231394091852
-3.5955110032497983
5.5555662487531645
7.330809450278788
1.0822907845396763
-0.7436105061318371
6.392810404637122
4.609680734824165
-1.1854881405300084
-3.376425295431679
-8.833109687675082
-0.9325266179274871
-0.17859310250878385
5.199877893314693
2.428287152828478
-3.941059627081811
-5.85616340813511
-19.377985875137934
-10.246592702486373
-6.527783688047251
-16.06511320139035
-13.342320923228078
0.3494491957274843
0.3601491303345938
8.014024372218845
14.856567963416074
19.633229740217768
4.562924990525885
-5.679894494105195
-5.2256954958137225
9.344937958187332
9.799370718386818
-11.20263739945983
-3.7813113949516537
-9.961741694076649
-15.984507248726766
-13.864801345528445
-24.636240219696298
-12.595689294802305
-8.632027630012255
-25.440842406704306
-14.209469677643444
-13.266951542091467
-12.437975782134172
-18.14819454534413
-18.462257823992367
-9.442887103817876
-6.30238104168347
-2.5536610711281056
-3.3368504613240644
-7.693739711343268
-10.028742257760827
-7.732470264485538
0.5763645474727945
-9.717278393353276
-7.560160390409639
-8.006627832004904
-6.069394293279393
11.140989240569791
5.477524349790292
14.204889914182381
16.438788486250875
0.6694736562560359
4.105814652295211
8.18766216571081
14.2235825812778
8.904968895645899
10.266747599586534
11.745508704811316
5.1311618552074965
1.196419389834293
3.305866924639994
-0.8723290656411181
-6.254383961038651
2.578012099730889
-1.9303015766487115
-5.127239046959727
5.789696045987212
-5.128156197272297
-3.5774377834070425
-19.43553055863529
-5.128995952955084
-9.216427774416301
-17.568490500479008
-6.519247708946503
2.628727018023521
8.121557025031914
2.3315232590184247
8.559501656666152
-7.257100212148464
-8.80576233262728
-8.561165613763372
0.024872691704917776
-13.866501651322446
-7.154315034126168
4.080853892153807
-30.95672295437827
-39.88179385850077
-32.08337939791501
-23.484659795044738
-28.819961194018443
-10.189703904693932
-16.366477906130346
-21.10717096285084
-9.969955727121084
9.680072470135984
-2.11062661571895
17.78111284733148
22.652951370549737
28.740279308461
20.29760557085358
14.197126960231886
13.083386144073144
9.72217516597925
7.781551509180143
-6.553015264707326
8.176822358121969
26.252452269536622
14.939717871560802
17.895731074469648
16.01108494511347
16.656252003237995
8.323024741156106
1.1859590178405572
-2.875710491255578
-16.224829985693336
-24.305807513128318
-17.401661444223624
-20.32190827922424
-21.319876188666374
-31.27675847286181
-18.20898653663229
-16.56590841825341
-20.936455519604444
-20.15656836642805
-32.43833737839589
-32.819331002620075
-40.2855349007296
-46.04758526976076
-31.965730673042003
-25.16829967215639
-20.596123456982006
-11.485111278939547
-6.843333688571312
-3.2776115958647383
-9.974379937360727
-5.317407568940549
-16.003746829596867
-32.18977773595633
-24.010341947155915
-12.183324343880965
-18.449630388932647
-30.98131375421209
-26.95329990757368
-34.53804006405785
-37.26086634451929
-33.69134350029335
-33.74904470018161
-27.303902469506678
-31.41572902556995
-45.08671498595854
-29.04949526007111
-30.128141353181306
-37.58359164687435
-24.817553251165318
-21.238415902045297
-16.804174565522434
-23.6232109547898
-26.28012124876733
-30.123980567793364
-20.70193805503886
-21.3026911577862
-25.263353152940567
-11.914800655861018
-11.303176253713053
-10.635618234393432
-9.240208161637026
-8.337766933402555
-9.17594649510235
