-9.197257731532726
-5.092087791357723
-4.631129640780762
-6.964701122672652
-3.406543254390024
-16.788350163143832
-11.382400869456426
0.3536982969019247
-14.64388371132524
-11.184727641053641
-13.941985155108593
-14.715824929853367
-17.145738006479302
-20.575155784940442
-20.554092037758288
-13.0312881276434
-13.817718659593098
-25.06890355457521
0.8492557262070969
11.8247339218024
-1.2008710097229844
-5.573983282972682
4.42821561885324
10.17749550836292
4.131973017349677
-1.8728769237733705
-21.40637197467145
-23.531771745777977
-37.65014361860054
-26.624970987142838
-28.54738727750321
-47.69047100891997
-35.53078756882499
-18.74149403670309
-11.833457444092748
-7.545580252543057
-7.423608828294812
-27.14510720089714
-26.22022227555137
-22.840054000203065
-8.866369659388543
-9.43467701285687
-2.8414263436804625
-3.29229403293793
-2.7876268154541743
-2.529206384489636
-15.724697553950046
-6.38450995373526
-19.405611144219094
-1.8250411748842497
-3.005625759058808
6.617157667607764
-8.252676325559761
-4.733313252709322
-8.61682856889349
-0.18169163355713025
-9.070900466612702
-9.014096760982492
-25.78638256123513
-19.172048855112372
-22.973261212454766
-2.0794253604608324
1.7657944289652303
-4.280279433013635
4.897881111237783
3.2338914736368625
11.186888411796676
13.323253678956206
13.95875202839984
0.6264125125383185
0.7651329662258328
2.742665899398672
-1.2192121348208076
-0.013389249174678037
5.907819647915963
-3.5933750821946417
-11.283286949017992
-3.3323054797271268
8.719076791877557
2.6481271620503986
-6.471232342989332
11.114358558591816
2.470303954762413
-4.667529348535521
9.895405167955634
-2.6463489252051087
2.2570006515729943
-10.821224157122943
-21.18994452646025
-26.407976585801894
-19.688292896150084
-8.907407107082436
9.71232146371151
8.296727246386205
-11.05908042832963
-13.777537015373335
-3.0370158794898496
3.1365843313291637
2.028244137172742
10.189991179340105
-11.621753327826367
-4.33910690737
-8.741017104913551
-6.730173890112719
-8.15476755657152
-18.65183599761275
-21.59701658971745
-25.245991496545013
-20.419482263996656
-10.357451396303292
-26.415492249178104
-25.31191777601829
-17.172456988546518
-36.28880977268841
-24.551490099531012
-2.3806678487727444
-6.735119674220709
-5.341712411331828
-1.1309076638178577
-16.531508984022736
-8.91363336755434
-2.1557478960086662
-7.646807626435577
-1.5952595167531878
-6.6882826225682805
-9.43400138822525
-1.9414455867072944
-13.37398461530771
-1.0660620443883788
-3.6029979687791953
-1.9686605000481547
-0.8347689203831493
-2.962633796472411
0.8788255756591784
-4.847667090683292
-2.7428299894461623
2.7140782753505843
-0.21025300777610126
0.23401930594319284
-12.65516627590641
-15.397644965351072
11.151799658584588
12.704813303292697
2.870231904649944
1.0167470029065566
-2.3264963479864917
-4.465184512127655
-7.821233069163657
-8.595596805254544
-13.516157450330226
-9.860803660380418
-14.335279175175257
-11.21514533272464
-10.988527184341958
3.1607662572768893
15.241102585978576
19.627973962634567
9.471413043726553
8.067459174442503
21.594620112736287
22.100053597614632
28.22379983829153
15.04861889423244
-5.006879346279122
-14.855237430181651
-8.470976416321433
-6.244623720161173
8.566941408084405
18.95283064295391
25.371053708792058
43.660272615443574
25.657475990978657
25.81371050428125
5.14381887956916
5.150793757604107
13.008152161441885
4.052028864608408
-7.623411892050037
-32.42829029433632
-38.052470050336474
-32.95819203090079
-35.80839645843176
-39.872134005264904
-51.15782359861968
-29.865787121640157
-13.809107092782815
-22.594531041078344
-10.573715924428287
-5.133220914324171
-1.2011165083489377
0.3482634064837057
1.0366671064439599
-3.8979383833893375
-9.953326121670779
1.1754757383633063
4.8307591906203315
10.335243117691547
7.770456565559463
-7.858662082269398
-10.801739430894084
-14.411568781767665
-9.941866590513051
-7.840871301352746
-6.2153134874181175
-6.2768678192184115
5.296388250980955
7.113887572962418
9.489914996079047
3.3349292139670514
13.284990841384056
18.65396667174904
7.902255842658271
0.26811899237455783
3.2076870419508587
5.184885941913559
-8.840582041407838
6.907629657109468
3.3877968992765504
0.4332545950889076
-2.8650556997058194
3.74979238914288
1.8393001649922476
0.33604635554877965
3.1101747376773026
4.677441999315299
3.504985238721085
1.3939957682334
2.1223312690372103
15.644564810557663
24.482418286429613
25.08024597970324
26.024778347192004
17.555188513546966
11.278432000694444
0.2545724066146904
5.775524078161228
6.550150919267392
9.603837787055786
13.164647650000491
10.65665593410634
15.795432674363113
18.46252949518385
12.093661847936726
9.075554296188914
-0.3833096799712126
-4.124267933515308
-10.352954725021275
-11.046195071606656
0.5529281091845363
17.5105177355262
29.797598512812186
33.9786209698389
39.34196291519447
33.152850209361034
16.109087436861163
5.914155537621936
7.715082561559662
6.706103457095418
13.7224438970363
2.0929110666608883
-9.890326015993598
0.27027374286645584
-2.0884103624985166
-7.844903600311987
-1.445814916448506
-1.4815382285010488
-5.482209567758738
4.00225006006984
12.199731107843766
1.1974931270384062
0.15708263604535833
0.6917153938450554
4.0958284927096456
11.912135866502963
15.209348882685282
18.819129320450863
20.266683657044574
17.857476878343086
12.296634385335537
8.238619418212727
6.691861760546615
3.5157692584547786
-2.6833726479938496
5.817670689409582
14.211153703734636
9.727569580862326
14.563451612570493
29.33999737105489
23.24651324927841
19.597659893540797
26.284908768533136
32.79271584816432
20.311010205551113
14.182375656984751
-1.9115567747150672
-2.7263780545617147
-6.3004034210161475
-14.620310700490696
-14.329236004482024
-10.413623528476052
-19.465365553502334
-12.06607791945383
-12.600562779634199
-12.834643746573233
-7.739879256870004
-3.0703698145988496
-22.238474800171517
-10.984097441840305
-5.191513258010376
-17.877459884614073
-12.94180927305302
-12.872681775524127
-4.7692481499928405
