-0.18607368366540775
8.595247320393321
5.498947142867151
-4.160077836733676
3.5138620124050908
-9.588584661473266
2.182708530802635
-9.83405195349062
-0.08226153520215886
15.96083456724827
10.036958356877417
13.558331834011602
8.172554699013729
-0.4422781473372359
-9.19305913672046
-10.663781358196355
-8.755085331669822
-11.425552514413269
-16.078563821078912
-26.71270535105498
-23.56391055549571
-23.37924054949747
-26.97442455908452
-46.26156736524547
-41.99840662189931
-32.92005342115535
-40.013499346081865
-48.29539211987825
-5.087352614493326
2.803225968697044
-12.089636520655578
0.23604233684757694
-0.4645780903364138
-6.136190152411389
-12.954800766058092
-15.732725304251204
-16.95967254711831
-11.276153797225039
-13.234885282279302
0.6717114790623753
4.130692206339674
-10.332375990862507
-4.297777600196439
-9.972686126769233
-10.977077387570255
-3.430609387717694
13.65708319400743
-0.4958311872715496
4.285088132936824
14.010873619532076
-2.3099965877986617
-0.9075704818401492
-4.483620336298254
-12.462853215589876
-1.659377279167784
-4.866584284941865
-10.725683723334726
-12.802979034189374
-14.225296276435573
-27.355191672659554
-21.21398524614038
-33.85176084171126
-44.757022893498316
-39.223320272455894
-38.40581700744596
-26.546869749257446
-18.78148003774133
0.8421505036467798
-3.5746845204455564
-16.09174468310633
-24.38738303198419
-22.908041282973468
-9.574527207075587
-23.073718029847328
-10.937858181212523
-16.656167008850566
-18.978239028602392
-23.442468298068533
-17.239534483554525
-27.420684484438123
-21.983347370659903
-35.04611844144739
-30.844824521367716
-33.00762029871193
-29.632235846482395
-18.373793008856033
-13.44781687639806
-12.38425477199434
-8.586862945370129
-1.9398677600337493
-9.73876903299869
-5.921815368571166
2.978866111496867
-1.177805613169094
-2.8233154532504314
-14.15293290386964
-1.6870151094358
-8.157527517559078
-3.701455947038522
0.1271446442512186
-6.128773028138982
-6.380589640226412
-5.857265025165932
-1.6907478665842288
-7.7951491348542925
-16.214833640873767
-15.171621499559324
-12.824160803883355
-1.8587183914570893
8.591424922799042
2.322380766777349
18.844595300073692
10.640344134267231
7.783215493056628
4.941940273226266
