3.07993281846096
5.7395877538224624
-10.934684165517215
-21.333669351454567
-22.270463152006375
-23.523733421025003
-25.10489356790783
-25.827476872992424
-17.028083088716354
-17.254644525118827
-20.754970041633054
-7.941000269507227
-15.374035117942686
-4.522079682330643
-8.3795060968447
0.17875510705677533
-12.681469814533362
5.014846959399375
-3.914392920755021
-3.1880535167597834
7.9940145058724115
-4.406964699379499
-6.179820743730332
-1.7981986144152768
2.751002189113785
6.627607850570301
-1.911124509515022
2.154666554721676
8.132298286974173
-5.616798839015383
21.727403087677537
12.98138168280586
10.065604812533405
18.147643930284023
-5.9587470963143705
-2.1945904262472125
14.114457493637984
23.96487051395902
14.062141249672274
8.380288968700095
-1.2394915824104609
-6.162207384971982
-8.54537457410171
-14.196371320661154
-9.867858944072287
-17.78299245437535
-4.600412067964378
-4.570467852832032
5.333444184590208
0.3049996648532796
-4.762585472497337
-6.316234322535366
0.06342560926472719
-18.637271267963072
-12.391390835664039
-18.18628695663954
-10.908312225756557
-0.5549507158911908
-4.572644854331681
-5.083778657704404
-7.604500770335692
-3.4039534064978247
-11.211301088309462
-1.878702356832932
11.814381218859316
-3.611304356549661
12.857123944996598
-2.3911621392498303
-5.519399629440709
-7.830600613887833
-6.2124629776099844
-6.679152241062362
2.5770824315273666
9.152403011326014
0.6102918266916372
-4.134736431497792
7.894744494656797
-4.459065689958781
4.358339629533291
3.670623034886328
-6.5197162797460315
-2.7196276618741817
-7.713661718408065
-3.713690811201407
-2.0150230295949703
-1.026646779635617
3.405093888342536
9.794922789956596
-4.327655809492633
-0.7095209206874049
-3.792787471444814
4.959607961459138
9.808920486557213
7.960692167855957
9.17864214879277
-0.8099653306856078
-9.885111185000316
9.573107415716859
-6.7290052173116095
-0.4701098401511502
-13.400035105003774
-13.783052649085727
5.935193884704898
2.3527212316574064
-6.617119016177784
12.593393495728971
10.587106922214565
10.97217256973692
-1.7061188223389938
9.714567048909704
4.020530069429548
6.012144681505178
-0.9691014790961135
1.8058407786340485
-4.130431937022714
-2.8417331833770554
-0.9546811029872596
-6.359350129655207
7.672022379828376
3.477340197774798
-6.837265441943576
2.877928683449578
1.9304038739361882
-4.478287544915049
-5.25882833542318
-15.957608277935519
-13.784033476164794
-4.991436551871692
-14.958978770030267
-0.18868185760923314
-2.2844240380899934
-4.964634414638712
-16.15271949312011
-30.404575839726697
-16.466343479998912
-17.812018031603372
-22.160635780908972
-21.557439989344374
-22.201393703629908
-28.93225284805811
-16.51427097536348
-3.6693330062956964
5.607670490541627
13.22469412330616
32.17392693424865
14.74609224127526
-7.240215362488147
-1.0520353529447837
3.4569043171952383
-1.8663783682616841
8.903165155509305
-23.947581656306443
-9.288021992177704
-14.718336408572107
-16.71269131020583
-0.35383315896036105
4.452013342640536
3.9869102038342352
-8.619534068501784
1.058016760316205
-16.146495373671513
-7.957302470740575
-1.6290578620409903
-9.606972102110923
10.562321929102502
-6.125110842937117
-4.437593352742522
-14.807157439978758
-3.0052069124566136
