-7.416648960001647
1.8567017152979928
6.516903365122012
-10.559919504651912
-3.37274626086633
-10.20517665351993
-10.955588963609591
-10.098231807804543
-16.334291002405127
-15.56575424032251
-6.093611077122829
-16.545690756183657
-11.009551287828502
-12.283626357863696
-11.306208084382579
-14.481818294327118
-1.8164525016366573
13.317769928221974
10.117795562476577
3.4317605700629343
-2.0470885571329123
-4.017210212641701
1.0335558628332917
-7.160377340191454
4.447700546285904
18.63289419550772
14.647166939835836
12.156794139722544
4.20739224887662
2.080285000006316
-3.2164231352094195
-3.029783143643876
-10.219196876642076
-12.351898699568961
-24.49841263025289
-5.0749476842469905
-7.099761839600438
-19.75072183855398
-18.991115471451824
-9.066448794000394
-6.160808025420259
-18.180343344959056
-23.27755271635389
-17.638898824640073
-14.836838670554187
-13.709706186978922
-22.092696956418386
-22.69180521749416
-21.134105818963686
-22.376701647888297
0.03856101091917509
-0.9643746158792312
-7.131390321402263
-16.599010326251854
-21.371183792983846
-21.465324489663576
-14.044717297366947
-15.114016570507914
-3.884615945126323
-4.7191214156683365
3.6337239439155993
11.11364811205172
-2.420364710958743
0.10527452767560624
-5.609415875291051
-6.782308566686655
-4.241870887475636
-5.604006744107854
0.7325307965315359
8.08886726309594
1.0726357117428496
2.37039242837826
5.267503485117271
7.80060039032183
14.157490704233489
8.14510583434762
-1.496340628110075
1.0057000039801145
10.275194859607703
7.889069870110365
8.667963051699296
-9.82004523396577
-11.496319464916775
-12.27147272992811
-1.8058028590846815
-2.455023382216705
3.806214967159496
-10.60033040791148
0.6738728513990273
-4.696508658413059
-0.4475383812742917
-6.286914813574603
-4.845245388606066
-4.209039143395743
-10.718833343904967
-8.792626619896403
-8.201480352799111
-1.399734271562694
9.601024147571886
9.835294773249203
2.3203859006405247
-2.860613970096073
-10.231828879396732
-8.160265041855736
-11.025834329049909
-14.993174517075568
-17.471667590552816
-18.665517382207963
-38.00142604869684
-31.669961524473404
-15.461055215171731
-8.792998411160521
-21.51859908910891
-31.585836754591327
-28.85089111781105
-18.39954984047004
-12.002005517118896
-41.108407838828114
-22.136209633377796
-12.373712927085705
-8.639858413886888
-18.08595450152465
-19.979071385566424
-23.842947443964373
-17.29017275721798
-19.092838879251282
-15.941408905047915
-13.768458194427794
-1.1813907003884714
2.9254699512858284
4.163867981786459
2.121724794504248
9.24758855467562
6.818767471602067
7.951293201103915
2.496949617789732
0.2508712807899215
0.32566957649832584
-8.245007955292582
-0.1857358223612801
5.0715226709336605
5.703263347059518
18.012043560526113
14.114999132626373
-2.093431783054307
-0.25980022330559066
