-3.6767236556205396
-5.229282173343839
-12.881290281338535
-15.802607251104428
-10.81778752357684
-3.3086923689006205
-4.970523091707309
-10.218712203233766
-8.564871482048211
-6.560392170475459
-21.079746512979856
-27.662960588791574
-24.82097191398537
-17.581403188820655
-25.072480818230087
-19.08399463232868
-22.382912429039024
-11.377169388080315
1.164202938246451
10.664421853152506
24.760956592690754
27.41299660757693
24.014436959599568
15.900279719444466
3.6163630839547283
-3.491161298680656
-6.652609420755416
-9.683591972447406
-12.219126377328529
-18.403436486156245
-20.409048667989058
-22.669452768149306
-19.866395192905923
-11.084056069630769
-15.57782363735085
-8.602024264356434
-15.333602496314995
-12.027334995435314
-23.418346812525087
-16.2755647940529
-7.4495062644597185
-21.44126848539639
-18.840526206041755
-18.338769651262126
-3.3086376490942166
-3.4981545790583297
17.805185225433515
32.29268789332543
11.161161389892321
11.984124214969034
10.565335200024256
1.7177980637326633
-0.002687936278161252
0.4310311406465994
1.6715560931281677
-11.108273938328812
-8.598480920550468
-11.163724803270595
6.8263385412797355
-3.813195147879092
-7.601998103731741
-13.238626252456706
-18.06469473754548
-7.942720608050419
-7.24048627765933
-3.2203305286017883
-3.8559493680436714
-8.843133356085096
-3.691821123440201
-6.959098021398016
-19.11833472646963
-18.55686693001892
-20.2374213828873
-22.49423946577888
-25.296039683965677
-27.0340736838522
-27.84357331747481
-25.667179684334172
-33.086779613341605
-35.8000902150804
-30.744182781816484
-31.322640359282488
-27.651216782652195
-28.86989883051888
-33.424992236890944
-29.608219230954667
-26.419028618020143
-22.676310216641955
-27.02973153902273
-26.30403442562615
-17.83138074418078
-16.740168054154857
-14.361214737674164
-3.367598002429006
7.6660140549075315
3.666512810540412
2.232163691917168
-6.3049463997551385
-5.317655837011874
-9.061124218198627
-15.520992360586105
-21.57516098179976
-25.487624654417008
-28.940981346789762
-16.839518477807353
-3.962664605793349
-0.804139844071188
-2.519832600743518
-5.61735204431233
-10.737481747949984
-18.634897044794798
-1.855346291623568
-4.691544901274896
-6.226925140276044
-3.913540383669663
1.4214702044357586
14.267844754819489
18.39575342490128
13.633130695227097
12.656851730552326
-1.0343308143757175
-12.991159561216906
-19.036576314969626
-5.984456759834595
-7.744156098474053
-9.480462621578592
-4.591708953628113
-6.5964652775606485
-5.53296549982929
-3.2833328370271397
-1.584825606663088
-6.6345199342881696
-3.161331397217978
-3.4894485089058915
-6.2779915025873265
-5.671579204759118
-9.518387806688137
0.3512462946523689
11.748704417982848
4.324379615486887
-13.423037168949056
-11.497328854994313
-22.338201416244267
-3.0199582711191604
1.1066788601137318
4.562552047525134
-8.209777840352817
-7.014502062320028
-3.6644305726656587
-3.9988312959186767
-3.996404235419104
-4.536748020409139
-6.027695543398503
-4.723812037096488
19.508576982580934
10.907172593168983
9.12866860918909
9.631199763343721
15.33923500904453
18.89410509577863
19.23101343942132
18.992446070399247
1.0876006026378149
3.7904533589754617
15.511557267333044
8.712436551056197
16.068865341490955
2.1159977353396995
14.313327206798945
4.111664548114998
10.683119221462489
10.311242787145565
-2.6201816316521094
4.3618239505284215
-14.203115790793776
-3.8184072607251847
-2.7570521906384537
-9.733553274689843
-23.269149914116262
-18.246803060080513
-13.40836890142282
-10.213684193201525
-6.811100544766135
2.1206304759397328
8.251553413635195
1.1050349763095744
3.5561598698966814
0.28367801145730115
-11.947685690323315
-3.5578885340465054
-6.435677598465
11.079073435888901
2.1301994300430684
9.038085017522912
-5.522104382674772
2.062987613529728
-4.791440014011793
24.451163152392642
40.75840201544614
25.517187102889658
23.5768562563473
24.044478777523732
12.589362724828865
7.601824749713316
6.644796557692679
2.9858876017254574
6.739042765585709
13.280480562986677
12.147239113867247
6.8872544464020455
-2.6935060513437272
-0.2273987430131948
1.3031766497495887
-11.916855445888427
-6.31825028771034
-6.658796146768679
-8.379787811757403
-14.556647888827346
2.4400429922267723
-1.0839599929684645
-14.503817394158425
-4.6003052221378296
-9.440237760768836
-1.166204341579368
-4.1888657797403726
1.911467464895787
6.400343329601932
14.644442104154999
14.867867946226252
9.59451240197
-6.362272000925829
-1.3964575699732158
-7.821624867637729
-5.6273752859363535
-1.000101396114379
-1.7734928832214714
5.468655459229323
5.855357343540281
-2.393279305122604
-2.0171657666170804
-8.106020930851702
-8.942491675948801
-7.648827513534631
-1.8447098470059529
-3.101293489998212
-8.999608558839663
-18.40189997709039
-27.11771506386166
-26.70198325463515
-15.05981923232188
-25.04081051991618
-13.575359000986602
-10.140552891975538
-19.467899148394057
-24.002470646483378
-27.629956484702497
-15.522878671928398
-20.4023879443022
-24.654875795864548
-24.47207177699022
-33.3471626551558
-30.85181513858739
-4.597371811764833
-3.572057505986
-16.74933053335776
-8.671033150485764
-10.621714998611727
-9.702926941251699
-6.916618480100068
-2.485222936074877
6.6601958127727805
13.361508454080026
4.272969872139643
8.571449464240828
9.102407108587133
10.224685509374725
12.702579287787144
23.284518415509318
25.037213549308433
15.438446108074755
23.195070220633184
17.287516594590052
16.131998356154412
22.162811183249694
25.623326762605576
22.101552702515807
21.269377102945786
18.544948580300115
15.093288866876582
18.924556479122142
4.503007716647106
-5.14369955927828
-18.783732269540085
-16.724915129687133
-17.9004658503758
-25.798726977461897
-21.377174845819265
-24.268143064606843
-23.510331459731308
-24.63765045736072
-17.867367221671255
-17.347360345646276
-20.647856716364068
-17.833103806852836
-18.962876417993872
-20.514621817387532
-22.26603340963655
-24.480009989504172
-25.520630559351698
-25.196333982797107
-19.308591173075158
-13.529945864188836
-14.628402361605508
-17.433356889623862
-13.243273166365347
-5.9562885199813085
-17.109108544462547
-12.242690520237806
-11.471151714203586
-12.465940454378181
-11.472269499908144
-5.617717763655474
4.224773662629944
-5.6592045221878315
-5.538577841242889
-7.47543150084036
-9.333859714602909
-12.507900126247874
-12.149615857621935
-4.488221278115627
-6.849754412082003
-8.329363031969258
-4.8121426447772535
1.8291754476853477
-7.107855544382797
-9.239960155679384
0.21476978590091986
-15.997736836600367
