2.3530425613220918
-6.496296640599314
-5.732924900282262
-2.309571422897179
-3.7430305271575928
5.0450550676396695
1.4086398064091483
-5.535011332950453
-15.828476522892952
-33.7730924369945
-39.55622823337478
-35.617572389753704
-41.985493495998256
-48.803519115540354
-34.88578136559241
-26.205482558312806
-18.431579741150454
0.4844566236116061
0.5843237228846897
-2.095844459689089
-0.2370924477570346
-2.829606659815429
6.1759492680201085
-7.336759852642021
2.8493959324360465
-2.130657753021871
-24.741056482775218
-17.113564823435222
-16.246458173948128
-4.3730003710058805
-8.241474148837105
-0.9625831074907848
0.33263906722929065
-0.8595451216262511
-0.2454768702691662
-7.91141831482075
-9.83403673173762
-11.712001960727918
-1.0071363746737538
-18.53526620849064
-16.501937301607757
-7.550874834205603
-16.9419562730974
-8.377315483681242
-10.419361874560039
-12.376049908021498
-22.232759645760975
-27.0590518769487
-6.20943286884963
-14.11441422234606
-21.5791891485676
-12.470172251708556
-4.515187191532823
2.3037177332094303
10.979076073789024
16.732097752153106
14.12825649404723
7.530547583524346
9.349133934162918
1.2794420128070414
1.7528650288538334
4.222954901727913
7.856445655675984
14.439980075323133
7.609636709489941
7.286889736302168
-11.890388268493906
0.06016756518582335
-3.2810757042533862
11.581276162344256
11.640028253909582
7.9742499398727045
13.83122057236526
11.649126887679381
5.327391992854084
14.677729728608206
15.519389310218767
3.731312199129044
6.803280215490889
7.677250395789873
7.739423682688266
-9.399378718678898
8.648754672466115
8.295866543892817
4.927363502534919
14.993680727636251
-8.36245692245093
-7.002524911556742
2.501812724341963
-1.0968860193182852
7.719919479492817
2.505910698353621
-0.8265913243245566
-6.5031821090408
-9.628221462808263
-6.79166816163565
-20.79561701297813
-27.90860998299788
-20.586905291726307
-24.09402080555284
-16.634583681178068
-10.676941338716873
-2.964403030740379
3.2734698644253366
-9.534258160701071
8.454454989762134
32.61544583803291
19.308996721684448
39.771145972930185
40.47211909593908
40.48917403891996
41.594202132419646
45.48818512518061
37.927306779436826
14.58578154965333
10.627135348152537
3.580605180930819
4.549023073959937
-0.013696318542375015
-5.337223533173513
-10.386660784086317
-2.959528963981087
0.5914338677536269
-0.8820185588396913
1.4766939850475358
-7.2787853249477115
-4.39379332163127
1.4708792893336966
-5.195476536343311
-4.3441489222622565
-6.695717213211331
-4.301883040242348
1.4568543151812874
18.760999921769713
13.359415115332176
22.938361694308487
20.553497150020164
4.644325487121994
1.4158576478885747
-13.152776890830665
0.5487948769620248
-14.483067006573355
-12.643182548836005
-0.963847896612232
3.8779849097388186
1.8210901380651308
-14.378177756425602
5.050789355112424
4.176146875107891
2.268997154522156
1.7972101967804817
-8.387526077467642
1.3323548705576038
-16.739272190686062
-24.02062878387625
-29.222939991620642
-30.31190242221923
-31.044345246154233
-28.266359766499797
-23.117472390658946
-29.19227067561859
-23.738793815997077
-17.78218510059261
-20.92431611178653
-20.45459333466864
-21.41295346468712
-24.21629668270733
-24.84159353282517
-31.816079570936346
-25.900559139871717
-22.86071022052852
-10.33654025446602
-8.600126482854849
-1.4498922113981259
9.066297702767676
2.9483476863353157
-3.0489402865045263
-11.237752993276274
-15.596879683753862
-4.074826064514572
-20.030819756250548
-2.9276562189529503
-2.7555698464624916
-4.689604213719446
-15.64794473406904
-23.339516175882512
-35.059117591791875
-34.56675616552876
-22.06586850427764
-3.8812404650052965
-12.02724821800984
-15.416313572259508
-14.962151844392489
-33.03098074374974
-33.00112599886414
-12.077547719577124
5.97295185880055
16.378284915847207
18.618691231379113
17.84818618866936
17.297986515256408
19.336248816829922
-8.985050734100204
19.08177844646411
17.01304913152266
18.51056682350694
12.92321444270041
-20.901498359636214
-42.000640164183366
-34.96252316786522
-37.78703580995907
-30.285598460681964
-25.98300869332538
-13.293864456461888
-1.656128702321479
13.017019249763107
10.822293559258664
10.416646924642931
16.814761743229187
16.093382787639918
-0.10127473878517136
-27.3667110471902
-27.70965146789188
-31.514743875784387
-33.21501136001364
-36.57576179145546
-36.82960866292006
-44.528607433035354
-30.686077062114016
-13.054664983526864
7.675211974260974
8.435234208145143
14.93421043031759
3.400368573071771
-2.437501088508553
-13.664587002962598
-25.331822127887087
-31.19798572031668
-25.24911670191017
-19.45875162188706
-20.438847199720033
-28.314415188401977
-20.64221396115586
-12.422777861076698
-12.199883465844126
-3.4753981710969764
-10.254101582734712
-13.583723955924349
-15.553277263850369
-17.186570970136245
-10.7593827390726
-4.746649367577071
5.219881160043992
-17.990844612288424
-4.4826957894629365
0.6623124536643119
-4.9646377665566845
-7.872517818206215
-13.478317752010932
-19.44127530976737
-21.915319778070568
-25.83406110188596
-24.31978977833418
-22.393574609792065
-24.269736767892212
-20.498448941453447
-19.354912389214714
-8.855436910732777
-17.514097948139447
-24.995478622767678
-24.870355288293947
-31.209983463213764
-36.2491860005659
-27.135823433873078
-21.003411620328905
-27.465619110795263
-17.308197176056193
-11.413481276139686
-12.393821187644667
-8.358420222057342
-19.221818434766416
-28.05046495112638
-10.874478555538097
-7.549280160524565
-10.6137668751627
-7.719818914135362
-0.5905326312985546
-16.705322943843786
-10.817805114509461
1.9483425643416068
-3.6398212955864047
-5.927064090460728
5.1304597161233865
-6.361031092128929
-4.846839573498627
0.1694085077913619
-2.3560280291534275
-21.561400223561684
-6.2654011237702125
-9.916711756146414
-21.720438492788983
-9.34303821497133
-0.5750837097258354
-4.395207831687572
-6.363165688735753
8.22092930255051
-6.574047565225733
-5.340027946166909
0.16869034730989074
-7.597197661579171
-38.12205813794976
-38.06968183267429
-27.70050213639109
-27.22826782068605
-27.872083409250873
-27.979345857557856
-30.566838466283173
-30.82706905340786
-36.73818562359856
-33.56454541979263
-31.60811406968376
-24.429603524054574
-30.92534718686337
-31.44403471288932
-22.85316903756539
-30.151808202846173
-33.96422955637561
-26.27520065298677
-23.77391500101012
-28.743854999314532
-33.09342325941644
-24.40668483508289
-27.94034105445917
-26.802964846365672
-23.7904178295903
-37.0153991887598
-39.0208256827306
-38.38900118487455
-59.079541886868384
-45.72857611868335
-51.95547679334727
-56.3878277595261
