5.7868237018245665
5.33609460274541
21.96896458580667
23.284702522586198
15.50351289356663
-1.6804176551080638
-6.7373141089623125
-3.4123548603800016
1.1825797070275688
-3.417123562158076
14.941250853837627
-1.5035751248255471
-10.109477440979154
-5.366481184493948
-9.121910978346321
-11.228255485610765
-1.137763341535728
-3.5172322132421883
3.506610765958664
13.703509526524858
12.023672983424785
7.656246040159456
15.109957826822797
20.24095877097859
10.768838509596396
2.7491390053051843
-8.902708542402022
5.48417434115576
8.399174909468515
0.0036187300001577468
2.527594678338108
5.019496401179887
7.817455394490173
-3.243603161184221
-12.758873471823033
-8.430376630114381
-2.4118978430115137
-7.947558350051691
-12.590600802742765
-7.060332318196625
-9.502048000008502
-7.752472926744952
-3.683390727766574
-8.702669614141843
-9.821868864527014
0.6283980749392251
1.8851378038418571
3.266879859237064
4.919280242397268
7.985017112599618
1.0871530896059511
-9.34466932699909
-12.702181435505993
-21.110714681434924
-23.59320734908935
-16.914245502301956
-19.35949771446112
-14.172718516657188
-16.051182904627222
-21.63081524649736
-27.64125456476165
-25.215643122585288
-4.994486958316369
3.7522942054286164
-6.067515994471071
-8.529579709890747
-1.1802499676347091
-17.74685215040371
-17.919818401725898
-13.890855733535519
-9.526487201667925
10.394109310639397
12.535332990067065
3.0148835378795
-2.1088560229880216
-19.04525226601638
-23.001805388310043
-26.47650433770497
-31.53152214023407
-20.493563644692774
-16.40939972228608
-12.930486346720702
-15.515809771424642
3.8122445583893168
3.94114419765861
-3.848108694358042
8.557083401688143
9.340483921352753
7.1941905447899845
-1.5073055011934129
-9.335765732451597
4.4713984909298246
-3.4353214446696207
-5.786713027807767
-1.370532133687183
2.3493880583658293
2.6813647173741306
2.749163668855214
-7.538049478636397
-1.5061879607566555
6.830606957187754
-6.229407736626839
-28.630329113981677
-28.708769838957316
-34.636365339249984
-31.178418251497924
-34.77135228048488
-37.370532046436594
-22.49754531493054
-10.391337749625825
-1.6190998509827466
6.269093959937671
4.262126408194412
12.085453063077605
20.840779876263564
18.01354199664116
19.741920284702736
14.410293012819135
6.636389162223563
7.500507920859264
13.498056899596708
10.654643317360529
2.392187804544852
12.989772194071374
6.77181491423753
9.365863298317699
15.20060978751431
12.504196589820358
1.5379284355473817
-1.6432197100537351
-7.143638563571763
-23.361756462344346
-18.26916916073898
-14.776007403509384
