-4.757985808822887
3.640541693681023
-5.151142275293908
-12.799302086712238
-13.690394230007575
-18.65764699264484
-18.023597897755693
-30.139650470625728
-12.28324833611482
-25.018561490585142
-18.249900906792536
-29.174343196374586
-21.26377021154175
-19.826301942466614
-19.839244006661783
-33.395998900163825
-29.129063320227367
-30.331368686014038
-27.47268447738256
-24.499594095998322
-24.60399980013113
-28.53909394351429
-38.87746183406816
-45.11636180258582
-35.874321778194464
-40.9650742087805
-43.7160224149625
-41.52397639290925
-14.53793466692865
-22.114505664722028
-8.358740598137723
14.382122150347664
16.007907509542026
11.881863082951625
-1.351840712710625
-9.629424295582023
-16.92019127147577
-26.306515898977818
-23.681740090317092
-18.63279115854489
-19.44418890839705
-17.976388989240423
-5.851534533971625
-5.796878018275249
-9.765396170289478
-12.115369618389664
-10.396253665681348
-17.356422335594626
-3.7263213061833342
-0.7443679196323474
8.336747256093705
5.9785167451013255
-5.929621413940492
1.7567086800455771
0.4976970114934339
-6.93469016608648
-12.357363144576349
-11.882362796979626
-13.593391059508006
-16.625230867548066
-17.186165867864997
-13.482461402485509
-15.928170304944606
-15.898334583166339
-21.626328279530338
-18.92607219391552
-21.58694777602399
-26.49531727676713
-25.65804561982445
-19.590065274271268
-24.024584657264327
-24.540138037627106
-21.342870183175368
-6.713600794328455
-3.608599717031897
-0.650084070020029
-16.508265605819368
-11.114556498255684
-5.569149814942079
-16.622197198266257
-32.037379549836935
-32.46798868960016
-27.612594811980983
-15.417555399965186
-12.455010098663475
-16.238229474325887
-10.411814275190258
-8.50433579792473
-7.8042749732790675
-14.602135364805118
0.5304459044785439
27.684279901873442
20.006490130064282
25.70358477723787
-0.17479010147223986
2.4073242629463443
-0.07207324962585585
7.598550635096671
-10.391184989885275
-9.880522260002222
2.425231963177518
13.290813864117167
10.123178801949168
25.0031715186842
21.17716166535905
21.70863970770388
19.43735231065762
26.95575815668407
26.305953050017248
16.034348912699205
9.501356999504667
14.155619360623586
26.647967522599746
15.905883786670222
21.300936286035306
14.778536450230332
-2.083060174105684
-10.416296549912973
-6.841847313314745
-8.361695360111314
-7.486227515003343
-11.344131118211696
-25.625129263157497
-34.92244286024061
-20.587723659642002
-10.027780695586301
-19.39788022131916
-32.91060858504424
-27.341983501723504
-44.72712962849207
-29.56758316561658
-21.319557985866965
-19.716150410948426
-30.318469928349504
-21.024811024852482
-35.19003995430533
-37.555647774536574
-9.0308590399086
-16.661903297596428
-18.41172464305165
-11.55172033530874
-15.513087023690012
-4.928187922825531
-8.365591054388199
-4.959232925990995
-4.1298702284994
-5.925609464449559
-12.838485330975733
-13.829618829434738
-15.088719730131249
-5.058278029925804
-5.0000672084610525
-7.231879075512757
-6.7124451605395015
0.6735190364548747
-0.3708753810559315
0.6094306012256899
-5.494457827111565
-13.245402099370509
-17.7971837918285
-11.265673509763571
0.8372510046410953
5.46290393964816
4.8531366580028426
-0.4391841101263411
-9.191593063036176
-10.216395287696596
-23.366099242229854
-2.993821707772476
-2.9365364733428536
-16.23687397880595
-14.112554320616846
-19.593804183463465
-0.012592531332324252
6.019583690099488
-6.180453958200524
-1.0248548235790775
-9.829566084148166
-5.59989107255196
-5.959897928482653
-4.933865716044564
3.564957441746615
3.560491416624373
10.041172076064802
13.011243380609406
13.282790414625273
9.595409477809364
9.897199179713912
5.497844495554951
-12.229745052179133
1.5241154434916508
14.643116415212484
-5.5899760002588845
-30.14183781807584
-25.531989903053226
-21.93766692968997
-10.673914647125924
-16.489029472120517
0.8227679125357777
8.13412147229549
2.054570907744776
5.181824109123264
-1.3759607905066833
-5.122924872451033
10.84799499399673
10.551950369145949
1.5629072630795178
-0.3048465876072409
-7.0413434628727005
-4.469236424253248
-1.3383833191815446
-1.1788413712765329
-7.595402680439871
-20.745312364339497
-25.032853367727853
-26.57033580111625
-19.370094767080094
-19.68559559068146
-17.837312768198785
0.6974208660682967
15.078021948071944
20.159420529436645
25.28878499386273
28.07874499852086
33.582785798997044
32.089721775379786
15.37648208455748
10.550295348289128
3.933081812350783
0.20130642949139568
7.0488917598761365
4.96683141667083
1.7680319312417154
0.8800941797892232
9.73588411909986
8.931718591955269
10.321956796757053
8.08302458859482
4.374371772370844
18.318414901501942
15.590361943786535
0.589852245908319
-8.706834107449561
2.616377893092477
