5.196423665317485
-2.9290613037021727
3.696498341517893
-2.3273528066033142
9.84332716250114
4.146282522157267
4.828296005073753
-3.6723195814019807
-5.5851696833228415
5.0508602301621535
5.3888023505514004
6.057737630546328
-7.76903617412159
-20.706753690505632
-31.76320343167813
-49.6001748454879
-46.48054912005651
-56.14400716258115
-48.292206519058816
-37.2334215750305
-23.62771619861243
-18.154869984010546
-19.944358995618032
-24.11283665375833
-36.90879524502748
-33.30048136972554
-27.100438662250394
-24.957262874881984
-18.482206303327466
-7.647925279598873
-14.308101111731355
-21.36366505243188
-10.341268369958028
-7.927043627711253
4.944690500213388
-3.438738498935772
1.1824887058589053
18.368193970550735
15.355935041675586
5.2874564477579025
15.709210663221755
5.023774760619659
8.252911640045358
6.907433409632616
11.68959317433683
11.879719629776115
13.236337858753085
18.176358717231007
12.876991762278578
5.353386540577561
16.94281336879301
10.934854671626923
2.001292107180469
5.659955294322836
-2.2013957206966817
-0.4186738933740059
-7.116636205263367
-3.769732317753279
4.3368779793244885
-1.1242009674415976
29.23627272048068
10.804138166849173
-5.04944317264448
-5.980663040508293
1.6288261013058247
-18.55532159965216
-30.75112011982341
-13.228475749696994
1.9458705927495097
-3.9357567510576636
-13.875114646927242
5.0762994428938875
0.010393331947354352
-3.5699110178099245
-16.74723652379832
-30.063543300233874
-12.642874692213207
-12.276500482219337
-28.821466028747924
-27.00466902725236
-5.281237323192388
-8.878924801231268
-16.75215063858916
-5.960794428048548
-0.19058424516095876
-8.391429907727613
-2.258070871217205
-8.383033924907025
-3.697223182525078
-0.14672936543124515
-1.055776266916556
3.856314521674543
0.1565483283290847
-13.25922433180375
-25.1639712238835
-10.5155018914082
-17.57675886623987
-11.02405739150197
-14.20187737605536
-16.162898871230112
11.343691511091222
17.97036096077351
20.96749421757058
12.123743437282753
5.78387886319987
5.281493355045848
8.251667604784826
18.167905155244238
19.8462430290042
21.487316014324623
25.829938050731823
14.88052204396058
3.1903382975957304
36.54121903531303
31.06454269987457
24.1952561218576
15.01916453422736
6.114389305941117
-3.7393097151466823
-7.840594203502844
-4.910461296284378
-10.696952696882892
-13.132436263118802
-8.460051724422208
-1.0991025616409638
-3.894374730904488
0.30174542485087924
-0.8671643178457334
-0.8591642320849563
-2.332760277863722
-1.4223380406108403
-19.556925575643287
-18.060987494905344
-10.226297696169901
-14.86818087275565
-23.081558107032997
-28.858374001813317
-8.900657278483916
-9.847970116288696
-18.09445992371191
-0.13958785694939432
-12.184795886115868
-28.192460499635768
-24.9962943852738
-19.37884329115529
-17.59721232637545
-12.360889827047126
-14.475660267024677
-28.094312593994307
-32.97232137187456
-28.207901162754816
-30.66595225028683
-30.99875196754042
-29.3076869152435
-28.149041916242986
-34.44942606012265
-36.4430823131604
-37.80850406654637
-42.60832778626313
-40.10391406942983
-26.0683865388404
-24.258737566830266
-25.902982570991202
-23.770560315539278
-11.294233492701876
-15.296396019250734
-19.572268686797294
-17.559269971938672
-18.25575252909928
-11.275453643337562
-6.078516506620224
-14.012399155402074
-0.5973795015624032
2.364128175201043
-0.6717249729963304
-12.429998112553525
-13.173707589470252
-9.625935037895221
9.282329800869661
1.9479650492460296
-0.4994122354107704
6.606517551627588
13.488481646885194
5.3303159414290135
-7.286518188766839
-5.982369400504706
-5.351397690806667
-4.230740169112832
-8.616106994816345
3.867093347379944
-8.990728666101358
-9.707860978394619
