-29.94367807184502
-39.664643724629826
-28.814527028380024
-38.519748781291376
-25.43596650857851
-29.615646818227717
-31.141488514670986
-21.795565352983107
-20.27109031681796
-12.635051972796287
-14.35061063394336
-26.484239317978908
-32.814596195102496
-38.46868610843675
-18.471931898381268
-15.044554875751803
-15.977303929991974
-15.622443428278572
-23.212036835081573
-9.136809526947738
-9.162080699129513
-0.9931553651713928
-0.7723953653492229
-6.557525864699148
-6.95780561716229
-3.7697892510244717
-10.73451604587509
-0.7472301835271489
-8.561525676338414
-0.7647669300595377
-1.3453148352731936
-1.5855306168891208
0.9710879805738668
2.2746893900457343
-6.157040817370522
-4.024926313635098
-10.106094117087084
-9.944949800619137
-1.661598857708853
-8.526699540617338
-21.879674655119096
-23.79856731329028
-14.893368606710734
-6.185858602006551
-11.304555394222668
-13.111791815925539
-8.16556858639171
-13.668837166593594
-17.067639290330238
-6.290077736595973
-10.036044583239352
-17.103796529534947
-30.294952079960467
-25.513533843018713
-25.223639147638654
-21.81097355052238
-8.536526532101279
-16.82128815702675
0.19119095642725886
3.86239055977096
4.285103331088679
-4.475848089783608
-7.564358456802102
0.4344744900688398
0.2814778455913077
-9.538454248205188
7.774896106248013
9.565014468886186
1.0653588229316324
-2.206535630407042
2.713485501237235
6.851621996178183
5.2268435873940335
9.775565297719961
6.859877123209075
10.67253258419604
-0.4209691657331954
8.730662993178374
-5.163956329614742
-6.368718086178728
-15.9595335228845
-36.40035070044508
-59.76162700951495
-45.48474062676573
-26.758006673401777
-44.5031189524909
-47.4177334893672
-32.80727840104556
-28.560029532257232
-10.12220420155928
-26.90387311273725
-17.445253264347734
-27.042684483690557
-24.379553770474395
-16.041374900833087
-24.533125411939302
-25.6303081679468
-22.60450288991857
-23.495470065285613
-23.69459171599389
-15.755075559064373
-13.13874815519085
-11.906366929269733
-16.323552256401342
-26.57087161922105
-25.158383859722218
-27.43213427426032
-29.94916028296352
-36.17343289855883
-34.491572705108034
-19.335225561037337
-25.90078515265777
-23.482011444298717
-20.82923114181505
-22.097910548802943
-27.422239674956888
-10.359203818249359
-30.83194414880669
-20.96604573254305
-16.65353520503583
-13.415282119810385
-19.408922814546628
-20.12854830476865
-19.782354452746283
-13.19797531448693
