5.878047066354003
-4.111915001825393
-0.4607463699730482
-16.70021065437026
-22.775080145334858
-10.598804743823141
-6.808128536880523
16.10642107358458
17.011328236362086
26.56535059001822
49.19596378819882
47.48061922519255
36.010983767365744
31.900926950514112
10.747561108489778
14.177113627469476
11.605383050340313
1.0099625766222915
-12.451698522003506
11.723897601552949
17.52664853393945
16.224483944653574
8.885583843198889
-4.912477149341446
-9.048796097009
6.591616806294239
6.122993272198695
-0.2293895359342392
-4.29175732967678
-6.701859022618946
-3.763359107198815
-13.336063393377778
2.086430493645404
2.8586705309300737
-8.709206169133374
-2.0622778462018214
-3.4551859911388583
0.058100687974680064
-11.814932493195508
-3.279119365649364
-11.429857864373783
22.158680576469607
9.963066741121224
9.617582700720456
18.54774776965597
20.982663047461678
3.2999901911269998
8.09343655529612
9.220688566650244
20.58110682927937
24.57768052902441
8.893688629669832
11.15529247488589
14.002976055259705
9.829805001836384
7.738540505218607
-0.9711028610586612
5.868995558564122
10.356102595698836
5.949403835854747
0.3190422067201611
3.9193345830503192
-0.3495578824799162
8.747636148238751
5.419029333013675
-7.817616965512795
-2.3959788652781993
1.2821417548632517
7.867430266190871
-25.026550349032107
-19.278574101792348
-9.439483347454262
-29.212282370360647
-14.85667438290848
-13.185034801679384
-1.4746214614664657
-3.4849465295049926
-0.334555267288452
-18.804836437322923
-11.234540708461108
-8.161523076069463
-24.481287059840607
-21.872345073451
4.028546336695307
6.685212525558568
-10.935048182583275
4.707841781797257
8.613132562053195
13.253328388720643
11.087611469682512
4.559619382529687
-9.58427181542414
0.6760725854408902
-0.41623743528411744
-3.7737349974921934
5.389260307568178
-5.899417702720353
-8.446451776512506
-15.062851875582767
-10.935883865677171
-19.83758135259202
-11.878827932014358
-6.135000510564412
-1.7014769141544626
8.176561598787503
10.470517734324119
15.744960621418949
5.847938509586256
-1.4884206573557994
4.4298673848708185
14.419075568535135
25.885060712323998
10.00954132858998
-1.7646128239130134
7.308500382379187
11.893932665814313
6.8537398240524015
2.3352942280612066
11.124704109043376
13.663155319704707
13.803601024338295
6.327481423856603
10.118122135394179
11.477558558440045
9.181022960511694
-22.069430373711086
-4.2302099042642665
-3.0046397028167875
-8.557651454655886
4.645540035902783
-9.393098148539863
12.119886878417848
10.776363984136289
12.9190403762504
20.48695098452433
10.945079299906288
-4.40483495067172
22.592552509118317
36.81032761868831
36.314585031744905
31.474305158822776
33.74641917564382
39.961475848400504
35.9174728811201
38.193489882591436
38.3788598489993
31.80648939963913
31.20389283024421
30.25012363833343
37.452774081213825
18.807633691635555
21.078952170046218
16.676629668059178
7.794992329026744
4.719488988465633
7.658173764277024
6.436716179668298
3.2937173205059755
2.3376738033700177
15.933071161049089
2.679417978327848
12.239687786773144
6.35297859927436
3.03953525051522
6.048019194586071
12.632139932005801
12.464839711571535
3.57375364224478
-3.3873165935452527
-3.096541456801594
-9.012386023119594
-8.744044264867401
-14.142037232230788
-11.657020145543115
-7.936172562110425
-11.845671769332222
-2.0166581127023173
-5.518177642450385
