5.1726766603578485
0.083005853923126
4.0958286771382735
16.58725464647466
25.83620184268396
16.437088357062603
21.529371263847594
10.103264362575626
12.804919503215249
18.269013829437007
22.403578701601248
24.016823124288198
13.199073981241991
12.337170089571
13.281399144301268
0.7666386828312286
3.965396038272566
0.9341931179524778
6.602091221090944
-10.501838504007418
-25.505566362511548
-8.634901541249562
-27.86001617108509
-30.094492098064087
-44.88568173199207
-41.53520171169802
-42.91595515246293
-18.138285249428733
-3.0493876915670493
1.27192545922932
7.734251588931342
3.047450147573654
4.5746710164488915
3.6735887981663966
4.449579272288248
-2.4450052736109917
-2.0080119054761347
-2.318589292885924
-13.337519112280779
-5.038148697587872
-10.490496763732835
-5.867998182175362
-8.032125426419832
-9.41007835320347
-9.487218765331564
-7.814965388282398
-16.749621180545866
4.721081354700692
32.479128692433896
32.380394371218884
23.180095403925282
28.647467903859933
25.321973695403482
24.88785379619325
9.189379549950404
12.895799135551965
10.827515758995139
8.641044268409452
-8.200991061804451
15.92399239088458
18.00749703600904
12.411796532799757
-3.1815294006341763
12.032614713279056
10.584088135902087
23.816019753536924
27.777710204718637
39.28356875889952
40.5592402027082
32.725541180977714
30.376416473962177
30.8745514165798
39.141498304857386
30.375449586721377
17.922504020861684
17.67220671298677
7.195905376823728
-12.944846901158446
8.978525947209809
-8.43488622528378
1.1921769641942044
8.47770801895942
-3.8694922011221897
-3.679924358129953
-11.099971977196288
-14.075936094295134
-20.668649932829336
-18.85090738542696
-10.664492255177015
-21.31793249524137
-23.621533157183126
-15.55973973495122
-20.44138607883839
-30.113727877749113
-24.782069650187932
-15.766212466863095
-2.142922126362784
14.825366767477636
21.645527799913374
21.161223832182934
21.142310190217216
21.249890540325843
22.70537549061741
12.650271814921716
17.254134336109427
12.199406176341645
27.56204946012637
18.66998999144288
28.132131473049522
27.938706708890862
18.749417987610194
