-9.081662270894524
3.0487110773999606
-16.70810739484467
-8.637896588906528
-16.53217125931249
8.240794805517265
-13.399735473635742
0.4132495480611131
7.8551520639952495
8.668374886173309
-2.866258073805908
5.940475328959205
-7.98299711125552
3.8688981539318696
1.2173567377406092
1.6907652978481484
-0.4991926486324086
-4.0157859327918
6.454942506872582
27.479037930115446
37.891871492237506
11.225531978418543
23.639669486600532
23.14309884002768
9.166749462669317
12.915503704289115
11.931920976651108
0.5996461290896126
-10.217141042911447
-2.0035801318733237
4.693238904602622
16.95246588211813
14.813891240054526
12.066425669445415
26.75003823392043
19.790976057432285
19.801106329355463
27.619252201828505
14.38132320594832
-8.363995670325298
-15.946503458444276
-16.471021153726795
-12.292134711457505
-0.5580191480858607
13.313389805594756
9.765415834130474
13.832333966990294
13.469597169874287
31.45849003929866
36.115802949659646
29.615558224314622
31.665325555427852
29.306407941970004
19.2476243605318
14.482787014334047
22.67387565721404
11.358679042222331
17.363184842696054
23.428350345538977
7.340717747675401
12.152164742802515
12.527787020389656
4.909450391407769
14.317079133928758
18.34312499407116
14.724744480885999
25.260346288110103
16.992066872918894
13.853782012898355
6.988078595035787
-10.546335787258148
-3.039727579637076
2.8238013853651855
0.25667548647699834
-5.4449421510424125
-7.873731892057843
-8.273137054655464
-0.6600901249860465
-0.2668195993111557
-9.389741087229655
1.5589197496610097
-11.14279695891421
-1.5873249332191914
8.441194112618787
0.5899530636021625
-4.370100114245584
-1.2071379698621505
-10.871550795158116
-2.937829576515065
-16.327087182012818
-30.92982719547725
-7.988034459228735
-8.3031446968794
-10.00010786596925
12.839182771945946
9.733657708153316
-5.30079704171356
3.2956425556761983
9.031088690448128
10.96421042066182
-3.8963844736521134
10.719347788673174
11.493918498242707
5.620848663164002
2.943353006575029
1.9681376787153912
13.463928614010953
14.301718876985175
14.716924176434514
10.16727785508782
12.417716571859474
-10.564829369104373
-14.227611273308431
-23.862719653024158
-1.1554502512286415
-6.400164129567843
-11.125374513114343
-11.500630894419384
-10.10130245445377
-10.155033985360696
-24.379481822930778
-30.619788028294852
-34.53654970535316
-25.804202107382487
-14.166235551967914
-21.168292960278414
-19.291471728753677
-7.761954358554506
-12.782646543950714
-15.071267858999484
-11.767095777126707
-10.6774151366003
-5.227338016164534
-5.468040565051278
0.6516527778071269
6.0961583456440165
9.445936461182749
-6.387652299458545
3.0755325396366624
-6.323269380823017
12.66057753480201
2.6628360282382864
-2.1523909676630244
-8.203403440545182
1.1932828107276836
22.242148711146307
29.892290472873558
34.903582066549056
33.936013889149606
21.29041574672397
22.771268918428273
26.264925923236227
20.570865394084088
11.935467447069009
15.111282061492842
14.806279911182088
29.78382763223195
31.10783301456445
17.09173376754432
16.423680106479065
12.68284901780686
1.7033212653178973
-3.9085363002788562
4.030580386870277
-5.556949325097382
-15.392674895932267
-8.140373467364578
-1.5423056204907335
-12.811298974150514
-6.174985755501153
12.325363513212428
10.777553292701453
3.369029500664179
4.673799796588336
12.654157976106365
1.3007384192138107
-1.6965253519606764
-5.230521240715093
-14.375675902620218
-11.53460297279685
-13.302036365058255
-15.54635152103992
-18.0562776223536
-12.306255325817762
4.423867488762625
-20.521350032953325
-36.97943206383607
-24.112726595563952
-20.179973759252146
-15.971357640767506
-16.912170214285055
-9.241606556664783
-17.31594343626875
-24.99010093394893
-29.908547057839726
-24.26621722495349
-25.79728298320989
-25.800317358555514
-14.668305824898784
-7.6619420100206685
7.897142922427206
23.235789220994672
11.161057672808957
7.952945311073859
6.728076821386213
3.4399137759914447
2.2661245942507304
-12.023682511640013
2.5573462283835107
4.1344637578892405
7.107442056483522
6.083371673091129
2.5805457636811133
-0.7222484981669693
2.156175732368088
5.091227403301728
18.990365260538844
21.615733868947306
14.313373605697649
23.957666358794445
22.87330546336679
12.447221348143001
13.162694906000562
-6.6366883320841925
-13.341198761805279
6.6541930508558265
6.767234203148421
1.3647370972146182
2.1771857893202142
13.91118487597224
14.65169391963248
2.7415117349068785
1.8039819994421815
4.751677926053638
3.357261296097226
-0.09638971098222776
11.02476645240728
17.26936196125577
6.4209611824639214
-0.6769158767342889
-6.255500461718478
-0.1286760974859572
16.108343961106414
8.692715568636928
3.5519302016342884
7.252231093260429
8.960428804588158
21.239243362961822
24.426234046118193
20.61146480134955
39.11349986543349
35.46942488822993
26.34832657950417
14.463943237089724
5.420914064923746
0.7040252945663587
-7.566355516394879
2.8491696312807564
0.01452212114092971
6.239063565394057
-8.262468834565858
-3.530017388258269
10.82795985160139
-7.686522618790603
4.388143783251216
4.926291087206341
0.4796889834866254
-2.2825176553439293
-7.050517768181943
5.061494860567633
-0.0256731976555075
-0.4738979827158709
-12.27625792446162
-7.529121733919929
-25.72324782552805
-30.23103166572688
-16.450841716960994
1.0751474992138517
14.503331894974275
26.40949368088349
31.25988777551589
31.43260159459858
27.183072162092785
28.076748567271327
13.860966289146084
7.1404303619007985
1.1112975652069017
