-18.437846453347067
-1.4180121591508474
-1.2605618413423938
5.986490133288847
-10.924145082436038
-9.30646245124965
-6.755584092269694
4.5880793043975565
18.102988178805568
9.775976610646037
14.827562751836153
-5.456430039589557
11.38809143368386
0.11503505298488301
11.33350209877657
6.139872792121698
2.5515957269885554
0.5637505251004755
-7.368600187525415
-2.37468659875576
-13.52267654864093
-5.157491059278601
-10.849330824645712
-11.800257950342253
-13.905408941483572
-24.96520452093307
-29.583485253612732
-29.771036681788352
-11.737821384231305
-15.838852123995846
-22.906134067103395
-15.216636540154305
-20.081509927038613
-18.4585260262031
-23.51182933057034
-17.189017550946797
-1.0184018168720492
-4.196135748900072
8.018531651075023
13.05938896527261
15.354218195455918
10.53182783308326
2.9816508012485183
4.576342105929255
6.878647130643943
8.437872780367321
17.543577741440977
9.753495051529027
12.295869479720507
1.2446468754369553
14.38463428623811
9.499014477122467
-0.6028986350967983
12.835834105269926
16.75168503311623
-4.688202437633602
1.2856638196464183
2.8390831119448965
-6.865848667412697
-1.9129751052016783
3.0278235248034027
3.2227883953631764
19.207834826061756
12.702940909554567
7.53474940252119
-7.843930800933213
-3.3048803993356417
-16.20540760683389
8.136810694712969
-12.818926360721145
-10.039494078132654
-10.847691746471929
-0.4011171632220236
-20.540883660713927
-10.894074544836071
2.114257766691575
5.563966271215071
-9.456142213606695
-16.072412592823774
-3.1011011859023405
-18.019768454136557
-14.409942759287084
-9.630673812469993
-16.441678390890363
-19.44372117770947
-19.737099558838338
-18.000028283551732
-9.239264672369336
-4.670060067293505
-12.690178560237506
-11.029349477791232
-6.1499155451924565
-5.070917583396359
-3.07819521099934
-8.60086719974982
-16.352330029829652
-13.628237442049105
-9.58261391075097
-12.484305766904983
-1.1956807091006167
-4.279805259924556
-14.140554370753524
-15.187950355325587
1.9104452066522517
-3.407317079075173
8.986762031064456
-2.1430309743714857
11.400784339657323
13.4714203180293
12.502016827927873
0.3760597744641636
1.576664539925147
4.097123156200331
-5.209015053226901
-5.049154591447849
2.8101418769385798
1.947193187732144
10.299816531267162
2.034142623655855
-4.605400814434382
-3.4314214749641723
0.07322241016811162
7.525464825915692
1.4007400622835542
-10.974867144435208
4.482475240041564
-6.859311699458711
-13.247440034215893
-18.808743505786953
-11.90491618988909
-1.7272814074897618
-25.502699194179808
-14.23929199392058
-7.626804662592837
-22.110275716360764
-23.54323745069817
-20.64360486011401
-14.143606681014173
-7.264940234732497
-12.733863561183366
-10.879452287622245
-16.110648746000745
-17.319395997704735
-6.799956954805016
-6.866110180002856
-9.861601841748325
-3.6701382390989217
-14.037589534732124
-6.11566831168664
-9.229778930715874
-3.7206783724054446
-7.179942238476426
-9.116526830055864
2.5119133096264123
-14.82879743474817
-22.86234773077478
-25.96793931277439
-9.28636146641593
-4.664266134205588
-2.926849515094312
-3.8250465862350342
-6.796946950735746
1.546573428348407
-3.8069941915601295
-5.543347202423348
-0.7825054150564863
-4.453377748535279
-2.5458031108211574
-1.251446227492921
-17.671630157767797
-8.433184204607043
-14.131414258010757
-3.470748913916736
20.380717203476078
12.658194649139107
1.518490885961329
0.19190774440845926
-9.695045951496263
-5.465022498965472
-5.050622845352875
-12.029900169042367
-5.506149617877206
-13.408985062845757
-6.768942998998987
-1.6020676645177159
-12.937819316833648
-14.540706530697058
-14.295617815361547
-7.689176220388813
-14.580556703926725
-19.676029461505
-5.682316739436341
-11.51949914871411
-11.79865236452866
-6.62205508897515
-0.6428107733817987
-12.353326386749801
-18.20087571701125
11.96606454771835
14.496288528459225
15.390740789519088
16.456767437825857
17.835505988354804
2.8280978347367114
3.9218824930532734
0.9138526463826744
14.64104761035797
9.83211159423049
8.483569939382521
17.043587776828257
19.04037273688382
9.265602353946084
-5.2585830292266005
5.415217491157846
-2.2269146908432287
-19.016551309640075
3.282928798316036
2.8193149918791773
-11.797057651106126
-11.044043229331088
-9.102744425658663
2.2025939465146176
4.007787961176654
-19.44012785513525
-7.440411661006577
-6.43606338577043
-8.616696428903117
-3.347327728660035
-7.287116801116332
-8.73987973396595
-27.950480310133546
-17.749365382731806
-14.253420798218794
-7.48256846828763
-5.364139042190527
-2.0242168813898362
-19.35804287025447
-11.248438234083974
-0.6788245023104518
-7.070446783784296
-15.888574045005061
-8.038441947556484
-5.924558106781176
-8.626165195969865
-10.795116707566766
-4.849758729782827
-1.4767640193787464
-14.664017538975305
-7.9398481906041445
-11.95041873522406
-16.789517796485324
-9.198962525341207
-12.049386594803314
-6.692714675761036
1.4057874150174792
-13.915110171551891
-1.2418783839928182
-9.879816789231768
-5.589902089458668
-5.272266757554502
-16.20404904804493
-4.939375081592226
-14.702373390496408
-8.384451426657419
0.4287207900856286
-6.0906494322393785
-6.466051689607104
-8.972812893682745
2.137795766927605
-9.958089523262077
-10.989102175280957
-10.826469186450016
-8.055857499051722
-3.299751751894964
-11.001808617640474
-17.933866965501302
-13.863954586975265
-4.553083807730255
2.563242510594091
-9.511072341426004
-2.4149609876763045
-8.444112606072885
