-0.2450620008015316
2.1234408489861543
-2.8456884888507847
-0.9851106003936392
17.756510467559032
7.311144574511454
-1.1729721977600658
-8.058375587413252
-18.961464179264077
-7.922379486331943
-3.5993728753995056
-6.10094321655355
-5.0472179262026575
-2.8809632091138835
-15.18757577784374
-7.904219108733182
-5.957866277753969
-4.546407881735498
-1.3823465123590617
10.493687046432592
25.092583617294125
12.590554499240609
19.013090358129066
17.701138302888843
-4.828703322469371
4.32447049942109
13.737782408433366
8.578888749589241
18.845099403353984
2.6048835748315824
5.301082264595735
9.67898629093725
15.289918509782508
-0.462762357577845
-3.9856090574948326
-6.763770362530618
-6.0936522490732665
-10.286181467977352
-16.022556154882935
-25.369722470270997
-19.792332930060738
-3.900485248500974
-2.2059153354333856
7.529824052107573
-6.9488469829945885
-1.993703940684032
-12.974988193301625
-10.245762035865123
0.3927861447877151
-13.231681128267612
-0.005088149002266809
6.328747575770477
-23.82301451627375
-8.627184097852375
-21.184104699875654
-16.230127765163168
-19.769249760492553
-33.518178523531745
-19.375052746311614
-0.3455195675065955
9.42831224061792
20.13780287849507
16.553621612843102
24.126068167980762
20.441817577997686
25.55983840565069
21.97661678615674
21.646784358203774
8.006867321720321
16.700139354528027
0.5765058802888396
1.6465096040614242
-5.979831618283893
-9.776019203796267
4.770664995916333
14.917959780366072
-9.793111187361637
-4.0828810493168435
-0.8525962778698092
1.8077190317721736
2.0130196114751557
-2.110460507613061
-18.0772951679674
-4.625809827276036
5.2876007894613055
-1.819060295162412
-6.585858358090249
-22.804533011369852
-8.389583362676655
-9.531316326614194
-15.196794001642111
-17.036730332084893
-20.07610627709689
-14.740412213550966
-23.898864026120325
-10.560696947116394
-7.751395465329499
-3.4755524526962764
1.9455075233734576
-6.193418785102277
1.470344933464179
-7.8463722721476845
-2.754354924820704
-1.3137846900111168
-6.908738012536928
-2.8557273154231946
-1.5660977744080318
10.823282660863917
-10.060070926089887
-4.988920169953731
-3.7409550690981
-11.757277150742386
-1.3086805588125183
-9.518618378730023
-5.644610276389662
-1.872132573521576
8.919657626439284
1.233956150235643
0.5819647009868995
-12.714390229038642
-5.25848586263085
-13.309857629013498
4.597826618558916
-2.185687755219577
8.27374313138123
9.776470015135658
16.079872429903787
5.5292728493042445
-2.1339774567250345
-5.061231947958452
-12.212770064528588
-8.892855490216245
-23.33842021656041
-19.93181427345088
-27.26009522606302
-27.490323027391447
-17.884543452394013
-16.860634578190385
-14.668367087077005
-23.62119168877405
-25.76735489972576
-30.063571444860248
-29.0399479197086
-31.13898588425882
-19.55130727853492
-11.492143217607575
-24.252128038291282
-26.931045153761936
-34.72111487087741
-30.776565725635123
-28.747301935433974
-25.08963704079833
-19.417169674811078
-21.49382282332273
-19.06131563784865
-19.472547029996868
-31.156763717683578
-18.62139582673597
-25.845871932380906
-25.020896464751004
-24.955469963676506
-6.833103658746118
-27.9561174058392
-8.903590305421675
-7.191607985656674
-11.505150707829905
-18.562198800396175
-7.794419256540322
-13.420673654308274
-15.409653697019028
-14.669006625465002
