-10.878263224422106
2.143784068364386
20.129725089803863
3.9525504033919545
18.16615765019405
16.352885458030258
14.430793545461295
-2.2641352055514514
9.934374375479397
18.76064697719032
18.168707771712512
18.171079898720507
14.444781799941053
25.669569625717745
23.752693332949182
31.80648742287743
12.826432654235788
-1.0022825531453081
-2.1536221715065453
3.3339416571489533
-3.216583438202417
6.255763441899651
-0.859173297914789
1.2173241545367532
-8.711283905342729
5.110754680635722
-13.340392083912876
5.954603340557747
-2.0614224065368374
-13.595716283685546
-1.4552257381085458
2.545223977494558
23.42124790546212
21.582033094474358
12.751896425058296
8.81414745328783
14.435854158873616
8.980376430514694
15.77397682413835
19.918190339122837
28.930366547665876
34.85739319941807
24.716983969321923
24.43284508176229
16.694736399669427
24.01929998330898
28.207047254321104
29.931423260022985
14.719875608645939
23.748250180683602
6.340188939232153
0.835661441577134
6.818016891949014
11.346919959879108
1.3397717157659543
18.502579603236445
13.985888550868983
15.330138318191636
13.58267012873296
3.6572237996989054
11.254113048472645
-3.344587456952293
-9.8912145808664
-22.99176976212473
3.6587636365173934
-8.729486044306059
-8.133658324535848
-13.190244537325981
-4.833366339257176
-19.04131969395616
-29.707235989386593
-13.513256508448205
-32.94706283506765
-30.60939936396833
-33.426101718369644
-38.75351697200927
-27.86739944381888
-32.311050434725686
-37.21064166042047
-31.577995224510094
-29.618190234308997
-26.7976088041754
-20.18761272944595
-15.23106309895344
-10.180459622746275
3.3332881917207633
7.602675072327823
14.146147456398026
5.322958091861532
1.296888592281927
12.737443564342264
20.185271753172657
17.718714423842147
7.840964301753676
22.02556985690604
23.55551978681484
18.445383618064426
19.931278268467565
20.520530640421256
18.602044898219088
23.97847103921967
19.821970096811203
19.732360545972096
17.40810747479297
15.617551341551671
13.069858726512992
14.769296470396073
10.608399056681083
28.178115971942397
13.963748169976284
12.604548249548607
12.49484838591209
3.3347271855023366
7.344059085887991
18.155302855065507
9.041855019558394
12.59124132479899
14.267318352242805
14.30226770248028
19.07344669075803
18.80366553057413
28.456858042420265
26.99825300695106
15.428241489501064
10.275469814542117
10.528373383281094
23.97253928609397
19.130115049474064
23.098179104776424
30.519106372590393
18.47574903397548
14.6558769046825
