-19.1804307701308
-26.496317715190038
-19.375835236439702
-17.833252107521453
-18.51065443017153
-2.2242507516835834
25.447722084280052
7.113800162331568
5.280128572653108
14.131555275364876
10.510031990260329
18.813933997277257
14.662081546060564
3.3396616854941814
-11.279578043963904
-18.966414702341208
-16.646449794443505
-6.367198648123533
-12.496334643838505
-9.880996733195254
-14.330119574713054
-0.5061546551498194
-2.82852660463896
-4.255806342753192
2.8138188053954902
11.868021627030835
6.476552501247037
-0.8600486666962202
-3.250208967354634
-2.412361714594737
-6.353829108022933
-7.805046710064261
-7.3802226345894875
-6.488764975707924
-11.366687774079034
-9.936717108829482
-18.227519536318802
11.614099432122764
11.10285458535348
14.720375749799778
26.56649603622117
17.74552618801059
10.623780820401176
10.740117844809618
22.73134513204565
21.178232793485545
13.368408242623135
21.729957991582985
-9.625206390461829
5.347092778221938
-2.8649187728049688
2.582205441251392
3.3537110992637507
5.4995701750536545
-7.3217668030174625
-8.812067525317582
-10.642076184811176
-5.2287779481569245
-8.286120420002536
-20.135009252100858
-19.385844954656147
-26.95259166363249
-21.495465130814267
-21.03837804662488
-39.78690239416845
-12.016421606713841
-15.184473936904288
-31.35937812355256
-14.912399607127318
-29.874798218473035
-36.09418325699292
-29.196716140857387
-33.87845089986864
-34.1975726933153
-37.854866723529945
-36.17519035606962
-17.998863473005198
-32.42063133088641
-33.42462206724359
-27.664063880513336
-22.73313694309985
-17.337489275000234
-12.06885627677134
-14.27126954755408
-20.31495880367325
-12.420166764778795
-7.10937873310208
8.995642831817202
13.636645605171845
15.868675913886275
2.3698275073458075
-5.972491386680218
1.4036848525494534
10.836390047863656
14.386460681565895
8.003413351932725
11.662439877770298
11.085143915175037
16.502675020998907
13.933644774744874
18.52334019209308
9.13812177755116
10.385650787451949
6.578065799683695
13.406157705754595
8.776909116242157
7.314952497108691
-4.534436201703492
-1.7408479102331695
-8.077490102995029
-5.2253971717832925
-9.747397415113912
-2.516572765517092
5.5380876046693785
23.2923663869198
18.763508862896312
1.4878104975111754
7.718901860522788
8.281817273190294
13.806510163235073
2.5489114825170494
0.466609944210576
-4.300176993853543
10.060012659181103
7.457291858970687
-4.1491208317492205
-7.239888915299723
-8.647218765038804
0.5371898919383691
-3.2361025387994307
-3.5480796355989264
11.924612856200376
10.033389067732406
4.790286705515851
12.604944137262256
5.697147941864223
0.8011780953753171
2.4134028882036134
21.545187876623572
18.65301109132578
13.65281225660731
30.03209851335201
26.76103337072423
22.00500625349699
15.566859588699193
27.18756809935286
12.262111374743164
8.077922588392235
20.801397450658268
18.11825654979569
16.405459961909713
19.03212901490119
13.00223314697642
16.755288842244628
9.817848927293653
13.488606331291326
19.286218729382764
27.48476081747128
8.430435442466196
20.319220947129672
13.514473517810512
24.57348243421761
21.12104134204974
19.44953295246779
22.271586245441057
24.90356506510217
22.033092101620007
20.865151623003612
28.65166275880416
19.10165189014176
18.633443259927464
13.65173024483566
7.0282451420297605
15.064781591682445
4.851703868676772
10.123060621593323
11.709369275624239
19.89230685875866
5.970988456506644
14.336680371175813
1.5329041537045829
16.676205246668818
5.1032761675966345
19.078474543799675
23.30397879580185
22.983157015805357
29.17648353231339
17.35153358909892
23.571624366297808
16.768246143531126
18.212745520219173
19.16689575648604
26.64385669477917
13.876736025919369
19.19239919726484
5.599879610065119
11.547610010813095
10.07609603416131
9.052106208442863
15.6872747386674
13.33754492062952
11.23931933209637
11.280488636596086
28.295676184397397
