-1.433565201614434
3.4183792799162727
-0.9507880113154964
1.400353401003492
9.01986175755582
2.3169809335431832
4.540296653035671
18.572413176655747
24.46714787135841
17.84401288504175
30.269909162089768
29.34689095232241
18.787930456476328
6.552876626503665
-1.0350438025583524
-3.5899120792214694
0.7208391464381196
7.102577445225773
-2.34390940640516
-5.036974703154773
-12.156225942309838
-6.445659961195698
-8.092510305635452
4.516256627436092
-9.045988167593014
-34.208074337575134
-37.61413040766783
-24.52746163748536
-27.812802382050986
-33.42993091083685
-24.031723202820558
-21.895185872621745
-10.319733394202602
-27.180303547314033
-23.219048173078818
-13.136757868340275
-34.58481083383658
-16.968377708838027
-29.449339764002385
-15.65599557097126
2.7551452356911814
22.70807885649595
11.285783929711842
2.9951024653294263
3.5624507395116303
2.7291132530715907
3.5147798761585505
-10.401650233203302
-6.037235044589275
1.939693714970116
-6.758219654790543
-4.404235878410611
-7.766092785083893
-3.177661410840641
-1.8409945536250505
-7.441047000507012
-2.150327888277587
-8.523331010157648
-8.269873344720912
-5.51986044422092
-2.3938692181056207
-12.610946579763182
-8.672627379956158
7.634133165287138
11.003579212569683
3.7388268983783584
7.573539703362446
9.660975061010806
-3.243386976609957
-0.1977411464524636
-3.118737849667918
-2.402993408556981
0.608770739165774
-4.441549097801063
8.037446226892639
10.410263841832462
4.485935302088981
0.5134055670726266
-5.25792659356903
2.42811190803656
5.603452233952769
-4.868364687462108
1.8108710322760588
4.7905586996576455
-7.793029159227617
-4.938241378653228
2.6444246450518065
-1.8757169393228208
-3.966461515429268
-5.47734787343434
7.198173832580725
0.6702361214443454
7.296667085381112
4.208890171348765
-2.4615860767803124
9.569634891846189
-6.935568521053161
-11.996591452198935
-16.057779134684697
-17.816408813384093
-1.8763428317262665
-1.1326097573692862
-3.427154100528269
-3.2590360468386264
9.388310123497524
-0.5503924920313978
8.325530122878465
8.116260206121012
3.336808105808708
-5.9436238462577595
-3.8978287756443897
-11.202965245544886
0.5679849034258796
-5.467063851510029
0.5596874985880649
3.4372152697324343
18.368601182344804
15.924856067019045
13.484367467130859
33.0114879230902
23.02132427039096
33.311116419180976
23.04830125658336
25.35259495789166
24.984939187348992
33.80140147322325
36.62557084041673
20.076045504416573
4.339902595293394
4.999336956876119
7.130878183575767
2.338323029170609
-3.117519999129747
-14.583612949387927
-5.311693171570194
-0.7619894995192332
-12.8500260425346
-10.804057246199458
-1.8983699102696023
-3.1046710417229586
1.390625769675672
-7.7772709097178065
-18.566554484151748
-20.211338373360288
-19.64166273834785
-8.08769593124845
-8.94361731058648
-19.69276786301247
-7.778370675519199
-1.8193609365686143
-0.4290337338125401
12.86713227768835
16.511678949918732
24.433414218618523
22.856124701570977
21.722558057505303
33.04483874271208
27.050616373422518
31.89268596777481
23.31307681173965
29.539885111793378
24.819549445814186
19.42421010594704
10.627069459709595
12.044841968562961
7.534142175892472
2.2465234047038845
-4.152717760106564
-2.159010636197501
-10.649505271378764
-11.989160319853628
-4.004063070090568
-7.939069172028675
-15.78696722145894
-17.928375567340623
-14.567920840701186
-13.531156286160774
-17.74186870042616
-24.412760322918725
-36.41642530903968
-38.32360021569719
-39.56303843862248
-28.91843264168086
-26.24393355045835
-42.404314303437744
-14.984222619875064
-19.798545926633512
-6.584723764066188
-16.565279197795597
