5.90374322333017
0.3171322304890236
7.591688821244691
1.4000353812042208
4.273146612434648
13.714942744166304
8.188271598885198
5.098175401672378
13.419763867190245
19.364484561313148
18.754332558512694
1.1205560556500436
2.270799117951746
8.132447050591352
5.894560944305506
3.967002507787696
11.288125647868538
-5.0476604556297024
8.222525348923954
9.861818860545183
5.6420519289965645
21.752563598339787
16.148387881327526
20.576175967464035
10.575630967875988
10.641053761139583
16.508476508093178
8.15078325838458
14.430148385345984
8.814543633221874
3.5457521266876526
-3.538898383649804
-17.01929347010825
-11.95597850764907
-8.314259308301983
-12.289767934392211
0.010617912847112351
2.0953117787842657
3.9076934547296713
9.133745194542007
8.053465231112014
2.8563233178475698
28.91612068957293
-2.3790567542795995
-20.24733490185279
-12.071066079814925
-10.673972767441397
-8.45892254279615
-21.335141056735967
2.305454251028196
-0.6741476695395845
-2.0110753908397987
-1.4837061928407729
7.221193517286019
7.794545780352597
7.895937285664938
2.053006947902998
14.819315580584098
4.626409666316157
-0.16244479749671892
14.493011646812027
8.307422037999519
13.08546139337064
-1.9471040629354377
1.298508552310633
-0.5793364849538676
5.682532457627473
12.056705194526216
12.036975591208373
20.71844755366221
17.860460145983147
20.548005052952085
16.550704926015502
-0.3178621918160301
5.861080285513143
12.911488527991226
-7.973523215030808
-2.7970681010651703
-0.4916795896975405
-1.9787834632946335
12.143836336300096
7.071449409450826
5.6111094203209655
13.04903268718727
10.189799355280297
1.289246793613222
9.082625098765178
-3.3370454122611153
4.247141190847948
13.482725141714413
22.868876702510292
31.549498934357967
49.83120428707765
36.59935282834567
32.253759087142704
44.085795787039565
45.22044691075473
42.33783480722409
24.628118298374968
26.159247746170998
26.64767516469927
6.683435411931675
5.830777235989636
-1.0656552949330194
