-7.058727502924785
-13.611298291073366
-16.788753099750668
-14.353714673954524
-16.34430908896882
-11.549406263720966
-15.257532335164814
-15.996264823650348
-12.203621874698785
-6.231505219852012
6.1899385962813644
0.2433147884630458
-2.3409851125481467
3.5211594012848586
8.762563938869308
2.044696181311635
-0.9422299719556526
-3.7611279414880734
-2.3943638317035107
-3.2920318170635867
-7.853805183161517
1.275510013522239
-3.8326927464150535
-4.637700501908512
-14.921733898270226
-14.895877205201836
-5.124903007979008
-9.833064537237359
-16.231701517941346
-20.1267903091085
-20.93844077886378
-12.35866993585619
-13.305534761692547
-11.956331332706554
-4.36353592052556
-6.401393838699965
-3.8692284608341336
1.4125945773278548
-2.787952403784069
10.207906545494193
5.400919027414996
5.374508502989945
6.8308356454538055
-10.398527861568503
-13.54352542721673
-4.004431042576206
4.4300282414265695
17.676646081906817
14.062657967374106
3.4602572137252463
6.987716533860157
0.7026553276134458
-3.0814840981734672
-11.004399393933255
-16.072595878478634
-12.346978906968973
-8.663384642066076
-2.52466463533412
-4.307716016588336
21.15751851968319
13.569636572297805
14.09960253477359
19.38042693650998
22.791474896976514
24.431159232672734
22.855346275480073
21.328175581659664
10.87920699416742
13.028120864945713
17.623317090960207
16.160408197706413
13.882274036914284
15.337752612005
8.974720915365053
-5.9950865588173405
-0.3271779909757793
4.562549796015395
20.33320069620348
15.367245068520566
2.096722817803174
15.570146039202644
8.17087547314738
-2.2860679662339543
9.211925700288178
6.0404165774681475
7.972367774264282
27.980398922525445
25.140808605348283
20.837216932215878
21.748745198382462
17.130202604840903
10.197360101112233
18.563044159697725
23.35878225700489
13.579453615950769
22.77616190269178
13.655197817133729
9.966135210651725
-7.568341842045772
10.62386117352632
-0.4758199870267478
-0.7501038014772717
11.347270211786988
