3.13049168345424
6.408613308994196
12.511714710266993
7.489240758111255
7.337183530081038
6.196276796065723
-2.085003811327434
-8.284243556148889
-4.043985469760152
9.974556904505906
3.6559560087069904
-6.494725434569977
-9.270688824848406
-17.130441185106793
-11.271986325353911
-21.356458920261517
-12.368811178537172
-12.642674115872154
-18.196337109035888
-17.486169896089734
-13.121225722338052
-14.75685582502701
-11.63454760529856
-16.102789266173836
-10.209093400925576
-17.426731055521582
-23.39930185868327
-17.838009717687964
-22.18166778558605
-7.935628911194001
1.8447294907715583
18.080234609727714
18.97285888425507
1.7725997299143048
17.23729838043127
21.38893961721713
26.267046134284488
27.59000691461069
15.746922702635178
0.6804654454737624
14.97241494800376
22.771864015941357
16.786569235784025
-3.1981139736645123
4.594211314209469
12.587440862314851
-0.5748973872668129
9.018562699074037
4.917997994996028
3.4079527344688576
2.728247170727173
1.7063677865811708
4.746353586086468
24.281798020184077
25.72637906106771
39.33224774907827
34.05335589410196
40.89463880978414
40.24539284903144
48.8553344928623
42.009628061805365
41.379432361029494
26.434124809078533
12.650384542077882
11.333501555944029
17.432297744821504
22.649534004459802
10.008031950233443
29.45837361512893
33.32238505117461
31.211936614076773
29.719448844431557
8.125872607652509
5.2739838931753455
4.410807402795809
2.7083255145835707
-4.26337343915342
-4.195859585151506
5.7509941844639645
10.847643982150199
12.745949041292207
5.399222998417062
15.947609774551715
14.291513831790526
5.769708642342616
-8.347663797099308
-7.8554228448425425
-11.194644714377915
-17.930392213137782
-26.49034448686952
-23.49370908671495
-23.41323956358482
-28.37836303867126
-27.92449544253645
-28.809491163440708
-26.802571727447802
-5.317619878161922
-2.8914661749966366
5.097088229508817
12.694958566626338
16.456239204702598
28.9668243668952
11.599450397335891
9.275967869990424
0.7819810056961033
-2.9348324949537234
2.2935182577528805
-6.4370414897870365
3.0291344969831
-16.28466828553725
-4.565207759394571
-5.960995976516228
-7.221102836131664
6.695115731185116
-15.65655114679677
-22.62754721285084
-6.927348664535849
-1.908950939671535
0.9778282856032142
12.54606574278768
3.3398589161306926
4.622110314674933
10.95169003463233
26.41122630917762
17.00523746904107
17.408416763752765
21.263448659534518
15.63728518671124
13.54334211249521
10.956078978040853
15.356380454114747
15.806881731140644
16.222284721396345
16.875546347684374
15.21327582238137
22.701988950661622
12.27820636653851
21.10371728303705
2.270348212811192
0.7352406551320374
-11.447056633772053
-3.3562451182547335
-21.873571986972422
-10.557613226421736
-22.34092331376367
-20.337057478408244
-15.580810681294832
-6.101718143108051
-12.859466938923886
-15.043658528951099
-25.55919046544733
-39.77226238884133
-14.313110705073655
-11.913877830707953
-14.199498479748886
-16.798079511157827
-23.090276944328817
-0.5743912690762887
12.557902434800345
-8.986698298221691
1.350029469685838
7.640047181372474
-9.820710716948282
-17.610220730293157
-3.643971152821481
4.314909892167009
-1.566365343005942
-23.323487704336696
-14.84537495589282
-23.117934656245442
-26.17722777479793
-26.460895451174697
-9.39775587915614
-14.616904609922573
-7.983567882938557
-9.287228155385128
-0.6925741547808831
5.7689403368514265
-2.862869196423644
0.7827959269632705
-2.0633256211989184
-6.864211775094462
2.047627144137173
14.901522601993141
20.199080758583428
7.223330252497244
14.943673726993435
11.078738711854148
16.401794979432232
1.094799650137468
-3.1604673726016017
-1.5479211475514425
-9.865772202040164
6.8909124674940205
2.4939698375258463
6.066567285059597
15.380796238413339
1.298819050407322
24.90309449061212
10.86140583163198
23.90857349842072
11.947373377518609
3.7302148065521687
-16.410126916011063
-4.233139188520763
35.748629617483346
34.885980853332036
29.86234865425538
27.778004177005506
42.18334403868425
18.02761795376773
22.231715824996485
10.686801680559892
6.980217296299246
0.6096745703629889
29.44418200385065
21.8396916275566
7.299973423369567
4.391129789603977
8.014992551277263
