21.798571958105782
21.957108251387652
23.552296548014308
26.748410458888607
17.571660524893645
10.677298025547117
23.61702903755577
27.24240627871424
23.52343671945701
15.251923397750122
19.158748560195974
3.756054509148667
-4.697611040824566
-2.6237966905328056
0.7819532659157624
-4.834544639217318
-2.052516958341496
-10.439918044918796
-4.411820975037336
-2.784538036280393
-6.191216383203647
-9.566042791897882
-8.097060578183745
-1.6536617941187757
-1.531839085840506
-7.114763487116357
-2.0942818198465223
-11.342500217397564
-9.55707052350927
-21.247812744176798
-9.052232882745486
-14.681262861678913
0.4865034361253956
-10.005223821013736
-0.38286817794536143
-6.7151812507776185
-24.13031944159956
-29.845667382331147
-16.795239644978725
-11.78398873318667
-4.206232112434808
-4.487503526954179
-9.888188141380553
13.302781618607252
10.189274703378338
10.93772509555854
14.495845598752387
19.068164404428448
18.531983713924326
24.57329520581717
19.944724201604664
14.496582440271235
17.2933854785778
13.259109908003671
13.189435322448585
-3.109606834052518
6.052592614533526
1.372086348543127
-22.293842894671712
-20.199787119072205
-24.37836712761029
-27.320412835025355
-39.008967430091545
-30.970110965124988
-25.57725218177189
-22.792585355052857
-13.994004754084036
-8.172712976622995
-1.9926928893549651
-11.415235312150367
6.660697116036669
14.61598514134598
17.768579907573248
-4.611370975888598
-4.657544009554316
2.148529725929954
-18.302941573291022
-12.54085876876391
-8.225414155383287
2.11096183683846
-18.570569359536872
-21.692900971318927
-16.67448060763787
-18.278651230456106
-8.316169870225552
4.0054450696206585
-3.629885629824348
9.441833524289542
-2.132208082493245
-7.383398149815202
-9.751129126163645
0.6173007080858263
0.6129654609620063
16.02920512568356
-0.3875796602733975
12.764266351132507
-5.119859663228622
-0.5248837648772022
4.860734966600047
11.919142995250475
20.958469744249857
21.464023630901774
17.610342252418473
2.5950219208810017
-0.9345233056900628
-2.536066904970016
2.878779232610668
-5.3733878588982025
-6.518617267603692
-4.517288610880109
-1.9255515719836704
-1.244388367498636
-8.860938361459686
-14.786314548535705
-15.574036725570855
-34.748315167279195
-13.696535035882338
-19.792863955581304
8.448801245310253
1.7725318869519675
3.451376470766129
2.1860353450497065
2.916531900549617
10.996305344839444
9.403716960770874
12.680253305876475
24.481834940020853
20.756828334980344
-7.0292310426855735
18.779545489657558
1.7708510283475942
0.9980009453538342
-0.609341119107014
-28.36425723350942
-31.66788988755784
-30.30831079605153
-26.844190133920016
-23.540618877935533
-26.852423994111096
-27.519878380705663
-30.79521969296801
-33.485712073092216
-20.91240502014605
-15.817325707905367
-19.185505006400312
-18.74088118552482
-29.282775490174092
-43.24560414744545
-18.400797969628908
-14.335768514675696
-18.739278729823496
-11.96422500703305
-15.624631985913153
-15.352609724447992
-26.538938613848025
-8.034350058760932
-20.40293005987053
0.4025748430759712
-6.636125512952982
-7.568907038517415
5.464692278659227
-5.839184425727678
0.05014312528022599
8.932876925415533
2.320186529492303
-13.363810010461593
-9.139611677701762
-6.340305807375888
-13.914454415954626
-14.2923261262719
-4.836775116883549
-5.780681269367782
-26.613529171901178
-27.018347418122055
-29.57645244090309
-28.440866953046346
-9.081943097748633
-2.2529286710829495
7.684876377079308
1.2702128047820556
-1.8923737254113264
2.00048161722906
13.480742734714642
-1.9325286402187483
-11.292073121285856
-9.076100625079592
1.4103603382252219
-20.649481489101124
-8.048224442406308
-2.8189674637211013
-0.5917124650335616
-11.22255830485208
-17.831751786976152
-34.89496007645729
-13.673142537269275
-8.624939462935192
-2.8365370613816427
-0.4973423090441029
4.812498389423882
-3.512117263197862
-7.430910389385813
5.4486565839971535
2.7175582336516064
0.17736231998653085
1.9961360292770425
15.571777653222034
-0.4684916129703581
1.1344012354977484
-18.49724978086884
