21.978697921739798
-4.533446708083079
-5.1038164961181645
4.594063255521161
2.8446681130656395
-13.327735553515188
-7.033621306853826
-1.569525395402004
3.5293653983355684
-2.657842194923596
7.263400863830148
4.4018885689790235
-4.529799817411137
-5.1058647689145795
-4.7717525962436
-5.844363843035417
-26.713102874047102
-13.8993530632532
-22.76780003303396
-21.874958269705704
-9.665164634615094
-3.036596649128507
2.2314625651760993
7.526107680710329
1.550828320411637
-11.957411327822868
8.760317692021161
16.280749676213645
-5.276131260186983
-11.20405280939747
-11.872417796691355
-10.031434980644448
-11.972667717414547
-9.691675602189877
9.82394167300228
20.13089057855689
16.90564419350244
16.234880955428647
14.708674692379262
13.06684174466906
6.26133159322591
10.051490208439716
8.017615921394379
-1.3683269789452537
11.374973201582609
11.221590748166712
0.712166152770235
7.673158158375079
13.253987309377358
2.701610167431261
10.15757805345028
4.329114715286144
-0.16731870729591133
-0.2770608374075697
-3.8160635373147964
-3.0850993484252025
-14.194468573954813
-25.65859044094498
-13.642011333465495
-14.31951682860529
4.7000549737750585
9.589926202169202
16.29929434422602
20.694711171163586
19.127292895373714
29.704618012676946
18.72118404885763
15.854963630423427
2.5479492222403306
16.212621493687337
12.26460836016991
19.71156251863975
10.085354517587973
5.141923190174248
10.88535352798089
5.113351740026608
11.500221929938665
9.957602158147859
14.532404671278806
12.29642551289985
-10.962082095370507
-13.633672798114006
-13.824463689451266
-19.29193356660034
0.5867480488333371
5.477835117161988
-8.49547706248258
-13.45008990404657
3.6000819739779137
5.664701957013505
11.99536055254914
10.119282594923982
3.1774560766608286
0.5608437286633778
5.306016046002443
9.123379463341024
6.601797760367979
17.021000890232994
0.943198510726628
8.043319880064727
-2.5965111293056826
11.342134401168359
0.7288741241045078
-4.930179231238659
10.069389867290235
16.395923937162117
1.7142457165899576
4.903651618619019
3.058422126409332
5.430485988351958
14.377444997279525
0.08615227924943449
32.04703018378723
31.21106446934721
22.029039280797743
20.39023082610646
24.091057163911643
39.58242779791827
31.126463628047038
36.50464857607035
24.122010748269965
31.81038045539595
29.977095670574002
37.94533384284895
36.74872181170219
32.92984745454476
27.061120820775308
42.06863239360821
25.55314154057004
35.39680185494846
32.790657060759344
29.519087909388574
30.157373246816174
30.4806495157124
34.701321700827386
28.90474910978745
33.523492717547214
24.091123672751326
25.120284762115364
19.4349388400321
21.93265584967727
16.06302591827818
5.3563037939887685
21.82923441248742
9.16856020006461
24.90184277400796
1.286884851527235
1.2351067315545785
4.563298519972097
-17.672479546994087
-7.691452774087741
-3.060447953444448
-12.605870670503062
-2.503430093107053
-3.671135285647088
-1.6604003271782168
-0.3026443863942898
-6.760255431617848
15.161579560523574
9.989852502165418
2.772520562136603
-0.2915299372124707
-10.489369943399893
1.1877835596411983
3.1994256662885525
-7.1375878714316245
5.380970245788175
-6.980984012225799
1.581050166317723
-10.675313872256881
-17.31820364385626
-5.576523584030248
-16.911883925977314
-9.284596113361184
-21.042629092707
-9.85474952318775
-3.908565080285322
-16.354279851563707
-8.004441064823235
-6.09959774229961
-18.771704422927733
-5.046768995000852
-21.935136190277227
1.3743452682348227
7.162808603998013
19.10468186078224
11.093677748130384
16.361559969404126
9.14344531618369
15.408447725230387
20.10038563969275
22.951776005993853
17.470161265064533
18.63474342389834
13.618645381786001
23.18339792580345
11.808817543002572
13.556036780024511
35.610896196417926
13.727494688017225
27.796478515389747
12.355633752773027
24.66878640025302
16.015620065292712
28.816995352049855
11.106739768687207
19.26602234788245
21.52156281734294
30.409495704521063
25.910660199598965
4.044648634504863
6.430643028218618
-3.3117795612069822
-5.698622710093052
-6.9467561596914384
