-9.42636843585515
-14.010477932460711
-10.874602038862047
1.2852732920097374
-5.301730825471459
-4.4414843347937625
-8.815587394144208
8.27263154562009
7.0355436791013695
14.662385528193575
34.542673980053074
25.677388837472567
10.204170316895583
5.544083306525967
17.028368335869956
20.704251916518345
10.425736303573158
1.194622191924396
2.8911989160463905
3.204156505661936
-0.15226199215426156
9.41024403887392
11.895292156968464
-3.0833934609742157
-1.0953026895135918
4.015984510437192
-6.274399794047722
-8.164430656135012
-16.976442597600958
-24.05582083914897
-26.687428465462233
-25.510154278599003
-4.136518285296321
-15.162654452147011
-27.184894405191148
-26.244877536679283
-12.16009004633137
-14.949801971554846
14.93791215301243
-16.035287536001903
-17.768123092425586
-32.40568463045173
-20.707024761915093
-8.594541202867774
-9.245379650425011
-16.242059529262537
-15.896902968893649
-7.874661822557638
0.9084360891666724
-0.5477975472156811
4.227473572895593
0.4348734791347135
-7.505121473869443
-16.304564941015506
-18.893879198119176
-17.971721785701877
-18.467938889331773
-12.657973860108276
-0.36359262545052795
1.2535722015050266
3.4698907477144547
1.5098907763228464
11.144295857610297
7.554955018161497
5.2440698505229415
10.138372911751688
7.134984353328602
-0.4862910981054913
-14.04346460419137
-7.9335669863584135
-15.541906088228414
-24.608833611638374
-16.236224235224267
-17.28042457446299
-2.0585704201823094
-8.072011306592213
-2.773264375600798
-3.4467402363015025
-10.499220776001412
-9.399847957139057
-22.985038894677963
-16.42437383089971
0.6118316799867247
-8.669302469677257
11.401700510027172
12.99949543290551
13.284674614845262
13.492833370030873
18.410011186954996
16.134178590369082
5.580026748469209
21.475866242436705
18.583659789572426
18.597543647342555
22.706870552420927
15.19627266075591
13.834185944236436
19.652107799496765
31.055726346422066
40.782408657256845
22.978513708385986
9.75056367048712
-2.3624820909598903
-9.628169046880007
-1.6554184971813233
1.2060260387256878
-11.925111359158974
-16.391416971353312
-11.414008071618225
0.4861287996018136
-8.661862027916815
0.17997086039503238
-6.764469826850048
0.9037746782059354
