-1.8186217707304109
4.7052014679369405
8.356843746070012
8.220762523319204
-1.882012222176604
-12.59939331802902
-10.637060556859216
-11.349642486964733
-5.2711359678070435
13.338105755537637
8.942759592473061
3.946919654752709
-6.3331582763369365
-16.32313106707795
-13.466018556171608
-9.626898374938305
-17.246302296336783
-12.514563953789933
3.535453507201988
22.7877196755349
18.70106441282888
20.45124401183383
20.912980042738763
21.16394184735889
28.820944118343892
20.57909920404187
6.134472672648735
3.9669316253438014
1.6833280747418842
3.1694404269033343
6.734440363715955
3.3652450726630474
0.7706063719924127
-11.16428397427851
-15.854959481320893
-15.882599730747641
-11.068387608543768
-13.257642420026038
-5.5363912921896965
-13.565403943770256
-11.215265589785677
-13.526088652031572
-21.029322796233963
-17.859350165158972
0.17145188736491426
16.015642904183952
29.7352526152729
39.20620965779296
41.911732060116094
27.918381363062306
13.981239759890453
25.43246872590168
3.9407437286039775
11.36985955905288
28.542645560747648
36.085693105639045
36.420868009505575
41.13150444521949
45.3538710865669
44.158398525043715
28.585842389025487
30.87341096405282
37.20292454445863
26.9287112325628
16.067082952952973
15.135530173085293
12.098072124055806
9.518107143583805
7.28741016093656
20.560053686880078
12.232535377642698
3.4367703236230787
5.922665402888597
20.574122284764297
26.060826409803497
-1.387758205497794
1.6405599649073614
6.383309806672296
7.3390201922883325
3.402582074386121
14.304364019763891
31.31153069094995
28.61784516456253
26.030309649794898
9.341508416036367
17.329417917508554
9.639528609607844
23.378124336917598
24.257311871703248
23.66744955582706
22.709355131834556
-6.406339572468553
-0.7466465461254504
-12.858031306337498
-9.981422785399287
-18.101272728903965
-13.859827864904213
5.876319816494858
8.634163822596822
11.373618469239215
8.881295393549037
5.523794838935379
-2.5579111921642617
1.8345721009636151
7.511079100542396
16.921332764968515
-17.84307535972853
-23.521382344612995
-16.84287049904103
-22.936684299615607
-15.0976656598453
-9.880247659884963
-18.92630983391096
2.6075453869007745
0.5343888376543457
-13.995749849810062
-40.10954353642616
-12.816395502192746
7.245232471685719
-2.2410819414663457
-25.95344849803041
-20.015462901794557
-11.315441057762394
-29.43223393677389
-12.278877338666947
-4.5308077670199784
-9.46676091053261
-19.643628234699325
-19.44524686298661
-13.538231699113913
-9.700970767113157
-3.927608676753587
3.5068007903413214
1.6220936972723048
6.911666557852102
15.062159365784106
26.442082142672078
27.497809870318108
15.074169940303928
6.824499216287513
2.831333858873257
-0.6229670406445936
4.521078842301193
24.546072524244728
11.559395020351861
-16.282460375971716
-13.490345524793973
-13.085911477143554
-12.54285375752286
5.559642513452721
11.072995923893583
3.2622514761389643
-6.259624404493344
7.986921661357359
20.12116800152984
19.4410315246458
10.650399304536405
-5.7543795309646
-8.602593751522052
-10.889941720087936
-16.864751779481097
-9.094141742622009
-14.650674304347206
-15.94788617846126
-15.166376662105133
-11.796255637069693
-21.48149093444532
-5.867318144833803
-3.0397734976191426
3.6856468439501073
-5.971057876877028
-19.1647681361712
-30.8304412931695
-34.169676399737675
-32.737630889839714
-21.627686349102024
-20.927861000416502
-26.470302399919408
-25.36185736701996
2.466317253634935
11.272273169893104
16.581766855838733
9.445756155121403
-3.5160779297614835
-0.5253457090045882
-0.8606505899975896
2.514257979589768
7.407473618480992
11.560401751767
11.88683233836018
-6.140415656317497
-4.53017234744688
-7.916683975187482
-2.235856731193312
-15.570567058217705
12.556275108297465
13.203143112214978
13.53507026111303
16.847203068772373
7.170047841939571
2.3850439299814923
2.4141810555404573
6.5353121922639
-4.341415013115185
-8.966158489376689
-8.477028505628548
11.622353255349882
34.50161478558004
32.45010951622837
30.63593699340955
31.333430865516085
22.593119088702725
19.319915867492973
26.384283928218565
34.91201661007431
26.24955069001133
13.793800382514815
3.933108419584392
-19.193838613633574
5.451676242261809
15.13590268001494
0.9639931686234182
-4.7797259201114635
-7.698255032499362
-12.979794110428312
-4.155343193496137
11.968301154730522
7.489954366180878
5.706355527076733
-2.43968225760808
-17.063305121770018
-14.525677165241447
-16.719989851519475
-5.191224469610255
6.697400863407076
-0.5928505622399233
-17.512916027382165
-11.042866499641221
-4.210980383808775
7.1338687646332035
5.663957715004603
-17.7375173140176
-15.583085608793619
-11.496473623819536
-7.542970364972397
-12.290313926910677
-18.56857168195316
-12.269836993977838
-9.993001035820518
-7.2179830139302315
5.488429902133986
6.996174677830843
3.8870953995082975
11.7057728388374
12.98881893524126
8.141110122179285
7.460795228864597
9.404737069908483
15.781272207780088
4.084936540964579
-5.5740519790211485
-13.584373058661866
0.4822980410395474
-5.043215657622223
-2.2507608084895714
-0.022914349090725487
-11.674267157717484
-12.443085327662322
-0.5677790683261872
2.059725346211677
-6.337880501364063
-8.662282281300785
-17.465438576233222
3.889116858135631
-2.664818199803764
-8.560578600703876
-4.350247636872654
-11.146356426712172
-14.544590919024117
-15.879244960779848
-7.098838516701695
-11.571296445049127
-9.602867032180065
-13.424678167608139
-14.658205824763716
-14.448114762242579
-13.468963655010269
-16.323160102902552
-11.369585620113511
-9.409751202695169
-19.20763840684997
-5.793497895075988
