5.255427817207789
13.804455046582476
3.1420219916805228
-0.3575771950067664
-8.665383064879522
-0.9451206569209101
-8.392552632320465
6.364359040056358
7.2603548401060785
6.3348398486033926
0.12560261875175055
-10.482100810700134
-2.8172984529268663
-15.09869157879108
-9.076739016082213
-13.818470303698774
-17.922277872041942
-17.88362237160299
-7.626580275269988
-2.3699608102665004
-0.2727935905062776
4.983079923326987
-2.7854204040677915
12.78866477896906
15.579279637750389
9.310497087512543
0.6675237305189844
10.026860013786091
13.844676676899967
9.012891742532283
13.079047984351199
16.906219265446058
20.590920653490038
0.8264048918169481
2.022580279294408
14.751765937729175
9.951604062504801
6.494592201425707
2.833731707551092
-8.65945152697124
-4.756178890989822
-2.2781257112634257
-1.0416110438945538
2.417031920295694
-11.836747569650015
-9.258876827741927
-13.790510294315554
-24.197075652431465
-15.184575947113082
-9.888681548044977
0.15851920077669351
0.9079486084484252
6.031205513267807
0.17696393081788794
-2.5421878683670283
8.585577360077856
2.5237660009030107
-5.422033502699577
-8.907880566089641
-9.200982186878578
4.706463648875996
-2.6982532406411157
-13.715734376128175
-15.728624093212455
-28.601663665826248
-24.546332264564423
-20.311143535862364
-9.844503898736935
-19.295494679563497
-18.10986913491755
-11.212721238153057
-0.26440790207434706
2.7297892808872195
-10.986377735645735
7.437852423332094
7.6453067327318145
18.0347808460972
11.952500790746324
7.262717437774122
-0.3046257158732663
-0.5672446079094396
3.827623423393925
10.944786906528911
7.199545804499143
19.57779625323537
31.32633612619166
30.48031793792256
11.437271238353356
24.843750755145678
39.263367799624014
47.765465563816726
27.687374439115434
18.769463840805173
14.086102487791328
32.26458825028689
14.73474621062779
16.419101422525554
37.5899960801742
43.69040601812544
-5.227892505647363
-25.58106709576305
-27.442602712514528
-10.551610439541221
-17.626616387993238
-19.66447746083644
-6.919102711155832
1.9497579300354635
-8.76346568473954
1.4013206442811277
5.110087166644306
9.565859161849671
1.4213370054666699
6.746134412707192
1.203483555934665
3.1430166595280338
1.3589543220371496
-8.76272591667702
5.95880462016459
-2.872534729495156
11.898795573559573
1.6380539374059997
3.8940264273442473
3.698897898934873
3.8269859246738664
-0.7287716290518803
-7.9725461878580175
-15.894892259465296
-2.438953673095599
-3.435452679431513
3.927710453642592
2.646160553372704
11.118631992374228
19.55371065661691
10.078528749319887
-10.327100738004802
-7.420879343170266
-0.612922833631678
-5.348027524692758
16.74436004443514
32.146677547754585
24.5295016062583
10.936383932316511
15.557273899059158
28.58270377912329
23.248625049838182
27.31370108675755
22.691971509788594
25.00698973169226
17.747918898549923
16.019350360377537
13.25504053523963
36.75161972518764
7.244153581856532
6.1923186187557855
3.745098546801148
-1.5415166738555433
-5.851322476192281
-13.983330960815914
-11.932144957693493
2.8212193514796864
-13.845508895708086
-12.409556724004656
-1.5616094349130252
9.229336193361991
19.449318406566622
16.38339639993934
13.384272936503567
3.402242440602432
2.2264366421282205
5.303978516578206
0.3240659520081218
-14.641129690231287
-11.575488989697108
-13.942286414988446
-22.68212991051486
-16.079212601552037
-19.35175501698103
-15.802104892335878
-18.237021652892267
-11.239511296498694
-11.371514406022087
-9.802343727473016
-5.70035014547393
-5.136615724775486
-3.60930117780318
-9.141592454473752
-12.877899284230681
-12.232947600015596
-13.024482608523623
-15.58489516064393
15.506617264261944
21.18809821506723
27.200308401267854
25.570579372124016
18.38878163175528
22.416802616331168
32.579215953637146
37.90653266103949
26.91591390591001
32.077710218399275
5.925906764822209
18.142238329601128
9.997502663555997
8.6159603380906
1.6391704641651743
2.2028053757967863
11.234444387738924
4.9600626023384375
8.127395420619854
7.2699195296141585
4.2990200474095825
4.8389308195412735
-10.448433140819557
-21.426452952689846
-25.406668963521284
-32.22371904968763
-36.72148670018794
-7.670069683792682
0.7080512471503014
-17.50580956239388
-9.354805496479706
-8.824644212183195
-1.7388957614491478
12.272353391740456
-16.636579295307428
-23.893883915246
-9.669362121412394
-6.681700444624448
-8.335397191066702
0.8529226705646681
-13.427317457164495
-24.851491528285614
-12.04857491854444
5.277523398722319
11.386544867555802
17.9853085653732
-12.2672443950496
-13.829060445932644
-23.62566244537933
-20.6979093296055
-17.577864054813446
-23.792708048845533
-9.916947880726713
-11.205285439555023
-17.541215190640305
-26.38005783152657
-1.3933903246163315
10.331999105945416
7.639274046182742
21.231790193586267
23.475993453930005
14.332992273949099
10.532691578009203
9.208528296002457
10.322419616762774
16.58334471052578
30.442038549127044
10.857630302644589
3.0026404326027087
3.647458866609135
10.433047424783195
15.545452306554838
13.748278091153267
11.552596300455004
-2.6189425484850606
-38.814527773446635
-12.938172568012586
28.940949859228805
30.432117061747537
22.94575603387711
14.949298382393376
16.285337960983792
26.903522196514288
19.144714842361413
19.03816730666572
26.86055629969827
25.64418708518221
30.896729428236995
18.51349540140876
13.17010471160684
18.19653688686821
19.13224374082218
23.280849078997427
13.197055482911004
15.799994631809733
17.957428940615845
14.26630383903759
13.467270500281774
13.956277538489829
15.696812598151993
-3.6003079255399184
-5.019335132095236
-9.470693162761634
-19.829070711216463
-24.93507811734529
-20.198397816850147
-13.27036925088265
-25.668242335130977
-19.95966360093726
