-2.159587179603704
-2.053043396332228
2.1915595274714468
-7.229671708330782
8.393509422686144
-7.121081933523004
0.04919743518499654
13.240080812344544
-17.037957118687288
-15.177472046829946
-10.61894157731422
-0.5407431107327747
-5.780694855234912
-4.866992821914653
-15.402662493568098
-14.027282069822528
9.77861273545106
10.696648617042962
17.66822490129454
23.02163379736634
18.45423310448383
18.413649771532327
18.361003257560263
29.699308480344104
26.5322804587678
14.049807165828682
14.798941647099335
21.20261839700776
21.343191232140207
6.6064133622933525
2.2532704811944098
-1.4201537431199092
15.190571338149306
9.95167618092291
18.182543685383834
15.351337635810456
20.718525847408255
23.64025225389966
18.560709328315195
16.847085381752336
28.92730666112121
38.162542357998994
20.05763804844672
33.40708041656493
18.13383877676961
7.987471914950018
23.641849030410558
29.630167897472
15.068822913548304
20.094950870614323
30.473182631789218
33.12640315158657
25.383550511129
38.34475438449513
43.3352339169719
29.71999910147043
19.771937611749703
21.576258367265115
9.939962830032146
22.82811876273408
11.391641843499801
13.255522275731785
0.5871105794407923
2.633443476942572
-19.212994617511324
-18.343010813869085
-12.067245690293676
-9.954746405514632
-18.17651846862985
-6.97382549475291
5.067918142238315
1.6562189587492249
-30.92090045264225
-9.925472698200071
-11.961391009107196
-6.630519561045864
-14.227548221636006
-19.930417937224185
-18.8801230512352
1.278987409086417
-2.455541633232645
-2.7049311687326503
5.572532861873281
-4.452880238157801
10.191795081638052
2.5540296816227794
-16.367306048557516
-12.618318140536868
2.7471671695566227
-9.522276464472297
-6.527209212300616
-3.7464347092151726
-7.864112638322193
-3.888329346679253
-8.279571796175585
-1.87049400784886
-11.498296176439005
-15.950187901920712
4.322246026743775
-3.9130254586658335
-13.339863816630194
-10.251979062860084
-18.100441399390274
-10.893255574853669
3.481708745230581
-2.391941024466789
8.249962003209212
15.876298708047704
8.902111489760726
10.335762852946162
8.538407860975505
5.853555754140309
27.352229646921128
14.011258267856315
12.647257483030135
-3.148640852292728
-22.031425115533658
1.2701644877692289
15.529836126836267
20.170643265362997
20.859835761068204
23.14039560013445
38.79674256380885
18.63183437398053
18.53646759612293
18.942637791553267
21.395387383397004
21.316785727102353
17.29076214642164
32.4946788710253
13.869270448452461
