12.613147763908366
19.69637377699711
13.895344172758115
9.880902320125234
8.366686540810761
9.33496016545981
4.92606299538115
12.493206630547645
4.5213889180424385
6.523889150152682
-4.552415092408929
-0.4574955758585643
-3.6261071618552263
-5.512040763189181
2.70897985260994
2.520136321327304
-7.944808241697938
-5.4755214286081815
-12.161801519290734
-20.35838459516091
-21.855953389557577
-16.204032590761962
-4.052846250766743
11.347372779895961
4.577098019394675
13.133834659957795
5.6436194911294
0.5561559802690663
-1.6830818343226808
-2.578409355372006
-7.201557302582126
-10.6492964665323
-16.772750279482686
-17.08269087787701
-7.078591090351633
-13.696686375207946
-8.75323442194165
-18.895534633693806
-13.994131758630187
-12.976856008804035
-14.989308858823756
-17.47586955339592
-14.063764125641525
-14.660585889627097
-17.453170312699662
-7.263086490018018
-12.50495928784856
4.039689605386132
-12.597966753671106
-7.468285206617668
-11.46122158887933
-2.330413157588985
-0.2629118531416179
-13.063898438663578
-5.641821912402871
-2.38978310841887
-4.45750560391991
-4.752920740574945
-3.69549656200324
-7.218439660783559
-8.392126393676113
-3.562063837152409
12.18901235076988
2.729013312842412
-0.5980264821226179
4.497946362867284
-0.4794780390799394
-4.719142594591662
-8.213605786626298
2.640666488219875
4.2815546444551025
-1.215574736243407
-2.6964825260660983
5.079348043170566
17.741096344953192
4.117999250872739
8.923953242172649
-7.913067102121838
-18.814820049627432
-14.787379524125022
-3.6615402436200712
3.0243513080822457
5.112098310628358
1.8487184130189576
-7.525258122340773
4.384184887940728
14.779750260052841
12.26096238089291
17.597085081718774
20.37724867314182
12.153522865725453
14.011703979977042
14.038680780630324
2.920881562293136
9.60155294474865
9.357110940087686
-7.516902911937459
10.902420811140205
-5.087818520042061
-7.234886616381384
1.9988136500391216
4.0626717465583235
16.058307687676272
16.765144543020224
25.83175640428052
-3.6470210354029873
12.676197647430284
6.315829188870225
19.733291824819947
23.85750208284717
10.486740844197794
-11.093341200950295
-8.460990516222877
7.360430267975828
10.4404277021473
19.180663743793737
19.58921893812009
27.415490882200178
27.868299887691656
10.047570492692737
-7.524510012321075
-4.480979762675477
-1.8684798439363581
-20.663602956883565
-6.69930834582514
-16.021123953827285
-6.919177433402661
-11.06853698815074
-10.83245085594471
-24.700867285181165
-2.3786639152943088
-3.414379557179752
-10.047849827802043
-1.0095848388684383
-16.300449621590676
-28.218719753841487
-20.13485751073735
-15.533532312506413
-18.81413630297602
-21.863193017952913
-26.129666430422517
-21.460586732522614
-21.52031854917653
-33.52957788344505
-21.049021071327964
-25.244354479585706
-15.312466561870508
2.294054450894539
-7.021897185172781
9.319326397331343
28.73678189697864
1.1909170716168134
2.1717115540609893
0.006369367605461282
-7.442478203507509
-14.831260384854597
-7.717789963924288
-1.9952058219760211
-0.6120783213309511
-10.822042649553865
-13.554402792473052
-25.182861009760533
8.609237858647136
6.305154252041841
18.80446756854701
24.279226246211838
10.266230186930393
8.949305488929165
0.6842203279825481
-9.591476427488534
-20.55100498628036
-18.132693591539873
-10.799397926342204
-0.6454250392837736
4.69733527459396
0.6831043312614141
-4.741477743556692
-4.951811558746036
-7.981020791466517
-12.232083814500498
-15.124412694648962
-10.931201858143394
-17.98898826645509
-15.494160519844279
-14.323300258642442
-7.294830281580152
-12.288163326369338
-10.468913404062846
-9.004924117776378
-18.3784789425696
-19.463158227500106
-22.405388710713115
-7.248608700425872
-8.452411054417478
3.3508192841666586
4.078910644878175
-26.51268048160533
-30.827241232038112
-25.14924149115884
-25.10452371896609
-26.53968661098032
-21.294873975153447
-28.311786347312538
-30.25749826946307
-21.462958946529266
-29.575439745597357
-32.18125034130887
-11.603441399249215
-17.826539432386856
-2.0261406459869433
0.5585069547815865
-1.7087803480346233
7.1056247136573125
7.199617605139045
0.8189188999825587
4.346069259121687
-0.7961628367244421
5.754111875744861
11.522070793174002
8.307941739185528
4.1466464702482
-2.28510602826972
-1.8673845159050424
-7.828835781700598
-14.354131356855328
-14.560999480836356
-10.01853019661478
-8.072985523667583
0.5211595805901977
-16.81133147183707
-5.185035674807122
-10.069336434965617
-16.299671764802845
-3.0697112342191586
-9.9690307735813
-19.575742244864266
-16.295830151529177
-3.7524522915819833
-11.428819935022554
-10.823313283078035
-11.862937705942581
-11.598174275644968
-6.887798867029426
-10.622756658383553
-6.748996596550934
-1.5814758763339098
-10.55844409697814
-17.245178256424307
-25.512623135740156
-7.744793204738626
-21.429940220524852
-26.985578918072
-25.193850082480232
-24.111768468871194
-26.511142145953364
-24.153542991762873
-31.859825577629966
-32.908214065366714
-26.68463750928849
-29.809286296205023
-26.371604920657568
-15.345835843259845
-18.010958395367815
3.749362831384727
32.68575250854454
22.7064738055992
12.206253918872635
12.525251544513399
23.341060942471927
12.999148676105206
20.406549110444992
15.510234207313268
10.98735757578231
6.880521586826853
17.52978150492443
18.345896090649813
19.268710532770946
15.597375591182196
10.039938308503599
13.76381087007129
16.224699635123482
12.984551441846898
-1.0595878453802223
-20.675931019718448
-11.616328617514341
