-10.471288096696826
-20.14318595618569
-20.619142177668127
-23.40093004322184
-11.766946672291422
-17.14472209480489
-18.213158018332415
-3.7322255903772654
-22.841719146656374
5.777634263201303
3.3195515742002115
7.324613191292027
2.3844728965842203
10.572133300576349
-3.4048597306906263
11.133157601286847
-3.9069445369011366
-6.9661350497449535
6.51841918046845
-7.355899963938983
-16.456751810614367
-14.796844758415382
-22.704835374983638
-13.517029485454474
-6.913210715979396
-21.0311667629792
-8.023417950154649
6.214203513521111
19.542842724604064
19.630253269298912
12.539745565718224
-2.626350083925729
-14.618833921980453
16.582521510435427
7.648636263631491
12.670568565339794
10.178448725564259
2.219352396364191
13.696793143394325
-5.605400308702104
-4.6616956764162545
7.6455129673413005
0.158970244851694
5.718277400330411
-9.862922132682874
0.8476856823607107
6.194970255856732
2.083726884057584
3.6461455208459927
9.4730975620326
9.662013717930675
4.160919194881622
6.322228343528888
-0.5134557941865677
-10.090426334128992
-15.129282289804006
-7.603940851077678
-13.551692695816865
-13.918950241517699
-8.253776042394625
-9.736150867818854
-4.1282941038529435
-9.080921222390248
-23.634406847145076
-17.74032128141857
-19.895742849563085
-24.97544008904573
-24.70481923218198
-28.1213419731547
-17.214359953149714
-7.265769006420443
-8.914970510689171
-11.26973595529462
-12.906991063196225
-19.760758963583843
-28.12443203205224
-25.21921938518691
-17.11016152510383
-0.7524056005104408
6.796473944229777
-0.17592545166549384
-0.7642579543216399
-7.1911417470525265
2.3039440764262493
-4.849643922065282
6.883513652155255
21.76458963592417
-6.203399598972366
-4.1154998857506335
-1.2294099381277352
-10.435820445346971
-5.550317076110887
1.5777038854914975
-7.942477014627481
-4.534927614324191
-16.575219923454284
1.6210070845379774
-14.520221079029643
14.915697198739966
28.267275494583235
22.509895682407773
30.82571934668607
15.465338831261215
15.621470614509716
11.371328235169413
3.262213685345201
12.1223885732465
9.519035544716393
1.2795243936460694
3.3229516481126486
-3.804268751746631
-12.822090584626427
-6.245640123647647
-17.683245617957574
-20.261911840852008
-26.63385324060593
-7.8482413316253625
-5.235187816560424
-16.42339420600867
-16.019913075550186
-34.59509530272651
-36.550009859507135
-33.578806763291624
-39.313627311470384
-32.47732830480992
-21.712863428076354
-8.824240441358805
4.884861637592867
14.434912457158351
-1.7462157853662927
-1.5826037102668695
-17.093019662797147
-3.5032766531956567
7.711819513889393
-12.932728629411516
-25.073503086623486
2.4560859237179704
-9.357091566874773
-6.594958859380835
-11.563596758657207
-12.813528443561804
-18.976807337926765
-14.960579163006791
-5.5234244802644765
5.395717548361462
12.607396301844465
3.368983094215302
-5.392774895647963
-0.35709641522854707
2.8615790133696595
3.666521012325672
13.492444689630053
9.643476197630706
9.989812929642195
17.5744943555736
13.789794002085195
19.88846542034578
13.256295653519144
11.868720964533624
-6.395536404244722
7.6583522399792505
11.102860809651272
9.132715735780627
1.3255844424257943
3.5337926465596023
1.894825696075348
19.201560867111613
7.881076047156992
9.685147641693492
11.167017133113584
14.328335570182247
21.97584452072751
9.979817736106687
29.94479577501442
20.92124422548655
28.420021954482642
21.456437753711622
6.375153178139287
22.40518922180769
21.38872259114993
6.517639374709506
7.988256131766231
11.692743162783891
-5.115452203867575
-4.482596827698612
-8.068147950819915
-13.034385026546818
4.567848344501637
14.076503629472947
0.6616066903361075
-4.404747461598771
-5.764525757738942
-7.3981449129712304
-11.816633984806499
-17.514794821874833
