-12.1931162419531
-4.704620770017408
-7.6884071700509855
-3.3430372859748485
2.8288455248228623
9.183304160669726
8.914048521906508
0.7406459748153296
4.481241511230026
13.864061262029335
-9.453951347101228
15.077262403804006
8.148339653464095
17.169472764636296
1.4899213601653545
14.636878467720662
-0.7398576330597822
-8.977914882182127
-3.0380430397070306
9.821627642258518
-10.228136583523384
-3.0257077067495555
0.11983868519876865
-2.6475936779358924
4.569279766871471
3.557513521849641
1.357320584835872
6.227070219980904
1.91905649050545
-3.294527021628532
-49.16848510456374
-34.53377969209332
-12.041236538050265
-8.907563657970785
-19.762822504009897
-7.713652195231304
-1.5286021143105324
-7.3567497079964514
-6.9171645239781405
2.7770351922100454
5.4753566152995585
-10.573919911303422
-23.048417966043466
-8.305547482871674
-3.183377082851786
-6.876207342181326
-5.338579395071512
-9.41935206386718
-19.023998066140877
-6.0849828759844975
-21.61764388063481
-18.415369635836264
-16.958284629423392
-11.704485780203589
-20.01390639266122
-25.458863773652553
-7.279403673572571
-8.512089797115896
-12.399166280277296
-17.883117021395716
-18.023965100591038
-13.431768248880628
-12.146097188612249
-12.455940724897644
-9.254852010252279
-14.085749934577544
-9.259051165122953
6.649199314452368
18.15215655299648
-2.4565230549498422
10.69891013453414
14.606031894926062
5.492321025550155
11.891083560654293
19.51434741160297
19.84043756302789
12.287184257899435
4.267374617971603
9.272501872232828
19.61634360336761
17.193993758491462
20.05999788245921
15.551674276957385
7.894419017460764
23.032910366405286
15.279850157665145
10.994167171052306
18.163620596766183
24.327244638813664
19.244194393645135
18.219470196547398
4.8843878587791725
3.2721708612169778
