3.025414071552567
-6.6547577977154875
-20.688427878227927
-15.865057315523364
-2.8476640211073247
-5.7384353149889185
-17.911701747585248
-3.618586225792616
-0.16316265121265958
-0.8740847827384379
-12.780395998430322
-9.950117522976504
-9.495421448856764
-20.283946252850267
-4.267893822783935
-1.415054673350241
-10.966045553901308
-11.376045997687891
4.712763134038638
2.061909827740297
2.9661140991985504
14.726337212098661
20.148117307167706
25.100613062265808
3.0872884808093017
6.914748204152577
-3.334543591823741
-2.1480218975131797
-8.251524470793125
-9.659849910857476
-0.7298332139088762
-10.044262977451329
-12.964538533875432
-14.472449888708894
-18.655150497788426
-31.30741266706956
-23.073274610400855
-31.981749681494822
-12.896019467290337
-22.622425758954424
-17.318695988170706
1.5594688260616172
15.824498237024503
7.471905037840275
9.662388894805988
8.727494807319411
21.001487516920832
15.744323694071213
14.416931079714676
17.197732453938464
-10.91160214196075
-13.859631028044527
-11.3841770920543
-13.554377957150693
-6.781443785061232
-18.14603408468627
-15.456177651919697
-15.304868815735073
-25.86521246893711
-2.4891773555337933
2.8893205149590786
-0.9246995166669588
-0.6703179179906504
10.465627737741249
7.517617418762468
16.168990371259866
15.469135962530782
13.7129714677065
15.278551075100848
14.240871935489904
-17.124862651627257
-11.939518782914623
-5.85610925172818
-13.543086927634493
6.331627078921943
7.123464282682885
3.997998733083485
2.2432007430535315
-15.017054206446028
-10.810009809794717
-4.0100328754293635
10.743311532801961
17.62536877494012
24.925365725248817
26.912480427023944
7.0265297191438165
3.88223602327728
-3.522152607396297
4.756043571609612
-1.153097572404421
-4.663416479220651
-7.425942778335083
-5.763391649301718
-13.383638635434304
-19.533571349809208
-4.4321257840056285
-10.294542415443015
-6.116563639718231
-24.552493230478266
-0.3241079624779062
-7.679124569322849
-28.1359573958761
-8.245263674444221
0.956578202495306
6.868101981037098
5.652529399865773
15.916975370562206
6.260515302677455
-3.019782952291572
-5.4926588050453375
1.2666926566838472
-23.39675015884772
-15.5304756868438
-15.711909993822296
-23.070530167564378
-12.408684466795176
6.108076569633112
23.587442500447963
22.52570555417732
32.72973050391849
23.66448818290133
-0.3982806556978886
-8.383603500508546
-8.044858978439969
-13.107174089891926
-15.745125340851938
-15.069143166776593
-2.974784064129064
-32.025609801939524
-23.96023967920797
-26.080925860200356
-12.354842930542945
-10.884747007469127
-22.19298914710424
-15.367004501723398
-22.240472305242246
-23.22391245807216
16.926678799681387
12.364249895226386
1.0227807164703235
0.4798507990507242
8.940788964871775
20.44564905611724
-30.368999983513614
-45.80566161779546
-50.963657927041645
-29.958290453371593
-26.396918931344
-28.070915933524713
-4.380988220654717
5.964485071655849
4.56487509913482
-6.576024411554665
-0.9004976212026282
-11.766380978479454
-0.2660477626677485
-7.960003027505293
-13.777423797297152
-21.55808642970222
-20.38562325063403
-19.98039312983495
-21.17631255182164
-8.688104950286819
-20.168659411292726
-22.26583151405168
-42.361844627347615
-47.848574397201155
-26.773072171159072
-17.244879556630362
10.390709264965537
24.99550714925604
17.48072480799546
17.36504619450499
-0.9073301706688052
4.98807772771554
18.84597118614787
4.8532847673039194
-0.10692951240738796
-2.9231066754618
-13.736651181930585
-16.725063737819724
8.161491056685165
5.240385203973043
-9.790878597509332
-27.609795714130453
-36.87559062699183
-27.864298450055262
-16.340556274049927
-11.693550279486658
4.405000902368406
10.898435091288805
4.3745394193680385
8.409492001421803
7.4011314520463936
14.077236251027742
10.621187585035562
0.6106737883384965
-0.2017101593314453
-1.9542905995701718
-4.628170225218599
-3.787509554450229
-21.58232820929987
-14.1346920368292
-12.227783232231332
-1.111928486131838
-12.993342655105787
-4.677351927318949
-10.623657088930818
-3.8405016477238667
10.995187085184751
25.553492813835174
-1.6071827088150594
7.838584212930218
8.971774788640452
4.326373990412057
-7.1746251907307865
-7.830652121852018
-10.103835784999843
-12.448433297500866
