4.143477957010455
9.956089107293488
11.164441916762078
7.347768180723801
0.2805161620463679
2.6243053221654065
14.935908668158795
2.459751760767364
5.554522733187138
-4.375213492703846
1.7433696644722112
-1.1093913100795856
0.34422412178024897
-5.2484043066764094
-29.632501071080817
-15.739389541980273
-10.032799294075893
-17.652026049509942
-7.385953140530795
-18.598382176026494
-22.13521386350585
-10.595038731929801
-26.60755260019375
-31.23999832634376
-23.72514102901945
-36.79259581765669
-28.76085125281979
-14.371232349146748
-22.02626704296735
-6.424552711095568
-5.3166131279386715
-13.097740909463857
-11.768973576248662
-15.033376254826932
-18.95330431794936
-27.132791996248432
-21.718365205077514
-16.284329234327473
-15.65216206757057
-15.088728850137356
2.6535224483287774
-16.764006739786655
-22.9186916853793
-17.896793275323446
-16.348970659135873
-15.998720379354527
-18.937006657611853
4.3243857808899495
0.8304092799468076
1.3066839645627
-5.937922588853662
0.7877822836005935
-7.988177042656408
-21.208483921896907
-19.402953579648507
-11.94948945209835
-10.035539765884796
-7.036823547285478
1.6982064452445549
-4.204077373211634
-6.761321583864392
-24.75693097137843
-17.314019473042052
-0.8113075461670171
-12.767758416137529
-21.507661421661968
-24.931977075169467
-17.088742691226393
-31.05622711364148
-21.391489308416407
-14.29216757964826
-13.926915411583295
-13.014464569691867
16.90732183179315
25.10024858282563
14.536390859270975
3.6465022505068463
4.844609282448097
7.227732979119913
7.299229701104668
2.9143962000488455
7.866370761499482
12.46155659014978
-1.7366562332585322
6.305706624227543
1.6424953882632536
-7.211579181643568
-0.10532699845316408
-2.5088557818890127
5.028391011711449
-0.6049190616501074
-15.320707844685213
-21.22675906844311
-27.266562256335497
-14.031291595026904
-9.071087335193576
-10.072490296580016
-5.9284809304895365
2.1442541253229352
-8.127782356931172
-15.528414545109587
-21.30863340880716
-20.75757612881616
-16.79445302692821
-14.523681340876033
-9.254091964336244
15.237712160674036
9.11121461478444
17.11263617122776
24.682740945603122
21.719869923663577
12.277278925918248
12.926552143006742
7.947445984748251
2.5108385958831767
-9.2358534363041
-7.399519039725617
-12.85561619427958
-28.071049677239987
-27.474166694444047
-25.2734668592979
-25.20523698685382
-24.729991240666298
-23.341602673455476
-16.31021939889612
-5.020050444926195
-7.107264127130605
-4.630045271042922
-19.418036453512357
-38.8040156147037
-32.14861154267729
-15.511192724266063
-2.726436948406977
-3.705672827991114
6.254536429760108
3.7083396908551753
1.851465074491156
-13.958962556610574
-7.720000352486832
-6.572454109994299
-12.302079714580548
-6.109095051541908
-10.621362359189515
-19.44469742942323
-27.13520262949223
-24.487091959560185
-21.797585213079014
-16.77840905056799
-21.078037293801643
-19.102643173997734
-23.93054887870868
-33.43758574365202
-17.721798244764592
-16.360078580707793
-27.988312116801985
-23.454165620002623
-21.62004380422892
-14.070295620164863
-0.1003588289379369
-20.498689606302268
-10.764303336466496
-24.865500641171234
