2.5214986728476507
0.3112061592578604
-0.2886698967792445
-1.92872898503472
-12.61886826933201
-17.307743787093663
-18.58890227765149
-13.134707780939152
-22.34723682519579
-14.059007898506735
-12.617920384136909
-16.745622127877446
-21.95653033919111
-23.76945296584695
-17.766934411790224
-14.531577392044346
2.685780140900819
27.90641793411655
17.579038087977032
25.99722136133511
23.92984811366683
22.691463326527682
24.75803656287416
23.994236895217494
15.571162560443055
20.469051546692565
19.000410003380534
17.454322782931477
19.118948704070775
29.31549135021613
35.415138876103185
26.340979262539143
20.92273808937164
12.396661195549129
18.100902483740608
23.335638803951635
25.605682460600143
23.749588913219963
24.745385715587634
34.737165521991265
31.999984283309754
23.21740968299893
25.015722870012866
36.305330203940294
35.84826671888064
38.9118624963896
38.707541383910254
34.35619289780877
26.031671693943238
30.638299691245127
33.43653389361975
43.153464744183474
34.48045850381978
30.29523536220313
26.329013078674556
41.60983380673558
27.909834618969523
18.730965338359844
22.896260925708003
28.70535215603528
28.71007484979837
26.737633663329614
12.685421177011564
10.514971674858307
17.206015845644107
22.875111775239887
14.137999522615535
1.2789865643777794
0.26203136013046424
14.168499948386824
11.845106940163493
-5.938518124689119
3.3223836505441784
10.314234181680916
1.618718710803884
-0.9087277155788358
-1.171613876523803
-5.6712332598834205
2.7794826683321268
10.25677456098117
3.0773116072071027
-3.0316125787555626
-1.1288698385595228
7.5261244447765545
-5.633864755777612
-3.1834384820399
14.339248598505366
20.247436001123983
10.638290609981206
-0.36302408375196427
-4.740831415474915
-8.729526188238285
-12.492910629993201
-16.034488409320268
-15.908678861715972
-5.535896730314474
-4.285877306845634
-9.804167758707276
-8.479792795125757
-8.308618805298009
-23.655271316005607
-24.08519593788797
7.742400578998541
4.126311396759763
6.6728267866988
-0.3544518069411567
0.7067202764353839
7.731732451944422
8.63174825127828
15.970582059260092
12.138789372852258
13.142362353390482
1.0776770957401374
-2.3002041913123006
-1.4611326174223855
-14.39522924494267
-25.379800775228976
-23.022221527018708
-10.678443179330351
2.750262143117653
-3.062044073529821
-10.036109456534641
-15.525274547439162
-14.027193768395984
-7.571682852020898
0.18774428191114412
8.738671054363076
-0.15821829977880525
2.3261738719095595
-1.8020343361459228
-9.100705103669084
-2.193602152480771
-0.5415261390476529
1.0317765376723176
8.141936118856908
11.66690243716901
-5.477397733099814
-3.1657796594764562
-1.0923954082983105
5.91413000167086
-1.7743402475859815
-9.342545757818149
-20.436880463279973
-19.972511857697267
-20.634383711239195
-16.912074323751437
-30.82559988791384
-25.60289401172421
-22.084764594204152
-6.312107343235693
-0.8380258735867917
6.405257144381349
-2.610445769217648
-17.535640580493947
-0.13210909796407394
-6.308423565710439
-11.727212306489287
-13.62052220276561
-7.5323700737849615
-29.60592238050973
-42.97995393725827
-45.496049092846405
-54.28112277471904
-70.30095919910944
-70.55266757032366
-52.81483587068087
-46.543056005767184
-33.04726205422937
-13.02205748692393
-13.579076978710887
-12.904593464809654
-12.816899539115632
-18.88427935833084
-8.002598743984656
3.218724493393992
4.311842611600213
10.204040610792283
10.903315222972779
4.078189100389364
2.201778420124408
0.045255844312029135
-4.8371400001651415
-5.880536064491347
-18.62654839098697
-14.044004112267412
-20.137690862468947
-26.168124985468804
-27.13963563302494
-20.495285706100677
-26.179472897767162
-20.028742989004108
-26.350433903706037
-22.2378748410659
-3.524920044946592
-4.857156920415108
-7.217792443360722
-0.6394190528770022
11.34025307404876
-17.835181290396203
-11.635863141744595
-18.777031152296207
-0.6705108953112896
-10.81846978581508
-11.951038093186108
-9.652557506530082
-4.0569066663531235
-2.4550653150745876
-13.572192252630328
-18.078405693939303
-22.48813875469911
-14.842827607217211
-11.911045221336913
-13.64755010834475
-2.53088887962742
-8.541187272581649
-27.705364298160735
