0.02215358115550628
6.1797681365308925
5.466373571361107
-4.395504925613727
3.9171310007829176
-0.045868839745807584
18.40205437246842
25.72461925101748
9.981482046161405
-2.2362903920742347
15.502163218954403
33.53097198414526
-5.92209378132579
-12.114602167258164
-26.89047979532036
-26.825851780271893
-11.78596244422626
-12.741745181111344
-14.632799571060216
-21.703248986316147
-12.44584476891135
-24.210594247573127
-17.20847205200386
-13.841156259004805
-14.320580274006364
-12.55382701401151
-2.2101900968323367
4.117606268733938
-10.069656746847471
-17.784104581832135
-14.370317197249966
-3.072859325377083
-0.5023031630799324
-7.31095112341688
-9.497115979337844
3.3884283980940078
28.294813464693945
14.036509264022547
20.89621624790933
20.011632795361397
16.0257905547601
14.151391337773724
18.963109049264094
25.07638812015799
28.914502071920214
13.531681660417131
5.261102106986201
12.030043828849676
9.31628413954464
0.4078626667207809
1.1171239689200878
2.7139792791429436
-2.5494975130940984
9.55551607533725
1.6865588721396083
-3.3137758857433015
-0.9388125033735406
14.143455989693233
-30.595986196304594
-17.380552948215605
-14.28934684123126
-10.05550534107091
-2.8369150040826168
-10.604976421457533
-18.110923413297805
-1.2147110428656596
-12.825009003354984
-16.786595182006284
-17.978150638995203
-3.7976452052344247
7.4261760099353955
14.962869723109907
7.811144481248468
3.23228718388617
0.17707466375680336
13.50948219888634
0.6316843369227495
4.591858745909165
-1.5131598582714645
0.4578283990414749
-4.551255567467146
-2.779424124336514
9.991525389804186
4.676800023002002
14.558231113887803
23.669987905042795
20.07071901124004
6.4416850446367375
7.2395625252512765
1.2829476201349457
12.893186866112448
-3.9470822470481743
4.258471165699274
-5.2105036026057325
-6.939377086705493
-3.708645754008836
-4.2885634883144395
-17.136829053268425
-25.46854722681113
-25.935607264089327
-28.899709789743557
-17.734831343118085
-22.569586221230267
-23.316802687112013
-51.363980050745866
-47.19551725924615
-17.31946438265228
-7.951404625059395
-3.9552064494496513
18.312318418861626
11.639458251390572
1.465380971572114
11.64671316349361
34.588088956382364
32.053960755862796
26.056757895263168
6.498560206023583
6.4928454371633375
-1.8247670414664696
2.6537917367610397
-3.7973993369058485
-9.313540998351227
-6.076749734954831
-6.333384489965622
1.0416002098827235
4.851889584940487
15.74532383167708
20.928575459749073
26.82557030046889
19.94693841158753
13.075874449364266
10.26942720278938
1.6514203295565129
-3.0077217137351977
4.850934014070004
-8.747996215447099
-7.806595180880449
2.386509142618406
1.3897650315064756
4.989137954554924
4.582271066035335
11.84843024601511
2.272853801906146
-1.7214903146782563
3.3506697091345456
-5.920066101021068
-9.871928645247142
0.6317979205573271
-11.394796122145586
-9.279404857744618
0.5523624191807812
-7.626770309379936
-0.08682887853358287
-7.528641222858186
-1.886031492274831
-13.07667434071089
15.909570622552836
24.078890111337902
15.1970158844038
7.529189683801539
7.5866581826232276
17.53495688742353
9.103511364594482
-3.341532885408536
-0.20216526102749133
-7.175647230497082
-8.338341507044056
-2.007709111647515
-9.353748855287472
-25.799293204259065
-30.047085701762146
-25.335035242134857
5.973552296158103
-14.311344802364307
-41.619488445326745
-32.45875000009517
-31.968207428192773
-6.8182646734245695
-15.03283446808265
-19.28604470647398
-35.019976302455156
-21.01997962902353
-25.349169564401635
-21.815886065160605
-20.45956401734033
-31.854475812261157
-14.375485499846652
-16.58035145988173
-12.284274724270215
4.952083715107541
-1.5826947453315512
-5.961478861980772
-6.1888224009346455
-1.6704845794063112
-12.833503149156446
-12.895958977859749
-7.529376656975704
-6.425212589875084
-8.210959902986911
-13.164052242246909
-19.315861969654176
-24.420266216650262
-18.01285720987853
-16.662187449829993
-14.51646787373845
-30.95440906487584
-30.780832917451033
-16.377748215380713
-15.51094362745165
-4.81415191527007
-17.833303715743288
9.01677160048538
-28.402850436066746
-30.816172500446378
-46.08359887484002
-29.05295232604527
-15.40792743472965
-15.896309379608589
-13.04415012923156
-12.17277403810972
-16.554565607369515
-11.816338839558728
-10.769641652615473
