3.4117666157188404
7.086364115748129
5.103227499030718
7.952115212221838
6.371862264974477
14.478887121762213
20.03495993685343
-10.4022666050303
2.000235770882433
15.034026572651005
12.015378484708052
15.108405466117173
2.0809494045834085
11.871954552538512
13.580882697942311
7.797566593936003
10.564922359504852
14.021442202365241
11.516439017620668
7.682576026657681
12.054315784811056
4.9192448721328805
8.995220407967683
7.1545718644840095
5.894372403694618
14.016008913051548
12.518333462048275
16.512332281674386
12.305259651499586
-8.27494117571843
-8.387083471007946
1.670197108441824
-0.6122014998381585
-2.8964131693762023
-18.74000051066829
-10.342344599389063
-17.724831100566078
-16.523137221006706
-4.0847738863077145
-12.888155677568294
-7.72643853734209
-23.990197384094426
-2.96362024965244
-0.4128291806395823
-8.254478946093755
-6.4637281552534285
3.9334708668906977
-6.121837747447497
-3.897063833944158
-6.306179239903394
11.06431060818107
18.352421883298028
10.38433299587612
0.6707234657995607
2.118918988021462
1.6884393962329851
6.079037224329497
6.432907063219342
-14.275666279496464
16.501727403524352
8.039378151488567
-15.975642020006983
-8.034090006061566
2.3309212591261232
0.2507478377137152
-1.8132729984921327
-23.611211117609397
-28.674021840147482
-33.9610551929221
-26.553281547106536
-22.29802037936962
-15.802239137138436
-29.938386584377298
-13.30060057396519
-16.02021400278743
-17.792533626426106
-15.040152406520555
-12.975305075949867
-16.573501758503326
-22.620744119432697
-23.437477756020645
-27.722896292809352
-23.130608245101023
-24.05764850372218
-24.589880741810962
-24.90662049556854
-21.870065411841324
-22.42953462594076
-19.668885174336342
-13.192175807291546
-9.644722336307328
-19.66045873311664
-19.23680368085396
-14.232124878231824
-11.972142506526591
-8.700418138889406
-19.607414834056847
-8.609449853882978
-10.215493688723873
-17.143045660258466
-16.427066837798346
-15.362859220948154
-20.88420964959175
-24.02096468935915
-20.435211790380034
-13.840737358092682
-29.078651801884106
-20.934742725030727
-11.959325119624665
-14.803064386639175
-16.046422114683118
-18.87156950353322
-18.728426631301037
-17.23422922982591
-14.158015777042602
-16.33839286954018
-11.643199286689251
-10.186969648218813
-9.454632105674598
-8.376318135204341
-14.236195002171257
0.5792143941200275
-0.0242314573513001
-8.854941287974285
0.10329295489913376
9.972022773321633
10.489952032002089
11.601320004706473
13.755490118571467
14.612556473262956
14.546916775722575
17.704599804081578
-2.796559435169192
5.819272359946577
15.30703969042117
10.337435154347784
6.572771080200287
3.534597076114312
0.208721726876163
-5.679558565000403
-8.331941897375506
-5.975649347369491
2.571924558629878
9.728721870186462
29.06946142319867
30.882485389917782
27.870996346080645
16.377305126015674
20.10246260480765
12.546190038852485
9.054934826862775
9.193180883276957
-2.5297203222006392
-11.342058169499559
-4.759140460228012
-9.939482834381412
0.8347584406165939
-3.034032776995897
-6.185529815106043
4.779696886709642
0.41883232437202705
24.97954518849595
32.804073350843744
41.242158184761024
40.331281194182
28.51850343588786
44.782665544146525
36.55491003306378
27.211695119525558
32.36281167181944
27.677697154413465
30.769057381777014
36.907930696684545
38.98899756642857
32.03345383322897
37.890415916178824
37.57689876360304
31.04851258756226
28.023164267915334
24.11879225347577
23.48792793156434
21.22748983416423
20.850059541573586
16.127066748344713
25.714102956266604
18.007403936799854
16.644515662699135
-2.5486468058678007
-1.4022653919939316
4.186381446979826
-0.7300093733370348
-10.156630942444846
-15.136162493495732
-10.904079943832595
-4.275687482328078
-6.017036489440379
-2.771599518473728
-3.004473891499776
-3.753069584064636
-12.287526037073127
0.6820019572284305
1.7258960739766496
-2.717913923579545
-12.51569241243019
-14.516465886710911
-5.480048788396187
-13.865008655958224
-17.29288461809783
-12.061245938634055
-24.127297543496088
-22.20681285325068
