-9.893510960784914
-7.913765919274017
-18.589123305784266
-2.035431104539948
-0.7366597825957275
-14.696788070325592
-15.35530894293463
-20.782109995334988
-10.80559785852784
9.729763407043169
11.865612032808011
-1.8676352820882949
-15.43270223710726
-6.221106884269342
0.37031560999357305
-6.328965035466622
-8.121065589049861
4.554347090958652
9.322182853999834
8.05211056511928
3.864960347092552
14.862227857598413
12.823678607789528
12.495327205722536
11.183659251456842
4.500842539470733
11.369632167651494
27.326523184886174
12.014881908329848
15.29970863534432
5.812029244355262
14.845151612081946
3.400999998191004
16.54633647723176
4.967315136994537
-30.39194905409089
-8.420418121322221
-1.7194161373970174
-32.909479114269985
-8.655959607280122
0.8278437285431738
2.8983653662064706
0.9627375112686878
0.9706042574899372
4.323038567585814
15.795915572037822
18.19387226257785
13.80738089946374
20.204913313361445
17.724268504932695
12.81993362545017
14.174916868777778
13.760213008452089
10.903733124895856
5.615904626041603
14.783547200149947
11.485684505447404
3.9784730004361863
15.614152896644327
4.533891308688084
3.9396500506062337
-36.9517605666954
-23.139667838603287
-17.885378031632982
-22.91331044467035
-19.71291211005635
-16.350292075055865
-35.47284998710857
-34.15077300623845
-22.77287100600641
4.646830198288692
1.494246089926117
-5.215030410619509
-7.3480842506854245
-20.12332833431945
-10.809972764550311
-12.643636995387835
-1.1762720171887544
1.4499722191733413
1.4471665640581937
4.273240662314783
-2.3074041841118254
0.045827911147877966
2.5787377527960325
0.031429396721364584
-6.0618214111780055
-4.1850963002844015
-2.330302688759996
0.404586641257214
0.5896291862475865
-10.581405550146812
-5.6942514065574095
-7.52892575052304
-10.804478031425248
-16.438230302116867
-7.047363731847018
19.351169024235162
12.250433358271525
13.830997562790628
9.007679450340062
3.0817571010223026
12.715966050657409
12.045216413577696
16.520369340102263
-0.8661763621686741
5.705268793387245
2.259634566223509
5.086295376959437
4.676802954832857
5.889098181358378
8.507425279100133
10.71963085746584
10.83414545899806
6.025686231262032
9.766100905598698
12.308065964487955
11.172494737252611
4.081949635774603
9.046663212335165
7.869609322395773
5.185557543711903
6.868583469296091
15.914117438481837
5.62401293120821
-3.7404356172554647
4.393659779779948
-0.7496944706050744
3.2932042558886425
4.810168522025936
2.2143939825420835
-8.516709793325955
-6.399495381281482
-7.759856632243409
-26.534430523621438
-28.798767640394807
-35.91056401518437
-37.14782568340088
-42.645516538213656
-51.216722279480216
-19.355063592303665
-26.78542657749985
-37.51699635346753
-38.705760951189866
-29.66996316991291
-29.128083650624127
-33.78057112596349
-28.474397494447132
8.010213615002465
-10.31610883824642
-0.09862710447321346
-10.252948527747256
-12.425519438055662
-14.020757036860607
-9.317016782502996
11.302685975595743
-8.583417686097432
-14.787730382060005
-12.850346109773042
-14.470432956745105
-1.7679302963763663
-16.708971144803797
