-21.269736335727252
-10.141441601640876
-27.96125342578343
-17.997881472046192
-34.78529621586207
-18.61002373638993
0.69911436152225
-2.9669858076442104
7.485760926637119
-3.9363000285935814
-4.981095354815389
-3.2664853159431475
25.36009025567823
22.556881251268567
28.090700717359947
21.70030194982829
21.292181507195814
8.673802681690388
1.4413567618940275
12.726756996451805
16.11839601457997
29.022834972010173
9.053860110367607
18.473714422644417
20.469270875582364
2.2840672180647776
8.499132903912107
25.475817108540557
23.295260884840022
17.024915490223766
6.031909699964568
12.720326632485955
0.586014189064224
-0.3729958447725576
3.550186659019664
8.147012208114129
3.9467456256983446
1.7695422139594106
10.186618141111245
3.2621173869759894
16.24823828524715
2.0086621675666647
11.117459246259957
7.933674872022076
-7.648735258358804
-13.879878769295333
-15.834373576998573
-17.363350422743675
-16.540065643136227
-1.5261239642830384
-1.5534698269931402
19.00679565529422
12.251412428274458
8.651346653718115
-14.95540705827018
-15.744883087818565
-11.291884325054138
1.7227075041530506
-1.1940283240238134
-18.142966739183077
-20.634698223201426
-11.50542749869498
-19.07597050408868
-24.65729245235353
4.629659941884079
-0.7393045233301923
1.6324499244573007
5.984220261516813
-9.296542541832522
3.2572066360868
0.20580064138805104
-0.9312351746469272
0.9782113974969084
8.48052281029199
16.29349947614891
16.32428076124778
14.170765241249509
13.378494144518704
15.131559238061195
-8.696587166999288
7.96290454739862
-3.58425918023044
-5.12988326723861
-15.470105484510407
-17.57836640295993
-17.368030257935818
-5.366148327526213
-8.836198521365574
-7.005427850698644
-14.620740641906245
-18.038314652709868
-15.090698249257956
-13.008994650284071
-32.45884307705689
-16.642721651467895
-4.2922248066119835
3.135483668406536
-8.1388728463725
-9.654882007896676
-18.174655722117027
-5.525754750181942
-5.69201968417554
-7.324524993696163
-6.609928452325067
-4.303766895563358
-6.3107236295928715
-4.802579824344064
0.6326566869362676
6.53629149093238
12.571036840630988
7.486361424638237
18.127373500187822
20.851833189143093
16.304009374432898
16.287357269086385
15.414488495080402
14.588287609630203
9.77396143388325
13.224077765220946
26.503205698764678
28.20777268371848
22.81481317107973
29.462339426318486
21.885236426907802
10.030717735158333
6.074503321669138
7.191653188354434
19.34695535016013
23.760142729719874
-0.8683669755491149
-11.083972877430993
-1.2973665194035284
0.6510145020548089
7.5329306647704195
-9.301825113347672
-1.072403415107574
-4.531478441912066
-3.9457845673154743
3.1160533341668333
-17.398302279674848
13.834321251047372
12.406043352382314
28.154355453909286
41.18323339789478
40.005435848774745
37.33808688678428
38.50468039402453
27.09636637434236
21.648183544333204
36.35818921437614
37.001455397223104
22.55471506306475
24.80159520099368
26.819961463573037
21.70543477465656
9.038148773576161
14.65448297754292
28.22311877785323
43.21435201817368
37.56368621856241
23.549926846614788
12.822708888391047
26.478329883867865
29.38826982191331
4.973562041073499
-19.943554515674784
-18.143522756227934
17.84252146594816
17.87824266115272
5.0169674298202125
11.242812930412756
-3.910077930586586
-3.7241778349253685
-9.916822986921623
-20.391167242217847
-27.377190803774482
-19.375201140086624
-22.13696955582195
-24.10921321677048
-25.366839132303845
-34.310740103675215
-27.57177647323505
-31.834736787448264
-4.544349061524285
-14.226363516452553
-27.608361965342922
-18.691519304969773
-16.454591423139654
-16.376792164777438
-16.814021737512107
-10.989093277374694
-15.3694226610706
-15.009046016261506
-1.0545877864648256
-6.433193620023574
-15.018074430374465
-12.147267670621602
-15.85472354260958
-1.1442627109607972
-5.740694511203558
2.3444132852134483
1.7575572114804416
9.520616588241287
-2.788439075116356
-0.14016114487255354
-5.268064391747303
0.7569320904828651
-1.4947648160953138
-8.569462908929124
-3.830354425655977
-2.5179071339457586
17.542931353151
-2.611627334586004
-7.198406178288383
-10.390285018819583
-18.278805566579713
-0.3981924406588058
-16.289692649059734
-22.3715686208642
-7.229345233236492
-12.262133002403536
-10.027600172454752
-6.786776217257392
-6.457001109623712
-14.640733053889694
-9.369988839916001
-22.59932563125755
-4.716230983829451
0.40805396931963744
6.976107886425389
8.046718204590357
7.702530283531478
18.325473325396114
11.952428516237813
