6.875445978393862
3.0500578142982833
6.5746165711013695
-16.81925701754657
-13.14766870476488
-2.6449929775503738
-21.01438373838048
-15.471813032614751
-8.36234584938879
-5.789091414195575
-0.0490738970639198
-9.02683937396872
-9.190055186320631
-7.739500852253538
-3.663553249867398
-3.9899043688992952
-6.813798254411639
-5.636955525539597
-1.0049441617473511
8.177278635900455
1.2228131965989708
-12.043935414325091
-11.702178026152554
-6.774094352717206
-18.3142562377854
-23.525554161437462
-9.595454542939557
-9.335363959008863
-5.685244444639107
-9.539744747223745
-8.364003153778329
-7.157082799437016
-11.449721975074814
-18.47416977430737
-40.45026163592723
-22.795034653277888
13.379235859929516
11.310335125466402
-13.222057690193054
-9.72798520532094
-4.260524499351228
10.124452065788443
-8.094992923982987
-4.735141850593687
1.2543186110996332
-4.287043356016103
2.0041273024488917
9.269115187684752
36.97689320151475
46.29057578229432
30.291580726972068
24.000982660948598
18.06024966455296
-3.022018724918257
12.853636064629221
20.746819471476176
16.482283447240082
21.373951394961555
1.8233777503707895
-2.9879216786923655
-12.698372729114457
-9.584705293105142
-14.608404587458699
-17.236362080862147
-2.736485506047932
-8.262982037021596
-1.882042882621364
2.3849773310165943
4.807208754177618
4.333332430695078
5.350127069081554
-2.821501500929668
8.302704327548813
-6.982007048675492
12.104461774225502
18.764507991464523
18.85605724922299
9.357344187022992
13.417071618641474
7.067796604380928
1.0108406296471182
-8.968588729441526
0.8427341633658657
17.06909851773527
8.31833110308249
7.477981202646651
4.348145633365225
8.648013788407695
10.477927103668657
8.499948094481665
3.0453797635061224
0.8632240817896379
12.694305994949794
12.482831526542318
30.15121866414392
32.80571075385848
28.581820484353706
30.57744555411913
29.334703501761737
23.6586039886962
22.268211540214853
4.331839127979467
-0.015860112619141654
10.827245186459509
6.0798651063557285
15.421780811362105
20.41613126511425
0.5649946709561573
-2.647985837044444
-7.894808612107027
-12.974375556066166
-10.38759815446252
-4.0332550494636
-17.922869922531525
-13.163117148932535
-21.71539753098456
-3.8303519161543633
2.5722328970380093
-11.393058846274936
-9.633837090420432
10.451383808252718
18.317163427763656
23.38649588111588
25.618331939200814
20.694210701446472
12.768544929529213
11.598629762274893
7.161026874540599
-1.6138528585976917
8.85031603737662
-1.8433767283911195
-10.225829425742962
-6.166772523711255
7.603469303538688
13.701534150106875
-3.864630123506647
-4.335953745501336
-9.005403040219898
-2.135259614290604
-0.7992199878280121
5.8344004301652275
5.180156689351447
10.81029719567568
7.251507118782707
10.617339476999245
4.682797758008603
0.5099434451163337
2.3780305121587686
-1.143638042696853
