2.802245132825216
-3.2566268721079683
6.46979466446864
-18.067653879556406
-3.5910658989425017
-11.115695883594846
-8.192221968324423
-1.216773356030422
-0.04117389697335293
9.201503103815359
3.47961228792377
1.1829660513353235
5.996771707688652
5.782353684845876
2.636176683800543
-4.067134334572404
9.119025647915203
9.609187673468515
-2.9144736189357925
-17.340230988075778
-11.388278349519426
-5.500264717056013
-10.859172783763004
-11.860527082894087
-15.440560166681655
-10.558671682762984
0.9503742169326812
-2.2947286138208596
4.2172054854460885
3.66957256894059
-7.642537755680107
-17.044341432084472
-25.137506152623573
-30.195835156866842
-6.807176557294429
-10.704404294891981
-18.412966003544515
-13.262232500992207
-1.420829400430616
-2.454492550059283
-11.508247401273255
-12.314052401008995
-8.772100876847741
-2.484557781238219
-3.662101837914676
-15.695454281647608
-1.6565404629843172
0.20437419049809435
-17.925822649639738
-5.886696418627879
-0.5075629196393943
-2.0225508772970158
-4.616344996240626
-7.367954838382044
-12.670403548471274
0.8345262796766715
-14.251657262305233
-19.572157904205405
-6.5536966668701275
-11.308204820865695
-22.69135279885797
-18.8064804517285
-3.5730565467201787
7.984452490693165
-7.1686444305351165
-18.18779247996645
-12.560940147430305
-16.726363803823286
-5.395838141845541
-12.875640414176171
1.6490340188323958
2.7663825968932705
13.913371142008831
15.458954797407285
11.645115542028634
0.7059530790645758
18.22684425657311
5.043061998930535
3.412303469649565
0.8310048539398464
-2.521356136046164
-6.204032471042362
-8.33323606374249
-13.999145807233832
-14.427282701072645
27.73775628355548
31.918006830199555
13.035453050292011
15.703513552686
20.38052792665093
16.01322190976487
29.819028700412076
18.8182038685491
9.738194803655482
2.763004205981712
17.844628531893736
28.558962303962172
27.196652612174105
0.2488476539525949
-1.9570589233893336
4.813147648302182
14.223169004401688
0.13310660457664322
-5.1109750671345235
-10.923096593390484
-8.471883706384864
-20.3807272028792
-24.42657692442729
