3.0459106351454146
3.275952446269787
6.213663193815606
7.169016741444727
6.063926771161784
-16.019272152155693
-3.1252876993568317
-2.016099181990717
5.521785762023175
-11.441585900638659
-4.734056851593207
-13.99558409469227
-22.65733809821651
-29.724306865022573
-22.72884657795395
-26.24749967075758
-19.27868682134268
-5.814145129276769
-11.667403490980675
-12.760817105732373
-10.167877188665436
0.1809714085701708
-5.574636398742547
7.620111630022713
2.4310660088884313
-0.0987876947279878
-18.72247495756781
1.4465713178637158
-7.914944278289871
-8.750499063669501
-4.742447136662802
-7.518591123115749
-18.836310249335405
-17.902929653338774
7.432005332627088
-2.7545526706464414
4.123564070479843
4.564406487139544
4.339097563465427
-0.8650523883360572
-6.24159951751352
5.917678759765002
3.993972543049686
-22.996277241438346
-20.345804987781783
-16.40250467416564
-13.65423990577391
-7.463604411894223
-18.259737892546738
-16.911620339691595
-7.471675200612003
-5.299353978307117
-3.1180592660849675
-12.604349262484341
-9.864002405085607
-6.1276607000784615
-7.158051814264659
-20.936045779151772
-15.984755511721152
-16.642153434237294
-11.990929830954613
-14.495865121166355
-13.401022825142501
-10.91204319038393
-13.048853723508818
-11.109493447310367
-9.505073491313363
-8.023069173788912
-16.62934244658808
-14.379487465070893
-3.8522603548147374
-15.174851736880994
-15.637725931064427
-10.509522909672919
-4.925496008026769
-10.398151103887663
-13.626360955691347
-0.8897923887183107
6.926619774638562
9.635961581396105
4.617111207418684
4.587622907674072
2.3100043326152893
10.899723784813842
2.743742802860111
-5.012737917220228
-8.626255974367682
4.579915470573551
-0.5434852792835714
7.8408935899952255
19.079918306631647
15.623206117653096
1.3776116154470297
-1.1226853728043968
-11.41065821961009
-1.2358053404800895
-13.224699205553279
1.137448856062947
-5.291729363182988
-13.502930280156587
-12.642430185688227
-18.917188659338272
-25.124653363804804
-18.50714238273065
-16.554649538005606
-20.55403333643417
-12.052739687463465
-6.497297766985064
-2.562407198195394
-0.3070265544926374
4.269764254505135
-1.4389906244748436
5.984229302038969
17.420160350358017
22.505303388993763
16.786207110807908
11.276592461189574
31.722450047496423
36.888163270452296
21.88326417922649
26.967007270821433
41.26524791406376
29.49579014746213
22.89368324908344
22.552311932643434
18.596247847224365
17.40883946270205
13.883396384711693
-3.25309130330267
-4.879938025264914
-13.302242726979134
-0.7348547484625343
-8.930321729962904
-7.503418304441082
-1.3660267939393895
-11.091973552659347
-16.700725652073633
-17.59773006366914
-10.950783173123183
-11.606912331736442
-12.340134763534202
3.4160113361205195
11.44211447851987
11.065475881145632
8.540512033968067
8.02768280609823
4.538306759937428
15.169479070859834
-1.1319823879632889
-11.383054291442413
-23.82487182554973
-25.693593049139672
-5.516480609714454
-6.7720618614257
-2.9437356687322414
-17.981236826011106
-15.456669841441286
-17.673315281795873
-23.144118474969343
-23.566783764170516
-16.60866124680228
-20.73086443580008
-14.774586657808234
-5.97325244457704
-12.8617177525126
-10.956816529357017
-6.086072497811995
-17.453973288311712
-5.198374022654612
-20.482496971890047
0.5303248575092193
-5.73308555340121
-7.269612163058829
-14.086472615303085
-27.297951372890967
-8.204496471838137
-8.396947141692603
-18.902946464078735
1.7995408313077423
-16.280799965904677
-4.410629570999066
6.392347545884304
-2.5774670722579827
-2.5857833054834685
8.838692829413779
15.775521367478357
8.32434881988539
4.209741916892557
4.782929386696539
4.163437803539138
10.58249107217375
-10.579857911592716
-8.679848730582991
-8.250045432875197
-12.422623538175735
-20.637405365859497
-14.401615251039805
-18.082155418199797
-18.87850075032736
-26.7160445993262
-26.622991675722798
-23.127507919214807
-26.267955648911656
-19.121390829714848
-5.6446171662838305
-4.524690143320304
-0.21176142997419228
-4.868373923403883
0.9620909741232088
-21.550775901082655
-24.5345946571547
-5.197879331024387
-4.256972458008032
-3.963571190815727
-3.3685948127421077
11.867661239967475
10.80235943259466
2.112848552257762
-8.062215902713199
-5.932933386896039
-11.09571011730398
-8.894356236404033
-15.348158783378274
-17.514321815884323
-20.098744145625318
-23.283442402821397
-15.808991538059292
-16.494346189564368
-15.915811133606635
-18.20155629756236
-17.80675483526145
-7.969616121852095
8.727395142800107
-9.612473211416487
-1.242639929342891
21.707808638413933
18.359781408457373
20.124919857669934
19.924608815383056
16.407443182150754
17.362559192267383
14.863912909001991
16.972846614195596
10.496188438605287
8.731863424281894
3.4018680941008435
12.986403162627218
0.7727091012778401
-5.6526459131448075
0.4184240636039577
-0.3184750398257993
-0.4634257635869546
-2.645883334002212
-5.412117665707559
-7.908013291802665
8.948138784536017
-12.822239900719955
-7.469263486238023
11.776722672651285
18.104669501621732
3.4752019406696486
27.500750377432023
4.978531883065098
-3.8865275372447283
6.056266844611328
1.2988342638062085
13.245806874337536
6.370404973561119
3.3913374879754885
0.9840272410252304
-5.91257837418009
1.9770065138495725
13.348528603729687
10.152345872350708
5.432384211771464
5.768187673201496
11.216506583523259
-0.5418271003480792
-3.658110768491162
-5.321644286700911
-10.5651929335696
-2.1536197089569007
-12.87338181594089
0.08375865073429374
-4.756861354418798
8.973843040147905
-5.098170375953932
18.03268536090506
8.808678907997162
6.690218609275575
-3.68435753277568
8.290402007088925
5.502768255070678
2.956718436571274
7.8515986994291564
-1.8142836798379172
-0.4666183766267282
10.030271048237113
2.8605814631306163
-0.22002850179757424
16.502360051495472
7.579339789848358
6.410390073840754
-2.5920173501154946
2.1565728079658486
15.885650546668547
-0.1056058933095631
9.720189482144233
3.375459526087084
-15.29635511811516
-6.617260979741621
4.802804732069967
2.6817582707343037
-5.806438717661647
-13.169305836244796
-9.44595681301686
-2.793764150909484
3.2621598009836523
8.645990282230173
9.112030852411182
9.701873743015323
10.221281614129076
3.5001419485136926
-8.381452048476168
-12.364474385332361
-16.156985554435728
-2.28787826041526
8.286013716704824
-8.00692740077711
5.462522713702469
-1.038256126922932
4.9158756667775165
-2.2111421970822
-1.7889860495746006
1.7880539291482176
-10.41982504348921
7.644000397819399
20.269304861518922
4.245175154307282
6.2037262093652
7.460167500603646
10.269427807652548
8.130843423151216
15.580098674468505
23.993938914949645
9.864726661120432
3.470368204344734
12.125695943790328
7.4516662743687325
11.138447725129716
7.010128043426271
9.60601455116949
8.43476850372141
-16.661841839542642
-9.34558004616642
-14.7333324548988
-16.151421844721522
-20.30626574027273
-16.78458481862175
-18.476840149083948
-15.828726591803393
-16.552730816529902
-29.305240417328587
-24.304496572203703
-25.635035903320052
-24.733954167846537
-21.41599870554686
-14.415276343670227
-2.9627554007941987
-0.0010621445390862282
9.041256217253359
-7.481485990401616
-2.9041725669175205
2.4682906618891653
-16.156634566251558
-25.178271296759696
1.6796485113429511
-7.988618758355478
-15.680082411902756
5.000443606847741
-12.799944613469279
-18.438487626416773
-7.684168493920468
-31.393254332812816
-10.837229775976748
-1.0444285623683485
30.213638367846546
18.94139495232245
4.211087792782133
-17.785563296447155
-20.505684281966907
-7.635600622211943
-18.02660636368352
-16.06825309578464
-18.895777230141693
-22.401089946240372
-24.04706110362033
-9.958952409814808
-2.9308171698650094
-6.5757083647808745
-7.281857868271048
-22.64878866834369
-8.769146946920882
-18.732847816277207
-2.3481979361934524
-0.027543334800156492
14.002310987810741
15.56333839520767
4.455625327918251
7.853061296504579
14.796524708222606
5.813100604878053
-10.045327583426516
-6.035274056646023
11.769978310857825
16.378332341374325
-3.3032671058133003
-15.9946797341684
7.7478799419685584
-0.1416764500396007
-18.08018161932912
-19.84172549346793
-25.8649316496287
-16.592692236732596
-20.38182195144707
5.980419519779611
26.65457569237552
26.19461749487366
12.067830028589196
7.441152363159907
16.838952970605582
12.654532893815665
