2.653502444765874
-6.317387436201266
12.895395131042148
8.696960408415482
6.875821427847582
1.987552135325213
16.962219551965045
5.715152652910308
-8.938818157386848
-13.326131876625498
9.90244043336751
-2.0774679705976613
7.356346618903574
9.954406529904507
16.859861731586616
18.151895923129114
12.569251017483339
17.640678927865103
9.547477316657476
-0.3313995861352553
-7.6478515809033105
-12.398184582520006
0.15975809691294734
-1.1733095021774358
-4.659138322041231
12.415221630439316
22.764959869213072
14.562406532651158
19.746987289909672
12.549833606578606
13.356067596037445
11.247492182541164
3.9418672142211983
-1.1856971860460828
15.238864183581322
20.99411403291881
16.244357726834348
0.1950067329693628
19.600924117259165
14.123529134048901
4.563580626761267
-3.3877303182104006
1.622429992509498
-6.531749470811727
-19.080819342249068
-12.033837249314717
-9.428642734438892
-15.345972678518972
-11.50425567855036
-14.032078306212506
-13.864173421434677
-11.514170885539118
-9.82900136896732
-17.936937257973714
-29.303493869733714
-27.23804920457373
-22.98148915511045
-9.281801838299613
-3.1989710307648664
-1.6525903563158544
1.7521684930804289
-3.7922291447510963
-3.0060594125471662
-5.967519163692113
-3.303799382171256
-12.595600330395088
-18.952605966454044
-16.345225465607538
-19.60407584978383
-16.699233578717724
-14.171336141461573
-19.906706016123408
-28.304518521499528
-25.38145184543178
-14.57463908805159
-10.188759633291866
-11.890928072916612
-17.813978152626873
-23.659154982978183
-34.458086111694115
-22.449705678420628
-23.869314977745237
-28.25903865603743
-7.1335408769034645
-1.5083154885306609
0.3989279031499893
12.840686157030142
12.136590983358865
18.441929206331142
27.82150279620615
31.32235205825429
29.102778617344324
8.327216351388246
13.226907571532127
14.69659558041048
24.33225500300994
19.186990299245807
-5.672491880391724
-12.877671214963176
-10.175816067789887
-6.811006195424397
-16.551946450096462
-20.991355366707896
-23.816362292101513
-23.058119135174408
-9.318331755701582
-7.5577547554277
-6.856066413812255
0.14078097146989055
13.602524656914005
12.522656613691346
13.084065911312143
7.4736970065706325
4.235250664718096
2.3098443882940582
4.226975748838399
-0.7009178199968708
0.17672871528003764
-0.2056890716682284
2.8993947264482363
1.3067907641998235
-3.2419044503839305
3.8100356660498766
-0.0679431867232801
2.2916367329971377
2.79806296921434
-0.814396517638545
-3.077963244490741
-10.672506606520816
-22.78983345692322
-19.641065957794186
-25.00742643979168
-15.754858627168252
-17.185623242676435
-13.196652891766231
-13.078895516991748
-18.358171022391254
-17.35230608089756
-19.183937215787967
-24.384244563721687
-27.340871417669387
-17.08817424061338
-13.315397935009447
-8.690315510198143
0.4261163518818736
-15.394532060336536
-2.1625600546944543
5.273888454803157
10.463661424564876
17.451394109174238
-2.1526617174179856
5.7209395435169235
-5.396660758132131
