-6.168311018329363
-4.333978467013054
9.831953695993043
9.810311668438901
6.144436619075303
10.662437769123311
-4.99499883138891
-7.3882475565566965
-5.904873573426842
-8.725442087643861
-2.2844185055684063
4.726646855418938
-0.5749353557487729
1.0870428753794448
1.59536241103316
-0.3844121769590102
-9.780889355931967
5.710973342577544
10.664031984891269
16.560083745596806
13.676615174036035
5.156683580308688
6.157891452184428
-8.614358217276115
4.181361561886591
29.398995628158612
23.15128028205293
16.354926427473234
4.852994504971075
13.031494600560029
12.903676875325491
20.30624887129761
24.459213211046425
13.417221898116775
16.369852282064038
9.344511549547608
18.62956741130148
11.183651425058317
14.400425006841054
9.06676225063216
-14.286403199516835
-14.212829686129036
-10.934118115709897
-3.987202165144645
15.311700351909186
28.926639966336285
26.654216610405093
14.38428616449828
16.634733670322834
40.116454267094866
33.45144138460158
7.959791252587425
12.584945424045394
10.612633857742377
4.646478089972301
-6.153157641538996
20.39710364544518
13.899411745212696
5.605619000740887
2.3948911690377592
10.24154432415876
10.807878718719618
21.687452850719705
17.759744665448828
24.76715693894988
18.732465795143174
11.47389493939268
0.3755768829889012
30.01160418081537
28.56354885696425
28.45147579943789
11.410234057553884
8.619943722704324
6.294548744438374
17.358734038716005
28.37603573167881
19.527726585717996
16.349272284947137
22.86062032601689
21.06212764609632
20.861105777434336
7.428786034124045
7.380933338687902
14.704821160578106
10.939584207528963
16.947220000817243
5.540675890421974
-3.9667205725998778
14.65094480041909
5.2241216380954425
5.406294356369336
18.49044999311366
7.807660869152245
-20.247988245366614
-14.405358476852633
5.831170420217061
10.607390592305027
15.1269860396071
10.203177681762227
1.0316908257137902
20.072990269908296
22.058293495411238
8.665692067855149
-5.023059528872065
2.737570943121628
-13.268965362359346
-10.159090762838176
-5.835253993832833
1.2523972267852983
0.5231070298372608
21.953377462888884
25.136331120379676
15.619037787535484
3.127686731970934
7.1996209301293606
4.783644841049044
10.146879165765561
4.249366622516047
-2.322907864009444
-3.3075586545984232
-16.401458703101902
-15.538162052999644
-16.32795218071516
-19.204600749044424
-6.193905087461486
-20.72216548367669
-23.45283208599372
-9.326703687818664
-23.662655439076964
-27.031978132614245
-35.75458364805153
-16.005384920336894
-7.130195058393476
-7.6954295367346734
-11.407399361225426
-6.442515646010108
22.631442458097464
36.09853731931347
13.521623434546337
-1.215283857741259
3.9054402522397664
-14.366846416259547
-13.067755903436673
-2.9154103844844235
-2.2708329560372054
-5.481781660296029
-10.929710946307466
-3.139007375650524
-4.62818175485479
-6.462078122228776
-6.823992771831177
-3.299448939774704
-0.3427271358408389
0.4960575821360028
-14.808272192503313
-11.979414427790749
-26.11707578177095
-15.235741868600035
-16.148454560982284
-30.939027736924395
-20.1332152251018
-11.80792859800652
-11.561692718929455
-14.68013832362241
-13.955872803399439
-1.2981705177451626
2.5470837501309256
-2.0330425077630068
-20.90531217205297
-20.734505679920005
-52.035282515384225
-19.365194694536907
18.677677132671455
18.590769340026128
15.431286802180553
17.203743378826655
25.52044085398924
11.246233340001398
2.614510157248367
17.32919214105794
34.029159521248964
22.36116644952307
-7.627280638423357
-25.71551525014419
-2.4358570779067357
-14.788111513979352
-12.018634994479351
-13.112704735307831
-19.911260929387343
-18.490030419892303
-10.503537242517174
-2.83869565940798
-6.927746120020496
1.8317473877051058
15.625356704134742
9.670796425430538
4.553556253404448
6.413352092176773
9.952432673137693
5.569603582668171
-1.3217778024372433
-13.180756277447875
-20.282582293177377
-17.466415261545446
-18.089857552622252
-11.325758203098388
-24.08850425135179
-13.722059306846953
-21.727412079039173
-31.513926563441647
-29.665258655244013
-19.94413149891934
-32.16412923104243
-23.195244139662925
-9.882612374963504
-24.138737858383752
7.0134188305949525
-37.29796287669545
-25.11397846304245
-9.274159969925293
-11.995962177997676
4.607307916606539
4.084247261105008
13.010564353090768
11.150362591468987
18.05793020920539
16.642361003069453
-1.1907034375417345
0.7924113205847624
-12.920096633869695
-7.269906792836274
-13.500040171512804
2.2218451933835643
4.903885813275712
3.0181001883924723
9.022436527590047
11.2184821022694
8.508354107523294
26.080074748201326
29.73770878766151
39.499611668455216
10.09690176833997
-14.318473660265234
-10.63673613747743
8.15936570070392
13.427370304009873
27.765066660941148
20.111972882254012
10.810172817699573
18.155905855867978
-2.2358523617090706
7.345198568092053
13.25056440775666
-3.046205951706688
2.487894843558963
11.083473281748317
18.830150169049254
29.463069038086
23.640305126098568
25.951993484876994
13.460004655362608
32.189705794185684
32.07997795568025
49.05352400698244
43.82186219874672
46.33379756185313
33.184435526909816
28.500484460063824
20.904458637593656
40.23591396085606
17.413105482043335
19.077447904859635
16.70825521992414
7.863275470770315
25.063734536923622
11.192717716939834
16.82053645854891
1.7391527568421294
-0.7984749821071919
-6.430410897048997
2.2747774590232166
2.9842817502243912
-1.4203454598378216
0.7759313926398809
-5.566704433216062
2.5761682657332003
-2.6549520520605885
3.1684338981979083
22.08967783513689
15.481956978150619
13.258925443295288
11.568854916895207
7.077209414731426
31.50489042735407
25.547372179754014
38.82950862611057
11.482689128131845
10.333213001156214
-0.3051819720678835
-7.9975580449106936
-11.900335893709109
-0.9646855217148922
9.971841184594544
-3.9924962249306484
-7.951397255529198
-10.916539336794152
-10.368672044833843
-10.648390131161749
-11.366337368685038
3.978280624204624
14.286957227921505
11.698814550936422
12.377190997789706
10.733875867190783
7.17078543597585
-2.438689921630133
-5.778813517892454
-16.35178806033717
-34.10335965747218
-38.84014372016053
-40.34364887342722
-51.01642994389061
-40.78152780664439
3.8447294270383296
23.0310105824232
22.073575174707305
20.52053896013284
16.734218412307616
21.290573192552646
18.88596773176349
18.633116273718837
18.27717408618318
11.80941724546872
16.87899587526028
26.771025381793127
8.297230713200838
15.031777024244466
31.68620009152148
15.372992267583133
8.834315666387502
12.974424887228988
18.321699670690748
21.663793269905167
17.154189248046833
23.19109109415509
16.744404484111747
15.783596821568521
33.75152932953034
22.97268918210469
22.539111649491648
26.1700436996918
17.081686901732482
14.384303909667404
14.567293448686636
15.259138714409687
32.41418907077113
29.56572307862882
31.326383685248164
42.58479300183253
57.8380325395611
24.241043485200066
26.015796347318243
21.619806867622035
