5.297040043566045
13.651137935934091
6.233633912307315
-4.69704513627498
10.647066975019154
13.788079918635232
10.978207686067577
8.11805316895319
-7.645975305946154
-15.768532904912266
-30.399897441264297
-25.85687349868498
-18.14302657117432
-10.1820611605786
-9.681769155913717
-3.9353540600075068
-4.4440455914527375
-10.200740299349938
-5.114607734859239
2.834411403509801
1.5149360945605952
-2.1234787919452347
-9.198061309265679
-8.608821785399373
4.372188006963307
-8.206952591904775
-10.868909604439953
-13.83352496553612
-11.024396794017816
4.488886422662609
5.452040758880606
4.2180328874777375
-3.343017991736444
-1.9972161540654807
7.717018202899772
9.293099122841422
12.649912654148162
9.36904274966836
5.7090515335128105
5.444432720155863
3.5222879551809902
10.227355269017316
1.2640750899223947
4.4143360334644655
10.447792471448217
12.228343922988456
8.91838650216858
3.718264712542198
-6.22621019079501
0.7271315879443753
3.604795543093581
-26.40897815959653
-28.26656416994733
-30.66477576013588
-31.00116541474657
-38.53741182186722
-35.00306825585762
-36.58474372636734
-31.018556989227662
-38.45700745477712
-32.93324414299916
-36.90506992967799
-33.436540008297385
-32.28864862938224
-39.728710273344205
-37.201753865591115
-20.383102535362557
-19.37457332156313
-15.091822114301095
-8.027448386290787
0.3658726400735352
1.084360481837748
-2.3602803666214545
-18.397225178935756
-19.721060159192795
-36.578935472637504
-39.00418043407511
-28.222335731983577
-27.986292875558416
-18.44765520201546
-15.398147459317
-13.138397030483148
-25.403758231755518
-10.469036079261004
-21.492056454577302
-11.410498261810474
-15.8097772169966
11.807661750308476
2.8958984987043017
-2.8169419819012216
-19.33475485617669
-4.770299162941021
4.372953889017904
-10.059801031796344
-19.31486088812573
-9.635961358723668
-16.481899277792305
-22.652016565882807
-21.603770114658584
-23.04700506823552
-28.629945980780093
-14.69119986440954
-17.793335096524913
-10.995040402068764
-22.915635733621663
-37.8558080618249
