-22.916059855362768
-31.41574373378519
-53.487692618503615
-30.085365865987335
-26.914303907694894
-14.224989633779625
-8.731161248157575
-8.456142936290309
-5.359409900199036
-5.86281517263674
0.463780228934372
-1.597189299121388
4.660376445567817
-15.116634359699725
-18.878407929849637
-4.288054543442595
-17.99525035570941
-1.7268329943799663
-5.666954482520857
-16.875457590416875
-6.767781757677488
5.262854212010032
-6.8501858731519185
-28.74226418934196
-18.093808256133567
-16.589295299211614
-12.162497121781135
-9.883801593638186
-3.55945158751592
-9.579018079172418
-2.99193929003049
-0.4521761699693137
-4.789183874114463
6.636132106505582
-7.0445258807611015
-1.7156067273573263
-4.808374717287843
-6.663707525620638
1.2041085501227224
3.3790126828489613
17.7543584095176
4.649925722654478
3.9340594514955
2.0166037395005376
-0.9157721159435068
5.265252992295838
5.691247051213676
15.238069886858876
-3.5596622988016833
5.979297480670601
-4.1710039181590535
11.993054027754425
-8.956197749533912
-7.782908144668653
-15.365110082779953
-11.559505203248543
-12.785742618552735
-22.63428956500906
-30.813225802510704
-17.293272855171267
-15.092040479168036
-14.147880474623372
-8.943280167098706
-1.8569896761645448
-5.958245382874523
-8.156755112299923
-2.149832256122296
1.5779231449740183
-1.5801597330562995
-10.037984141853826
-16.126375913907165
-2.7872356246829213
1.7309082684206598
-12.228917932198481
-3.840308806690142
-1.1866809733485313
3.359181446377504
-15.632591787139113
-24.54835207588413
-17.875342640611436
-15.757873741842012
2.8773057879935027
-29.305847144076107
-10.730892461576984
-25.060252149289717
-32.63106002352648
-36.37477780293501
-31.800867517849078
-34.959931789850934
-18.366802148489022
-22.21541744601167
-30.450343959838804
-12.42331902570827
-13.900092280609089
-9.317233624510813
-27.037843488371625
-29.708556661862826
-21.593984421131143
-12.735317473614748
-6.862449894342647
-1.424522358008724
-2.0258448614524243
10.609150202752998
12.416487052705573
15.00661524151468
5.060991532803646
0.38257045335859785
-11.086083091760717
-3.6789527983599
-3.805645201565132
0.2121670369910753
2.8126856262863047
1.6509467465352632
-1.45137009855277
1.5305918629977118
1.7466725232810365
-4.9062768563701615
-11.481861478034213
-18.867763216726086
-22.767863325406807
-1.7886782505229002
3.527658207698196
3.014372492672197
5.784318600880298
2.215397769309144
5.420447897870059
-8.957957124768829
-2.2359823257638207
-12.626070484194797
-15.99127841973784
-11.217553943180782
-13.97393059461698
-5.444209940839577
-15.615059488628273
-9.750391255566738
-16.327634878671898
-21.115208986846174
-20.506567456053524
-11.557513430401983
-16.02816881992965
-11.917158981224976
0.09112483922135188
15.002960683472711
12.986517361599036
13.025009317271461
17.27309140038549
11.169780907681954
-0.19041665006188635
5.303587301008768
8.176980052744089
16.332678975341846
20.491739265569038
8.946579080088496
1.5279728150367566
2.2969068511571225
0.6945250923931442
-7.645922464606353
3.0968813192271583
9.982021837738033
12.731319149382367
13.526010548979823
6.286079752359242
12.431714843748887
9.360634438646489
10.35344294222256
17.19711059803283
14.765368089615919
17.822041623167113
7.26025753864783
3.752376208612634
-2.3502068827593714
-0.6264939981545428
-15.549610400891087
-6.206189846338548
-16.41427419960283
-4.0094366962534425
0.4313091803450388
-17.86788792915823
-15.50254755043329
-19.05412728234753
-19.97253540781971
-8.088189879358113
-9.560505876039926
3.748014906137341
0.21724917105753347
-6.285868647743626
-18.468678626723673
-16.689484211827686
-14.710267701262298
-9.854650589150047
-9.711520344445391
-18.167944616342307
-14.475736793425634
-12.258391267226742
-9.606889655504126
-7.245811276409335
-6.6378075305267465
0.2813357821486101
8.52035984688421
1.1570570804053029
-0.6309310019697923
0.0186519525864175
7.4293105208525105
3.9143551587262833
5.658427127141236
10.631309784208886
18.760096194023923
7.389033664093737
5.008236552895005
6.44860694278912
1.9772791227030904
0.9951276413937956
-19.543833825986756
-10.379371550660537
-11.594924911571134
-7.1907696255279205
-7.72397614420452
-6.437222406171116
-1.8953843576664788
-2.7621397376701897
-3.1856847634267544
-5.936275238514505
-10.945961369345145
-16.148890160213057
-16.247635574675616
-5.5037523696054285
-8.870001128248234
-11.078133861965958
1.3289155869688742
-1.0462893111855116
2.5406814233410056
0.29241630765270765
0.9344159584573678
3.0553108939819684
-2.8646146375670067
-0.8648314876761144
-9.142821257165718
-5.687766520607298
-11.584326474160829
-8.731177575569411
-10.315093942732851
-11.808842405106633
-21.935922674498986
-13.436092109596851
-20.5737425236809
-13.618223768528305
-24.47869914385688
-25.577195171181888
-18.739023675917338
-9.624909066733974
-3.688680083856264
-8.478494867107411
-0.5136495832367918
2.6102564644928483
5.55086404656556
-4.131459906730346
-7.117273335530796
-6.9696414929086306
-1.4555285283707116
-10.548663590405368
-10.152992710250064
0.8973735488998257
-4.947646023896062
-8.054999881794512
-3.994602887862033
-12.63506314951266
-5.731753003032459
-12.867507421481928
-19.880072100229608
-20.264824280322465
-21.03426743229735
-30.85262390335075
-26.016997392804747
-26.87873521685728
-13.192629525885918
-15.456008330569153
-4.019580731475822
-7.727386604786067
-14.550323725350506
5.0852451292711205
-3.247115873816873
3.575647400306561
-6.669999544503849
0.7744443629608263
3.206620030118964
7.87679237401588
8.269037004145371
2.3503548930112284
-7.822778919235729
-0.9596659241853184
8.373593067710276
7.042708199634768
1.242855196119921
4.57849254387194
3.6574189281317615
-5.495558717243368
-1.3877506070691354
-7.947710818819081
-9.343931811796024
-14.464629462228988
-20.30335081715817
-26.138552822980323
-4.957524767236027
-15.542066558737545
-17.84746533626963
-29.94250771652869
-20.246946307208788
-23.69744834582165
-17.663792566667787
-23.428698995515298
-41.590803767551634
-34.05286169664354
-25.315241291068872
-35.60271087222311
-34.25696585868471
-29.849176143718505
-26.181759735586
-27.790546192778816
-37.55252793179008
-26.163400536514512
-24.494150956322546
