6.327022300192508
12.080854706676496
7.904029154489117
3.1232476867248704
4.084143803993282
-8.810611152917224
1.9006312075848508
5.9323882692150125
5.382061089101153
13.961385357454324
-2.661915394475025
3.784999731818144
9.560332563399374
5.420168146009974
6.787217616373263
7.796897862981889
-9.468535978930364
-3.6487954576892703
-4.838108197276757
-5.1492936381806045
-8.161921118201539
-38.415117696431686
-32.70364064982266
-35.50503204177722
-37.34428093362216
-14.139005620992892
-19.31623924000689
-3.4357921004731096
-11.581538105736552
-23.64432657841685
-20.32603576519324
-19.23502195971735
-18.33461620408389
-25.257889294559764
-28.184277282140478
-38.355164161483756
-19.243415339097567
-29.2385346468937
-18.992052703607694
-25.719902623942623
-38.10612025948733
-22.04806364839491
-22.970705851082798
-18.980070125652183
-15.352418198141267
-17.41756803072948
-26.636981355467213
-21.37715604905295
-6.583307642241428
-7.348922987453765
2.663612365205735
0.8407528518096159
0.05505639792660708
-2.84784883224123
-4.622088408765467
-3.4795892205490966
0.5628675223444051
11.629404076587385
10.730098324291696
0.3949037446868416
-7.6921885941972015
-1.2579989465249997
-2.5167711547474827
9.13943364355691
2.8125036060900497
7.2647293022897586
10.962859232908714
1.6554248434747871
-13.3797108398664
-12.820671766593401
-26.321431100458657
-19.898205258612712
-16.033501102249122
-18.189433389879888
-27.907445630045327
-20.36771881314613
-12.98752927988242
-12.852485427893738
-4.30295191804475
-3.9620640933828883
-4.222420139265306
-12.795214191123856
9.146748870651647
-2.7263200031175168
6.393640656992043
-1.3915281276329765
3.3648136800705264
-0.4168442085500294
-10.721839121094655
-12.718698009548525
-14.096395379082544
-22.683268747919946
-10.998696671593873
-8.229057320317766
-18.183008856537523
-14.985822921568394
-17.561954350420393
-17.850028535684405
-13.389154886656987
-33.175453812971355
-28.767566585733185
-20.308486467052642
-20.2284303549325
-11.219814388808905
-10.607137284436185
-8.600531185841938
-19.927219570549354
-15.821513789277693
-22.53725065850857
-11.548933654583161
-7.173749965711316
-5.8311292004396496
-20.651492483373342
-10.679700827943355
-14.571784388166385
-10.606986098669351
-19.289825862114643
-19.378022452945363
-27.969560639930744
-14.120528845759745
-20.00540934233689
-20.595714922265948
-16.407602493379535
-25.10984423345465
-20.05436816118672
-22.236044057196494
-28.742464646853556
-19.54735480475876
-28.650542711594678
-28.034283461852514
-15.095646822350373
-26.408253361283823
-7.362477319199875
-10.168924387292114
-16.190517113910698
-26.019348734579268
-16.176738551798785
-35.79160650111815
-50.084597240520665
-55.37788988898926
-40.7913935803958
-25.57288018829716
-21.87408067976121
-26.764137646230914
-17.635114122026177
-14.630644399348194
-13.890426939865256
6.226817652368821
7.636026897537477
-2.2596885686140484
-18.54326837574552
-13.520794152384946
-15.344801296608805
-6.850534262652608
3.015200852764246
2.045547058919809
-10.72072826831376
-22.593164226550037
-14.455181946216312
-19.475808809509967
-25.632842534986967
-35.74629811362101
-30.228104911035047
-27.093913904754142
-26.864342725437346
-32.54069986393673
-19.802931393028537
-7.140215390334317
