15.118167397324347
13.57434155974987
-9.045268807785463
-15.96723125059728
-16.30297194314415
-18.364407772282647
-9.490625862644508
-4.50528993168617
-7.710932856875902
4.013082752785829
11.247383000066627
10.790982495495053
22.250982242876397
37.83787595791088
20.0110272261065
27.980670858254623
30.43459367299933
16.116431516121487
6.787473556059282
15.785618849199938
14.338680850223286
19.657639736354607
16.788864286553892
13.377136151404306
14.393853835058884
25.12091051828233
6.7714178824844815
6.813456925359246
6.275219166576629
-0.6145812557868363
-0.2274411229207305
-1.7423814977042278
3.788978436948225
4.785870461807301
8.793584229302674
-0.8869940790003529
-1.4868280735225177
-14.459353193621432
-42.53217423949896
-28.782662928790284
-29.742507259251408
-24.72116873831202
-32.98920755192424
-13.626903960595474
-10.464158823303556
2.2656192057469973
-5.176043628119516
-6.434012758909639
-5.719376565473716
-1.261886408980527
1.4666389943353797
-0.2237002759852988
-5.333424538983435
-6.9308301502593554
-2.272446458823464
-21.734447587358517
-12.170607920797922
-27.562940984504408
-22.864276611007423
-25.520675331827487
-25.59161636094568
-42.55844805789712
-29.775227064913892
-22.046422521176737
-24.81397487622695
-25.740994032290782
-15.241599352744734
-21.24803622970096
-17.015780143901008
-16.100372398888062
-15.620381996160765
-18.63228986062512
-23.22478519744871
-23.508360898906368
-30.40894941803023
-23.76427325001086
-24.61717008540037
-11.229295324327712
-10.976765058520126
-13.518529104561358
-19.918343842722102
-10.06154051607264
-9.863503532854093
7.487645497339272
8.699633704279018
9.358428020961538
13.368672453744312
12.57032003488141
5.844873465680741
6.322426095064994
1.3111624976913745
-3.615876727823724
-2.448465974696019
1.1798790650008644
6.75401661678403
-6.188923722580447
-3.0077834632084834
7.246533423651779
6.751655247224737
1.3449031820043151
-3.5658468921644526
-14.201996269963024
-2.182796407528255
0.16757131882995194
16.542066129445452
6.98287477473684
8.940893645862058
-8.08837397520074
-0.7598005689840485
-11.508261292475979
-3.8095465567767315
6.373598755680674
1.5747136009814502
9.996255185853004
8.975802325754865
5.934253591276917
8.289167303725653
4.858233831465959
11.002394181290066
3.828614544365609
15.010161619759328
4.176932248203706
16.57558880378084
13.806433698198802
14.585294197203885
13.210796187036618
29.540169868454257
24.89546486303137
19.546744975147273
26.27671901071274
30.090562451811753
21.99531597033841
16.908441138081688
0.8790254202497969
-10.49762820050785
-5.063845502783812
3.3351119571179044
6.814446096747277
5.221149994123084
-3.0008699257100773
-3.344995837126688
-7.485105711159048
-5.53673027416424
-11.245238038449239
-18.974107908757624
-19.002888661668024
-16.88411634836995
-21.317625847147184
-14.948454250826568
-18.773633925039142
-19.485926240887288
-9.767093793638534
-12.555586383693793
-0.0028062756170242173
-6.428196439544081
-13.0541391074103
-3.6341352476390467
2.001501507558374
-7.319536052453342
-18.199496873443767
-4.375593685222526
5.6417447973158685
-12.14356162789757
-18.00253424487494
-12.506927486449895
-5.532233901794082
-9.776005449824426
-14.062413301350315
-12.327411337960838
-14.397808903833173
-20.618760685885846
-13.310704736501586
15.869950199264816
17.983067669656155
25.56072037942692
23.05365648678003
6.8009231151298835
9.543544316006377
20.221295112696694
17.937718666842265
8.898062312206092
15.941417787015792
17.892618970021612
1.2952221903834658
-15.947044341837747
-8.507213496387322
-0.09197904893545372
-1.9188285485878025
-8.769224553654299
-7.43511253128533
-11.277465182823939
-18.92800129910968
-13.011736568480424
-12.314175558523836
-18.678529953893303
-14.243770072058144
-19.120295738857315
-16.92853009497085
-11.931868472378964
-19.585125665630372
-22.051954332041387
-9.198049642590366
-18.21963395177948
-31.78908034944251
-42.7272409422819
-32.91756419649884
-35.768722512384755
-28.90787289791244
-15.355700277659832
-14.078505443195338
-23.44808588689657
-14.427770019016494
-16.716550061407833
-14.889421780963405
-9.500034243753467
-14.049807600498266
-20.366278600809647
-8.531827299280895
-5.192513346460262
-9.868667710477775
3.090201194899848
-3.7366847047232783
-7.292492147996608
-15.368052146372955
-7.786472517775956
-7.9440261487667465
-5.617367609075135
-12.118415410000294
-10.666710184639808
-22.310690067763996
-18.079832135847468
-21.460348161845953
-21.794128622706232
-26.88632580379377
-34.80646732749284
-33.847725310554054
-53.785810398948314
-49.58207515385296
-42.64934630063139
-31.173870425302145
-33.00858807969884
-18.25007802721834
-13.119459957656508
-3.6929457141629776
-3.3347686133795666
1.0979833994087338
-5.271294236925802
-7.095144240405142
3.011496947620166
-6.187407002633903
-25.418265153264308
-34.95724134309129
-31.064180161751022
-37.760696686281975
-40.983200664788974
-38.55605599975468
-23.167136762088386
-20.37105750125927
-32.01533037474733
-24.619558125181907
-32.273457572796424
-30.843631467133807
-28.383900742783666
-31.182209761024218
-46.16915534637093
-42.52726985936079
