-17.121341611161814
-26.697969965607875
-25.964148137554123
-3.240476684462138
-0.6953836872850679
-2.7377975491109168
-10.253310152575537
0.921158201532536
-5.353673523597567
-0.2458327933959616
-0.5036129270390779
-8.926098145855581
-3.860430586481389
-1.0399238234450914
-13.572701637956946
-5.836672455711651
-10.508056608661198
-13.795289556781714
-13.534619762057686
-15.079832824049209
-28.858841126843878
-14.59940453658892
-22.95462852156485
-13.49048566673793
-6.880675647799878
-3.0319627817625894
-3.1385319302519132
-1.8268519393480025
-6.985000442408362
-12.5827733281649
-1.805219620500028
-8.291146216170338
-1.3333277404284196
-20.69692563583315
-13.636182802314535
-5.656557348651058
-14.67183088163501
-15.956750453133054
-1.3832685901803523
-3.7601596475159353
16.058853590485768
13.847428992716566
6.260237219084855
13.445108688825405
8.527279975313697
3.8033786599843378
29.239889857098852
20.065149549533086
18.61495598047432
1.0736212535174725
-20.644102027628435
-3.4398671490779282
-7.300053247371967
-4.821441251123483
9.095108677889113
4.0726283400961725
1.486445797582281
3.2719591502460768
2.285615715977112
0.5626057289860179
-5.927646009293692
2.513934919273232
0.8955027550784247
-5.573001458349777
-12.109015969990006
-9.7298836087474
-18.25650754514215
-19.32096527743192
-9.6326524770507
-20.78217521597817
-27.951113233430057
-30.91914602941711
-39.23503199005375
-29.109456137413048
-25.100654348581692
-22.501462577407988
-24.57564487544697
-19.66859075622979
-21.69751246189497
-18.380871116182217
-10.800689921308749
-3.063798100377161
-2.005306731340255
3.2641415822361832
-14.75948005895241
-30.50676427322701
-16.877196509546398
-13.669275321549977
-19.168985890540252
-12.693933114024006
-39.687423247916776
-30.653109973956123
-39.552113082807075
-30.178989911357284
-23.758094355408765
-34.555092620333575
-28.111505025230862
-21.815614407264405
-20.07253740915796
-5.883979185780901
-13.238715996015625
-10.016199442428915
-6.0824506729710315
-4.015266301817384
-16.320533841883293
-23.582555300785216
-25.948299010386148
-39.203500463913215
-25.41097702938023
-16.225977897489468
-36.828383456947975
-27.745161750005806
-25.772724530665588
-33.769378864263246
-41.66131870883112
-28.11015109527983
-27.754536627887532
-20.22161597399176
-23.270745654668374
-18.227244170590147
-26.76277423776089
4.748061550311032
15.984854099613647
-0.7091799692308093
-2.725189452967016
3.7316030278007997
9.014525264127588
6.776741151019362
-5.043233555258872
-1.5952438387417516
5.560425754882441
11.254901561952991
-5.677168976745842
13.639984979330823
-0.14558074168931834
-8.004998664552256
-15.905421018553984
-10.789473631602936
-16.234879627318097
-24.918026639465733
-18.02895959327745
-18.10376108676607
-23.67043832853168
-12.411382502871339
