-17.740799188772844
-17.69659940732746
-17.284702963291284
-27.03522169538393
-28.620027043584265
-43.33877366207396
-39.08049474266478
-38.736947097330756
-29.66073036979289
-25.125912674075803
-34.306714039652576
-23.60748838808709
-34.35064325169885
-23.47680404615968
5.960004101620267
5.064952865331517
0.32082529463143183
-5.095322289499862
-4.545877533652775
-1.7023419586070776
1.8265750274182184
22.78934100413041
11.26593992834986
13.03044390500808
11.474436634454186
13.801476018147518
13.000148920552638
-6.451733128881504
-12.400034528465893
-12.01401162504847
-4.4951550689985185
-17.662380591947404
-21.249535255563927
-15.901820098367347
-20.638151257409238
-24.513095284228925
-19.33068785758463
-29.75412035579232
-28.01351015787379
-24.173461494217428
-21.764619589099716
-29.10382214808873
-15.990126628144234
-7.890875183844358
3.3524831476611263
-12.306610958644825
-4.70625385059243
-2.090341282832754
12.121436443127847
3.3895099226375103
9.981542925670759
2.344700965813885
-7.460408051896559
-15.74670357266458
-19.04272694476321
-18.31847323031925
-24.016933354293023
-23.139105731671968
-15.182569486586544
-20.779033045347077
-20.224706529307344
-12.065612133635499
-5.70395550781223
-7.6096805691331575
-6.802389146558103
-12.747740095168659
-1.1678147633536715
-17.409454682829995
-22.93184268625555
-8.855884541483707
-2.8936044048608838
-8.273170641371571
-10.046889138460982
-31.527143597349106
-5.6654027197486965
-4.8915229254296175
-0.6061889386942806
-7.379451281718725
1.5441745250801733
-6.33327370339295
-1.3537950852546878
-14.66313738294775
-21.419624151104554
-26.762824321949854
-29.5005427438788
-29.21914805761425
-25.53260712685393
-23.08127955107661
-21.800959344734725
-17.496235663954387
-7.832801203179151
-17.579848382707816
-20.405276254256066
-19.45645136920603
-36.73129834659541
-29.15269129793708
-13.299667552718944
-33.40037161152552
-28.25989245570719
-26.22037020875233
-11.142029399578881
-20.79875660602333
-45.91405513298584
-30.224709457913637
-45.77937639630482
-33.24941494982759
-25.85782377468039
-33.66275381565201
-31.28132260906236
-23.434443121198264
-5.483367210066597
-13.844668242951384
-18.563651291318365
-22.87346465740463
-31.000213963029452
-33.437222060449926
-22.822855735453988
-16.476285588147558
-9.961041600699373
-10.312654335679005
-10.618879449444572
-6.84883945158948
-13.921532381600434
-12.6113957659727
-5.283299749550625
-11.165992240901248
-12.810970302431178
-9.638892894179614
-4.25900109419079
-1.6187451798804275
-2.046081179478735
-9.124091780427687
-17.070777121777212
-6.047974841979167
-7.742611848291026
14.20693023197524
0.128098828686051
-0.20145269573002456
9.734878660734001
9.54466834881296
6.020529545891939
3.3228212176193286
8.000529955351926
2.8883041126038087
0.8836983949277829
1.6262743762966712
4.2482251087295335
-2.2264666497687218
6.351899533118931
10.790786670789261
3.3205207111641606
10.264441351574227
19.219924563579518
11.282706079839551
3.9636873479376726
