9.984223338585313
4.5174929236298835
1.581843686921682
11.85097165440428
6.20694148618762
2.4506516353851446
-3.4168822119170823
-0.9292430919759292
9.049058936807118
-3.058702330440846
3.8916610045946487
-4.643874159213462
2.3542260592241524
1.1578959027534572
-7.251322410474676
-2.860488750416779
-10.32154179793989
-11.491910663422976
-5.261967741322136
-0.732813419491693
-7.904623715878992
-9.813131655407533
-8.316515369252867
-4.213880258497688
-11.917138020993296
-9.124154605579813
-8.674302384380825
-17.254201170999675
-2.568283792908994
-0.8965950569105084
-8.745731002058415
2.499736433961837
4.071077082560573
3.503751569287535
-1.1894733637069816
-18.857982318481238
-7.963254775607273
-10.426896045465538
-4.9379760465321105
3.3070310949779627
-2.1138042826187493
0.6068310803446729
-9.573331021103712
4.028100795914659
1.2079135002233146
8.177783456603763
6.69045631455556
8.476241942799959
10.807412363112848
12.851854536514256
17.034407960009375
13.659382337533858
7.878765526498205
3.1512770902266007
14.799303933748202
12.542215969568165
9.390072080019923
20.289193940437148
24.40400513170543
14.651037825070498
28.83653314448066
16.795975486604437
28.87190751032837
20.21734513192205
28.404280031614377
19.562898505684586
24.77346338673905
19.388992905544697
12.911932008439408
14.665721435178762
9.95692205798693
16.214457606090075
18.051072845591463
24.16925330343791
19.398278753005172
10.21324307216781
22.52984011719047
22.668749899610425
17.457189432989043
13.2637447095419
2.183545613107171
13.698679719894285
8.633391461091282
22.417519813853428
17.493672496856256
16.516030299160015
27.380578870309762
6.644179405948111
14.409413589697749
4.351695524191742
-2.9071940222123964
3.518416202767697
-2.4732542048052597
-5.956570599145576
1.5582668204056298
3.4859533985692597
7.154741607111646
11.428524280761108
2.4337052612148184
0.5012601385487427
2.2441413779260477
-3.2387760763557294
1.221742685555332
8.861892838497088
0.3441008650759451
-1.1512510253183588
-0.9233484194727772
-3.658599269812023
7.4917489665223345
15.396094118246516
4.8156816380559695
16.757149077420465
15.585442886986895
8.959727860565517
17.384898724532313
9.468641253772256
3.4358291626589232
-5.8973509451341775
-1.332696912059001
1.332170827163747
-1.3769596626108522
7.326758016203827
-2.603627763936772
-2.7300633896096134
-5.175025013385474
-3.043693932339772
-12.42695512671772
-11.187029410187687
-14.729011195827
-15.502736755568035
-11.956707595696814
-11.53105181222768
-0.8257621833753067
-2.3513793400665937
-10.442935054101143
2.5005556685594006
2.0128745073171257
1.9884302949720634
8.598304453119638
8.502508107750733
20.772510728275932
7.287575122994382
14.102957084861117
-0.8477017869080822
-5.517794162462491
-0.17911099150070947
-9.137674260673887
-13.940505478440725
-24.690646555823164
-23.97622998314373
-19.340603606273135
-19.973051347138075
-23.184878375959297
-25.132462509553505
-18.526767790551506
-2.3082338107954428
-0.1329594493175774
3.3537239029218946
-0.7853514071935321
-6.086728625234237
-3.2876527698020666
7.181537435111714
11.941232711238086
18.82808906389107
21.703905557189923
4.875746904488134
5.584478353278674
12.652553621795178
8.274086188014762
6.135980305439586
11.01231392773629
19.816491887776824
12.049198397648663
15.107180210811102
18.114309966927213
6.467198872658485
10.406124104153037
1.4306633450335022
3.587225420335902
-10.344937126831756
13.903207385252536
-1.349437171203853
0.8516123799331404
7.8991828545642315
0.9967185308191882
-8.585748014491925
-4.736924736773367
-3.5688098038288016
-3.901135801894565
-7.451257397310891
-6.647964367175162
-2.2929110904616063
-3.7530831610845183
-4.599596438627797
-7.002420706477437
-5.618585973689647
-9.55276684485446
-5.424236271127074
-10.195539741570046
-8.82284701320639
-1.8336146664088704
-4.117174974119308
-4.958032361894889
-11.562232424480104
-11.173508793752944
-2.976595141336351
-7.506153802885418
-10.193718377673138
-10.783568991049329
-12.65443429776949
-11.467065063960812
-13.576690891789301
-14.019326929853314
-4.7905507905468045
-5.465522274165857
-3.7482672555853527
-12.28170421119893
-4.815390795427646
-0.07665175419409921
-6.4172944599330926
-7.549252566299543
1.1412102968720408
6.181095882865028
0.3255636948728013
-3.6687854277413057
-10.574403577983396
9.745582302350838
9.400534502989426
-1.1464933458322186
-4.544611111495335
-6.8571035369002304
-4.013448288958894
-2.9483522829378384
-4.6941629272714165
-4.676020650499861
-8.835868918819173
-0.54454830791973
-16.740652331739884
-14.05310934583856
-3.4844075794374456
-7.651226033944923
-12.246392605953474
1.0493938734704813
-4.7579941525313325
-7.4898551275912455
11.666267775316458
-2.5561404017180425
-1.924484173927913
5.619628406693487
2.452010279512701
-7.038844786032117
-10.46822726686742
-3.4774462696989072
6.10782524371696
3.320641322005788
-9.202741632209188
-7.268746347439584
-2.457425430078964
1.9297622050943108
4.597423447757972
5.879258585788943
11.031808306837911
14.417176905475287
9.246112761368083
5.006706329328617
4.244381915931435
6.162620838555153
4.264293439711143
4.149393080118782
10.405387617465088
8.205636676300719
7.948797605832723
22.35877712293633
11.44304451988426
5.216359576845291
2.8671347429676435
1.5142238983829812
-2.8050413131689287
0.5416039167071133
-5.958371165702131
-2.882663911078967
-1.695956619338404
-13.74430234072007
-15.035983507670664
-17.594413640183454
-13.331997807603251
-15.398911819202551
-15.647021161627665
-15.008690914618054
-19.378357127429307
-16.967668380195995
-17.940581132764713
-17.683104353409536
-6.213591589337323
-4.982731209331561
-5.682006725908182
-22.403198820226265
-5.5269854456170115
-0.33829065010992576
-0.7277547298241918
-18.45063486878054
-18.9952517850024
-12.754383039434204
-17.193233660176972
-16.724581853851344
-11.878819379692564
-5.294590255290539
1.074743840892726
-9.60514354237853
-8.036007967196444
-13.273230713185143
-14.553353386370617
-17.000959814943396
-21.272489346261608
-21.380609832801607
-21.897544163777837
-23.09658263812767
-24.37216794503613
-21.43774324408799
-8.195374146639447
-3.6418074732024577
5.320362809477836
4.168807430751763
-3.8227108191909673
-7.228003575022847
-11.523463140889275
-21.32067366008458
1.7571274630416722
-6.269247019692588
-1.8640358877183163
-8.155269718710322
3.46342262893579
-2.9590607056396734
3.3137004699235644
-4.302315448222409
-4.234455541698249
-1.9346165792760108
-2.924588099653442
-3.3899478868333093
6.588801033828263
-3.85117687829471
7.2993665833105865
-6.786549499816999
6.3382929372748675
4.882684802095133
-8.714179009009724
-17.9430465076494
-10.535446059529065
-11.897298387409242
-8.744439073016899
-12.234960353698456
-11.204463899184338
-6.786318691616779
-12.325099530059845
1.8666750237627308
-0.4681845445106932
2.131163389143472
7.488572341797467
5.772559034830136
2.529012768567509
2.4985311987307406
-2.6908351969405846
5.964439687350722
-4.212794357756065
3.823040444325941
-4.968651527083789
-4.237453163273669
9.727279809408987
4.434266200991972
8.284443399908744
15.112678676475234
0.6288823833834046
-9.735350180740225
-9.035491777398924
-8.307018658319006
13.25610255907213
3.784125569097047
13.323156907407842
5.213864480178152
0.8338608723652459
9.489440879699144
7.162047142115553
9.822453433279037
7.96473915249393
3.4010973935232127
6.862404206372222
13.252048358191153
