0.8608247614410176
5.4845152105743065
-6.898228230999543
9.992648096087152
-1.9425088457207376
10.723383024454618
-5.31623016784287
-7.159457274207293
-7.546677065415949
-6.802265055166602
-18.450490272351786
-19.75348366619601
-35.85922011740042
-36.322469831392304
-22.256905814520344
-23.052300291778412
-25.876524353227172
-18.685314304114
-8.946296575699693
-20.20587178121275
-14.534344091206815
-13.222505147669704
-12.548343181104714
-8.095865695786134
3.6904352168778174
-3.5877313170863547
-14.392619377068698
-18.530400670675792
-35.727889174700366
-27.139705453623808
-14.141919051572625
-25.81001580803101
-25.337029351905667
-20.813140811083844
-27.506357388984853
-34.516906066154874
-30.67415159185604
-22.985192140483424
-22.388787328799282
-35.11118901150205
-24.799066865214577
-21.03843027821376
-32.653223454995235
-24.47018420193427
-22.88882374070495
-23.02353060093637
-23.63920484157203
-25.78321401710297
-27.37616158206552
-13.35751165541668
-12.460806459255094
-21.206884003598248
-25.9410587790438
-21.53795454584268
-2.846211026777616
-25.203234690923978
-17.242420322437447
-18.921137436892366
-14.6904073428128
-10.489401399738359
-9.909285666798484
-10.247550021323313
3.074890298932824
6.412484704908764
5.507974556632985
15.447746522851546
2.024063390660637
-8.203617060055143
-5.1323894757427695
0.544152280340857
-9.572957394857193
-9.132151737654333
-9.184932292612322
-3.296774540888884
-10.985212087539368
-8.24307704147817
-16.959080685527567
-11.749735868584555
-11.942515193445427
-9.755708718148833
-8.21656032907982
-13.224047694997626
-17.69035517997865
-16.84215644461079
-21.25555182260911
-21.32030822793697
-17.711291957788326
-16.354856485295954
-9.721246671777203
-4.012783614471404
-16.79510412825885
-2.8536236390609364
-16.14255158381507
-36.247323670306905
-39.35481632250798
-32.06270997133697
-13.662458343866456
-9.739853496283297
-28.541346403192573
-14.938065086678815
-24.776377975839747
-13.870858381146293
-16.111698986028088
-19.338017166529188
-9.343191391099724
-19.08940298750277
-5.556146681798562
-28.84672089262982
-13.389639855748102
-15.682056173154507
-17.969524614795485
-31.165460560138488
-26.686234645334988
-19.81801189214504
-16.555477955423633
-14.737995101747224
-15.219168484804005
-2.2527599953038737
-6.7483783163560975
-8.126817495028558
-2.2163290467815124
-10.24582338183998
-16.21937629010952
-7.492367882901774
-7.746079136893598
-21.105581033572285
-4.2015397697543255
-3.9202991267707215
-7.468710642146816
-2.6004509296557328
-4.793893745865557
-6.160338627394059
-1.061191228955138
-21.11511115331652
-10.572627975157586
-13.669542504722415
12.338960469202988
1.9271088946902417
-11.134433480357849
-5.344973112317341
-12.778882616344724
-5.3479864300910505
-4.1868151335846475
-4.9519405828368805
-7.799345950910093
6.417324568988741
1.2902566625765195
-0.058619925634489985
-10.390811759890877
-4.0856833974112
-6.529430189093557
0.3608106359314934
-18.657770855677626
-19.41591444352912
-18.155361204472786
-4.5209310125728335
-13.895151694254846
-23.973790207576908
-43.74001427406085
-49.240597203534534
-35.550421759949714
-26.61072766148556
-39.21063517604765
-25.10115526294281
-16.307660423499055
-8.985875948771834
-26.78343658998073
-12.698045865244227
-13.062409022333007
-7.220838041556608
0.74650457853074
-2.73769694583929
