-2.0763846282601617
-7.410915858156438
0.9223962184432924
13.038290652840335
10.961143466423733
32.48552018940101
23.053836969416817
17.13467913612043
25.78316436413285
25.162290198024806
22.2573793626762
24.94528985813357
18.04444504264714
25.95465026909568
17.50027134482747
4.6157138374467666
-2.542510673875632
2.3368270284259665
-0.09962688225758856
2.5395848752860943
10.112242541410424
12.79263925585818
6.04553931390867
10.409843406962821
17.680254627445592
28.472714496774373
17.399499073479078
22.623062924086216
15.672520664089069
9.112112331695165
10.137912905660505
3.2675555417339037
0.31121090047934485
-2.2590836938624217
11.684112073258536
21.55454155560519
12.585640581713927
17.15758678878172
19.74822227667752
6.8520157238900055
22.20098735087737
-1.1860511879813154
3.70000857393418
3.1619905609512124
5.149741464948548
-1.1474240085360072
12.166925730833766
5.234239384317254
17.357546729773517
20.253603565263
26.86282143001268
21.071004914618047
11.203334112800949
19.826828180653354
12.12929728984303
8.42484706748829
1.4989578056848354
-6.431015416681013
-4.8631230819465605
-10.92699969673794
-37.93056477762283
-19.23297029335642
-20.64181645918288
-19.14588148590387
-8.574953629355763
-33.35070087840067
-32.477428447495534
-20.02511321356316
-13.607528501282056
-1.6594642786223823
2.6047876300321198
4.357526921932103
6.947499549729309
-17.361477135353542
-8.205044217241854
0.3502253657583386
-18.34003249262283
-12.207203276360676
-24.34137521712749
-20.8695128242991
-17.00770374074902
-31.43815147166675
-37.768449986359435
-17.71056726671503
-29.02997879401953
-19.110478857004363
-19.416257257831344
-19.627335645875906
-9.000885135980996
-12.617081242021374
-5.980353279628662
-11.434127598793115
-6.131552585481628
-8.438959077929761
-6.009023921080828
-9.90490988894302
0.6476136540717874
3.001029734239012
-7.415060909876325
-18.717690644404726
-19.69248279176841
-20.407479393511355
-18.85074788104325
-15.640159862963062
-28.939011717509732
0.26896186790208043
-10.073601484989185
-25.900763332835275
-7.1998608019464525
-12.354583994743649
-0.1842766377675692
6.54038467955096
3.403346683063099
5.124314845799796
-2.237222398447261
-7.470327036362772
5.118315069570079
-13.98516016621467
-9.585541138028477
-9.392584073465352
-8.404888457604198
-11.25637143313247
-2.099381575715468
2.297663046143109
8.4330797891791
9.309655336408543
3.713595834717861
-6.815196284522325
-16.793532738935145
-4.933730075186202
7.640411912824996
4.3499202320345525
0.9804295792461506
-6.010105051544247
-9.711708243508099
-17.333963083142955
-13.099139727428607
4.764716866902823
-19.380852434032537
-4.801674106612738
-14.693300501389892
-26.993406102250262
-24.07542891359789
-11.333251983494463
8.369193154499456
-11.94333453232561
-5.6553857438380435
0.9730118004321731
-10.494621748355046
-21.95766406004755
-27.30165187336802
-20.852143698890245
-24.349213335269862
-16.008154208100397
-13.170902308422342
-13.021808201295118
-17.305436259552547
-12.881828076439412
-15.134878301951812
-21.86047855884632
-26.86754018436645
-9.246164780816141
-18.09808444901992
-23.263598190901195
-15.849658579017936
-9.21528596277192
-10.897271837093433
-0.20998752794581546
5.036440408738284
7.8123119878359875
7.033654161164142
-2.372945923169725
-0.8800139817033206
-13.212383190830364
-6.009394350068532
-21.656600341446616
3.6854030230971326
-4.274625731416807
-13.596126767714988
-6.9227943564624175
-4.298693295283097
3.5590437435099824
-4.343357917830578
12.255902022204536
12.62699394590417
0.5498738111037743
3.5150367413052552
-4.252531979789876
9.168803085161157
3.542542987838192
-2.7786499491704744
-14.416955189464641
-6.6458623165626705
-18.76504922810005
-17.97435199734834
-35.00465667556904
-25.85088664653569
-24.34114867038456
-24.24508789714991
-18.820268841360296
-24.277597193422896
-33.26480408403672
-25.73779527652792
-10.62491791907626
-24.070549904397105
-32.113819730470176
-15.971260364873991
-29.606668702401524
-25.541718901914468
-22.0917756864568
-18.564324968247465
-31.173711527090138
-31.76138836277761
-15.176163065028673
-14.705545381377766
-8.559717956927159
-0.4935268927860901
14.695417458748555
12.338920178254027
17.179775261351892
12.95654657816931
12.235957373955074
9.608044971100004
12.124948273111606
5.865263230042688
9.412385670184984
