-28.423983295026797
-25.45548047518763
-22.06951757738668
-23.246097734992762
-9.724310540366364
-7.0876226886458005
-7.060726551894575
-20.486910242556267
-18.05093324697727
-23.842868831469154
-14.506361521325472
-5.534135819673071
-23.268377428292762
-14.358905405806224
-8.33392722569235
-5.840927881368074
-4.502136457002433
-11.38747782257053
-12.131392088149068
-8.395359001679942
-6.0511627037561935
-5.834581474806715
-13.321061926120036
-19.622703826350037
-13.534972650774288
-24.12153329346008
-17.46972698834347
-13.260761557664573
-11.146961900415961
-3.089628319123478
-1.6909208201052113
-13.903588999719851
-16.24275255551239
-22.648733477460734
-27.65443526245017
-16.820327133578648
-23.100449570756854
-15.604602470087295
-24.657486474723648
-23.445396756524676
-18.167694184596368
-28.583576659851303
-31.10579965452692
-21.007329494613554
-19.07156575702366
-16.07855782150738
-27.39417199239193
-21.226420079449
-28.98153844553958
-8.188725197140808
-15.745428579121564
-11.528937105453391
-8.702874521186073
-6.3623921809276665
1.8393752788112139
-9.591066416763901
-9.399742535822638
-15.584999719563902
-12.937420367065556
-8.117314756724818
-16.475987601584645
-7.692944183691363
-8.801270050653303
-13.03694782322538
6.356378137763292
14.301465446283178
10.485048095579119
7.952300826589947
3.4117798837862767
-5.3438622242766325
-0.5807861448065134
-14.80925990487335
-16.42454762257695
-17.842789024466516
-6.929326812669668
-26.188870195906762
-16.496612017992838
-0.2108352712620468
-8.523051313010424
-6.0519433831393705
-17.87815031071969
-15.416315833774608
-12.369119761265054
4.318299299735431
-8.630119033312353
-5.386657994512597
-4.625266208709411
-15.938442297706485
-6.672058165437575
-2.6791591245451687
9.425125648265992
2.171099576114264
-3.841969180984912
-4.153740354692428
-5.862086860189496
1.2666243534360544
3.3123865747516423
-8.778676752101509
