8.189212260582549
-10.545531545474267
-0.9961059802778393
-4.485986468551007
-5.753128968796287
-9.91594893572547
-6.593530108156524
-8.450324240791428
-17.385448255877787
-6.074165944575347
-16.314720896008446
-18.15114157000929
-11.686475781257016
-10.747883782579969
-15.559327386408908
0.7385058824503993
0.14506751559778042
1.6691322281381282
5.534861138236121
-4.31622336589769
-1.4232687038692782
3.162305428091273
-20.0013200022997
-29.282286606223487
-9.030056957351686
-13.477709250289855
-1.936518715930016
-4.257081196744112
-10.70208376845205
-9.633035063113454
-4.652706828985528
-9.830941881692707
-4.828935029371805
0.16105561536241467
8.479114025573992
4.8628740806403465
3.4271928127965015
8.118007230896994
10.956057947006038
9.97330500311266
4.013554528407053
3.4986871923296583
2.910398433405297
18.052938184887086
6.817164644228573
6.667414346952042
-5.043451418185243
9.652050313984919
4.207689277293568
6.476058851543597
-3.1610073295111483
-5.257653294183945
2.6445952073061583
9.982435947428657
4.1684776119057645
-4.6649231854059146
2.786235422733307
-2.8489180613840475
-5.387242892772311
-10.195560777023614
-3.0625392476332705
0.21842333479770784
5.642868598276345
-11.859596994456544
-5.9891036862357465
-9.73007125220909
-1.9465257455673128
0.5736927107312121
19.60120204155914
-5.804946906511322
-11.433455201960573
-13.04801251179675
-6.815389867711043
4.190487430341782
-2.0659995907308417
5.5566512574640905
12.042795895642762
16.651462468327253
-5.169419825000865
2.916791706321196
-5.517698760478475
-11.961100273175118
-5.129009578894572
-3.441171472829446
-23.295143689138808
-13.907402394430118
-8.931651238795938
-5.955418084292152
-11.371638100594087
-13.115761532750973
-3.793060410287964
0.6636751504295989
-13.429607751237011
0.9485562001202552
-7.8586112886305175
-17.816209303055672
-14.903619875460011
-20.350365573426927
-24.945452691517342
-37.489073074527894
-33.20570719344342
-40.42812406359178
-30.262016292519483
-36.97371992269267
-44.88823516252042
-45.92785415226662
-26.793506377544922
-28.249409275763888
-39.750606063964526
-30.28219339874969
-35.62428276473282
-39.46005840476522
-29.000319866403288
-17.6950476464728
-13.471044156303305
-21.755642759811426
-13.145559007100074
-23.920950724440107
-2.5041410897527014
0.7499695718005556
5.644051867429257
-18.96646739774889
-7.635653289479693
-24.885942612743374
-30.86938140540937
-22.12877240698211
-30.09162566914773
-23.2564445928348
-23.352626159644828
-19.45038302377505
-23.378081169308157
-36.709783196786205
-34.3246167229843
-32.782474417168906
-37.711742371439435
-27.99377886748879
-19.79501687115276
-25.51408315505753
-26.64261635181251
-24.61757228158782
-27.37676445443301
-17.536956466320937
-11.920480831840859
-12.156669299378786
-8.894149423870031
2.4963077548344352
10.052800935201738
6.832070185164878
-10.945200495034122
-2.0346260618707377
2.2483060555989147
-9.188805202300887
-16.963983627239635
-11.820560168135009
-2.179469057608804
-14.878363646308115
-11.565045641216926
-16.992946066704526
-16.227373808730512
-12.997584022359366
-19.62176498101412
-22.96389245051478
-22.22981635525625
-37.19475329776148
-16.381363081858996
-14.931330039731193
-33.00194997540338
-22.360025067840485
-18.477301477518296
-18.509690149005447
-30.787462101628183
-24.86377264219317
-21.359896682029525
-25.14737216223504
-31.549129050923987
-26.854764011779327
-14.715488009016333
-15.888406698139145
-20.19513030485469
-21.49531332051709
-10.04210061012289
-11.702254265815279
-21.896589508103016
-17.911251336281737
3.0409043407294827
-12.777191542877484
-4.891572720492656
-3.6863453406568496
-4.504883157094676
-2.6400174933991494
