11.328146778240507
5.993965575560021
-9.035992393421381
-3.735900570760376
-5.6217183299182745
-17.54835284160292
-16.77991377851903
-19.14716877612949
-20.965927623515316
-9.15026426525683
-10.08766604889939
-21.597299260757204
-16.515666176366064
-22.299458705004668
-15.266359552054247
-9.161652009196118
-5.837949569528438
1.6615549504097111
-9.071181540071938
-13.731286427246285
-2.20566527000586
0.6280327920696481
-24.049948126009358
0.5347424945253171
-1.8808587249660915
-4.378044533344761
-5.378053612328453
-5.21988699191741
9.82071963277258
-10.552628513144695
-18.67516864413754
-15.332568288812814
-16.38844521153863
-24.28250670274493
-22.53702444400181
-34.87222023323925
-28.720728772927078
-9.437032218582877
-11.255931663407656
-23.27497825944741
-22.91341661656753
-11.048545697595987
-1.9927397430639613
-0.6513352872505361
2.1471100192066546
5.275350249404258
5.1322102365535525
4.480478523678207
2.4993913000625687
-8.990532362358131
-10.112830065250051
-5.2290037061795385
-13.774962073545149
-15.4142677082078
-12.997942001147747
-5.399273517673817
-5.58221114585262
-1.7633841050058017
2.305966473206793
6.8705352130503865
8.24131570334811
-5.9556249397900585
1.4901778557370688
3.2634391650215715
-1.9699016346145692
-0.4469699941197537
-2.2439014671936555
8.284804056343022
-2.3447389157232594
-3.2709609862362665
-4.3672864605118535
-9.331617351458416
-3.1698136352523965
-1.2792784287587018
6.53165327985975
-19.31801318273006
-5.46379525963627
-13.97948931067494
-16.0712094223886
-6.57361474175629
-10.3281947199964
11.032472422633305
0.3407165351418463
6.4216981189788855
7.754004859218553
2.6180114425666354
-0.7936020700626447
-6.08877438694266
-2.8551787272219635
-1.3714607892984625
-3.0083878174821033
-5.013646784117536
13.610683814127611
9.69541854143965
9.415759210928622
-1.731188426985247
9.051301727565326
13.042081500329013
1.096902749781454
-15.769467346502466
-10.683730158649174
-5.071041273912246
-22.460665191626678
-17.104282568363733
-25.008559716355915
-39.441491218872315
-36.642736248520436
-34.6049813231928
-34.981259978103125
-21.307114053268755
-35.16842487983472
-21.954692447735084
-20.424829057399034
-13.90001512874226
-14.596352809010305
-11.589214256494456
-4.496379710244714
-17.332509505433425
-16.107494932221428
-25.05112552520299
-20.07579577174672
-12.674641329657511
-16.714906200885807
-17.141157543555163
-23.413470054089693
-18.927941278950232
-13.966975197916904
-7.905074290949477
-14.121923407057176
-8.145973580316031
-9.338856196069047
-25.08839961375257
-15.806039206837642
-14.194370636061395
-16.58246399089217
-15.74095378797526
-15.766842475784161
-12.348750238784266
-22.347696065002822
-16.861293669973126
-17.881093404302103
-11.249176939964741
-23.798765577019893
-11.064431753373597
-6.789132983231019
-1.6981088166122416
-3.0556764716596816
0.8211517244406693
10.778552740295696
4.747758618732419
5.335127635769173
9.030988530732774
14.148294372285221
12.071065870956645
16.636614508066813
21.505952528037707
12.76808583739376
9.8294046967796
-0.9328388544394484
16.688778799215402
7.963622102946499
7.693921935050846
3.4256610413922997
-2.7353973198362995
-2.7427653963731444
6.169561653972307
-0.4541980070504245
1.3706911508061213
-9.071972110165207
-19.463093456443477
-14.672593856876993
-15.252273063617086
-23.886002926525226
-24.109147378863746
-4.369032303143166
-19.63327901759305
-7.077166510443934
-10.59655233747396
-10.026446640370203
-11.565274194150113
8.870935931067525
-9.891467180528815
-12.221444282757414
-11.547406168248484
4.095308994225994
-5.8617320726046875
-9.091686771411858
9.45880366100603
10.160018799162268
-6.2325920275054525
4.951310891814396
7.50653310908011
11.408068566541404
-0.5816050876225188
15.952872740021322
-3.8324627422010664
-2.1020941448420603
-1.1463281635588802
-4.888335351140752
-12.331598449040587
-24.98493307510365
-23.915601273000718
-14.87280793236145
-14.00523668223685
-10.773159962065716
-18.8451295400402
-7.187440479100102
-19.49880282094521
-9.200818456260702
-7.267186827183356
-8.322227606441666
8.056383321574147
20.054615205874203
10.535967368183165
9.70321506824142
17.6580629402623
3.92758071714296
-14.60518139357929
-11.868802966257705
-20.413549548022413
-16.881628571706706
-3.442485174784657
-2.8943813090180117
-9.992087892986738
-2.399229417618783
-2.29050611192504
7.565713506836776
10.084856134081424
4.571690844635941
3.814947568461452
-11.136130673774028
-4.387735923969085
-3.79841923487932
-2.3778131814020647
-3.7307396176962166
4.70335977640858
-7.614976530397165
-13.769371419021224
3.3323146979572114
0.1181553860073182
4.021178519380433
-16.00880486776673
-18.761586341547027
-16.28471180960315
-31.591024498926487
-30.25019038934848
-30.830630614115048
-21.884730583233186
-32.21586871851869
-27.446173036848702
-21.59169602168228
-25.517285168323774
-19.417289593694747
-17.999215876358853
-13.254517498916345
-32.384645340364784
-28.51697097155389
-20.70799697075671
-30.79947090860915
-5.89600238195787
-16.585002402320427
-9.209855589995898
-7.794109032503508
-14.78703829987839
-3.249696038525056
-1.7478131878323189
5.187249528159466
3.594430560869666
1.4869361617093566
-2.148055131052084
-3.6198523695661766
-2.4231267807453825
-1.5570706046061191
0.37808816516059385
-17.49822460082864
-10.530188446997343
-6.4434207445726726
-9.044489261603802
-14.677542594648473
-5.3466515287528855
-18.173194388323303
-14.405176690822046
-13.302179671410322
3.078620565498257
11.712838881160689
2.0655843577339024
0.4335298534631241
-0.3838770455652989
2.567970214595237
-4.048069733920683
7.666564752974554
-15.73169263557177
9.194835256691778
4.198870861628149
-4.314174140712363
-18.697214688281733
-25.184984514884604
-5.554413446199159
-17.590516762273715
17.18198262496184
13.783861341102586
8.055008590341687
13.961040290577154
5.469582021105176
3.2194203322119077
-7.962225228136883
10.037450209134636
4.310317887823192
-2.9400151886325103
1.582625820340282
-5.834935986688199
3.104482008904279
0.023139568192069974
2.299840423720431
-6.78146775266935
0.8676697969121674
5.180525622467148
15.742412060866368
14.82557908174778
10.851390160215335
2.601180733480461
6.541199743142097
0.9271114079245628
2.971819623609707
8.738699816365978
-2.1394629302631776
7.299298953674918
-6.482244295948801
-10.458293338057103
-5.553366454188431
-2.6390396945817023
-2.415156149889023
6.5696784825694525
-1.4424051441452768
21.179377192066198
20.332674442148786
16.867717996184947
21.81424970916737
2.7763581408572358
22.12260034457189
11.332081153211409
8.81583036275601
-3.063216628213043
5.189280972418731
9.196506618027497
-0.6549616847256032
18.28709535968344
13.844128870870662
8.29346238985145
6.694490291297788
3.9878462271209454
-6.467708956270941
-7.400719247205425
-20.91907981666816
-19.26234156612682
-24.6396263922368
-17.200378510273367
-21.109491184062108
-5.886882736857244
-5.086235261669205
-1.337051544694944
-4.992573537094609
-6.03680061955533
-13.471666997657822
-15.93927623846209
-15.18932873842854
-6.606603674868897
-27.78365678759625
-24.238042047046328
-12.754157969817294
-24.554884457690477
-23.021006182704333
-2.6447488067238867
3.391111689203066
-14.589501655542367
-0.034806061724247536
-11.95317175044855
-9.91507773955216
-12.340798817558346
-0.10858203757983603
-12.927043165326292
-12.128447188587431
1.5224664422595824
3.767473311146607
-2.0806183855520426
9.614817572031738
-8.454403307201279
5.077924185492293
0.2638821887061156
12.420957997354716
6.306704107929812
2.5692498686569034
9.525411841713376
11.979467364128926
-1.4593935703332384
7.1975950252459375
6.156926350945913
3.4502411055757833
