16.840789549501892
16.67176419260477
14.058756953473935
-6.41656704515115
-18.602008904723345
-9.284331954711408
-15.75664866636034
-2.7474500070622527
-4.191162623638006
-9.25218745621448
-17.948224792348878
-21.96991326890652
-18.0774300737564
-22.505382685109517
-20.105332556433392
-21.224891882049697
-16.037390584734286
-4.759821311617649
-8.091561805444679
-6.471153666860007
-6.371168233823028
-16.32739700410659
-6.775311449737281
-1.3959189803978065
-3.346239463189792
6.318996829529202
14.638449502725713
15.73964240546705
10.944033186994377
3.715761369011693
5.321002608923536
4.196775391717543
3.0383640419554134
6.363221251430013
2.0949774192693464
9.320687544840128
-4.868617231578878
5.18655671735224
-1.8251242278902315
0.3839905973057256
1.131290212222808
-0.8675353210845184
-5.583558625930867
-1.8823036818284744
-7.604328590255841
-4.58193638910786
-9.354970931795428
-10.760652664731307
0.3920729839600545
-6.0756466650256
-18.20234148705739
-18.403450194445227
-18.70126826662484
-8.97808677899221
-7.675467728904977
-16.934673694504713
-4.566645645219214
-15.149596588565938
-17.768710893736507
-8.986898703233805
-21.858751904647647
-4.069905380004402
7.177779441520287
12.039748216377571
11.705262012723699
16.836855807301244
7.364854353854705
16.13249122190107
26.596803982315606
26.7267659222581
25.730367959133268
21.458895882002707
12.232573610706234
4.4362989868516935
-3.0578024646994346
-0.44023317225133296
-18.14588931974968
-12.4817565476094
-5.2317785993348656
3.0276239733003396
13.927434971607626
-4.060022128245798
-20.593658290133245
-13.114429388875058
-23.814340165100603
-12.088080512034704
-13.985479595145387
-24.502851131345633
-16.71059948889908
-17.99251609620506
-24.562050422218817
-16.405821359314434
-23.846148048831147
-6.017424871689602
-15.228743859300598
-19.776826691885056
-1.9140400521149759
-3.4174082432017707
-2.6195776840406837
-5.381874530959828
-10.680487158741323
-2.643920122925304
-15.160816173767055
-7.3853517321927855
-2.046245055351381
-10.985924282053638
23.768273157390947
10.007385712891194
7.6938635384516605
-0.4885289096188515
2.087352277212674
-5.259033049614383
