6.986565146111838
2.9022048314003857
4.2830667506645215
10.2301514102628
2.735124819814301
3.968581375365348
0.5170253733080948
7.921573928501714
9.30805579397476
-9.496601883557512
-9.645375774229366
0.8181921430670712
5.776208624876473
2.531850592955226
-14.51430950759384
-4.6184652518183515
-1.1483031506951782
2.5984201257030906
-4.535772323459977
-9.12789874209949
-8.502902649760804
-16.539498929439258
-9.352692192819314
-18.60762450878983
-1.132484091963316
-8.451154281872883
8.174592101007711
4.073870554537118
3.1462534169156977
0.3721749924866361
-6.3825621194373525
-19.82851656298521
-14.697533960613349
-8.440027595342151
-9.601438367654804
2.9210145191900505
-13.779965180264542
-13.765749401066975
-14.381643917690274
-24.89183163260116
-27.76339704875457
-32.15941935448878
-28.3741237834465
-25.252531058980733
-43.50718620360003
-19.97900491458376
-2.662551453985416
-13.52566300526814
-1.9573713687335652
-7.570378186886415
-4.9256800500609765
-6.435625121716504
-11.838884059143664
-6.653829996534169
-2.713697146652587
-6.266962567308916
-0.4369464980965305
-3.6575064048808463
0.7657496007182539
-13.611557984419582
-11.333828933262367
-3.372795697165896
-7.472083113105931
-5.493078761861759
-2.457952756672127
-17.164597069587995
-8.659689545535981
-20.823767900050736
-21.592438095537
-14.02720285508723
-21.844703353474003
-6.507821631509914
0.07533302595394528
-8.239004699420265
2.145987662265466
-19.596690328668227
0.0038742502405752772
9.967548137896287
3.9006455104435513
-0.29462263583510884
7.771959309902612
8.549874934165228
6.283701881737428
-5.407071410199643
-5.470421982585028
-10.345965306625526
-22.130848873037834
-19.84303517219517
-15.705690457367377
-18.07935485265305
0.345598273236157
3.6020130309854395
8.536961906823375
-19.397430614796672
-12.680129611277218
-2.521307538663544
-8.160883321768408
-13.195510435772533
-1.5362980255466157
-13.677297443216734
-12.0924485455614
-15.96984432931414
-11.833468101353938
-14.85783229595708
-9.262709660165527
-9.244418838176543
-18.24010876545846
-5.21390203142622
-10.894338642304882
-3.6993411513486585
-4.793983833072007
-8.260063139912528
-9.373011950663741
5.2694947542865656
7.823524634088232
2.914539957916355
11.895948706327387
17.131328341357374
19.56611244437635
16.15995879417342
25.87640204038832
24.24699112612857
18.09758279496246
24.263426677925796
11.784163457253664
19.29510455454519
13.469645625523436
12.271152874487386
25.307096568883637
26.602323076956264
14.654614897355776
18.60029006730214
5.586290673078784
7.887726563351082
1.5345915693296837
4.026711875697698
13.033294285571037
16.515704119956993
8.218828136510366
14.346350289221187
-2.2216934726729405
-5.929429938180393
-5.121785662434065
-3.6618577864703212
-16.204151641875892
-8.015561104157827
-7.5984773004544035
-18.342784895232338
-8.320772318548894
-8.899391016532038
-14.808932224543431
