121.21212
123.07692
125.0
125.0
125.98425300000001
125.98425300000001
126.984123
128.0
126.984123
126.984123
129.03225700000002
115.10791
133.333328
134.453781
133.333328
130.081299
129.03225700000002
129.03225700000002
128.0
nan
nan
nan
nan
nan
nan
nan
nan
nan
158.415848
153.84616100000002
144.14415
114.28571299999999
128.0
129.03225700000002
128.0
128.0
128.0
129.03225700000002
130.081299
130.081299
130.081299
132.2314
131.147537
132.2314
124.031006
131.147537
131.147537
131.147537
129.03225700000002
129.03225700000002
129.03225700000002
128.0
128.0
126.984123
125.98425300000001
125.98425300000001
124.031006
123.07692
122.137405
123.07692
123.07692
122.137405
122.137405
120.300751
119.40298500000002
118.51851699999999
117.647057
116.788322
115.10791
115.10791
114.28571299999999
114.28571299999999
113.475174
113.475174
114.28571299999999
113.475174
113.475174
112.676056
112.676056
113.475174
112.676056
113.475174
112.676056
111.88811499999998
111.88811499999998
111.88811499999998
111.88811499999998
113.475174
113.475174
nan
nan
nan
nan
nan
nan
nan
nan
130.081299
131.147537
129.03225700000002
120.300751
110.344826
109.58904299999999
108.10810900000001
108.10810900000001
106.66666399999998
103.22580699999999
99.378883
104.575165
102.564102
100.0
97.560974
95.238098
94.117645
123.07692
121.21212
117.647057
118.51851699999999
118.51851699999999
120.300751
118.51851699999999
90.909088
91.428574
91.954025
88.397789
91.954025
91.428574
91.954025
93.02325400000001
96.385544
93.56725300000001
93.56725300000001
93.56725300000001
94.117645
94.117645
94.674553
94.674553
95.80838
95.80838
94.117645
93.02325400000001
80.402008
nan
nan
nan
nan
nan
nan
nan
nan
nan
nan
nan
113.475174
102.564102
98.765434
98.765434
97.560974
96.385544
95.80838
95.80838
95.80838
95.80838
96.385544
90.395477
73.059364
73.059364
95.80838
97.560974
93.56725300000001
74.418602
106.66666399999998
108.10810900000001
100.0
98.765434
95.80838
95.238098
94.117645
94.674553
93.56725300000001
93.02325400000001
92.48555
93.02325400000001
93.02325400000001
93.02325400000001
92.48555
92.48555
92.48555
92.48555
93.02325400000001
93.02325400000001
93.56725300000001
93.56725300000001
93.56725300000001
94.117645
93.56725300000001
93.56725300000001
93.56725300000001
93.56725300000001
93.56725300000001
93.02325400000001
93.02325400000001
92.48555
95.238098
93.56725300000001
93.56725300000001
92.48555
94.117645
93.02325400000001
91.954025
92.48555
118.51851699999999
96.969696
98.159508
92.48555
91.954025
89.887642
89.887642
89.887642
98.765434
98.765434
96.969696
89.385475
95.238098
94.674553
91.954025
92.48555
90.395477
89.385475
nan
nan
nan
nan
nan
nan
nan
nan
nan
nan
nan
nan
nan
nan
nan
nan
nan
nan
