109.58904299999999
115.94203200000001
114.28571299999999
118.51851699999999
115.94203200000001
116.788322
125.0
131.147537
135.59321599999998
135.59321599999998
137.93103
133.333328
134.453781
134.453781
148.148148
152.380951
166.666672
128.0
126.984123
124.031006
111.11111499999998
105.96026599999999
107.382553
119.40298500000002
101.265823
99.378883
98.765434
98.159508
66.94561
66.94561
68.08510600000001
66.390045
66.390045
nan
nan
nan
nan
nan
nan
nan
nan
nan
nan
nan
nan
nan
nan
nan
nan
nan
nan
nan
nan
nan
nan
68.965515
68.965515
68.669525
67.22689100000001
67.22689100000001
63.241108
66.390045
66.390045
67.510551
118.51851699999999
117.647057
116.788322
115.94203200000001
114.28571299999999
104.575165
86.95652
86.95652
58.394161
68.376068
68.376068
68.669525
65.84362
65.84362
66.94561
66.666664
66.666664
62.992126
50.632912
50.632912
66.1157
66.1157
63.492062
121.21212
125.0
128.0
125.0
115.94203200000001
115.94203200000001
113.475174
114.28571299999999
113.475174
113.475174
113.475174
113.475174
114.28571299999999
118.51851699999999
124.031006
119.40298500000002
129.03225700000002
132.2314
126.984123
131.147537
132.2314
134.453781
125.98425300000001
128.0
126.984123
125.0
118.51851699999999
115.94203200000001
115.94203200000001
116.788322
115.94203200000001
116.788322
121.21212
117.647057
115.94203200000001
115.94203200000001
113.475174
111.88811499999998
113.475174
114.28571299999999
113.475174
112.676056
112.676056
111.11111499999998
112.676056
105.96026599999999
101.91082800000001
95.80838
95.238098
94.117645
95.80838
78.04878199999999
88.888885
90.395477
92.48555
92.48555
95.238098
96.385544
98.765434
99.378883
98.765434
101.265823
102.564102
133.333328
136.752136
140.350876
137.93103
140.350876
145.454544
145.454544
160.0
140.350876
96.969696
96.969696
101.265823
94.674553
98.159508
98.159508
nan
nan
nan
nan
nan
nan
nan
nan
nan
nan
nan
nan
