128.0
128.0
131.147537
131.147537
132.2314
132.2314
134.453781
134.453781
133.333328
131.147537
134.453781
133.333328
131.147537
128.0
135.59321599999998
nan
nan
nan
nan
nan
nan
137.93103
146.78898600000002
148.148148
146.78898600000002
145.454544
144.14415
145.454544
145.454544
144.14415
145.454544
145.454544
146.78898600000002
148.148148
148.148148
148.148148
148.148148
145.454544
146.78898600000002
148.148148
149.532715
146.78898600000002
146.78898600000002
139.130432
146.78898600000002
152.380951
149.532715
145.454544
146.78898600000002
145.454544
145.454544
146.78898600000002
148.148148
155.339813
160.0
158.415848
158.415848
158.415848
152.380951
nan
nan
nan
nan
nan
nan
nan
nan
nan
168.421051
163.265305
163.265305
161.616165
161.616165
163.265305
163.265305
163.265305
163.265305
163.265305
164.948456
163.265305
164.948456
163.265305
nan
nan
nan
nan
nan
nan
156.86274699999998
153.84616100000002
158.415848
156.86274699999998
155.339813
156.86274699999998
156.86274699999998
155.339813
155.339813
153.84616100000002
153.84616100000002
153.84616100000002
153.84616100000002
153.84616100000002
155.339813
153.84616100000002
153.84616100000002
156.86274699999998
155.339813
155.339813
155.339813
149.532715
144.14415
141.592926
nan
nan
nan
nan
nan
166.666672
168.421051
168.421051
170.21276899999998
172.043015
175.824173
179.775284
181.818176
181.818176
183.908051
183.908051
181.818176
158.415848
179.775284
177.777771
177.777771
158.415848
160.0
160.0
148.148148
136.752136
131.147537
125.0
123.07692
124.031006
124.031006
124.031006
124.031006
124.031006
124.031006
124.031006
124.031006
124.031006
125.0
123.07692
124.031006
123.07692
125.98425300000001
126.984123
146.78898600000002
136.752136
134.453781
133.333328
126.984123
126.984123
126.984123
125.98425300000001
125.98425300000001
126.984123
126.984123
128.0
130.081299
132.2314
133.333328
136.752136
144.14415
142.857147
149.532715
149.532715
141.592926
140.350876
113.475174
136.752136
142.857147
135.59321599999998
nan
nan
nan
nan
nan
nan
nan
nan
nan
nan
nan
nan
nan
nan
nan
nan
nan
nan
nan
nan
nan
nan
nan
nan
nan
nan
nan
nan
nan
nan
nan
nan
