nan
nan
nan
nan
nan
nan
nan
nan
nan
nan
nan
nan
nan
nan
42.440319
42.440319
57.761734
57.761734
60.377356999999996
60.377356999999996
60.377356999999996
44.077133
44.077133
58.608059
58.608059
112.676056
112.676056
125.0
128.0
133.333328
131.147537
133.333328
133.333328
131.147537
125.98425300000001
124.031006
122.137405
132.2314
125.0
115.10791
110.344826
126.984123
145.454544
139.130432
131.147537
129.03225700000002
125.98425300000001
122.137405
116.788322
116.788322
115.94203200000001
nan
nan
nan
nan
nan
nan
nan
nan
nan
nan
nan
nan
nan
nan
nan
136.752136
119.40298500000002
116.788322
115.10791
103.896103
70.484581
71.748878
71.748878
100.628929
100.0
100.628929
101.265823
100.0
100.628929
100.0
100.0
100.0
99.378883
99.378883
99.378883
99.378883
99.378883
100.0
100.0
100.0
100.0
99.378883
99.378883
99.378883
98.765434
99.378883
98.765434
98.159508
98.159508
98.159508
101.265823
100.0
101.91082800000001
98.765434
101.265823
100.0
nan
nan
nan
nan
nan
nan
nan
nan
nan
47.058823
47.058823
48.338367
48.338367
47.761192
47.761192
48.192772
48.192772
46.511627000000004
46.511627000000004
49.689442
49.689442
49.689442
47.197639
47.197639
43.126686
43.126686
43.126686
43.956043
43.956043
43.956043
42.895443
42.895443
42.328041
42.328041
41.34367
41.34367
41.34367
49.382717
49.382717
nan
nan
nan
nan
nan
nan
nan
80.808083
80.0
81.63265200000001
81.63265200000001
78.817734
80.0
79.60199
78.431374
78.431374
79.60199
80.0
79.60199
79.207924
79.207924
80.0
79.207924
80.402008
80.0
80.0
77.669907
75.471695
78.431374
78.04878199999999
78.04878199999999
103.896103
97.560974
88.397789
84.210526
125.98425300000001
83.333336
80.0
79.60199
79.60199
78.817734
77.294685
78.431374
78.04878199999999
78.04878199999999
77.669907
77.669907
77.294685
77.294685
77.294685
86.486488
78.04878199999999
nan
nan
nan
nan
nan
nan
nan
nan
nan
nan
nan
nan
nan
nan
nan
nan
nan
nan
nan
nan
nan
nan
nan
nan
nan
nan
nan
nan
nan
nan
nan
