nan
nan
nan
nan
nan
nan
115.10791
101.265823
100.0
97.560974
98.765434
98.159508
99.378883
99.378883
99.378883
52.287582
52.287582
50.314465000000006
50.314465000000006
51.612904
51.612904
43.360434999999995
43.360434999999995
50.632912
50.632912
61.53846
61.53846
71.428574
115.94203200000001
109.58904299999999
106.66666399999998
105.96026599999999
104.575165
103.896103
103.22580699999999
102.564102
103.22580699999999
103.22580699999999
103.896103
105.26316100000001
105.96026599999999
107.382553
109.58904299999999
111.88811499999998
109.58904299999999
110.344826
112.676056
43.010754
43.010754
47.058823
47.058823
47.058823
43.956043
43.956043
42.328041
42.328041
49.844238
49.844238
55.944056999999994
55.944056999999994
55.944056999999994
55.944056999999994
125.98425300000001
113.475174
106.66666399999998
112.676056
103.896103
101.91082800000001
101.265823
98.765434
96.969696
95.80838
93.02325400000001
93.02325400000001
91.954025
91.954025
71.111115
88.888885
89.887642
88.888885
87.431694
nan
nan
nan
nan
nan
nan
nan
nan
nan
nan
nan
nan
nan
nan
nan
nan
nan
nan
nan
nan
nan
nan
nan
nan
nan
nan
nan
nan
nan
nan
nan
nan
nan
nan
nan
nan
nan
nan
nan
nan
nan
nan
nan
nan
nan
nan
nan
nan
nan
nan
nan
nan
nan
nan
nan
nan
nan
nan
nan
nan
nan
nan
nan
nan
nan
nan
nan
nan
nan
128.0
131.147537
129.03225700000002
125.98425300000001
125.0
122.137405
122.137405
122.137405
120.300751
119.40298500000002
119.40298500000002
118.51851699999999
118.51851699999999
118.51851699999999
118.51851699999999
118.51851699999999
118.51851699999999
119.40298500000002
119.40298500000002
118.51851699999999
118.51851699999999
118.51851699999999
120.300751
125.0
116.788322
109.58904299999999
120.300751
73.059364
73.059364
77.669907
134.453781
129.03225700000002
126.984123
128.0
125.98425300000001
125.0
125.0
124.031006
124.031006
124.031006
123.07692
123.07692
123.07692
125.98425300000001
125.0
126.984123
130.081299
131.147537
132.2314
132.2314
125.0
126.984123
134.453781
64.0
64.25702700000001
64.25702700000001
59.701492
59.259257999999996
59.259257999999996
75.11737099999999
75.11737099999999
76.92308
131.147537
128.0
124.031006
124.031006
125.0
121.21212
121.21212
121.21212
122.137405
123.07692
124.031006
124.031006
124.031006
123.07692
123.07692
123.07692
123.07692
122.137405
118.51851699999999
112.676056
116.788322
94.117645
129.03225700000002
135.59321599999998
123.07692
120.300751
120.300751
118.51851699999999
117.647057
116.788322
115.94203200000001
115.94203200000001
115.94203200000001
115.10791
115.10791
115.10791
114.28571299999999
114.28571299999999
114.28571299999999
115.10791
115.94203200000001
115.94203200000001
117.647057
123.07692
121.21212
121.21212
119.40298500000002
118.51851699999999
110.344826
108.84353600000001
105.26316100000001
105.96026599999999
105.26316100000001
105.26316100000001
104.575165
104.575165
104.575165
104.575165
104.575165
104.575165
105.26316100000001
107.382553
110.344826
112.676056
112.676056
114.28571299999999
115.94203200000001
117.647057
120.300751
122.137405
126.984123
129.03225700000002
135.59321599999998
133.333328
139.130432
139.130432
145.454544
80.0
80.0
84.210526
82.901558
78.04878199999999
73.73271899999999
73.73271899999999
94.117645
91.428574
93.56725300000001
101.265823
102.564102
103.896103
80.808083
181.818176
207.792206
216.216217
222.222229
222.222229
225.352112
225.352112
216.216217
113.475174
120.300751
107.382553
69.565216
69.868996
69.868996
69.26406899999999
69.565216
69.565216
68.669525
68.376068
68.376068
67.22689100000001
68.669525
68.669525
78.04878199999999
87.431694
134.453781
114.28571299999999
109.58904299999999
115.94203200000001
117.647057
121.21212
130.081299
136.752136
72.398193
76.55502299999999
49.844238
49.844238
58.823528
58.823528
51.11821
51.11821
49.689442
