nan
nan
86.021507
81.63265200000001
81.63265200000001
77.294685
75.11737099999999
71.111115
71.111115
59.259257999999996
68.965515
68.965515
59.925095
76.190475
76.190475
77.669907
72.072075
68.669525
68.669525
61.068703
68.08510600000001
68.08510600000001
60.150375
60.150375
62.992126
68.965515
68.965515
81.63265200000001
89.887642
95.80838
99.378883
100.0
91.954025
136.752136
156.86274699999998
166.666672
142.857147
146.78898600000002
140.350876
142.857147
142.857147
140.350876
139.130432
136.752136
125.0
122.137405
125.0
121.21212
111.11111499999998
84.210526
84.210526
66.666664
114.28571299999999
115.10791
115.10791
116.788322
117.647057
118.51851699999999
118.51851699999999
118.51851699999999
118.51851699999999
119.40298500000002
120.300751
121.21212
122.137405
122.137405
123.07692
122.137405
123.07692
128.0
128.0
130.081299
133.333328
132.2314
133.333328
130.081299
130.081299
136.752136
132.2314
132.2314
133.333328
131.147537
132.2314
131.147537
132.2314
129.03225700000002
132.2314
132.2314
nan
nan
nan
nan
nan
nan
nan
nan
nan
nan
nan
nan
67.79660799999999
66.1157
66.1157
63.745022
63.745022
67.22689100000001
61.776061999999996
61.776061999999996
116.788322
115.94203200000001
122.137405
123.07692
121.21212
120.300751
118.51851699999999
116.788322
116.788322
116.788322
116.788322
114.28571299999999
111.88811499999998
90.909088
118.51851699999999
108.10810900000001
106.66666399999998
105.96026599999999
105.96026599999999
105.96026599999999
108.84353600000001
107.382553
103.896103
105.96026599999999
105.96026599999999
102.564102
103.896103
105.96026599999999
105.26316100000001
65.040649
68.376068
68.376068
80.0
121.21212
122.137405
111.11111499999998
90.909088
103.896103
104.575165
101.91082800000001
100.0
101.91082800000001
99.378883
101.265823
68.08510600000001
100.628929
96.385544
95.238098
95.238098
95.238098
95.80838
96.969696
96.969696
96.385544
96.385544
96.385544
96.969696
96.969696
96.969696
64.777328
66.666664
66.666664
95.238098
95.238098
94.117645
94.674553
95.238098
95.238098
94.674553
94.117645
93.02325400000001
91.428574
90.909088
90.395477
90.395477
90.909088
90.909088
90.909088
90.909088
90.909088
90.909088
89.887642
88.397789
89.385475
91.954025
93.56725300000001
93.56725300000001
93.02325400000001
92.48555
73.059364
62.745098
62.745098
49.689442
49.689442
45.584045
45.584045
40.404041
40.404041
51.612904
51.612904
43.596728999999996
43.596728999999996
43.596728999999996
41.237114
41.237114
44.817928
44.817928
45.977013
45.977013
44.198895
44.198895
44.198895
nan
nan
nan
nan
nan
nan
nan
nan
nan
nan
nan
nan
nan
nan
nan
nan
nan
nan
nan
