nan
nan
nan
nan
126.984123
122.137405
120.300751
121.21212
119.40298500000002
117.647057
117.647057
117.647057
117.647057
117.647057
118.51851699999999
118.51851699999999
118.51851699999999
118.51851699999999
117.647057
115.94203200000001
117.647057
116.788322
65.84362
65.84362
55.74913000000001
66.666664
66.666664
78.817734
120.300751
111.11111499999998
110.344826
108.10810900000001
100.0
106.66666399999998
100.0
101.265823
100.0
100.0
102.564102
102.564102
102.564102
103.22580699999999
105.26316100000001
100.0
101.265823
101.265823
102.564102
104.575165
79.207924
100.0
98.765434
98.765434
98.765434
97.560974
96.385544
86.95652
98.159508
75.82938399999999
nan
nan
nan
nan
nan
nan
nan
nan
nan
nan
nan
nan
nan
nan
nan
nan
nan
nan
nan
nan
nan
nan
nan
nan
nan
nan
nan
nan
nan
nan
nan
nan
44.321331
44.321331
44.321331
43.47826
43.47826
42.666668
42.666668
42.105263
42.105263
42.105263
41.558440999999995
41.558440999999995
41.025642
41.025642
41.025642
54.98281899999999
54.98281899999999
40.609138
40.609138
40.609138
41.450779
41.450779
41.450779
41.450779
42.666668
42.666668
42.666668
41.994751
41.994751
41.775455
41.775455
nan
nan
nan
nan
nan
nan
nan
nan
nan
nan
nan
nan
nan
nan
nan
nan
nan
nan
nan
nan
nan
nan
nan
nan
nan
nan
nan
nan
nan
nan
nan
nan
nan
