nan
nan
nan
nan
nan
nan
nan
190.476196
186.04650900000001
173.91304
173.91304
170.21276899999998
172.043015
170.21276899999998
160.0
49.079754
49.079754
49.23077
49.23077
42.895443
42.895443
42.895443
41.775455
41.775455
42.78075
42.78075
42.553191999999996
42.553191999999996
42.553191999999996
44.568245000000005
44.568245000000005
nan
nan
nan
nan
205.128204
179.775284
173.91304
164.948456
158.415848
228.57142599999997
150.94339
148.148148
114.28571299999999
146.78898600000002
145.454544
146.78898600000002
146.78898600000002
146.78898600000002
144.14415
148.148148
146.78898600000002
146.78898600000002
144.14415
115.94203200000001
148.148148
144.14415
142.857147
141.592926
140.350876
135.59321599999998
126.984123
126.984123
124.031006
124.031006
116.788322
116.788322
119.40298500000002
121.21212
122.137405
123.07692
124.031006
124.031006
123.07692
124.031006
123.07692
123.07692
122.137405
122.137405
60.836502
60.836502
48.338367
48.338367
45.977013
45.977013
41.666668
41.666668
41.666668
63.492062
59.479553
59.479553
59.479553
59.479553
67.22689100000001
81.218277
76.92308
76.92308
105.26316100000001
103.22580699999999
105.96026599999999
105.96026599999999
105.96026599999999
107.382553
107.382553
108.10810900000001
108.84353600000001
109.58904299999999
110.344826
110.344826
108.10810900000001
110.344826
109.58904299999999
90.909088
91.954025
89.887642
112.676056
110.344826
114.28571299999999
109.58904299999999
111.11111499999998
113.475174
112.676056
111.11111499999998
112.676056
111.11111499999998
110.344826
109.58904299999999
108.84353600000001
108.10810900000001
108.84353600000001
109.58904299999999
106.66666399999998
107.382553
108.10810900000001
108.84353600000001
108.10810900000001
108.10810900000001
109.58904299999999
111.11111499999998
105.26316100000001
nan
nan
nan
nan
nan
nan
nan
nan
nan
nan
nan
nan
60.377356999999996
60.377356999999996
58.181819999999995
58.181819999999995
53.872055
55.944056999999994
55.944056999999994
56.939503
56.939503
51.779934000000004
51.779934000000004
52.287582
52.287582
51.948051
51.948051
56.537102000000004
56.537102000000004
53.33333199999999
68.376068
68.376068
119.40298500000002
118.51851699999999
115.94203200000001
111.88811499999998
111.88811499999998
107.382553
111.11111499999998
108.84353600000001
107.382553
106.66666399999998
108.84353600000001
107.382553
102.564102
105.26316100000001
100.0
98.765434
94.674553
96.969696
59.040592000000004
53.33333199999999
53.33333199999999
58.608059
58.608059
48.632217
48.632217
92.48555
93.02325400000001
93.02325400000001
90.395477
91.954025
91.428574
91.428574
90.909088
91.428574
92.48555
78.431374
68.669525
68.669525
65.573769
62.256809
62.256809
65.306122
69.26406899999999
69.26406899999999
100.0
98.765434
97.560974
98.159508
96.385544
96.969696
96.385544
95.80838
96.385544
95.80838
91.954025
nan
nan
nan
nan
nan
nan
nan
nan
nan
nan
nan
nan
nan
46.920821999999994
46.920821999999994
46.920821999999994
45.197739
45.197739
45.070423
45.070423
50.473186
50.473186
48.484848
48.484848
48.484848
48.484848
48.484848
48.04805
48.04805
47.477745
47.477745
47.619049
47.619049
46.511627000000004
46.511627000000004
44.198895
44.198895
47.90419
47.90419
48.338367
48.338367
49.079754
49.079754
48.484848
48.484848
48.484848
49.079754
49.079754
48.192772
48.192772
48.484848
48.484848
41.34367
41.34367
41.775455
41.775455
41.775455
42.553191999999996
42.553191999999996
48.632217
48.632217
49.23077
49.23077
83.333336
92.48555
93.02325400000001
93.02325400000001
93.02325400000001
91.428574
91.428574
91.428574
90.909088
90.909088
91.428574
90.909088
91.428574
89.887642
91.954025
91.954025
93.02325400000001
93.02325400000001
92.48555
91.954025
91.954025
90.395477
89.887642
132.2314
131.147537
258.06451400000003
258.06451400000003
258.06451400000003
253.968246
253.968246
250.0
253.968246
168.421051
125.0
125.0
125.0
124.031006
124.031006
124.031006
