nan
nan
nan
nan
59.701492
56.939503
56.939503
55.74913000000001
55.74913000000001
52.117264
52.117264
49.079754
49.079754
49.844238
49.844238
49.23077
49.23077
nan
nan
nan
nan
207.792206
207.792206
210.526321
141.592926
210.526321
210.526321
202.531647
200.0
202.531647
202.531647
200.0
197.530869
192.771088
188.235291
181.818176
179.775284
175.824173
200.0
177.777771
175.824173
175.824173
177.777771
175.824173
177.777771
nan
nan
nan
nan
nan
nan
nan
nan
nan
nan
nan
nan
nan
231.88406400000002
231.88406400000002
225.352112
219.178085
219.178085
216.216217
213.33332799999997
213.33332799999997
213.33332799999997
210.526321
213.33332799999997
210.526321
nan
nan
nan
nan
nan
nan
nan
nan
nan
nan
nan
nan
nan
nan
nan
nan
nan
nan
nan
nan
nan
nan
nan
nan
nan
nan
188.235291
188.235291
186.04650900000001
181.818176
181.818176
181.818176
181.818176
179.775284
179.775284
179.775284
179.775284
177.777771
177.777771
183.908051
186.04650900000001
181.818176
186.04650900000001
192.771088
186.04650900000001
186.04650900000001
186.04650900000001
186.04650900000001
186.04650900000001
125.0
126.984123
190.476196
190.476196
186.04650900000001
nan
nan
nan
nan
nan
nan
nan
nan
nan
228.57142599999997
235.29411299999998
225.352112
216.216217
219.178085
222.222229
nan
nan
nan
nan
nan
nan
nan
nan
nan
nan
nan
nan
175.824173
173.91304
158.415848
166.666672
90.909088
89.385475
156.86274699999998
158.415848
158.415848
158.415848
158.415848
158.415848
121.21212
161.616165
163.265305
163.265305
163.265305
166.666672
166.666672
166.666672
164.948456
166.666672
158.415848
161.616165
170.21276899999998
164.948456
170.21276899999998
173.91304
177.777771
181.818176
183.908051
188.235291
183.908051
183.908051
181.818176
177.777771
173.91304
173.91304
173.91304
170.21276899999998
170.21276899999998
170.21276899999998
166.666672
164.948456
168.421051
170.21276899999998
172.043015
172.043015
172.043015
123.07692
150.94339
145.454544
128.0
156.86274699999998
155.339813
153.84616100000002
123.07692
119.40298500000002
152.380951
152.380951
150.94339
149.532715
148.148148
146.78898600000002
146.78898600000002
146.78898600000002
148.148148
148.148148
149.532715
149.532715
149.532715
145.454544
146.78898600000002
146.78898600000002
149.532715
148.148148
87.431694
87.431694
93.02325400000001
89.385475
82.474228
nan
nan
nan
nan
nan
nan
nan
nan
nan
nan
nan
