nan
nan
nan
nan
nan
nan
nan
nan
nan
123.07692
110.344826
82.901558
82.901558
94.117645
66.94561
68.965515
68.08510600000001
68.08510600000001
67.510551
66.94561
66.94561
67.22689100000001
67.22689100000001
67.22689100000001
55.74913000000001
55.74913000000001
41.666668
41.666668
40.920715
40.920715
40.920715
43.126686
43.126686
48.04805
48.04805
47.619049
47.619049
46.511627000000004
46.511627000000004
48.04805
48.04805
50.473186
50.473186
63.492062
63.492062
74.418602
94.674553
94.117645
93.02325400000001
91.954025
90.909088
90.909088
87.912086
114.28571299999999
nan
nan
nan
nan
nan
nan
nan
nan
nan
nan
nan
nan
nan
nan
nan
nan
123.07692
100.0
98.159508
96.969696
91.954025
69.565216
69.565216
68.669525
nan
nan
nan
nan
nan
nan
nan
nan
nan
nan
nan
nan
nan
nan
nan
nan
nan
91.954025
87.912086
83.76963
83.76963
84.210526
84.210526
68.08510600000001
84.656082
84.656082
84.656082
85.10638399999999
85.561501
113.475174
84.656082
91.954025
100.628929
95.238098
97.560974
84.210526
84.210526
113.475174
111.88811499999998
111.88811499999998
110.344826
113.475174
80.402008
80.0
80.808083
80.808083
80.808083
81.63265200000001
82.474228
82.474228
82.474228
82.901558
82.474228
82.474228
82.901558
82.474228
82.474228
82.474228
81.63265200000001
78.04878199999999
69.868996
69.868996
68.08510600000001
nan
nan
nan
nan
nan
nan
nan
nan
nan
nan
nan
96.385544
91.954025
86.486488
67.79660799999999
86.021507
86.021507
86.486488
85.561501
80.402008
80.402008
80.402008
78.431374
67.79660799999999
80.0
80.0
76.92308
70.796463
71.111115
71.111115
72.398193
87.912086
82.474228
80.808083
80.808083
80.0
78.04878199999999
80.402008
77.294685
77.294685
76.190475
75.82938399999999
73.73271899999999
73.73271899999999
71.748878
nan
nan
nan
nan
nan
nan
50.473186
50.473186
82.474228
81.63265200000001
81.63265200000001
80.808083
79.60199
77.669907
77.669907
78.817734
68.376068
77.669907
77.669907
76.190475
75.471695
75.471695
75.82938399999999
75.82938399999999
76.55502299999999
76.190475
75.82938399999999
75.82938399999999
74.766357
75.11737099999999
75.82938399999999
75.82938399999999
75.11737099999999
75.11737099999999
74.418602
74.418602
74.418602
74.074074
75.11737099999999
75.11737099999999
75.11737099999999
74.766357
75.11737099999999
75.11737099999999
75.82938399999999
75.82938399999999
76.92308
76.92308
76.190475
73.73271899999999
75.82938399999999
75.82938399999999
76.190475
75.82938399999999
76.190475
76.190475
76.190475
79.207924
76.55502299999999
77.294685
77.294685
78.04878199999999
77.669907
78.431374
78.431374
77.294685
75.82938399999999
nan
nan
nan
nan
nan
nan
nan
