nan
nan
nan
nan
nan
nan
nan
nan
nan
nan
nan
107.382553
100.0
99.378883
95.238098
97.560974
85.10638399999999
84.656082
85.10638399999999
86.021507
85.561501
85.561501
85.561501
85.561501
86.021507
86.95652
56.737587
56.737587
53.872055
53.872055
48.484848
48.484848
54.60751
54.60751
55.55555699999999
58.394161
58.394161
56.737587
56.737587
48.929665
48.929665
50.793652
50.793652
47.90419
47.90419
47.761192
47.761192
61.53846
61.53846
62.5
59.925095
59.925095
74.074074
74.074074
75.82938399999999
71.428574
91.428574
96.969696
95.238098
95.238098
92.48555
94.117645
94.674553
94.674553
95.238098
95.238098
95.80838
95.238098
95.80838
96.385544
96.385544
96.969696
96.969696
97.560974
94.117645
97.560974
96.969696
100.628929
101.91082800000001
104.575165
59.701492
59.701492
59.701492
59.701492
63.492062
61.068703
61.068703
63.241108
63.241108
nan
nan
nan
nan
nan
nan
nan
nan
nan
nan
nan
nan
nan
89.887642
87.912086
86.95652
86.021507
85.561501
85.561501
86.486488
86.486488
87.431694
87.912086
87.912086
nan
nan
nan
nan
nan
nan
nan
nan
nan
nan
nan
nan
nan
nan
nan
44.444443
44.444443
48.632217
48.632217
46.647232
46.647232
44.077133
44.077133
44.077133
45.070423
45.070423
44.077133
44.077133
43.360434999999995
43.360434999999995
43.360434999999995
45.325779
45.325779
51.948051
51.948051
69.565216
108.84353600000001
111.88811499999998
113.475174
114.28571299999999
112.676056
108.10810900000001
110.344826
114.28571299999999
113.475174
nan
nan
nan
nan
nan
nan
nan
nan
nan
156.86274699999998
153.84616100000002
123.07692
150.94339
149.532715
148.148148
146.78898600000002
175.824173
142.857147
131.147537
123.07692
70.796463
66.94561
66.94561
59.925095
48.484848
48.484848
49.535603
49.535603
49.535603
49.844238
49.844238
43.715847
43.715847
46.783627
