nan
nan
nan
nan
nan
nan
372.09301800000003
333.333344
333.333344
347.82608
380.95239300000003
390.243896
390.243896
400.0
400.0
372.09301800000003
372.09301800000003
372.09301800000003
372.09301800000003
372.09301800000003
372.09301800000003
380.95239300000003
390.243896
400.0
421.052643
410.25640899999996
nan
nan
nan
nan
nan
320.0
333.333344
307.69232200000005
313.72549399999997
275.862061
280.701752
290.909088
296.29629500000004
301.88678
307.69232200000005
262.295074
253.968246
258.06451400000003
262.295074
271.18643199999997
275.862061
285.714294
285.714294
290.909088
301.88678
307.69232200000005
320.0
333.333344
333.333344
nan
nan
nan
nan
nan
nan
nan
nan
nan
nan
410.25640899999996
410.25640899999996
400.0
380.95239300000003
372.09301800000003
372.09301800000003
372.09301800000003
372.09301800000003
363.636353
183.908051
183.908051
363.636353
363.636353
355.555542
363.636353
363.636353
372.09301800000003
372.09301800000003
372.09301800000003
380.95239300000003
372.09301800000003
372.09301800000003
372.09301800000003
372.09301800000003
363.636353
363.636353
363.636353
355.555542
363.636353
363.636353
363.636353
363.636353
372.09301800000003
372.09301800000003
380.95239300000003
390.243896
390.243896
363.636353
340.425537
326.53060899999997
340.425537
355.555542
355.555542
372.09301800000003
390.243896
400.0
400.0
400.0
390.243896
380.95239300000003
372.09301800000003
363.636353
nan
nan
nan
nan
nan
nan
nan
nan
nan
nan
nan
340.425537
333.333344
326.53060899999997
320.0
320.0
320.0
320.0
320.0
326.53060899999997
326.53060899999997
333.333344
333.333344
333.333344
333.333344
nan
nan
nan
nan
nan
nan
nan
nan
nan
nan
nan
nan
nan
nan
326.53060899999997
307.69232200000005
296.29629500000004
290.909088
285.714294
280.701752
275.862061
275.862061
280.701752
280.701752
275.862061
262.295074
242.42424
301.88678
246.153839
190.476196
134.453781
148.148148
nan
nan
nan
nan
nan
nan
nan
nan
200.0
200.0
205.128204
207.792206
210.526321
210.526321
213.33332799999997
216.216217
219.178085
225.352112
235.29411299999998
246.153839
nan
nan
nan
nan
nan
nan
nan
nan
nan
nan
nan
nan
nan
nan
nan
266.666656
258.06451400000003
253.968246
238.805969
228.57142599999997
222.222229
216.216217
231.88406400000002
235.29411299999998
235.29411299999998
235.29411299999998
231.88406400000002
228.57142599999997
228.57142599999997
228.57142599999997
228.57142599999997
225.352112
219.178085
228.57142599999997
225.352112
231.88406400000002
228.57142599999997
207.792206
nan
nan
nan
nan
nan
nan
253.968246
258.06451400000003
253.968246
228.57142599999997
219.178085
219.178085
219.178085
219.178085
216.216217
216.216217
216.216217
216.216217
213.33332799999997
213.33332799999997
213.33332799999997
210.526321
210.526321
210.526321
207.792206
202.531647
200.0
200.0
195.121948
192.771088
192.771088
192.771088
192.771088
190.476196
195.121948
192.771088
195.121948
238.805969
nan
nan
nan
nan
nan
nan
nan
nan
nan
205.128204
190.476196
188.235291
183.908051
175.824173
271.18643199999997
250.0
246.153839
242.42424
228.57142599999997
235.29411299999998
225.352112
205.128204
192.771088
188.235291
160.0
152.380951
156.86274699999998
150.94339
158.415848
156.86274699999998
156.86274699999998
161.616165
164.948456
156.86274699999998
152.380951
155.339813
101.265823
81.63265200000001
