nan
nan
nan
nan
nan
nan
nan
280.701752
280.701752
266.666656
250.0
210.526321
205.128204
219.178085
228.57142599999997
246.153839
258.06451400000003
285.714294
307.69232200000005
333.333344
188.235291
192.771088
285.714294
275.862061
271.18643199999997
271.18643199999997
262.295074
262.295074
258.06451400000003
258.06451400000003
250.0
246.153839
139.130432
119.40298500000002
114.28571299999999
146.78898600000002
139.130432
207.792206
195.121948
355.555542
326.53060899999997
290.909088
275.862061
271.18643199999997
266.666656
262.295074
253.968246
250.0
246.153839
238.805969
231.88406400000002
222.222229
219.178085
216.216217
216.216217
213.33332799999997
213.33332799999997
216.216217
222.222229
225.352112
238.805969
266.666656
246.153839
nan
nan
nan
nan
nan
nan
nan
nan
nan
280.701752
262.295074
253.968246
250.0
246.153839
242.42424
242.42424
235.29411299999998
242.42424
301.88678
280.701752
nan
nan
nan
nan
nan
nan
nan
nan
nan
nan
258.06451400000003
246.153839
238.805969
235.29411299999998
231.88406400000002
228.57142599999997
225.352112
222.222229
225.352112
225.352112
225.352112
225.352112
225.352112
228.57142599999997
231.88406400000002
235.29411299999998
275.862061
296.29629500000004
290.909088
285.714294
275.862061
134.453781
131.147537
128.0
125.0
134.453781
125.0
106.66666399999998
109.58904299999999
109.58904299999999
103.896103
104.575165
nan
nan
nan
nan
nan
nan
nan
nan
nan
nan
nan
nan
