313.72549399999997
326.53060899999997
nan
nan
nan
nan
nan
nan
nan
nan
nan
nan
nan
nan
nan
nan
nan
nan
nan
nan
nan
nan
363.636353
313.72549399999997
nan
nan
nan
nan
nan
nan
290.909088
301.88678
275.862061
nan
nan
nan
363.636353
355.555542
333.333344
307.69232200000005
301.88678
296.29629500000004
285.714294
280.701752
275.862061
275.862061
275.862061
285.714294
290.909088
285.714294
290.909088
290.909088
290.909088
285.714294
285.714294
280.701752
275.862061
271.18643199999997
nan
nan
262.295074
266.666656
266.666656
262.295074
262.295074
258.06451400000003
253.968246
253.968246
253.968246
250.0
246.153839
246.153839
250.0
242.42424
235.29411299999998
231.88406400000002
228.57142599999997
225.352112
225.352112
228.57142599999997
225.352112
222.222229
231.88406400000002
nan
nan
nan
nan
nan
nan
nan
nan
nan
280.701752
296.29629500000004
313.72549399999997
313.72549399999997
285.714294
258.06451400000003
235.29411299999998
231.88406400000002
228.57142599999997
225.352112
228.57142599999997
225.352112
222.222229
222.222229
222.222229
222.222229
219.178085
216.216217
216.216217
213.33332799999997
213.33332799999997
222.222229
207.792206
216.216217
219.178085
225.352112
228.57142599999997
231.88406400000002
250.0
nan
nan
nan
nan
nan
nan
nan
nan
nan
280.701752
271.18643199999997
250.0
228.57142599999997
219.178085
213.33332799999997
210.526321
207.792206
207.792206
205.128204
205.128204
202.531647
202.531647
205.128204
205.128204
207.792206
207.792206
205.128204
197.530869
202.531647
200.0
202.531647
202.531647
202.531647
202.531647
202.531647
200.0
197.530869
200.0
200.0
200.0
200.0
202.531647
202.531647
202.531647
200.0
202.531647
207.792206
210.526321
216.216217
216.216217
213.33332799999997
nan
nan
nan
nan
nan
nan
nan
nan
nan
219.178085
213.33332799999997
205.128204
200.0
197.530869
195.121948
192.771088
192.771088
192.771088
197.530869
197.530869
200.0
202.531647
202.531647
205.128204
207.792206
210.526321
216.216217
222.222229
225.352112
222.222229
202.531647
nan
nan
nan
nan
nan
nan
nan
nan
nan
nan
nan
nan
nan
nan
nan
nan
258.06451400000003
250.0
238.805969
238.805969
231.88406400000002
222.222229
216.216217
210.526321
205.128204
202.531647
200.0
205.128204
145.454544
207.792206
188.235291
183.908051
181.818176
172.043015
175.824173
179.775284
163.265305
172.043015
172.043015
122.137405
173.91304
175.824173
175.824173
173.91304
172.043015
168.421051
nan
nan
nan
nan
nan
nan
nan
nan
nan
nan
nan
nan
nan
nan
nan
nan
nan
nan
nan
nan
nan
nan
nan
nan
nan
nan
nan
nan
nan
nan
nan
nan
nan
nan
nan
nan
