nan
nan
nan
nan
nan
nan
258.06451400000003
238.805969
231.88406400000002
213.33332799999997
nan
nan
nan
nan
nan
nan
nan
nan
nan
nan
nan
nan
nan
nan
nan
nan
nan
nan
nan
nan
nan
nan
266.666656
253.968246
258.06451400000003
258.06451400000003
262.295074
280.701752
290.909088
296.29629500000004
296.29629500000004
262.295074
246.153839
250.0
nan
nan
nan
nan
nan
nan
nan
nan
nan
nan
nan
nan
nan
355.555542
400.0
400.0
400.0
410.25640899999996
400.0
380.95239300000003
340.425537
333.333344
333.333344
333.333344
363.636353
355.555542
320.0
296.29629500000004
285.714294
285.714294
280.701752
280.701752
285.714294
275.862061
266.666656
266.666656
266.666656
258.06451400000003
253.968246
246.153839
320.0
326.53060899999997
307.69232200000005
nan
nan
nan
nan
nan
250.0
253.968246
246.153839
238.805969
235.29411299999998
219.178085
213.33332799999997
207.792206
202.531647
202.531647
213.33332799999997
216.216217
213.33332799999997
216.216217
216.216217
213.33332799999997
213.33332799999997
210.526321
207.792206
205.128204
202.531647
205.128204
207.792206
213.33332799999997
225.352112
225.352112
202.531647
205.128204
190.476196
181.818176
181.818176
181.818176
186.04650900000001
192.771088
202.531647
205.128204
225.352112
nan
nan
nan
nan
nan
nan
nan
nan
216.216217
207.792206
205.128204
197.530869
192.771088
197.530869
195.121948
192.771088
192.771088
188.235291
183.908051
177.777771
173.91304
175.824173
177.777771
179.775284
173.91304
nan
nan
nan
nan
nan
nan
nan
nan
nan
nan
nan
nan
nan
nan
nan
nan
nan
nan
nan
nan
nan
202.531647
192.771088
186.04650900000001
179.775284
175.824173
172.043015
168.421051
163.265305
164.948456
163.265305
160.0
160.0
86.021507
92.48555
63.745022
83.76963
83.76963
166.666672
152.380951
163.265305
nan
nan
nan
nan
nan
nan
nan
nan
nan
nan
nan
nan
nan
nan
nan
nan
nan
nan
nan
nan
nan
nan
nan
nan
