nan
nan
nan
nan
nan
nan
285.714294
301.88678
307.69232200000005
320.0
355.555542
380.95239300000003
380.95239300000003
363.636353
320.0
nan
nan
nan
nan
326.53060899999997
320.0
307.69232200000005
307.69232200000005
307.69232200000005
301.88678
290.909088
280.701752
271.18643199999997
262.295074
262.295074
258.06451400000003
253.968246
250.0
246.153839
242.42424
238.805969
231.88406400000002
228.57142599999997
228.57142599999997
228.57142599999997
228.57142599999997
225.352112
222.222229
168.421051
228.57142599999997
225.352112
225.352112
222.222229
222.222229
219.178085
219.178085
219.178085
219.178085
219.178085
222.222229
222.222229
262.295074
258.06451400000003
231.88406400000002
nan
nan
nan
nan
nan
228.57142599999997
228.57142599999997
228.57142599999997
222.222229
219.178085
210.526321
205.128204
188.235291
nan
nan
nan
nan
nan
nan
nan
nan
nan
nan
nan
nan
nan
177.777771
200.0
205.128204
202.531647
200.0
197.530869
195.121948
192.771088
190.476196
190.476196
186.04650900000001
186.04650900000001
186.04650900000001
186.04650900000001
186.04650900000001
186.04650900000001
188.235291
192.771088
195.121948
nan
nan
nan
nan
nan
nan
nan
nan
nan
nan
nan
nan
nan
nan
nan
nan
nan
nan
nan
nan
nan
290.909088
280.701752
290.909088
307.69232200000005
320.0
326.53060899999997
296.29629500000004
301.88678
nan
nan
nan
nan
nan
nan
nan
nan
nan
nan
nan
nan
nan
nan
363.636353
363.636353
380.95239300000003
372.09301800000003
363.636353
340.425537
333.333344
nan
nan
nan
nan
nan
nan
nan
nan
nan
nan
nan
nan
nan
nan
nan
nan
nan
nan
nan
nan
nan
320.0
307.69232200000005
258.06451400000003
250.0
242.42424
238.805969
235.29411299999998
235.29411299999998
231.88406400000002
225.352112
222.222229
219.178085
219.178085
225.352112
253.968246
nan
nan
nan
nan
nan
nan
nan
nan
nan
nan
nan
nan
242.42424
228.57142599999997
222.222229
222.222229
219.178085
216.216217
216.216217
216.216217
216.216217
216.216217
216.216217
216.216217
216.216217
210.526321
186.04650900000001
nan
nan
nan
nan
nan
nan
210.526321
195.121948
188.235291
179.775284
177.777771
175.824173
173.91304
175.824173
175.824173
179.775284
177.777771
181.818176
179.775284
181.818176
186.04650900000001
181.818176
181.818176
179.775284
175.824173
175.824173
175.824173
175.824173
175.824173
173.91304
173.91304
173.91304
172.043015
172.043015
172.043015
170.21276899999998
170.21276899999998
168.421051
168.421051
166.666672
172.043015
170.21276899999998
172.043015
175.824173
175.824173
179.775284
181.818176
192.771088
197.530869
205.128204
nan
nan
nan
nan
nan
