nan
nan
nan
nan
nan
nan
nan
nan
nan
nan
nan
nan
216.216217
213.33332799999997
205.128204
200.0
195.121948
192.771088
192.771088
188.235291
186.04650900000001
nan
nan
nan
nan
nan
nan
nan
nan
nan
nan
nan
nan
nan
nan
nan
nan
275.862061
290.909088
285.714294
280.701752
271.18643199999997
262.295074
126.984123
121.21212
132.2314
130.081299
125.98425300000001
125.98425300000001
128.0
128.0
126.984123
129.03225700000002
130.081299
114.28571299999999
nan
nan
nan
nan
nan
nan
nan
nan
nan
nan
nan
nan
nan
nan
nan
242.42424
253.968246
258.06451400000003
258.06451400000003
253.968246
250.0
242.42424
235.29411299999998
235.29411299999998
222.222229
222.222229
225.352112
222.222229
222.222229
219.178085
216.216217
210.526321
205.128204
200.0
195.121948
192.771088
190.476196
186.04650900000001
181.818176
59.479553
57.553955
57.553955
56.737587
56.737587
65.040649
75.471695
75.471695
74.418602
