nan
nan
nan
nan
nan
nan
nan
nan
nan
nan
nan
nan
nan
nan
nan
nan
nan
nan
nan
nan
nan
nan
290.909088
285.714294
271.18643199999997
253.968246
484.84848
444.444458
432.432434
421.052643
380.95239300000003
363.636353
347.82608
363.636353
380.95239300000003
390.243896
380.95239300000003
363.636353
355.555542
372.09301800000003
390.243896
380.95239300000003
380.95239300000003
380.95239300000003
380.95239300000003
363.636353
421.052643
432.432434
400.0
444.444458
444.444458
421.052643
347.82608
363.636353
347.82608
320.0
307.69232200000005
nan
nan
nan
nan
nan
266.666656
262.295074
262.295074
262.295074
258.06451400000003
258.06451400000003
262.295074
262.295074
258.06451400000003
258.06451400000003
262.295074
258.06451400000003
266.666656
266.666656
266.666656
266.666656
271.18643199999997
271.18643199999997
271.18643199999997
271.18643199999997
271.18643199999997
266.666656
275.862061
285.714294
307.69232200000005
307.69232200000005
296.29629500000004
271.18643199999997
nan
nan
nan
nan
nan
nan
nan
nan
nan
nan
nan
nan
nan
nan
235.29411299999998
216.216217
210.526321
207.792206
207.792206
205.128204
205.128204
205.128204
210.526321
222.222229
225.352112
231.88406400000002
262.295074
266.666656
275.862061
285.714294
nan
nan
nan
nan
150.94339
155.339813
152.380951
160.0
160.0
168.421051
145.454544
139.130432
nan
nan
nan
nan
nan
nan
nan
nan
nan
nan
nan
nan
nan
nan
nan
nan
