nan
nan
nan
nan
nan
nan
nan
nan
nan
nan
192.771088
253.968246
262.295074
258.06451400000003
253.968246
484.84848
432.432434
432.432434
432.432434
444.444458
444.444458
444.444458
444.444458
444.444458
444.444458
457.142853
457.142853
457.142853
457.142853
457.142853
470.58822599999996
470.58822599999996
470.58822599999996
470.58822599999996
484.84848
484.84848
484.84848
484.84848
238.805969
470.58822599999996
470.58822599999996
155.339813
152.380951
102.564102
96.969696
90.395477
89.385475
95.80838
92.48555
95.80838
177.777771
216.216217
210.526321
139.130432
207.792206
207.792206
173.91304
207.792206
210.526321
161.616165
207.792206
205.128204
205.128204
205.128204
195.121948
410.25640899999996
410.25640899999996
410.25640899999996
410.25640899999996
421.052643
207.792206
144.14415
207.792206
207.792206
207.792206
205.128204
202.531647
202.531647
400.0
400.0
372.09301800000003
400.0
400.0
410.25640899999996
410.25640899999996
410.25640899999996
410.25640899999996
410.25640899999996
410.25640899999996
410.25640899999996
410.25640899999996
nan
nan
nan
nan
nan
nan
nan
nan
nan
nan
nan
nan
nan
nan
nan
nan
nan
nan
nan
nan
nan
nan
nan
nan
nan
nan
nan
nan
326.53060899999997
301.88678
290.909088
290.909088
290.909088
290.909088
301.88678
307.69232200000005
307.69232200000005
313.72549399999997
313.72549399999997
320.0
320.0
326.53060899999997
326.53060899999997
326.53060899999997
307.69232200000005
333.333344
340.425537
340.425537
340.425537
340.425537
347.82608
347.82608
340.425537
nan
nan
nan
nan
nan
nan
nan
nan
355.555542
363.636353
372.09301800000003
355.555542
340.425537
320.0
313.72549399999997
313.72549399999997
307.69232200000005
307.69232200000005
301.88678
301.88678
301.88678
301.88678
301.88678
301.88678
301.88678
301.88678
301.88678
296.29629500000004
nan
nan
nan
nan
285.714294
271.18643199999997
207.792206
149.532715
136.752136
202.531647
262.295074
275.862061
285.714294
280.701752
271.18643199999997
266.666656
266.666656
266.666656
nan
nan
nan
nan
nan
nan
nan
nan
nan
nan
nan
nan
nan
nan
nan
nan
nan
nan
355.555542
326.53060899999997
290.909088
285.714294
285.714294
285.714294
280.701752
275.862061
266.666656
271.18643199999997
271.18643199999997
271.18643199999997
266.666656
266.666656
262.295074
262.295074
258.06451400000003
262.295074
258.06451400000003
258.06451400000003
258.06451400000003
258.06451400000003
258.06451400000003
258.06451400000003
258.06451400000003
253.968246
253.968246
250.0
271.18643199999997
266.666656
266.666656
nan
nan
nan
nan
nan
nan
nan
nan
nan
242.42424
242.42424
228.57142599999997
216.216217
205.128204
200.0
192.771088
183.908051
177.777771
173.91304
168.421051
164.948456
163.265305
158.415848
152.380951
146.78898600000002
142.857147
146.78898600000002
146.78898600000002
135.59321599999998
132.2314
146.78898600000002
140.350876
177.777771
190.476196
228.57142599999997
nan
nan
nan
nan
