nan
nan
nan
nan
nan
210.526321
207.792206
200.0
197.530869
183.908051
170.21276899999998
172.043015
175.824173
190.476196
205.128204
219.178085
222.222229
271.18643199999997
266.666656
266.666656
271.18643199999997
290.909088
307.69232200000005
326.53060899999997
347.82608
355.555542
363.636353
372.09301800000003
355.555542
nan
nan
nan
nan
nan
nan
197.530869
186.04650900000001
179.775284
170.21276899999998
168.421051
164.948456
161.616165
158.415848
153.84616100000002
153.84616100000002
152.380951
153.84616100000002
153.84616100000002
156.86274699999998
155.339813
173.91304
190.476196
nan
nan
nan
nan
nan
nan
nan
nan
nan
173.91304
155.339813
140.350876
118.51851699999999
nan
nan
nan
nan
nan
141.592926
149.532715
150.94339
150.94339
153.84616100000002
152.380951
149.532715
148.148148
125.98425300000001
nan
nan
nan
nan
nan
nan
nan
nan
181.818176
170.21276899999998
160.0
156.86274699999998
150.94339
150.94339
155.339813
156.86274699999998
156.86274699999998
156.86274699999998
155.339813
155.339813
156.86274699999998
155.339813
153.84616100000002
150.94339
148.148148
145.454544
146.78898600000002
139.130432
140.350876
145.454544
141.592926
139.130432
140.350876
144.14415
148.148148
150.94339
136.752136
133.333328
132.2314
163.265305
156.86274699999998
nan
nan
nan
nan
nan
nan
216.216217
177.777771
168.421051
160.0
142.857147
130.081299
114.28571299999999
101.91082800000001
133.333328
150.94339
148.148148
89.385475
90.909088
nan
nan
nan
nan
200.0
179.775284
173.91304
155.339813
142.857147
135.59321599999998
132.2314
144.14415
146.78898600000002
156.86274699999998
164.948456
173.91304
183.908051
197.530869
213.33332799999997
222.222229
228.57142599999997
231.88406400000002
242.42424
262.295074
nan
nan
nan
nan
nan
nan
nan
nan
nan
nan
