76.92308
76.92308
266.666656
262.295074
262.295074
271.18643199999997
280.701752
280.701752
nan
nan
nan
nan
nan
163.265305
161.616165
161.616165
160.0
161.616165
160.0
158.415848
158.415848
271.18643199999997
262.295074
262.295074
262.295074
301.88678
nan
nan
nan
nan
nan
nan
nan
nan
nan
nan
nan
nan
246.153839
262.295074
296.29629500000004
307.69232200000005
290.909088
301.88678
246.153839
231.88406400000002
228.57142599999997
225.352112
222.222229
222.222229
222.222229
231.88406400000002
242.42424
246.153839
253.968246
129.03225700000002
126.984123
nan
nan
nan
nan
nan
nan
nan
nan
nan
nan
nan
nan
nan
nan
nan
nan
nan
nan
nan
nan
nan
nan
nan
nan
nan
235.29411299999998
210.526321
197.530869
190.476196
186.04650900000001
173.91304
nan
nan
nan
nan
nan
nan
nan
nan
nan
161.616165
160.0
153.84616100000002
156.86274699999998
153.84616100000002
152.380951
158.415848
158.415848
160.0
160.0
161.616165
161.616165
161.616165
161.616165
161.616165
161.616165
161.616165
161.616165
164.948456
166.666672
170.21276899999998
175.824173
nan
nan
nan
nan
