nan
nan
nan
nan
nan
nan
nan
nan
nan
nan
nan
nan
nan
nan
nan
nan
nan
372.09301800000003
380.95239300000003
400.0
400.0
400.0
390.243896
326.53060899999997
296.29629500000004
290.909088
290.909088
290.909088
285.714294
285.714294
285.714294
280.701752
280.701752
275.862061
275.862061
271.18643199999997
262.295074
253.968246
253.968246
258.06451400000003
258.06451400000003
253.968246
253.968246
262.295074
nan
nan
nan
nan
nan
nan
258.06451400000003
271.18643199999997
275.862061
275.862061
275.862061
275.862061
271.18643199999997
271.18643199999997
266.666656
266.666656
262.295074
258.06451400000003
253.968246
246.153839
235.29411299999998
228.57142599999997
222.222229
219.178085
213.33332799999997
213.33332799999997
210.526321
210.526321
210.526321
213.33332799999997
216.216217
222.222229
242.42424
253.968246
253.968246
250.0
250.0
246.153839
246.153839
246.153839
246.153839
246.153839
301.88678
285.714294
nan
nan
nan
nan
nan
nan
nan
nan
nan
nan
nan
nan
nan
222.222229
205.128204
205.128204
205.128204
195.121948
195.121948
195.121948
195.121948
190.476196
186.04650900000001
181.818176
179.775284
175.824173
173.91304
173.91304
173.91304
175.824173
175.824173
nan
nan
nan
nan
nan
nan
nan
nan
nan
210.526321
205.128204
202.531647
200.0
202.531647
202.531647
200.0
200.0
200.0
200.0
202.531647
115.94203200000001
117.647057
107.382553
94.674553
108.84353600000001
109.58904299999999
96.969696
