nan
nan
nan
nan
nan
nan
nan
nan
nan
nan
nan
nan
213.33332799999997
210.526321
200.0
197.530869
195.121948
195.121948
195.121948
197.530869
200.0
205.128204
205.128204
205.128204
207.792206
210.526321
213.33332799999997
216.216217
219.178085
222.222229
225.352112
228.57142599999997
225.352112
228.57142599999997
228.57142599999997
231.88406400000002
235.29411299999998
235.29411299999998
238.805969
242.42424
250.0
250.0
253.968246
258.06451400000003
258.06451400000003
258.06451400000003
262.295074
266.666656
271.18643199999997
301.88678
301.88678
129.03225700000002
125.0
115.10791
115.94203200000001
115.10791
111.11111499999998
105.96026599999999
113.475174
nan
nan
nan
nan
nan
nan
290.909088
285.714294
266.666656
258.06451400000003
253.968246
250.0
246.153839
242.42424
238.805969
238.805969
238.805969
238.805969
238.805969
235.29411299999998
235.29411299999998
238.805969
238.805969
238.805969
238.805969
238.805969
238.805969
238.805969
238.805969
238.805969
238.805969
238.805969
238.805969
242.42424
242.42424
242.42424
238.805969
242.42424
238.805969
238.805969
231.88406400000002
213.33332799999997
nan
nan
nan
nan
nan
nan
nan
nan
nan
nan
nan
nan
nan
nan
231.88406400000002
210.526321
188.235291
202.531647
228.57142599999997
225.352112
219.178085
219.178085
216.216217
210.526321
210.526321
213.33332799999997
219.178085
222.222229
219.178085
216.216217
213.33332799999997
213.33332799999997
213.33332799999997
205.128204
200.0
197.530869
192.771088
190.476196
192.771088
nan
nan
nan
nan
nan
nan
nan
nan
nan
nan
nan
nan
nan
nan
228.57142599999997
216.216217
210.526321
205.128204
205.128204
207.792206
207.792206
207.792206
216.216217
205.128204
nan
nan
nan
nan
nan
nan
nan
nan
nan
nan
nan
238.805969
228.57142599999997
222.222229
216.216217
216.216217
216.216217
216.216217
216.216217
219.178085
216.216217
213.33332799999997
213.33332799999997
242.42424
nan
nan
nan
nan
nan
nan
nan
nan
nan
296.29629500000004
242.42424
231.88406400000002
219.178085
213.33332799999997
210.526321
207.792206
205.128204
205.128204
205.128204
207.792206
207.792206
210.526321
210.526321
213.33332799999997
216.216217
219.178085
216.216217
205.128204
195.121948
nan
nan
nan
nan
225.352112
228.57142599999997
222.222229
216.216217
219.178085
222.222229
222.222229
219.178085
216.216217
213.33332799999997
207.792206
219.178085
222.222229
231.88406400000002
238.805969
238.805969
238.805969
175.824173
213.33332799999997
216.216217
210.526321
205.128204
202.531647
200.0
192.771088
197.530869
nan
nan
nan
nan
219.178085
219.178085
216.216217
213.33332799999997
213.33332799999997
210.526321
202.531647
200.0
202.531647
202.531647
200.0
200.0
200.0
197.530869
197.530869
197.530869
195.121948
197.530869
195.121948
195.121948
197.530869
197.530869
197.530869
195.121948
195.121948
192.771088
195.121948
192.771088
195.121948
195.121948
192.771088
192.771088
192.771088
192.771088
192.771088
190.476196
190.476196
190.476196
192.771088
190.476196
190.476196
188.235291
188.235291
188.235291
188.235291
188.235291
188.235291
188.235291
188.235291
188.235291
188.235291
190.476196
188.235291
190.476196
190.476196
188.235291
188.235291
188.235291
190.476196
190.476196
192.771088
192.771088
192.771088
96.385544
96.969696
100.0
nan
nan
nan
nan
nan
nan
nan
nan
nan
nan
nan
nan
nan
nan
nan
nan
nan
nan
nan
nan
nan
