nan
nan
nan
nan
nan
nan
nan
nan
nan
nan
200.0
213.33332799999997
213.33332799999997
216.216217
228.57142599999997
355.555542
347.82608
347.82608
355.555542
363.636353
275.862061
290.909088
301.88678
320.0
355.555542
372.09301800000003
372.09301800000003
320.0
444.444458
444.444458
444.444458
457.142853
457.142853
457.142853
444.444458
432.432434
432.432434
421.052643
290.909088
432.432434
421.052643
432.432434
432.432434
444.444458
432.432434
444.444458
nan
nan
nan
nan
nan
372.09301800000003
363.636353
355.555542
347.82608
173.91304
173.91304
112.676056
112.676056
112.676056
112.676056
112.676056
170.21276899999998
271.18643199999997
271.18643199999997
275.862061
340.425537
290.909088
285.714294
262.295074
141.592926
179.775284
275.862061
266.666656
266.666656
262.295074
253.968246
250.0
231.88406400000002
228.57142599999997
225.352112
222.222229
173.91304
98.159508
98.765434
99.378883
nan
nan
nan
nan
nan
228.57142599999997
235.29411299999998
228.57142599999997
228.57142599999997
225.352112
225.352112
222.222229
222.222229
222.222229
225.352112
228.57142599999997
225.352112
225.352112
nan
nan
235.29411299999998
235.29411299999998
235.29411299999998
231.88406400000002
246.153839
271.18643199999997
271.18643199999997
271.18643199999997
271.18643199999997
253.968246
238.805969
nan
nan
nan
nan
nan
nan
nan
nan
nan
nan
nan
nan
246.153839
238.805969
235.29411299999998
228.57142599999997
231.88406400000002
231.88406400000002
235.29411299999998
231.88406400000002
231.88406400000002
228.57142599999997
222.222229
nan
nan
nan
nan
nan
nan
nan
nan
nan
nan
nan
nan
nan
nan
216.216217
213.33332799999997
216.216217
213.33332799999997
210.526321
210.526321
210.526321
207.792206
202.531647
197.530869
195.121948
192.771088
192.771088
190.476196
190.476196
192.771088
195.121948
192.771088
188.235291
186.04650900000001
186.04650900000001
186.04650900000001
188.235291
186.04650900000001
186.04650900000001
nan
nan
nan
nan
nan
nan
nan
nan
nan
nan
nan
nan
nan
186.04650900000001
197.530869
202.531647
202.531647
202.531647
200.0
200.0
195.121948
186.04650900000001
179.775284
150.94339
nan
nan
nan
nan
nan
190.476196
192.771088
197.530869
200.0
197.530869
195.121948
192.771088
192.771088
190.476196
186.04650900000001
181.818176
181.818176
179.775284
177.777771
175.824173
175.824173
170.21276899999998
168.421051
163.265305
163.265305
166.666672
172.043015
170.21276899999998
170.21276899999998
170.21276899999998
170.21276899999998
170.21276899999998
168.421051
170.21276899999998
170.21276899999998
173.91304
175.824173
177.777771
181.818176
188.235291
195.121948
200.0
207.792206
210.526321
207.792206
210.526321
219.178085
nan
nan
nan
258.06451400000003
258.06451400000003
253.968246
250.0
253.968246
253.968246
253.968246
258.06451400000003
262.295074
266.666656
271.18643199999997
275.862061
280.701752
285.714294
285.714294
290.909088
301.88678
307.69232200000005
313.72549399999997
320.0
326.53060899999997
333.333344
340.425537
347.82608
347.82608
347.82608
340.425537
333.333344
nan
nan
nan
nan
nan
nan
nan
nan
nan
nan
nan
nan
nan
nan
nan
nan
nan
nan
nan
nan
nan
nan
nan
nan
nan
nan
nan
nan
nan
nan
164.948456
186.04650900000001
183.908051
177.777771
179.775284
175.824173
175.824173
175.824173
173.91304
173.91304
172.043015
172.043015
172.043015
168.421051
166.666672
164.948456
164.948456
164.948456
164.948456
164.948456
166.666672
166.666672
166.666672
166.666672
166.666672
164.948456
163.265305
163.265305
161.616165
161.616165
144.14415
