nan
nan
nan
nan
nan
nan
nan
nan
nan
nan
nan
nan
nan
nan
238.805969
219.178085
225.352112
231.88406400000002
228.57142599999997
231.88406400000002
225.352112
228.57142599999997
231.88406400000002
225.352112
225.352112
225.352112
225.352112
225.352112
225.352112
225.352112
225.352112
216.216217
210.526321
205.128204
197.530869
192.771088
91.954025
96.385544
95.80838
95.238098
94.674553
96.385544
87.912086
84.656082
84.656082
53.33333199999999
53.33333199999999
56.338028
nan
nan
nan
nan
nan
173.91304
172.043015
168.421051
170.21276899999998
170.21276899999998
170.21276899999998
170.21276899999998
172.043015
172.043015
170.21276899999998
172.043015
170.21276899999998
172.043015
172.043015
172.043015
175.824173
175.824173
175.824173
175.824173
175.824173
173.91304
173.91304
173.91304
nan
nan
nan
nan
175.824173
175.824173
181.818176
192.771088
200.0
210.526321
222.222229
231.88406400000002
238.805969
246.153839
250.0
242.42424
231.88406400000002
nan
nan
nan
nan
nan
nan
nan
nan
219.178085
205.128204
207.792206
210.526321
205.128204
205.128204
207.792206
205.128204
205.128204
205.128204
205.128204
205.128204
205.128204
205.128204
202.531647
200.0
205.128204
216.216217
213.33332799999997
242.42424
202.531647
190.476196
202.531647
188.235291
186.04650900000001
181.818176
179.775284
177.777771
177.777771
177.777771
175.824173
173.91304
170.21276899999998
166.666672
164.948456
nan
nan
nan
nan
nan
nan
nan
nan
nan
nan
nan
nan
nan
nan
188.235291
181.818176
173.91304
168.421051
164.948456
166.666672
164.948456
164.948456
168.421051
168.421051
168.421051
170.21276899999998
173.91304
173.91304
173.91304
188.235291
172.043015
nan
nan
nan
nan
nan
nan
nan
nan
192.771088
183.908051
177.777771
175.824173
175.824173
173.91304
173.91304
173.91304
173.91304
175.824173
177.777771
179.775284
177.777771
181.818176
181.818176
183.908051
186.04650900000001
186.04650900000001
190.476196
197.530869
98.159508
98.159508
63.745022
94.674553
95.80838
195.121948
195.121948
195.121948
190.476196
190.476196
186.04650900000001
183.908051
183.908051
183.908051
186.04650900000001
188.235291
188.235291
181.818176
190.476196
188.235291
190.476196
190.476196
186.04650900000001
179.775284
166.666672
197.530869
195.121948
195.121948
192.771088
192.771088
192.771088
195.121948
197.530869
197.530869
197.530869
200.0
197.530869
197.530869
202.531647
205.128204
213.33332799999997
nan
nan
nan
nan
nan
nan
nan
nan
