nan
nan
nan
nan
nan
380.95239300000003
372.09301800000003
347.82608
333.333344
307.69232200000005
301.88678
307.69232200000005
307.69232200000005
307.69232200000005
301.88678
296.29629500000004
290.909088
nan
nan
nan
nan
nan
nan
nan
nan
nan
nan
nan
nan
nan
nan
nan
nan
nan
nan
280.701752
275.862061
271.18643199999997
280.701752
296.29629500000004
275.862061
222.222229
216.216217
213.33332799999997
210.526321
210.526321
213.33332799999997
216.216217
216.216217
219.178085
222.222229
222.222229
225.352112
231.88406400000002
242.42424
285.714294
222.222229
225.352112
225.352112
222.222229
228.57142599999997
228.57142599999997
235.29411299999998
285.714294
296.29629500000004
301.88678
173.91304
158.415848
117.647057
119.40298500000002
118.51851699999999
266.666656
238.805969
238.805969
238.805969
238.805969
235.29411299999998
235.29411299999998
235.29411299999998
231.88406400000002
235.29411299999998
235.29411299999998
78.817734
79.60199
79.60199
82.051285
83.333336
77.669907
71.428574
71.428574
nan
nan
nan
nan
nan
nan
nan
nan
nan
nan
246.153839
238.805969
235.29411299999998
228.57142599999997
228.57142599999997
225.352112
225.352112
166.666672
166.666672
166.666672
168.421051
168.421051
150.94339
153.84616100000002
155.339813
216.216217
213.33332799999997
137.93103
136.752136
152.380951
116.788322
117.647057
122.137405
67.79660799999999
66.666664
66.666664
66.94561
62.015503
62.015503
78.431374
80.808083
79.60199
79.60199
75.82938399999999
83.333336
72.727272
72.398193
72.398193
69.26406899999999
68.08510600000001
68.08510600000001
67.510551
66.666664
66.666664
114.28571299999999
98.765434
99.378883
87.912086
80.0
71.428574
71.428574
nan
nan
nan
nan
nan
103.22580699999999
106.66666399999998
110.344826
113.475174
115.10791
77.669907
77.669907
72.072075
80.402008
80.402008
110.344826
96.969696
195.121948
195.121948
192.771088
192.771088
192.771088
192.771088
192.771088
192.771088
186.04650900000001
205.128204
192.771088
195.121948
195.121948
197.530869
197.530869
200.0
202.531647
207.792206
213.33332799999997
231.88406400000002
235.29411299999998
228.57142599999997
210.526321
nan
nan
nan
nan
nan
nan
nan
nan
nan
nan
nan
nan
210.526321
205.128204
242.42424
195.121948
197.530869
197.530869
200.0
235.29411299999998
246.153839
262.295074
132.2314
132.2314
91.954025
62.745098
62.745098
59.479553
54.794520999999996
54.794520999999996
55.74913000000001
55.74913000000001
68.08510600000001
65.573769
65.573769
95.238098
93.56725300000001
91.954025
181.818176
179.775284
177.777771
175.824173
175.824173
175.824173
175.824173
175.824173
175.824173
175.824173
175.824173
175.824173
175.824173
175.824173
177.777771
177.777771
177.777771
177.777771
175.824173
175.824173
177.777771
179.775284
179.775284
181.818176
186.04650900000001
188.235291
188.235291
190.476196
192.771088
nan
nan
nan
nan
nan
nan
nan
