188.235291
183.908051
192.771088
190.476196
192.771088
195.121948
192.771088
195.121948
195.121948
195.121948
195.121948
192.771088
192.771088
200.0
190.476196
186.04650900000001
190.476196
192.771088
195.121948
197.530869
197.530869
190.476196
nan
nan
nan
nan
nan
nan
nan
nan
nan
nan
nan
nan
188.235291
188.235291
188.235291
188.235291
188.235291
188.235291
188.235291
188.235291
188.235291
188.235291
188.235291
188.235291
188.235291
195.121948
146.78898600000002
192.771088
258.06451400000003
190.476196
190.476196
190.476196
190.476196
190.476196
192.771088
195.121948
197.530869
nan
nan
nan
nan
nan
nan
nan
nan
nan
nan
nan
nan
nan
nan
nan
188.235291
181.818176
183.908051
183.908051
183.908051
183.908051
183.908051
181.818176
183.908051
135.59321599999998
111.88811499999998
117.647057
86.486488
91.428574
86.95652
91.428574
90.909088
88.888885
88.888885
87.431694
76.92308
77.669907
73.73271899999999
73.73271899999999
69.26406899999999
61.53846
61.53846
66.390045
78.04878199999999
78.04878199999999
76.92308
153.84616100000002
153.84616100000002
155.339813
155.339813
155.339813
152.380951
128.0
76.190475
77.294685
77.294685
89.887642
82.051285
82.051285
82.901558
82.901558
84.210526
85.10638399999999
86.021507
173.91304
175.824173
177.777771
177.777771
177.777771
137.93103
139.130432
179.775284
183.908051
183.908051
183.908051
186.04650900000001
188.235291
190.476196
188.235291
190.476196
190.476196
195.121948
181.818176
192.771088
205.128204
200.0
200.0
186.04650900000001
197.530869
205.128204
200.0
216.216217
108.10810900000001
102.564102
105.26316100000001
96.969696
95.238098
