nan
nan
nan
216.216217
235.29411299999998
238.805969
246.153839
250.0
253.968246
nan
nan
nan
nan
nan
nan
nan
nan
nan
nan
nan
nan
nan
nan
nan
271.18643199999997
266.666656
262.295074
186.04650900000001
246.153839
231.88406400000002
225.352112
nan
nan
nan
nan
nan
nan
nan
nan
nan
nan
nan
nan
nan
nan
nan
nan
nan
213.33332799999997
216.216217
213.33332799999997
210.526321
207.792206
205.128204
202.531647
202.531647
200.0
200.0
200.0
197.530869
190.476196
197.530869
200.0
202.531647
200.0
197.530869
197.530869
197.530869
197.530869
197.530869
190.476196
nan
nan
nan
nan
nan
nan
nan
nan
nan
nan
nan
nan
nan
nan
nan
nan
nan
nan
nan
nan
nan
nan
nan
nan
nan
nan
nan
nan
nan
nan
nan
197.530869
186.04650900000001
186.04650900000001
183.908051
183.908051
179.775284
141.592926
170.21276899999998
nan
nan
nan
nan
nan
nan
nan
nan
nan
nan
nan
nan
nan
nan
85.561501
84.210526
83.76963
82.474228
82.474228
82.474228
80.808083
78.817734
77.294685
77.294685
77.294685
77.294685
nan
nan
nan
nan
nan
nan
nan
nan
nan
nan
nan
nan
nan
nan
nan
nan
nan
nan
nan
nan
nan
nan
nan
nan
nan
nan
nan
nan
nan
nan
nan
nan
nan
nan
nan
nan
nan
nan
nan
nan
nan
nan
nan
nan
nan
85.10638399999999
82.474228
82.051285
82.051285
91.428574
76.92308
75.82938399999999
69.26406899999999
69.26406899999999
68.376068
52.805279000000006
52.805279000000006
41.131104
41.131104
41.131104
41.994751
41.994751
40.302265000000006
40.302265000000006
40.302265000000006
40.816326000000004
40.816326000000004
40.404041
40.404041
40.404041
40.816326000000004
40.816326000000004
nan
nan
nan
nan
nan
nan
nan
nan
nan
