69.26406899999999
69.26406899999999
57.14285699999999
57.761734
57.761734
58.608059
58.608059
59.925095
62.015503
62.015503
62.015503
62.015503
58.181819999999995
59.479553
59.479553
54.794520999999996
54.794520999999996
64.516129
61.776061999999996
61.776061999999996
59.925095
59.925095
87.431694
86.486488
85.561501
84.656082
73.059364
73.059364
88.397789
75.11737099999999
73.39449300000001
67.22689100000001
67.22689100000001
75.471695
62.5
62.5
62.5
58.394161
58.394161
57.553955
57.553955
56.939503
56.939503
53.872055
53.872055
53.691277
54.794520999999996
54.794520999999996
56.537102000000004
56.537102000000004
58.181819999999995
58.181819999999995
72.398193
62.992126
62.992126
64.777328
62.015503
62.015503
66.94561
64.777328
64.777328
61.776061999999996
62.5
62.5
67.510551
67.510551
66.666664
57.971016000000006
57.971016000000006
66.94561
70.484581
70.484581
68.965515
66.94561
66.94561
61.30268100000001
58.394161
58.394161
60.60606
60.60606
60.150375
78.04878199999999
78.04878199999999
80.0
79.60199
79.60199
78.817734
78.817734
nan
nan
nan
nan
nan
nan
nan
nan
nan
238.805969
231.88406400000002
207.792206
213.33332799999997
213.33332799999997
177.777771
197.530869
202.531647
210.526321
231.88406400000002
nan
nan
nan
nan
nan
nan
nan
nan
nan
nan
nan
nan
nan
nan
nan
nan
nan
nan
