nan
nan
nan
nan
nan
nan
nan
nan
nan
nan
117.647057
117.647057
115.10791
117.647057
105.26316100000001
103.896103
112.676056
113.475174
150.94339
205.128204
207.792206
205.128204
205.128204
207.792206
216.216217
225.352112
235.29411299999998
235.29411299999998
238.805969
242.42424
246.153839
246.153839
246.153839
238.805969
246.153839
nan
nan
nan
nan
nan
258.06451400000003
262.295074
262.295074
262.295074
266.666656
266.666656
266.666656
nan
nan
nan
nan
nan
nan
nan
nan
nan
nan
nan
nan
nan
nan
nan
nan
nan
nan
nan
nan
nan
nan
nan
nan
nan
nan
nan
nan
nan
nan
nan
nan
nan
nan
nan
nan
225.352112
222.222229
222.222229
219.178085
205.128204
nan
nan
nan
nan
nan
nan
nan
nan
nan
nan
nan
nan
nan
nan
nan
183.908051
179.775284
175.824173
170.21276899999998
86.486488
86.021507
86.021507
85.561501
77.294685
86.95652
86.95652
86.021507
86.486488
175.824173
177.777771
177.777771
177.777771
177.777771
177.777771
nan
nan
nan
nan
nan
nan
nan
nan
nan
nan
nan
nan
nan
nan
nan
nan
nan
nan
nan
nan
nan
nan
nan
nan
nan
nan
nan
nan
nan
nan
nan
nan
nan
nan
nan
nan
nan
nan
nan
nan
nan
nan
nan
222.222229
225.352112
228.57142599999997
225.352112
225.352112
225.352112
228.57142599999997
238.805969
242.42424
242.42424
246.153839
246.153839
246.153839
246.153839
246.153839
246.153839
250.0
246.153839
123.07692
80.0
58.394161
58.394161
52.287582
nan
nan
nan
nan
nan
nan
nan
nan
nan
nan
nan
nan
nan
nan
nan
nan
nan
nan
nan
nan
nan
nan
nan
nan
nan
