nan
nan
nan
nan
47.337276
47.337276
47.337276
46.920821999999994
46.920821999999994
47.761192
47.761192
48.338367
48.338367
40.816326000000004
40.816326000000004
42.105263
42.105263
42.105263
42.78075
42.78075
43.596728999999996
43.596728999999996
44.198895
44.198895
44.198895
44.444443
44.444443
53.511706999999994
53.511706999999994
53.33333199999999
53.33333199999999
52.287582
41.666668
41.666668
41.666668
47.90419
47.90419
45.584045
45.584045
42.216358
42.216358
42.216358
42.216358
42.216358
44.077133
44.077133
44.321331
44.321331
43.715847
43.715847
43.715847
53.156147
53.156147
58.394161
60.150375
60.150375
71.111115
110.344826
111.11111499999998
97.560974
228.57142599999997
231.88406400000002
235.29411299999998
238.805969
242.42424
250.0
258.06451400000003
262.295074
275.862061
280.701752
nan
nan
nan
nan
nan
nan
nan
nan
nan
nan
nan
nan
nan
nan
nan
nan
nan
nan
nan
347.82608
355.555542
372.09301800000003
372.09301800000003
363.636353
363.636353
380.95239300000003
390.243896
380.95239300000003
363.636353
nan
nan
nan
nan
nan
nan
nan
nan
nan
nan
nan
355.555542
355.555542
363.636353
363.636353
363.636353
363.636353
363.636353
175.824173
172.043015
nan
nan
nan
nan
nan
nan
nan
nan
nan
340.425537
355.555542
347.82608
179.775284
183.908051
179.775284
181.818176
355.555542
347.82608
333.333344
238.805969
nan
nan
nan
nan
nan
nan
nan
nan
333.333344
340.425537
333.333344
340.425537
340.425537
355.555542
355.555542
340.425537
355.555542
nan
nan
nan
nan
nan
nan
nan
nan
nan
nan
340.425537
340.425537
340.425537
340.425537
340.425537
