266.666656
250.0
262.295074
271.18643199999997
326.53060899999997
347.82608
313.72549399999997
285.714294
285.714294
179.775284
179.775284
242.42424
246.153839
307.69232200000005
313.72549399999997
290.909088
280.701752
258.06451400000003
246.153839
231.88406400000002
242.42424
250.0
307.69232200000005
347.82608
119.40298500000002
74.418602
68.376068
68.376068
59.040592000000004
45.845271999999994
45.845271999999994
54.98281899999999
54.98281899999999
55.944056999999994
55.944056999999994
59.925095
59.925095
53.511706999999994
53.511706999999994
54.42176800000001
49.689442
49.689442
59.040592000000004
59.040592000000004
nan
nan
nan
nan
nan
nan
nan
nan
nan
50.0
50.0
55.172413
55.172413
84.210526
83.76963
83.333336
82.474228
82.474228
82.051285
81.63265200000001
82.051285
81.63265200000001
81.63265200000001
82.051285
82.474228
82.051285
82.474228
82.051285
82.051285
81.63265200000001
81.218277
81.63265200000001
71.111115
71.111115
95.238098
109.58904299999999
108.84353600000001
105.96026599999999
nan
nan
nan
nan
nan
nan
nan
nan
nan
nan
nan
nan
nan
nan
nan
nan
nan
nan
nan
nan
nan
nan
nan
nan
nan
nan
nan
nan
nan
nan
nan
nan
nan
