44.077133
44.077133
44.077133
44.077133
44.077133
40.920715
40.920715
46.647232
46.647232
47.619049
47.619049
54.237289000000004
54.237289000000004
56.537102000000004
56.537102000000004
54.054054
54.054054
52.117264
52.117264
48.929665
48.929665
74.418602
73.39449300000001
73.39449300000001
82.901558
85.10638399999999
100.0
99.378883
106.66666399999998
104.575165
94.674553
102.564102
102.564102
96.969696
97.560974
98.765434
103.896103
173.91304
266.666656
266.666656
266.666656
266.666656
266.666656
266.666656
133.333328
133.333328
132.2314
92.48555
101.91082800000001
82.901558
82.901558
85.10638399999999
86.021507
80.402008
95.80838
160.0
340.425537
390.243896
380.95239300000003
275.862061
307.69232200000005
307.69232200000005
301.88678
296.29629500000004
290.909088
275.862061
266.666656
285.714294
197.530869
192.771088
197.530869
301.88678
326.53060899999997
340.425537
307.69232200000005
275.862061
266.666656
266.666656
246.153839
250.0
238.805969
246.153839
253.968246
275.862061
296.29629500000004
290.909088
275.862061
271.18643199999997
271.18643199999997
262.295074
262.295074
333.333344
355.555542
372.09301800000003
390.243896
390.243896
372.09301800000003
266.666656
266.666656
266.666656
266.666656
266.666656
266.666656
266.666656
266.666656
nan
nan
nan
nan
nan
nan
nan
nan
258.06451400000003
258.06451400000003
253.968246
250.0
250.0
250.0
253.968246
253.968246
253.968246
253.968246
253.968246
253.968246
253.968246
250.0
238.805969
231.88406400000002
235.29411299999998
231.88406400000002
228.57142599999997
225.352112
225.352112
225.352112
231.88406400000002
231.88406400000002
231.88406400000002
231.88406400000002
235.29411299999998
222.222229
216.216217
nan
nan
nan
nan
nan
nan
nan
nan
nan
nan
nan
nan
nan
nan
nan
nan
nan
nan
nan
nan
nan
nan
nan
nan
192.771088
192.771088
nan
nan
nan
nan
nan
nan
nan
nan
nan
nan
nan
nan
nan
nan
nan
nan
nan
nan
nan
nan
nan
nan
nan
nan
nan
nan
nan
nan
nan
nan
nan
nan
nan
nan
nan
nan
