nan
nan
nan
nan
nan
457.142853
421.052643
400.0
390.243896
380.95239300000003
380.95239300000003
380.95239300000003
347.82608
390.243896
nan
nan
nan
nan
nan
nan
nan
340.425537
355.555542
355.555542
355.555542
363.636353
363.636353
355.555542
347.82608
320.0
250.0
326.53060899999997
275.862061
313.72549399999997
313.72549399999997
nan
nan
nan
nan
nan
275.862061
280.701752
275.862061
271.18643199999997
266.666656
262.295074
262.295074
262.295074
262.295074
262.295074
266.666656
266.666656
266.666656
266.666656
266.666656
266.666656
262.295074
262.295074
253.968246
266.666656
266.666656
266.666656
266.666656
266.666656
266.666656
266.666656
266.666656
262.295074
262.295074
262.295074
262.295074
262.295074
266.666656
271.18643199999997
275.862061
275.862061
271.18643199999997
266.666656
258.06451400000003
242.42424
235.29411299999998
228.57142599999997
225.352112
100.628929
73.059364
73.059364
73.059364
82.901558
80.0
83.76963
83.76963
82.901558
76.55502299999999
77.294685
78.817734
78.817734
79.207924
79.207924
79.207924
78.431374
78.431374
78.431374
78.04878199999999
77.669907
77.669907
78.04878199999999
77.294685
76.190475
76.190475
76.55502299999999
75.471695
74.766357
74.766357
73.39449300000001
75.11737099999999
80.808083
76.92308
76.92308
68.376068
66.666664
66.666664
65.84362
65.84362
65.84362
101.91082800000001
101.265823
202.531647
202.531647
200.0
205.128204
207.792206
192.771088
192.771088
179.775284
179.775284
207.792206
192.771088
nan
nan
nan
nan
nan
216.216217
216.216217
216.216217
213.33332799999997
210.526321
207.792206
205.128204
200.0
188.235291
186.04650900000001
179.775284
181.818176
175.824173
168.421051
168.421051
163.265305
183.908051
181.818176
188.235291
202.531647
150.94339
238.805969
228.57142599999997
242.42424
216.216217
222.222229
219.178085
nan
nan
nan
nan
nan
nan
nan
nan
nan
nan
nan
100.628929
98.159508
100.0
98.765434
98.159508
nan
nan
nan
nan
