nan
nan
nan
nan
nan
nan
nan
nan
216.216217
216.216217
216.216217
216.216217
216.216217
197.530869
216.216217
216.216217
216.216217
219.178085
231.88406400000002
253.968246
258.06451400000003
258.06451400000003
258.06451400000003
258.06451400000003
253.968246
258.06451400000003
253.968246
253.968246
253.968246
250.0
250.0
246.153839
121.21212
119.40298500000002
119.40298500000002
119.40298500000002
115.10791
111.88811499999998
102.564102
102.564102
107.382553
106.66666399999998
108.84353600000001
117.647057
112.676056
108.10810900000001
152.380951
197.530869
195.121948
195.121948
192.771088
192.771088
192.771088
192.771088
195.121948
195.121948
197.530869
nan
nan
nan
nan
nan
nan
nan
nan
nan
nan
nan
nan
nan
nan
nan
nan
nan
nan
nan
nan
nan
nan
nan
nan
nan
nan
nan
nan
nan
nan
nan
200.0
177.777771
173.91304
168.421051
164.948456
164.948456
164.948456
164.948456
166.666672
168.421051
172.043015
173.91304
175.824173
179.775284
181.818176
183.908051
183.908051
181.818176
181.818176
nan
nan
nan
nan
nan
nan
nan
nan
nan
62.992126
62.992126
64.777328
64.0
64.0
63.241108
62.015503
62.015503
88.888885
114.28571299999999
112.676056
170.21276899999998
164.948456
168.421051
168.421051
172.043015
173.91304
173.91304
173.91304
173.91304
173.91304
175.824173
175.824173
173.91304
175.824173
173.91304
175.824173
175.824173
175.824173
177.777771
175.824173
177.777771
175.824173
175.824173
175.824173
175.824173
nan
nan
nan
nan
nan
nan
nan
202.531647
207.792206
210.526321
197.530869
200.0
205.128204
202.531647
200.0
202.531647
200.0
202.531647
195.121948
190.476196
105.26316100000001
95.238098
91.954025
88.888885
93.02325400000001
99.378883
96.385544
64.0
64.0
68.669525
67.510551
67.510551
56.338028
56.338028
86.486488
82.901558
68.08510600000001
81.63265200000001
81.63265200000001
78.817734
90.395477
186.04650900000001
181.818176
179.775284
179.775284
181.818176
175.824173
nan
nan
nan
nan
nan
nan
nan
nan
nan
nan
nan
nan
nan
nan
nan
177.777771
173.91304
168.421051
164.948456
166.666672
172.043015
81.63265200000001
81.63265200000001
80.808083
81.218277
81.218277
106.66666399999998
110.344826
106.66666399999998
89.385475
90.395477
81.218277
81.218277
82.051285
110.344826
116.788322
173.91304
175.824173
175.824173
175.824173
175.824173
175.824173
115.10791
170.21276899999998
172.043015
164.948456
163.265305
166.666672
164.948456
161.616165
160.0
156.86274699999998
155.339813
153.84616100000002
155.339813
153.84616100000002
155.339813
155.339813
155.339813
155.339813
126.984123
155.339813
115.10791
134.453781
145.454544
135.59321599999998
125.0
124.031006
nan
nan
nan
nan
nan
nan
nan
nan
nan
nan
nan
nan
340.425537
340.425537
347.82608
347.82608
340.425537
333.333344
326.53060899999997
326.53060899999997
320.0
301.88678
301.88678
296.29629500000004
238.805969
