170.21276899999998
192.771088
197.530869
200.0
188.235291
179.775284
93.56725300000001
78.431374
78.431374
98.765434
101.265823
96.385544
nan
nan
nan
nan
nan
113.475174
108.84353600000001
113.475174
107.382553
94.674553
95.80838
95.80838
100.628929
101.265823
76.92308
78.431374
75.471695
73.059364
73.059364
73.39449300000001
74.766357
69.868996
69.868996
197.530869
202.531647
200.0
197.530869
197.530869
195.121948
195.121948
181.818176
188.235291
186.04650900000001
190.476196
192.771088
195.121948
200.0
202.531647
202.531647
207.792206
213.33332799999997
213.33332799999997
216.216217
210.526321
210.526321
207.792206
202.531647
200.0
200.0
190.476196
105.96026599999999
125.0
118.51851699999999
111.88811499999998
85.561501
83.333336
79.207924
80.808083
82.051285
82.051285
82.901558
86.486488
nan
nan
nan
nan
nan
nan
nan
nan
nan
nan
88.397789
86.95652
86.486488
86.486488
82.474228
87.912086
87.912086
86.486488
86.486488
85.561501
85.10638399999999
nan
nan
nan
nan
nan
nan
nan
nan
