nan
nan
nan
nan
nan
nan
nan
nan
nan
nan
nan
246.153839
246.153839
250.0
258.06451400000003
271.18643199999997
280.701752
296.29629500000004
307.69232200000005
347.82608
347.82608
372.09301800000003
372.09301800000003
190.476196
160.0
202.531647
205.128204
207.792206
410.25640899999996
421.052643
410.25640899999996
400.0
410.25640899999996
421.052643
410.25640899999996
410.25640899999996
421.052643
410.25640899999996
390.243896
347.82608
340.425537
333.333344
326.53060899999997
320.0
307.69232200000005
307.69232200000005
301.88678
296.29629500000004
285.714294
280.701752
290.909088
250.0
258.06451400000003
235.29411299999998
231.88406400000002
228.57142599999997
235.29411299999998
192.771088
113.475174
128.0
129.03225700000002
253.968246
285.714294
296.29629500000004
307.69232200000005
326.53060899999997
340.425537
347.82608
347.82608
355.555542
347.82608
340.425537
333.333344
296.29629500000004
133.333328
59.040592000000004
59.040592000000004
60.377356999999996
54.794520999999996
54.794520999999996
nan
nan
nan
nan
nan
nan
nan
nan
nan
nan
nan
258.06451400000003
246.153839
242.42424
246.153839
246.153839
242.42424
238.805969
235.29411299999998
231.88406400000002
231.88406400000002
222.222229
225.352112
262.295074
222.222229
225.352112
228.57142599999997
225.352112
219.178085
231.88406400000002
213.33332799999997
207.792206
216.216217
216.216217
213.33332799999997
70.484581
70.484581
68.669525
70.484581
70.484581
83.76963
71.748878
73.059364
73.059364
84.210526
148.148148
156.86274699999998
186.04650900000001
144.14415
222.222229
222.222229
222.222229
219.178085
219.178085
110.344826
112.676056
106.66666399999998
107.382553
104.575165
106.66666399999998
103.22580699999999
102.564102
85.561501
85.561501
85.10638399999999
103.896103
85.10638399999999
106.66666399999998
107.382553
213.33332799999997
219.178085
213.33332799999997
219.178085
219.178085
219.178085
216.216217
216.216217
213.33332799999997
213.33332799999997
210.526321
210.526321
210.526321
213.33332799999997
210.526321
210.526321
nan
nan
nan
nan
nan
nan
nan
nan
nan
nan
nan
nan
nan
nan
nan
219.178085
216.216217
213.33332799999997
210.526321
207.792206
205.128204
205.128204
202.531647
202.531647
202.531647
202.531647
200.0
205.128204
205.128204
202.531647
nan
nan
nan
nan
nan
nan
nan
nan
nan
nan
nan
nan
41.34367
41.34367
41.34367
40.201004
40.201004
42.105263
42.105263
42.105263
41.558440999999995
41.558440999999995
40.506329
40.506329
40.506329
49.689442
49.689442
41.884815
41.884815
nan
nan
nan
nan
nan
nan
200.0
202.531647
202.531647
205.128204
202.531647
200.0
202.531647
200.0
205.128204
202.531647
nan
nan
nan
nan
nan
207.792206
207.792206
200.0
197.530869
190.476196
188.235291
90.909088
89.887642
89.887642
89.385475
90.395477
87.912086
68.08510600000001
59.479553
59.479553
58.823528
58.823528
nan
nan
nan
186.04650900000001
186.04650900000001
183.908051
181.818176
183.908051
179.775284
110.344826
175.824173
172.043015
173.91304
170.21276899999998
172.043015
172.043015
170.21276899999998
164.948456
168.421051
172.043015
85.561501
84.210526
79.207924
81.218277
81.218277
58.608059
60.60606
60.60606
nan
nan
nan
nan
nan
nan
nan
nan
nan
nan
91.428574
87.912086
87.431694
87.431694
86.486488
85.10638399999999
84.656082
73.39449300000001
82.901558
82.901558
78.817734
91.954025
nan
nan
nan
nan
nan
nan
nan
nan
nan
nan
nan
nan
nan
nan
nan
nan
nan
nan
nan
nan
nan
nan
nan
nan
nan
nan
nan
nan
nan
nan
nan
nan
nan
75.11737099999999
75.11737099999999
59.040592000000004
58.823528
58.823528
58.608059
58.608059
66.1157
67.79660799999999
67.79660799999999
68.376068
68.376068
68.376068
70.484581
56.537102000000004
