134.453781
133.333328
144.14415
139.130432
139.130432
140.350876
139.130432
145.454544
137.93103
137.93103
nan
nan
nan
nan
nan
nan
nan
nan
nan
nan
nan
nan
nan
nan
nan
nan
nan
nan
nan
nan
nan
nan
nan
nan
nan
nan
nan
nan
nan
253.968246
246.153839
246.153839
242.42424
246.153839
242.42424
238.805969
238.805969
219.178085
238.805969
225.352112
219.178085
225.352112
213.33332799999997
210.526321
207.792206
188.235291
207.792206
205.128204
207.792206
207.792206
207.792206
207.792206
210.526321
213.33332799999997
216.216217
216.216217
219.178085
192.771088
219.178085
112.676056
225.352112
225.352112
228.57142599999997
231.88406400000002
228.57142599999997
231.88406400000002
231.88406400000002
231.88406400000002
231.88406400000002
235.29411299999998
235.29411299999998
228.57142599999997
225.352112
216.216217
216.216217
216.216217
216.216217
216.216217
216.216217
219.178085
216.216217
219.178085
219.178085
216.216217
200.0
216.216217
213.33332799999997
213.33332799999997
nan
nan
89.887642
89.887642
94.117645
155.339813
153.84616100000002
149.532715
133.333328
144.14415
145.454544
146.78898600000002
145.454544
148.148148
nan
nan
nan
nan
nan
nan
nan
nan
172.043015
172.043015
175.824173
175.824173
177.777771
179.775284
179.775284
181.818176
183.908051
186.04650900000001
188.235291
150.94339
96.385544
95.238098
86.021507
77.669907
60.377356999999996
60.377356999999996
60.836502
59.479553
59.479553
47.477745
47.477745
49.23077
49.23077
60.60606
60.60606
57.347671999999996
57.347671999999996
57.14285699999999
55.363323
55.363323
54.054054
54.054054
nan
nan
nan
nan
nan
nan
nan
nan
nan
307.69232200000005
313.72549399999997
347.82608
340.425537
326.53060899999997
372.09301800000003
nan
nan
nan
nan
nan
nan
nan
nan
nan
nan
nan
271.18643199999997
307.69232200000005
271.18643199999997
113.475174
107.382553
81.63265200000001
57.971016000000006
57.971016000000006
53.156147
53.156147
42.895443
42.895443
40.816326000000004
40.816326000000004
40.816326000000004
40.712467
40.712467
42.328041
42.328041
42.328041
44.817928
44.817928
46.109509
46.109509
49.079754
49.079754
50.793652
50.793652
50.632912
50.632912
61.068703
61.068703
75.471695
52.287582
52.287582
51.446945
51.446945
50.156738
50.156738
51.779934000000004
