70.484581
70.484581
80.808083
74.418602
112.676056
115.10791
231.88406400000002
235.29411299999998
238.805969
242.42424
242.42424
246.153839
246.153839
246.153839
246.153839
246.153839
246.153839
246.153839
242.42424
301.88678
238.805969
231.88406400000002
235.29411299999998
238.805969
nan
nan
nan
228.57142599999997
235.29411299999998
235.29411299999998
231.88406400000002
231.88406400000002
235.29411299999998
235.29411299999998
235.29411299999998
231.88406400000002
235.29411299999998
235.29411299999998
nan
nan
nan
nan
nan
280.701752
275.862061
271.18643199999997
271.18643199999997
271.18643199999997
271.18643199999997
271.18643199999997
271.18643199999997
275.862061
275.862061
275.862061
275.862061
275.862061
271.18643199999997
271.18643199999997
271.18643199999997
271.18643199999997
271.18643199999997
271.18643199999997
271.18643199999997
195.121948
275.862061
275.862061
275.862061
275.862061
275.862061
275.862061
275.862061
271.18643199999997
181.818176
271.18643199999997
275.862061
275.862061
280.701752
275.862061
280.701752
280.701752
280.701752
275.862061
275.862061
271.18643199999997
271.18643199999997
271.18643199999997
271.18643199999997
271.18643199999997
271.18643199999997
266.666656
266.666656
266.666656
266.666656
266.666656
nan
nan
nan
126.984123
253.968246
253.968246
253.968246
253.968246
258.06451400000003
266.666656
262.295074
266.666656
266.666656
nan
nan
nan
271.18643199999997
266.666656
258.06451400000003
246.153839
242.42424
242.42424
242.42424
238.805969
242.42424
246.153839
246.153839
246.153839
250.0
250.0
250.0
246.153839
190.476196
246.153839
246.153839
109.58904299999999
108.84353600000001
74.074074
78.817734
76.55502299999999
76.55502299999999
76.55502299999999
77.669907
55.55555699999999
55.55555699999999
68.376068
67.79660799999999
67.79660799999999
69.26406899999999
68.376068
68.376068
70.796463
70.796463
70.796463
66.390045
nan
nan
nan
nan
nan
219.178085
219.178085
219.178085
222.222229
222.222229
222.222229
222.222229
225.352112
228.57142599999997
228.57142599999997
231.88406400000002
228.57142599999997
225.352112
225.352112
225.352112
246.153839
280.701752
275.862061
262.295074
238.805969
275.862061
253.968246
253.968246
253.968246
250.0
238.805969
228.57142599999997
231.88406400000002
235.29411299999998
246.153839
258.06451400000003
258.06451400000003
258.06451400000003
262.295074
258.06451400000003
253.968246
253.968246
250.0
228.57142599999997
250.0
253.968246
258.06451400000003
258.06451400000003
258.06451400000003
250.0
242.42424
231.88406400000002
231.88406400000002
235.29411299999998
242.42424
250.0
258.06451400000003
266.666656
275.862061
275.862061
266.666656
250.0
242.42424
258.06451400000003
216.216217
242.42424
238.805969
242.42424
219.178085
238.805969
238.805969
253.968246
280.701752
280.701752
290.909088
280.701752
153.84616100000002
141.592926
136.752136
83.76963
82.901558
73.73271899999999
75.11737099999999
75.11737099999999
54.98281899999999
54.98281899999999
57.553955
55.363323
55.363323
nan
nan
nan
nan
nan
nan
nan
280.701752
301.88678
307.69232200000005
307.69232200000005
301.88678
290.909088
285.714294
285.714294
103.896103
83.333336
73.059364
75.82938399999999
78.04878199999999
78.04878199999999
82.901558
76.190475
72.398193
72.398193
71.748878
56.14035
56.14035
56.14035
56.14035
70.175438
72.072075
62.5
62.5
51.948051
51.948051
51.948051
51.948051
62.015503
93.56725300000001
94.117645
94.117645
93.56725300000001
93.56725300000001
93.02325400000001
93.02325400000001
92.48555
92.48555
nan
nan
nan
158.415848
166.666672
164.948456
164.948456
166.666672
