nan
nan
nan
nan
nan
nan
nan
nan
nan
nan
nan
nan
235.29411299999998
158.415848
219.178085
238.805969
250.0
253.968246
253.968246
253.968246
253.968246
253.968246
253.968246
250.0
246.153839
242.42424
235.29411299999998
231.88406400000002
110.344826
76.190475
76.190475
76.92308
74.766357
64.777328
64.777328
61.30268100000001
54.794520999999996
54.794520999999996
60.60606
60.60606
nan
nan
nan
nan
nan
nan
nan
nan
nan
nan
nan
nan
nan
nan
nan
nan
nan
nan
nan
nan
nan
nan
nan
nan
nan
nan
nan
nan
nan
nan
nan
nan
nan
nan
nan
nan
nan
nan
nan
nan
nan
nan
nan
nan
nan
nan
nan
nan
nan
nan
nan
275.862061
246.153839
246.153839
231.88406400000002
134.453781
133.333328
172.043015
179.775284
222.222229
238.805969
238.805969
128.0
85.10638399999999
85.10638399999999
77.294685
78.431374
75.82938399999999
nan
nan
nan
296.29629500000004
290.909088
290.909088
290.909088
290.909088
290.909088
290.909088
290.909088
290.909088
290.909088
290.909088
301.88678
333.333344
340.425537
347.82608
363.636353
355.555542
355.555542
355.555542
380.95239300000003
372.09301800000003
372.09301800000003
372.09301800000003
363.636353
355.555542
355.555542
355.555542
340.425537
347.82608
340.425537
333.333344
307.69232200000005
313.72549399999997
326.53060899999997
333.333344
nan
nan
nan
nan
nan
296.29629500000004
296.29629500000004
290.909088
285.714294
280.701752
280.701752
nan
nan
nan
nan
nan
nan
nan
nan
nan
nan
nan
nan
nan
nan
nan
nan
nan
nan
nan
nan
246.153839
246.153839
250.0
253.968246
253.968246
262.295074
200.0
266.666656
266.666656
266.666656
262.295074
266.666656
262.295074
58.823528
58.823528
58.823528
58.823528
58.608059
58.608059
58.608059
54.054054
54.054054
47.90419
47.90419
41.994751
41.994751
41.994751
42.553191999999996
42.553191999999996
42.216358
42.216358
44.692738
44.692738
44.692738
49.535603
49.535603
41.131104
41.131104
44.198895
44.198895
48.192772
48.192772
48.192772
54.237289000000004
58.823528
58.823528
59.701492
59.701492
62.992126
86.95652
86.95652
85.10638399999999
84.656082
82.901558
82.474228
78.817734
78.817734
54.98281899999999
54.237289000000004
54.237289000000004
59.259257999999996
59.259257999999996
71.428574
72.727272
72.727272
70.484581
74.766357
75.82938399999999
75.82938399999999
66.666664
68.376068
68.376068
60.377356999999996
57.761734
57.761734
79.207924
77.294685
77.294685
78.04878199999999
