50.473186
50.473186
52.805279000000006
52.805279000000006
43.360434999999995
43.360434999999995
42.895443
42.895443
42.895443
42.553191999999996
42.553191999999996
50.0
50.0
75.82938399999999
75.82938399999999
75.11737099999999
101.91082800000001
103.896103
112.676056
118.51851699999999
120.300751
122.137405
125.0
123.07692
153.84616100000002
140.350876
146.78898600000002
146.78898600000002
173.91304
296.29629500000004
301.88678
290.909088
285.714294
285.714294
285.714294
290.909088
275.862061
301.88678
290.909088
290.909088
280.701752
266.666656
262.295074
250.0
246.153839
235.29411299999998
228.57142599999997
228.57142599999997
228.57142599999997
nan
nan
nan
nan
nan
nan
nan
nan
nan
nan
nan
nan
nan
nan
nan
nan
nan
nan
nan
nan
195.121948
188.235291
186.04650900000001
183.908051
181.818176
183.908051
181.818176
179.775284
175.824173
177.777771
166.666672
140.350876
79.60199
79.60199
76.190475
78.04878199999999
75.471695
75.471695
74.418602
76.55502299999999
74.418602
74.418602
72.072075
69.565216
nan
nan
nan
nan
nan
nan
nan
nan
nan
nan
nan
nan
nan
nan
nan
nan
nan
nan
nan
nan
nan
nan
nan
46.783627
46.783627
42.440319
42.440319
42.895443
42.895443
44.943821
44.943821
44.943821
45.714287
45.714287
46.511627000000004
46.511627000000004
60.60606
60.60606
96.385544
94.117645
91.954025
91.428574
92.48555
92.48555
92.48555
94.117645
95.80838
nan
nan
nan
nan
nan
nan
nan
nan
nan
nan
nan
nan
nan
nan
nan
nan
nan
nan
nan
nan
nan
114.28571299999999
112.676056
113.475174
111.11111499999998
105.26316100000001
87.912086
87.912086
105.26316100000001
103.896103
105.26316100000001
111.11111499999998
107.382553
103.896103
104.575165
103.22580699999999
104.575165
146.78898600000002
130.081299
144.14415
142.857147
105.96026599999999
100.0
92.48555
91.954025
91.954025
140.350876
170.21276899999998
177.777771
181.818176
181.818176
183.908051
183.908051
183.908051
183.908051
186.04650900000001
186.04650900000001
188.235291
190.476196
190.476196
192.771088
190.476196
192.771088
190.476196
163.265305
190.476196
177.777771
179.775284
181.818176
183.908051
183.908051
181.818176
181.818176
177.777771
175.824173
172.043015
172.043015
170.21276899999998
168.421051
168.421051
166.666672
136.752136
128.0
131.147537
166.666672
161.616165
163.265305
161.616165
161.616165
100.628929
160.0
160.0
160.0
158.415848
160.0
179.775284
80.0
79.207924
82.474228
78.817734
78.817734
78.04878199999999
59.479553
59.479553
85.10638399999999
68.965515
54.42176800000001
54.42176800000001
59.479553
59.479553
60.836502
59.701492
59.701492
59.701492
59.701492
58.823528
58.823528
43.010754
