nan
nan
nan
nan
nan
nan
nan
nan
nan
nan
nan
nan
nan
nan
nan
nan
nan
nan
nan
nan
nan
nan
262.295074
262.295074
250.0
242.42424
228.57142599999997
225.352112
225.352112
225.352112
225.352112
225.352112
228.57142599999997
231.88406400000002
238.805969
275.862061
262.295074
250.0
nan
nan
nan
nan
nan
nan
nan
nan
nan
301.88678
271.18643199999997
266.666656
266.666656
271.18643199999997
275.862061
285.714294
290.909088
296.29629500000004
301.88678
301.88678
301.88678
290.909088
290.909088
301.88678
296.29629500000004
372.09301800000003
307.69232200000005
301.88678
301.88678
320.0
285.714294
296.29629500000004
nan
nan
nan
nan
340.425537
320.0
313.72549399999997
307.69232200000005
301.88678
296.29629500000004
285.714294
275.862061
275.862061
275.862061
271.18643199999997
262.295074
253.968246
242.42424
235.29411299999998
228.57142599999997
225.352112
219.178085
216.216217
179.775284
225.352112
nan
nan
nan
nan
nan
nan
nan
nan
nan
nan
nan
nan
250.0
262.295074
271.18643199999997
258.06451400000003
246.153839
238.805969
238.805969
238.805969
235.29411299999998
235.29411299999998
235.29411299999998
231.88406400000002
235.29411299999998
235.29411299999998
228.57142599999997
225.352112
231.88406400000002
222.222229
216.216217
219.178085
225.352112
219.178085
213.33332799999997
207.792206
205.128204
205.128204
202.531647
200.0
197.530869
192.771088
183.908051
186.04650900000001
179.775284
175.824173
172.043015
172.043015
170.21276899999998
166.666672
160.0
141.592926
124.031006
95.238098
75.11737099999999
nan
nan
nan
nan
nan
nan
nan
nan
nan
nan
nan
nan
202.531647
186.04650900000001
181.818176
179.775284
173.91304
168.421051
166.666672
164.948456
163.265305
161.616165
156.86274699999998
160.0
158.415848
160.0
160.0
158.415848
155.339813
156.86274699999998
155.339813
155.339813
156.86274699999998
156.86274699999998
156.86274699999998
156.86274699999998
156.86274699999998
155.339813
150.94339
152.380951
150.94339
150.94339
152.380951
153.84616100000002
156.86274699999998
158.415848
153.84616100000002
153.84616100000002
163.265305
166.666672
77.669907
77.669907
71.748878
107.382553
107.382553
105.96026599999999
106.66666399999998
107.382553
108.84353600000001
106.66666399999998
110.344826
101.265823
82.901558
74.766357
70.175438
70.175438
89.887642
nan
nan
nan
nan
nan
nan
nan
nan
173.91304
179.775284
179.775284
181.818176
186.04650900000001
188.235291
192.771088
202.531647
207.792206
210.526321
210.526321
210.526321
200.0
205.128204
200.0
200.0
210.526321
nan
nan
nan
nan
253.968246
253.968246
258.06451400000003
238.805969
219.178085
210.526321
205.128204
200.0
192.771088
202.531647
205.128204
195.121948
200.0
nan
nan
nan
nan
nan
nan
nan
nan
231.88406400000002
197.530869
195.121948
192.771088
190.476196
188.235291
186.04650900000001
186.04650900000001
186.04650900000001
188.235291
190.476196
190.476196
190.476196
190.476196
190.476196
190.476196
190.476196
188.235291
186.04650900000001
186.04650900000001
186.04650900000001
183.908051
183.908051
183.908051
183.908051
181.818176
179.775284
179.775284
179.775284
177.777771
177.777771
175.824173
