266.666656
262.295074
262.295074
266.666656
266.666656
266.666656
168.421051
213.33332799999997
213.33332799999997
216.216217
216.216217
213.33332799999997
238.805969
238.805969
484.84848
484.84848
484.84848
484.84848
470.58822599999996
242.42424
250.0
266.666656
253.968246
235.29411299999998
207.792206
202.531647
202.531647
202.531647
202.531647
202.531647
202.531647
200.0
197.530869
195.121948
190.476196
188.235291
186.04650900000001
183.908051
181.818176
179.775284
175.824173
173.91304
179.775284
190.476196
363.636353
355.555542
347.82608
333.333344
301.88678
262.295074
253.968246
242.42424
238.805969
155.339813
130.081299
121.21212
181.818176
202.531647
195.121948
197.530869
197.530869
205.128204
200.0
202.531647
205.128204
210.526321
216.216217
219.178085
222.222229
225.352112
231.88406400000002
231.88406400000002
235.29411299999998
238.805969
238.805969
246.153839
246.153839
262.295074
271.18643199999997
280.701752
290.909088
296.29629500000004
301.88678
301.88678
301.88678
307.69232200000005
313.72549399999997
313.72549399999997
320.0
301.88678
296.29629500000004
301.88678
301.88678
296.29629500000004
271.18643199999997
nan
nan
nan
nan
nan
nan
nan
nan
nan
nan
nan
307.69232200000005
296.29629500000004
285.714294
280.701752
280.701752
280.701752
275.862061
262.295074
253.968246
nan
nan
nan
nan
nan
nan
nan
nan
nan
nan
nan
nan
nan
nan
nan
231.88406400000002
222.222229
207.792206
197.530869
192.771088
186.04650900000001
181.818176
179.775284
175.824173
172.043015
164.948456
163.265305
164.948456
163.265305
161.616165
163.265305
163.265305
163.265305
164.948456
166.666672
164.948456
168.421051
172.043015
179.775284
181.818176
188.235291
216.216217
213.33332799999997
219.178085
nan
nan
nan
280.701752
266.666656
246.153839
242.42424
235.29411299999998
235.29411299999998
238.805969
235.29411299999998
238.805969
246.153839
242.42424
235.29411299999998
228.57142599999997
222.222229
216.216217
216.216217
202.531647
197.530869
190.476196
186.04650900000001
181.818176
181.818176
181.818176
179.775284
177.777771
175.824173
179.775284
179.775284
175.824173
166.666672
164.948456
161.616165
161.616165
161.616165
172.043015
173.91304
172.043015
170.21276899999998
164.948456
166.666672
166.666672
168.421051
177.777771
175.824173
179.775284
186.04650900000001
177.777771
177.777771
175.824173
172.043015
164.948456
160.0
152.380951
153.84616100000002
158.415848
161.616165
161.616165
160.0
158.415848
158.415848
156.86274699999998
153.84616100000002
150.94339
150.94339
148.148148
153.84616100000002
160.0
172.043015
172.043015
172.043015
170.21276899999998
173.91304
175.824173
173.91304
173.91304
177.777771
175.824173
172.043015
181.818176
115.10791
100.628929
94.117645
77.669907
68.965515
68.965515
69.868996
59.259257999999996
59.259257999999996
74.074074
74.418602
73.73271899999999
73.73271899999999
73.39449300000001
73.39449300000001
74.418602
74.418602
71.428574
58.823528
58.823528
62.015503
67.510551
67.510551
61.068703
61.068703
60.377356999999996
53.156147
53.156147
51.612904
51.612904
69.26406899999999
69.26406899999999
70.175438
86.95652
84.210526
83.76963
61.53846
61.53846
69.868996
69.868996
nan
103.896103
117.647057
114.28571299999999
