nan
nan
nan
nan
nan
nan
nan
nan
nan
nan
nan
nan
nan
nan
nan
nan
nan
nan
nan
nan
126.984123
118.51851699999999
135.59321599999998
134.453781
139.130432
141.592926
134.453781
120.300751
118.51851699999999
116.788322
131.147537
101.91082800000001
213.33332799999997
238.805969
250.0
271.18643199999997
nan
nan
nan
nan
nan
nan
nan
nan
457.142853
457.142853
421.052643
400.0
nan
nan
nan
nan
nan
nan
nan
nan
nan
nan
nan
nan
nan
nan
nan
nan
nan
nan
nan
253.968246
213.33332799999997
210.526321
225.352112
235.29411299999998
242.42424
246.153839
242.42424
231.88406400000002
219.178085
200.0
177.777771
163.265305
136.752136
125.0
125.98425300000001
84.656082
88.397789
88.888885
89.385475
nan
nan
nan
nan
nan
nan
