nan
nan
nan
nan
200.0
205.128204
207.792206
207.792206
213.33332799999997
210.526321
210.526321
210.526321
207.792206
207.792206
207.792206
210.526321
213.33332799999997
222.222229
225.352112
225.352112
225.352112
225.352112
213.33332799999997
195.121948
186.04650900000001
183.908051
177.777771
177.777771
183.908051
190.476196
192.771088
200.0
202.531647
228.57142599999997
238.805969
238.805969
228.57142599999997
216.216217
192.771088
nan
nan
nan
nan
nan
nan
nan
nan
nan
nan
nan
nan
nan
nan
nan
nan
nan
nan
nan
nan
nan
nan
nan
nan
nan
nan
nan
nan
nan
nan
nan
nan
216.216217
219.178085
216.216217
219.178085
219.178085
219.178085
216.216217
213.33332799999997
210.526321
207.792206
207.792206
202.531647
205.128204
207.792206
207.792206
207.792206
210.526321
210.526321
207.792206
205.128204
202.531647
197.530869
192.771088
190.476196
188.235291
188.235291
188.235291
190.476196
192.771088
195.121948
197.530869
195.121948
192.771088
188.235291
186.04650900000001
179.775284
179.775284
177.777771
177.777771
177.777771
177.777771
177.777771
175.824173
173.91304
172.043015
170.21276899999998
168.421051
166.666672
166.666672
166.666672
168.421051
168.421051
166.666672
163.265305
161.616165
90.909088
77.294685
85.561501
88.397789
81.218277
81.218277
90.395477
73.73271899999999
60.60606
60.60606
60.150375
65.306122
