nan
nan
nan
nan
nan
nan
nan
nan
225.352112
225.352112
228.57142599999997
231.88406400000002
242.42424
266.666656
258.06451400000003
242.42424
250.0
266.666656
280.701752
285.714294
271.18643199999997
250.0
137.93103
219.178085
213.33332799999997
207.792206
202.531647
197.530869
195.121948
197.530869
207.792206
nan
nan
nan
nan
nan
nan
nan
nan
nan
nan
225.352112
210.526321
197.530869
190.476196
181.818176
188.235291
95.238098
79.60199
67.510551
59.701492
59.701492
61.776061999999996
61.776061999999996
197.530869
202.531647
202.531647
205.128204
205.128204
207.792206
210.526321
210.526321
216.216217
219.178085
225.352112
235.29411299999998
238.805969
238.805969
238.805969
238.805969
242.42424
253.968246
258.06451400000003
242.42424
238.805969
nan
nan
nan
nan
nan
307.69232200000005
290.909088
285.714294
280.701752
271.18643199999997
258.06451400000003
253.968246
253.968246
250.0
nan
nan
nan
nan
nan
nan
nan
nan
nan
nan
nan
nan
nan
250.0
246.153839
231.88406400000002
222.222229
219.178085
216.216217
216.216217
213.33332799999997
213.33332799999997
213.33332799999997
213.33332799999997
213.33332799999997
213.33332799999997
216.216217
219.178085
225.352112
228.57142599999997
231.88406400000002
250.0
242.42424
231.88406400000002
231.88406400000002
nan
nan
nan
nan
nan
nan
nan
nan
nan
nan
nan
nan
280.701752
246.153839
246.153839
nan
nan
nan
nan
nan
nan
nan
nan
nan
nan
235.29411299999998
216.216217
202.531647
197.530869
192.771088
190.476196
186.04650900000001
183.908051
183.908051
186.04650900000001
195.121948
200.0
192.771088
186.04650900000001
195.121948
200.0
188.235291
205.128204
219.178085
190.476196
186.04650900000001
166.666672
160.0
156.86274699999998
158.415848
158.415848
158.415848
156.86274699999998
158.415848
160.0
161.616165
168.421051
168.421051
161.616165
nan
nan
nan
nan
nan
nan
nan
50.0
50.0
41.025642
41.025642
40.302265000000006
40.302265000000006
43.596728999999996
43.596728999999996
43.596728999999996
40.712467
40.712467
40.712467
40.201004
40.201004
44.568245000000005
44.568245000000005
44.568245000000005
nan
nan
nan
nan
nan
nan
nan
nan
nan
nan
nan
nan
