nan
nan
nan
nan
nan
nan
nan
219.178085
238.805969
250.0
246.153839
119.40298500000002
123.07692
125.0
146.78898600000002
307.69232200000005
333.333344
355.555542
363.636353
380.95239300000003
197.530869
210.526321
153.84616100000002
235.29411299999998
470.58822599999996
470.58822599999996
470.58822599999996
457.142853
444.444458
421.052643
444.444458
444.444458
457.142853
nan
nan
nan
nan
390.243896
372.09301800000003
363.636353
340.425537
320.0
307.69232200000005
285.714294
266.666656
253.968246
216.216217
nan
nan
nan
nan
nan
nan
nan
nan
nan
nan
170.21276899999998
173.91304
173.91304
175.824173
177.777771
179.775284
181.818176
183.908051
188.235291
195.121948
213.33332799999997
231.88406400000002
235.29411299999998
235.29411299999998
231.88406400000002
242.42424
231.88406400000002
nan
nan
nan
nan
nan
nan
nan
nan
nan
nan
nan
271.18643199999997
242.42424
246.153839
262.295074
266.666656
246.153839
242.42424
222.222229
216.216217
216.216217
210.526321
207.792206
207.792206
210.526321
213.33332799999997
207.792206
213.33332799999997
207.792206
197.530869
192.771088
179.775284
188.235291
168.421051
168.421051
168.421051
166.666672
166.666672
168.421051
173.91304
173.91304
177.777771
177.777771
179.775284
253.968246
258.06451400000003
246.153839
238.805969
258.06451400000003
266.666656
271.18643199999997
253.968246
205.128204
213.33332799999997
219.178085
213.33332799999997
225.352112
228.57142599999997
231.88406400000002
238.805969
235.29411299999998
242.42424
246.153839
250.0
253.968246
253.968246
258.06451400000003
253.968246
258.06451400000003
262.295074
266.666656
271.18643199999997
280.701752
290.909088
290.909088
nan
nan
nan
nan
nan
nan
nan
nan
nan
nan
nan
nan
nan
nan
nan
nan
nan
nan
313.72549399999997
290.909088
280.701752
275.862061
271.18643199999997
271.18643199999997
275.862061
275.862061
275.862061
275.862061
275.862061
275.862061
275.862061
275.862061
280.701752
280.701752
280.701752
285.714294
285.714294
296.29629500000004
301.88678
301.88678
301.88678
250.0
nan
nan
nan
nan
nan
nan
nan
nan
