nan
nan
nan
nan
nan
nan
nan
nan
242.42424
205.128204
207.792206
205.128204
202.531647
202.531647
207.792206
216.216217
216.216217
213.33332799999997
219.178085
222.222229
225.352112
231.88406400000002
219.178085
207.792206
197.530869
192.771088
192.771088
188.235291
nan
nan
nan
nan
nan
nan
nan
nan
nan
nan
nan
216.216217
216.216217
216.216217
216.216217
213.33332799999997
213.33332799999997
207.792206
207.792206
202.531647
195.121948
186.04650900000001
134.453781
116.788322
121.21212
118.51851699999999
119.40298500000002
119.40298500000002
119.40298500000002
122.137405
123.07692
121.21212
125.98425300000001
125.0
123.07692
118.51851699999999
122.137405
nan
nan
nan
nan
nan
200.0
195.121948
186.04650900000001
183.908051
181.818176
179.775284
179.775284
181.818176
181.818176
181.818176
181.818176
181.818176
181.818176
181.818176
183.908051
181.818176
179.775284
181.818176
179.775284
183.908051
183.908051
nan
nan
nan
nan
163.265305
161.616165
158.415848
155.339813
161.616165
156.86274699999998
158.415848
158.415848
156.86274699999998
158.415848
156.86274699999998
158.415848
160.0
160.0
163.265305
164.948456
166.666672
168.421051
175.824173
175.824173
183.908051
186.04650900000001
192.771088
197.530869
205.128204
205.128204
210.526321
213.33332799999997
115.10791
60.60606
60.60606
59.479553
64.0
64.0
66.94561
66.666664
66.666664
67.22689100000001
66.1157
66.1157
65.573769
65.84362
65.84362
65.84362
66.1157
66.1157
65.306122
nan
nan
nan
nan
nan
nan
nan
nan
nan
nan
nan
nan
nan
nan
nan
nan
nan
nan
nan
