nan
nan
nan
nan
nan
nan
225.352112
228.57142599999997
235.29411299999998
250.0
258.06451400000003
246.153839
258.06451400000003
280.701752
280.701752
280.701752
275.862061
275.862061
275.862061
271.18643199999997
271.18643199999997
271.18643199999997
271.18643199999997
275.862061
275.862061
275.862061
280.701752
280.701752
275.862061
275.862061
266.666656
258.06451400000003
253.968246
253.968246
253.968246
nan
nan
nan
nan
nan
nan
nan
nan
nan
nan
nan
nan
nan
195.121948
213.33332799999997
219.178085
222.222229
231.88406400000002
250.0
253.968246
258.06451400000003
262.295074
275.862061
275.862061
307.69232200000005
326.53060899999997
333.333344
333.333344
333.333344
326.53060899999997
333.333344
340.425537
340.425537
340.425537
347.82608
355.555542
363.636353
363.636353
363.636353
363.636353
363.636353
363.636353
355.555542
340.425537
326.53060899999997
307.69232200000005
296.29629500000004
290.909088
275.862061
253.968246
nan
nan
nan
nan
nan
nan
nan
nan
nan
nan
nan
nan
nan
262.295074
250.0
235.29411299999998
219.178085
219.178085
213.33332799999997
216.216217
216.216217
216.216217
213.33332799999997
228.57142599999997
228.57142599999997
225.352112
222.222229
222.222229
219.178085
222.222229
222.222229
225.352112
225.352112
228.57142599999997
231.88406400000002
231.88406400000002
231.88406400000002
235.29411299999998
231.88406400000002
231.88406400000002
231.88406400000002
228.57142599999997
228.57142599999997
225.352112
219.178085
216.216217
216.216217
213.33332799999997
205.128204
192.771088
190.476196
188.235291
177.777771
173.91304
170.21276899999998
166.666672
168.421051
177.777771
175.824173
170.21276899999998
168.421051
168.421051
163.265305
161.616165
156.86274699999998
156.86274699999998
158.415848
160.0
161.616165
164.948456
170.21276899999998
168.421051
158.415848
158.415848
nan
nan
nan
179.775284
166.666672
166.666672
164.948456
164.948456
166.666672
166.666672
163.265305
163.265305
153.84616100000002
155.339813
156.86274699999998
153.84616100000002
144.14415
107.382553
58.394161
58.394161
61.068703
61.068703
78.04878199999999
78.817734
79.60199
79.60199
76.55502299999999
73.059364
78.817734
78.817734
78.817734
78.817734
78.817734
79.207924
79.207924
80.402008
80.808083
81.63265200000001
82.474228
86.95652
86.95652
89.385475
88.397789
89.385475
