nan
nan
nan
nan
nan
nan
nan
nan
nan
nan
nan
177.777771
205.128204
216.216217
231.88406400000002
262.295074
253.968246
nan
nan
nan
nan
nan
nan
nan
326.53060899999997
285.714294
275.862061
266.666656
253.968246
253.968246
152.380951
156.86274699999998
153.84616100000002
150.94339
155.339813
158.415848
152.380951
133.333328
80.402008
71.748878
66.666664
66.666664
66.1157
75.11737099999999
75.11737099999999
72.727272
68.965515
68.965515
66.1157
67.510551
67.510551
65.573769
70.484581
70.484581
66.666664
74.766357
74.766357
75.82938399999999
68.08510600000001
67.510551
67.510551
66.1157
66.94561
66.94561
71.111115
115.10791
192.771088
186.04650900000001
177.777771
173.91304
172.043015
104.575165
173.91304
173.91304
170.21276899999998
153.84616100000002
173.91304
160.0
158.415848
158.415848
163.265305
166.666672
161.616165
168.421051
161.616165
161.616165
161.616165
161.616165
161.616165
163.265305
164.948456
161.616165
160.0
145.454544
156.86274699999998
112.676056
121.21212
105.26316100000001
99.378883
94.117645
111.11111499999998
188.235291
228.57142599999997
246.153839
246.153839
231.88406400000002
242.42424
nan
