nan
nan
nan
nan
nan
nan
nan
nan
nan
nan
nan
390.243896
400.0
421.052643
457.142853
484.84848
470.58822599999996
484.84848
484.84848
484.84848
484.84848
457.142853
444.444458
421.052643
432.432434
457.142853
484.84848
nan
nan
nan
nan
nan
nan
nan
nan
nan
296.29629500000004
253.968246
253.968246
262.295074
280.701752
296.29629500000004
326.53060899999997
326.53060899999997
307.69232200000005
296.29629500000004
290.909088
139.130432
133.333328
156.86274699999998
129.03225700000002
326.53060899999997
296.29629500000004
253.968246
246.153839
228.57142599999997
222.222229
216.216217
213.33332799999997
210.526321
207.792206
205.128204
210.526321
222.222229
231.88406400000002
235.29411299999998
228.57142599999997
216.216217
202.531647
197.530869
197.530869
195.121948
195.121948
195.121948
197.530869
200.0
200.0
202.531647
207.792206
210.526321
213.33332799999997
216.216217
219.178085
225.352112
225.352112
250.0
225.352112
228.57142599999997
225.352112
nan
nan
nan
nan
nan
nan
197.530869
186.04650900000001
179.775284
181.818176
186.04650900000001
188.235291
222.222229
nan
nan
nan
nan
nan
nan
nan
nan
nan
nan
nan
nan
nan
nan
nan
nan
nan
183.908051
179.775284
177.777771
175.824173
175.824173
175.824173
175.824173
173.91304
173.91304
173.91304
177.777771
172.043015
142.857147
98.159508
91.954025
91.954025
87.431694
82.051285
nan
nan
nan
nan
nan
nan
nan
nan
nan
158.415848
156.86274699999998
141.592926
166.666672
150.94339
148.148148
141.592926
98.765434
125.0
152.380951
156.86274699999998
160.0
160.0
163.265305
161.616165
163.265305
160.0
160.0
164.948456
170.21276899999998
173.91304
164.948456
181.818176
164.948456
164.948456
nan
nan
nan
nan
nan
250.0
246.153839
242.42424
231.88406400000002
222.222229
222.222229
222.222229
225.352112
225.352112
231.88406400000002
235.29411299999998
253.968246
258.06451400000003
262.295074
266.666656
275.862061
280.701752
285.714294
296.29629500000004
307.69232200000005
320.0
320.0
320.0
313.72549399999997
307.69232200000005
301.88678
301.88678
290.909088
280.701752
266.666656
253.968246
250.0
250.0
250.0
246.153839
250.0
258.06451400000003
262.295074
271.18643199999997
285.714294
296.29629500000004
301.88678
307.69232200000005
301.88678
290.909088
266.666656
253.968246
231.88406400000002
219.178085
207.792206
197.530869
181.818176
179.775284
175.824173
170.21276899999998
163.265305
163.265305
168.421051
168.421051
173.91304
170.21276899999998
168.421051
219.178085
222.222229
205.128204
183.908051
173.91304
175.824173
177.777771
177.777771
175.824173
172.043015
170.21276899999998
170.21276899999998
nan
nan
nan
nan
nan
nan
nan
nan
nan
nan
nan
nan
nan
nan
133.333328
130.081299
124.031006
124.031006
140.350876
137.93103
115.10791
301.88678
266.666656
253.968246
235.29411299999998
228.57142599999997
166.666672
219.178085
205.128204
183.908051
173.91304
172.043015
161.616165
158.415848
156.86274699999998
155.339813
150.94339
152.380951
152.380951
152.380951
141.592926
121.21212
112.676056
90.395477
84.656082
84.656082
79.60199
76.190475
nan
nan
nan
nan
nan
nan
nan
