nan
nan
nan
nan
nan
nan
nan
nan
nan
nan
nan
195.121948
181.818176
177.777771
173.91304
173.91304
173.91304
172.043015
168.421051
173.91304
173.91304
172.043015
170.21276899999998
170.21276899999998
166.666672
168.421051
170.21276899999998
168.421051
166.666672
164.948456
166.666672
166.666672
166.666672
164.948456
163.265305
163.265305
164.948456
163.265305
163.265305
161.616165
158.415848
155.339813
153.84616100000002
153.84616100000002
160.0
84.656082
84.656082
125.98425300000001
119.40298500000002
125.98425300000001
92.48555
95.238098
96.385544
179.775284
190.476196
188.235291
188.235291
188.235291
205.128204
210.526321
205.128204
197.530869
186.04650900000001
179.775284
177.777771
172.043015
168.421051
164.948456
163.265305
163.265305
166.666672
170.21276899999998
175.824173
175.824173
175.824173
183.908051
175.824173
177.777771
181.818176
186.04650900000001
200.0
205.128204
192.771088
181.818176
175.824173
170.21276899999998
172.043015
172.043015
170.21276899999998
170.21276899999998
170.21276899999998
170.21276899999998
170.21276899999998
170.21276899999998
170.21276899999998
172.043015
172.043015
145.454544
nan
nan
nan
nan
nan
168.421051
161.616165
156.86274699999998
160.0
161.616165
160.0
161.616165
164.948456
155.339813
156.86274699999998
155.339813
155.339813
177.777771
177.777771
172.043015
nan
nan
nan
nan
nan
nan
nan
nan
nan
nan
nan
266.666656
231.88406400000002
163.265305
156.86274699999998
156.86274699999998
158.415848
153.84616100000002
150.94339
148.148148
142.857147
158.415848
97.560974
100.628929
101.91082800000001
98.765434
64.0
43.47826
43.47826
59.259257999999996
59.259257999999996
nan
nan
nan
nan
