nan
nan
nan
nan
nan
nan
nan
179.775284
188.235291
210.526321
207.792206
213.33332799999997
225.352112
235.29411299999998
242.42424
253.968246
258.06451400000003
258.06451400000003
258.06451400000003
262.295074
258.06451400000003
258.06451400000003
253.968246
253.968246
250.0
250.0
246.153839
242.42424
238.805969
235.29411299999998
231.88406400000002
228.57142599999997
231.88406400000002
246.153839
231.88406400000002
231.88406400000002
nan
nan
nan
nan
nan
246.153839
242.42424
235.29411299999998
225.352112
219.178085
216.216217
213.33332799999997
210.526321
216.216217
216.216217
210.526321
207.792206
207.792206
200.0
190.476196
207.792206
nan
nan
nan
207.792206
202.531647
202.531647
197.530869
195.121948
195.121948
192.771088
190.476196
190.476196
175.824173
188.235291
186.04650900000001
190.476196
179.775284
179.775284
179.775284
179.775284
177.777771
177.777771
177.777771
177.777771
177.777771
179.775284
181.818176
186.04650900000001
207.792206
213.33332799999997
202.531647
197.530869
207.792206
nan
nan
nan
nan
nan
nan
400.0
400.0
380.95239300000003
183.908051
195.121948
207.792206
205.128204
207.792206
205.128204
202.531647
200.0
195.121948
197.530869
179.775284
177.777771
175.824173
173.91304
175.824173
173.91304
173.91304
175.824173
173.91304
173.91304
183.908051
173.91304
173.91304
173.91304
172.043015
164.948456
164.948456
166.666672
nan
nan
nan
nan
nan
186.04650900000001
177.777771
177.777771
177.777771
177.777771
175.824173
173.91304
172.043015
177.777771
170.21276899999998
164.948456
170.21276899999998
170.21276899999998
166.666672
164.948456
163.265305
164.948456
163.265305
123.07692
205.128204
202.531647
173.91304
175.824173
175.824173
177.777771
nan
nan
nan
nan
nan
nan
nan
nan
nan
nan
nan
nan
nan
nan
195.121948
175.824173
166.666672
166.666672
172.043015
168.421051
166.666672
168.421051
164.948456
168.421051
161.616165
166.666672
nan
nan
nan
nan
nan
nan
166.666672
149.532715
161.616165
156.86274699999998
161.616165
163.265305
82.901558
78.431374
77.669907
77.669907
161.616165
164.948456
161.616165
166.666672
158.415848
153.84616100000002
152.380951
152.380951
164.948456
177.777771
129.03225700000002
140.350876
139.130432
133.333328
nan
nan
nan
nan
nan
nan
nan
nan
213.33332799999997
213.33332799999997
200.0
179.775284
173.91304
170.21276899999998
168.421051
168.421051
172.043015
179.775284
200.0
210.526321
200.0
188.235291
179.775284
173.91304
140.350876
nan
nan
nan
nan
nan
290.909088
192.771088
186.04650900000001
183.908051
186.04650900000001
188.235291
192.771088
207.792206
192.771088
195.121948
205.128204
210.526321
202.531647
186.04650900000001
177.777771
161.616165
181.818176
108.84353600000001
109.58904299999999
nan
nan
nan
nan
nan
nan
nan
nan
nan
nan
nan
nan
nan
nan
nan
nan
181.818176
175.824173
172.043015
161.616165
156.86274699999998
152.380951
149.532715
156.86274699999998
179.775284
170.21276899999998
125.0
146.78898600000002
156.86274699999998
179.775284
158.415848
nan
nan
nan
nan
nan
nan
nan
nan
nan
nan
nan
nan
179.775284
175.824173
161.616165
173.91304
85.561501
84.210526
82.474228
83.76963
83.76963
82.051285
80.0
90.909088
70.796463
70.796463
66.1157
58.823528
58.823528
78.04878199999999
76.92308
76.190475
76.190475
76.55502299999999
80.0
98.159508
72.727272
72.727272
82.051285
80.402008
72.727272
68.376068
68.376068
83.333336
81.63265200000001
73.39449300000001
73.39449300000001
71.111115
103.896103
89.385475
149.532715
161.616165
160.0
163.265305
164.948456
166.666672
168.421051
168.421051
168.421051
179.775284
183.908051
183.908051
170.21276899999998
170.21276899999998
nan
nan
nan
nan
nan
nan
