nan
nan
nan
nan
nan
nan
nan
nan
160.0
164.948456
164.948456
181.818176
170.21276899999998
172.043015
110.344826
172.043015
172.043015
164.948456
nan
nan
nan
nan
nan
nan
nan
nan
nan
nan
nan
246.153839
200.0
202.531647
197.530869
192.771088
190.476196
186.04650900000001
179.775284
175.824173
175.824173
173.91304
175.824173
173.91304
175.824173
173.91304
173.91304
156.86274699999998
202.531647
160.0
161.616165
168.421051
nan
nan
nan
nan
nan
nan
nan
nan
nan
nan
186.04650900000001
179.775284
175.824173
173.91304
173.91304
172.043015
nan
nan
nan
nan
nan
nan
nan
nan
195.121948
195.121948
197.530869
200.0
200.0
238.805969
200.0
200.0
200.0
200.0
200.0
202.531647
202.531647
202.531647
202.531647
205.128204
207.792206
210.526321
213.33332799999997
213.33332799999997
216.216217
213.33332799999997
210.526321
200.0
