nan
nan
nan
nan
nan
nan
nan
nan
nan
nan
nan
nan
nan
nan
nan
nan
nan
nan
146.78898600000002
148.148148
144.14415
141.592926
137.93103
53.691277
44.444443
44.444443
44.444443
43.47826
43.47826
43.126686
43.126686
43.47826
43.47826
43.47826
43.47826
43.47826
43.47826
43.47826
42.895443
42.895443
41.666668
41.666668
41.666668
42.105263
42.105263
42.666668
42.666668
42.666668
42.78075
42.78075
nan
nan
nan
nan
nan
nan
nan
nan
120.300751
117.647057
116.788322
114.28571299999999
115.10791
113.475174
112.676056
115.10791
115.94203200000001
114.28571299999999
71.748878
70.484581
70.484581
nan
nan
nan
nan
nan
nan
nan
nan
nan
nan
nan
nan
nan
nan
nan
44.568245000000005
44.568245000000005
42.78075
42.78075
42.78075
42.216358
42.216358
42.666668
42.666668
42.78075
42.78075
42.78075
50.156738
50.156738
46.376812
46.376812
65.573769
64.25702700000001
64.25702700000001
67.79660799999999
133.333328
133.333328
133.333328
140.350876
137.93103
136.752136
134.453781
130.081299
131.147537
134.453781
139.130432
125.0
136.752136
129.03225700000002
129.03225700000002
128.0
136.752136
132.2314
nan
nan
nan
nan
nan
nan
nan
nan
nan
nan
nan
nan
nan
nan
nan
nan
nan
nan
nan
nan
nan
nan
