nan
nan
nan
nan
nan
190.476196
156.86274699999998
158.415848
160.0
161.616165
163.265305
161.616165
160.0
nan
nan
nan
nan
nan
nan
nan
nan
nan
166.666672
164.948456
164.948456
161.616165
160.0
156.86274699999998
161.616165
166.666672
173.91304
175.824173
172.043015
115.10791
87.431694
87.912086
87.912086
85.10638399999999
85.561501
85.561501
85.10638399999999
160.0
156.86274699999998
160.0
158.415848
156.86274699999998
156.86274699999998
156.86274699999998
156.86274699999998
153.84616100000002
228.57142599999997
148.148148
148.148148
150.94339
152.380951
152.380951
152.380951
155.339813
156.86274699999998
156.86274699999998
156.86274699999998
155.339813
153.84616100000002
nan
nan
nan
155.339813
155.339813
150.94339
153.84616100000002
155.339813
152.380951
153.84616100000002
155.339813
153.84616100000002
153.84616100000002
153.84616100000002
155.339813
155.339813
153.84616100000002
153.84616100000002
153.84616100000002
152.380951
150.94339
150.94339
150.94339
149.532715
149.532715
148.148148
148.148148
150.94339
153.84616100000002
158.415848
158.415848
161.616165
161.616165
161.616165
160.0
149.532715
152.380951
nan
nan
nan
nan
nan
nan
nan
nan
nan
nan
nan
nan
nan
nan
nan
nan
nan
nan
153.84616100000002
164.948456
158.415848
160.0
158.415848
160.0
158.415848
158.415848
160.0
161.616165
160.0
158.415848
160.0
160.0
156.86274699999998
163.265305
140.350876
156.86274699999998
168.421051
172.043015
179.775284
179.775284
175.824173
173.91304
172.043015
168.421051
164.948456
164.948456
166.666672
170.21276899999998
168.421051
168.421051
166.666672
164.948456
164.948456
164.948456
168.421051
163.265305
166.666672
163.265305
163.265305
166.666672
168.421051
181.818176
181.818176
177.777771
173.91304
98.765434
93.56725300000001
82.474228
