52.980132999999995
52.980132999999995
52.805279000000006
52.805279000000006
53.156147
53.156147
74.074074
72.727272
72.727272
144.14415
145.454544
139.130432
148.148148
148.148148
140.350876
149.532715
149.532715
144.14415
150.94339
150.94339
144.14415
152.380951
161.616165
164.948456
158.415848
161.616165
nan
nan
nan
nan
nan
nan
nan
nan
nan
nan
nan
nan
nan
nan
nan
nan
177.777771
181.818176
183.908051
186.04650900000001
186.04650900000001
186.04650900000001
186.04650900000001
186.04650900000001
188.235291
190.476196
192.771088
195.121948
192.771088
192.771088
192.771088
192.771088
188.235291
177.777771
108.10810900000001
89.385475
72.072075
72.072075
77.669907
81.218277
79.60199
79.60199
78.04878199999999
79.60199
80.0
80.402008
80.402008
80.808083
81.218277
78.04878199999999
75.82938399999999
75.82938399999999
74.766357
70.175438
80.0
80.0
80.808083
80.402008
80.402008
80.402008
80.402008
80.0
77.669907
75.82938399999999
73.059364
73.059364
70.175438
68.965515
68.965515
71.111115
70.175438
70.175438
71.428574
75.471695
74.766357
74.766357
74.074074
76.190475
nan
nan
nan
nan
nan
nan
nan
nan
nan
nan
nan
nan
nan
nan
nan
nan
nan
nan
nan
nan
nan
nan
nan
nan
nan
nan
nan
nan
nan
nan
nan
nan
nan
nan
nan
nan
nan
nan
nan
nan
nan
nan
nan
nan
nan
nan
nan
nan
nan
nan
nan
nan
nan
115.94203200000001
117.647057
116.788322
123.07692
115.94203200000001
119.40298500000002
119.40298500000002
119.40298500000002
119.40298500000002
118.51851699999999
116.788322
116.788322
118.51851699999999
nan
nan
nan
nan
nan
nan
nan
nan
nan
nan
nan
nan
nan
nan
nan
nan
nan
nan
nan
nan
nan
nan
164.948456
156.86274699999998
149.532715
148.148148
146.78898600000002
145.454544
146.78898600000002
145.454544
145.454544
145.454544
146.78898600000002
146.78898600000002
145.454544
140.350876
141.592926
135.59321599999998
66.666664
64.777328
64.777328
43.010754
43.010754
44.817928
44.817928
48.780487
48.780487
47.90419
47.90419
43.243244
43.243244
43.243244
43.126686
43.126686
42.216358
42.216358
41.450779
41.450779
41.450779
57.347671999999996
57.347671999999996
80.808083
253.968246
280.701752
296.29629500000004
313.72549399999997
313.72549399999997
313.72549399999997
313.72549399999997
313.72549399999997
307.69232200000005
296.29629500000004
290.909088
266.666656
275.862061
301.88678
296.29629500000004
271.18643199999997
307.69232200000005
355.555542
363.636353
347.82608
340.425537
333.333344
313.72549399999997
301.88678
320.0
155.339813
119.40298500000002
123.07692
114.28571299999999
87.912086
84.210526
77.294685
77.294685
95.80838
103.896103
119.40298500000002
275.862061
333.333344
380.95239300000003
380.95239300000003
372.09301800000003
372.09301800000003
380.95239300000003
380.95239300000003
363.636353
163.265305
166.666672
161.616165
160.0
134.453781
135.59321599999998
