nan
nan
nan
nan
nan
nan
nan
nan
nan
186.04650900000001
183.908051
183.908051
186.04650900000001
188.235291
177.777771
186.04650900000001
186.04650900000001
183.908051
183.908051
181.818176
181.818176
181.818176
177.777771
177.777771
175.824173
173.91304
172.043015
168.421051
156.86274699999998
149.532715
158.415848
149.532715
152.380951
155.339813
149.532715
142.857147
141.592926
139.130432
140.350876
141.592926
142.857147
144.14415
139.130432
144.14415
141.592926
144.14415
133.333328
137.93103
132.2314
140.350876
142.857147
144.14415
144.14415
145.454544
144.14415
142.857147
142.857147
141.592926
141.592926
140.350876
140.350876
141.592926
150.94339
144.14415
145.454544
145.454544
144.14415
144.14415
142.857147
64.25702700000001
64.25702700000001
42.666668
42.666668
42.78075
42.78075
43.243244
43.243244
43.243244
44.198895
44.198895
44.198895
44.198895
43.596728999999996
43.596728999999996
42.78075
42.78075
42.78075
44.444443
44.444443
52.980132999999995
52.980132999999995
48.632217
48.632217
43.835617
43.835617
45.454544
45.454544
45.845271999999994
45.845271999999994
45.845271999999994
47.761192
47.761192
63.492062
70.796463
70.796463
67.79660799999999
68.08510600000001
68.08510600000001
67.22689100000001
67.510551
134.453781
133.333328
134.453781
134.453781
132.2314
134.453781
133.333328
133.333328
134.453781
134.453781
134.453781
134.453781
133.333328
133.333328
133.333328
120.300751
133.333328
131.147537
133.333328
134.453781
134.453781
133.333328
130.081299
129.03225700000002
126.984123
128.0
128.0
129.03225700000002
135.59321599999998
137.93103
139.130432
137.93103
134.453781
136.752136
134.453781
133.333328
133.333328
132.2314
133.333328
134.453781
133.333328
134.453781
134.453781
135.59321599999998
139.130432
140.350876
141.592926
145.454544
145.454544
145.454544
112.676056
146.78898600000002
140.350876
140.350876
132.2314
134.453781
130.081299
129.03225700000002
129.03225700000002
126.984123
128.0
128.0
125.98425300000001
122.137405
125.0
129.03225700000002
128.0
129.03225700000002
128.0
