nan
nan
nan
nan
nan
nan
192.771088
142.857147
134.453781
131.147537
130.081299
132.2314
141.592926
128.0
130.081299
132.2314
128.0
126.984123
125.98425300000001
125.0
123.07692
128.0
115.10791
59.479553
59.479553
58.823528
58.823528
59.259257999999996
62.256809
62.256809
62.745098
62.745098
64.25702700000001
65.84362
65.84362
64.516129
65.84362
65.84362
66.390045
61.53846
61.53846
131.147537
129.03225700000002
125.98425300000001
125.0
126.984123
125.98425300000001
125.98425300000001
126.984123
126.984123
129.03225700000002
125.0
126.984123
125.98425300000001
124.031006
123.07692
122.137405
120.300751
118.51851699999999
118.51851699999999
117.647057
115.10791
114.28571299999999
115.10791
114.28571299999999
115.94203200000001
119.40298500000002
116.788322
114.28571299999999
115.94203200000001
118.51851699999999
116.788322
116.788322
nan
nan
nan
nan
nan
nan
nan
nan
nan
nan
nan
nan
nan
nan
nan
nan
nan
nan
nan
nan
nan
40.201004
40.201004
40.201004
44.321331
44.321331
45.584045
45.584045
40.302265000000006
40.302265000000006
40.302265000000006
40.712467
40.712467
41.237114
41.237114
41.237114
49.535603
49.535603
53.872055
57.553955
57.553955
66.390045
66.390045
84.210526
137.93103
136.752136
134.453781
132.2314
131.147537
131.147537
132.2314
132.2314
132.2314
133.333328
134.453781
136.752136
136.752136
136.752136
125.98425300000001
136.752136
134.453781
133.333328
134.453781
126.984123
131.147537
126.984123
nan
nan
nan
nan
nan
nan
nan
nan
nan
nan
nan
nan
nan
nan
nan
nan
135.59321599999998
133.333328
131.147537
109.58904299999999
126.984123
126.984123
125.98425300000001
125.0
126.984123
125.0
126.984123
125.98425300000001
126.984123
125.98425300000001
126.984123
126.984123
126.984123
126.984123
125.0
nan
nan
nan
nan
nan
nan
nan
nan
nan
nan
nan
nan
nan
nan
nan
nan
nan
nan
nan
nan
nan
nan
nan
nan
nan
nan
nan
nan
nan
nan
nan
nan
nan
nan
nan
nan
nan
nan
nan
nan
nan
nan
nan
116.788322
133.333328
111.11111499999998
109.58904299999999
105.26316100000001
105.96026599999999
105.96026599999999
106.66666399999998
107.382553
108.84353600000001
108.84353600000001
108.84353600000001
108.10810900000001
108.10810900000001
107.382553
109.58904299999999
109.58904299999999
108.84353600000001
99.378883
111.11111499999998
95.238098
57.553955
57.553955
57.553955
57.553955
57.761734
57.761734
56.737587
57.14285699999999
57.14285699999999
55.55555699999999
55.55555699999999
57.971016000000006
57.971016000000006
57.14285699999999
nan
nan
nan
nan
nan
