nan
nan
nan
nan
135.59321599999998
131.147537
132.2314
131.147537
130.081299
125.0
123.07692
119.40298500000002
115.10791
124.031006
125.0
133.333328
131.147537
129.03225700000002
129.03225700000002
129.03225700000002
129.03225700000002
130.081299
130.081299
129.03225700000002
129.03225700000002
129.03225700000002
129.03225700000002
130.081299
131.147537
130.081299
129.03225700000002
129.03225700000002
129.03225700000002
129.03225700000002
129.03225700000002
128.0
129.03225700000002
130.081299
129.03225700000002
129.03225700000002
131.147537
131.147537
131.147537
131.147537
131.147537
130.081299
130.081299
131.147537
131.147537
130.081299
129.03225700000002
129.03225700000002
129.03225700000002
125.98425300000001
125.98425300000001
128.0
126.984123
125.98425300000001
125.0
113.475174
nan
nan
nan
129.03225700000002
124.031006
124.031006
121.21212
123.07692
122.137405
122.137405
123.07692
122.137405
123.07692
124.031006
123.07692
130.081299
119.40298500000002
118.51851699999999
140.350876
119.40298500000002
nan
nan
nan
nan
nan
nan
nan
nan
nan
nan
nan
nan
153.84616100000002
137.93103
132.2314
133.333328
131.147537
128.0
125.0
126.984123
125.98425300000001
64.25702700000001
64.25702700000001
64.25702700000001
64.25702700000001
70.484581
80.0
142.857147
139.130432
137.93103
136.752136
129.03225700000002
137.93103
136.752136
137.93103
137.93103
139.130432
137.93103
139.130432
140.350876
140.350876
140.350876
137.93103
135.59321599999998
134.453781
145.454544
144.14415
145.454544
145.454544
145.454544
145.454544
144.14415
144.14415
144.14415
62.745098
62.745098
43.47826
43.47826
44.077133
44.077133
44.444443
44.444443
44.444443
44.817928
44.817928
47.477745
47.477745
47.197639
47.197639
43.360434999999995
43.360434999999995
41.994751
41.994751
41.994751
43.360434999999995
43.360434999999995
45.977013
45.977013
43.47826
43.47826
40.920715
40.920715
40.920715
46.242775
46.242775
68.965515
69.26406899999999
69.26406899999999
135.59321599999998
136.752136
139.130432
136.752136
136.752136
139.130432
137.93103
137.93103
145.454544
140.350876
140.350876
140.350876
140.350876
139.130432
120.300751
134.453781
139.130432
135.59321599999998
135.59321599999998
139.130432
140.350876
142.857147
144.14415
144.14415
144.14415
144.14415
145.454544
144.14415
141.592926
142.857147
142.857147
144.14415
nan
nan
nan
nan
nan
nan
nan
160.0
152.380951
149.532715
149.532715
148.148148
148.148148
149.532715
149.532715
152.380951
150.94339
150.94339
150.94339
150.94339
149.532715
146.78898600000002
146.78898600000002
nan
nan
nan
nan
nan
nan
nan
