186.04650900000001
183.908051
183.908051
183.908051
175.824173
172.043015
172.043015
175.824173
141.592926
148.148148
137.93103
135.59321599999998
130.081299
122.137405
131.147537
120.300751
116.788322
155.339813
158.415848
161.616165
161.616165
163.265305
166.666672
166.666672
166.666672
166.666672
170.21276899999998
170.21276899999998
170.21276899999998
170.21276899999998
172.043015
172.043015
172.043015
172.043015
172.043015
173.91304
172.043015
172.043015
170.21276899999998
168.421051
168.421051
166.666672
164.948456
163.265305
158.415848
158.415848
158.415848
156.86274699999998
155.339813
155.339813
155.339813
156.86274699999998
158.415848
160.0
163.265305
163.265305
163.265305
161.616165
161.616165
160.0
160.0
160.0
160.0
158.415848
153.84616100000002
153.84616100000002
152.380951
152.380951
76.190475
76.92308
76.92308
75.471695
66.1157
66.1157
61.068703
63.241108
63.241108
60.60606
75.11737099999999
75.11737099999999
149.532715
148.148148
146.78898600000002
145.454544
145.454544
148.148148
149.532715
149.532715
152.380951
153.84616100000002
156.86274699999998
156.86274699999998
158.415848
158.415848
156.86274699999998
156.86274699999998
156.86274699999998
nan
nan
nan
nan
nan
nan
nan
nan
nan
nan
nan
nan
nan
nan
nan
nan
nan
nan
nan
nan
nan
nan
nan
nan
nan
nan
nan
nan
nan
nan
nan
nan
nan
nan
nan
nan
nan
nan
nan
nan
nan
nan
nan
nan
nan
nan
nan
nan
nan
nan
nan
nan
nan
nan
nan
nan
nan
nan
