nan
nan
nan
nan
nan
nan
nan
nan
nan
nan
nan
nan
nan
nan
nan
nan
nan
nan
nan
nan
146.78898600000002
146.78898600000002
144.14415
145.454544
144.14415
144.14415
144.14415
142.857147
110.344826
144.14415
144.14415
141.592926
144.14415
144.14415
141.592926
139.130432
136.752136
135.59321599999998
134.453781
135.59321599999998
135.59321599999998
134.453781
130.081299
139.130432
134.453781
123.07692
124.031006
125.98425300000001
122.137405
129.03225700000002
128.0
123.07692
121.21212
113.475174
115.10791
137.93103
141.592926
136.752136
142.857147
144.14415
144.14415
146.78898600000002
149.532715
152.380951
150.94339
145.454544
nan
nan
nan
nan
nan
nan
nan
nan
nan
nan
186.04650900000001
172.043015
156.86274699999998
149.532715
152.380951
148.148148
148.148148
148.148148
146.78898600000002
146.78898600000002
145.454544
111.88811499999998
70.175438
70.175438
72.398193
67.22689100000001
67.22689100000001
62.745098
64.516129
64.516129
60.60606
59.479553
59.479553
59.479553
59.479553
60.377356999999996
59.479553
59.479553
59.925095
59.925095
62.745098
65.040649
65.040649
61.068703
61.068703
nan
nan
nan
nan
nan
nan
nan
nan
nan
nan
nan
142.857147
132.2314
130.081299
124.031006
124.031006
121.21212
121.21212
120.300751
135.59321599999998
120.300751
119.40298500000002
119.40298500000002
118.51851699999999
118.51851699999999
118.51851699999999
116.788322
117.647057
112.676056
114.28571299999999
115.94203200000001
87.912086
60.377356999999996
60.377356999999996
43.596728999999996
43.596728999999996
43.243244
43.243244
43.715847
43.715847
43.715847
49.535603
49.535603
80.808083
84.656082
79.207924
83.333336
83.333336
95.80838
83.333336
81.63265200000001
