nan
nan
nan
nan
nan
nan
nan
nan
nan
nan
nan
nan
nan
nan
nan
nan
nan
nan
nan
nan
nan
nan
nan
nan
46.242775
46.242775
44.321331
44.321331
44.321331
42.78075
42.78075
41.558440999999995
41.558440999999995
41.025642
41.025642
41.025642
40.201004
40.201004
40.201004
40.816326000000004
40.816326000000004
42.440319
42.440319
42.440319
42.328041
42.328041
40.302265000000006
40.302265000000006
40.302265000000006
nan
nan
nan
nan
nan
nan
nan
nan
nan
nan
nan
nan
86.95652
86.95652
87.912086
86.021507
81.218277
76.190475
76.190475
66.390045
60.836502
60.836502
64.0
61.30268100000001
61.30268100000001
60.377356999999996
56.338028
56.338028
72.727272
72.727272
70.175438
119.40298500000002
117.647057
118.51851699999999
114.28571299999999
114.28571299999999
114.28571299999999
113.475174
113.475174
114.28571299999999
116.788322
115.94203200000001
116.788322
116.788322
115.94203200000001
119.40298500000002
117.647057
114.28571299999999
114.28571299999999
115.10791
115.94203200000001
117.647057
117.647057
112.676056
116.788322
116.788322
116.788322
124.031006
117.647057
112.676056
113.475174
112.676056
111.11111499999998
108.84353600000001
nan
nan
nan
nan
nan
nan
nan
nan
nan
nan
nan
nan
nan
nan
123.07692
119.40298500000002
118.51851699999999
117.647057
115.10791
111.11111499999998
108.84353600000001
111.88811499999998
112.676056
112.676056
111.11111499999998
110.344826
113.475174
107.382553
103.22580699999999
nan
nan
nan
nan
nan
nan
nan
nan
nan
nan
nan
nan
nan
nan
nan
nan
134.453781
130.081299
122.137405
117.647057
110.344826
111.88811499999998
114.28571299999999
nan
nan
nan
nan
nan
nan
nan
nan
nan
nan
nan
nan
nan
nan
nan
nan
nan
nan
nan
nan
nan
nan
nan
nan
nan
