nan
nan
nan
nan
nan
45.845271999999994
45.845271999999994
48.780487
48.780487
41.450779
41.450779
41.450779
44.077133
44.077133
43.47826
43.47826
43.47826
nan
nan
nan
nan
nan
nan
nan
164.948456
148.148148
141.592926
145.454544
149.532715
153.84616100000002
155.339813
158.415848
156.86274699999998
161.616165
166.666672
163.265305
160.0
160.0
158.415848
166.666672
155.339813
nan
nan
nan
nan
nan
nan
nan
nan
nan
59.040592000000004
59.040592000000004
56.939503
54.794520999999996
54.794520999999996
50.632912
50.632912
155.339813
163.265305
166.666672
164.948456
163.265305
158.415848
163.265305
156.86274699999998
150.94339
150.94339
150.94339
150.94339
148.148148
145.454544
140.350876
140.350876
139.130432
140.350876
146.78898600000002
nan
nan
nan
nan
nan
nan
161.616165
156.86274699999998
156.86274699999998
156.86274699999998
153.84616100000002
152.380951
148.148148
145.454544
139.130432
135.59321599999998
117.647057
69.26406899999999
69.26406899999999
62.015503
68.376068
68.376068
67.79660799999999
62.992126
62.992126
57.971016000000006
57.971016000000006
78.04878199999999
78.04878199999999
77.294685
77.294685
75.471695
59.701492
59.701492
63.492062
60.150375
60.150375
62.745098
63.492062
63.492062
64.0
64.25702700000001
64.25702700000001
67.22689100000001
67.22689100000001
132.2314
130.081299
130.081299
128.0
129.03225700000002
125.98425300000001
131.147537
131.147537
128.0
136.752136
163.265305
164.948456
150.94339
148.148148
119.40298500000002
135.59321599999998
140.350876
140.350876
139.130432
149.532715
140.350876
140.350876
109.58904299999999
139.130432
139.130432
nan
nan
nan
nan
nan
nan
nan
nan
nan
nan
nan
nan
nan
nan
nan
nan
nan
nan
nan
nan
nan
nan
nan
195.121948
183.908051
177.777771
177.777771
170.21276899999998
166.666672
170.21276899999998
155.339813
160.0
170.21276899999998
nan
nan
nan
nan
nan
nan
nan
nan
nan
nan
nan
nan
nan
nan
nan
nan
nan
183.908051
177.777771
170.21276899999998
166.666672
168.421051
163.265305
161.616165
163.265305
166.666672
161.616165
166.666672
166.666672
170.21276899999998
160.0
175.824173
166.666672
67.510551
59.259257999999996
59.259257999999996
51.446945
51.446945
60.150375
60.150375
59.925095
57.347671999999996
57.347671999999996
56.14035
56.14035
53.691277
53.691277
53.156147
53.156147
nan
nan
nan
nan
nan
nan
nan
nan
nan
nan
nan
nan
41.884815
41.884815
41.884815
48.192772
48.192772
47.477745
47.477745
43.243244
43.243244
43.010754
43.010754
43.010754
43.47826
43.47826
41.450779
41.450779
40.201004
40.201004
40.201004
40.302265000000006
40.302265000000006
50.473186
50.473186
50.473186
nan
nan
nan
nan
nan
nan
nan
nan
nan
nan
nan
nan
nan
nan
nan
181.818176
188.235291
186.04650900000001
192.771088
200.0
nan
nan
nan
nan
nan
nan
nan
nan
nan
nan
nan
179.775284
179.775284
186.04650900000001
202.531647
213.33332799999997
210.526321
144.14415
139.130432
141.592926
86.021507
42.328041
42.328041
42.328041
42.78075
42.78075
40.712467
40.712467
40.712467
41.131104
41.131104
41.131104
42.216358
42.216358
43.360434999999995
43.360434999999995
43.360434999999995
42.553191999999996
42.553191999999996
42.440319
42.440319
42.440319
nan
nan
nan
nan
nan
nan
nan
nan
nan
nan
nan
nan
nan
nan
nan
64.0
64.0
65.84362
65.84362
59.040592000000004
70.175438
70.175438
43.596728999999996
43.596728999999996
43.243244
43.243244
42.78075
42.78075
42.78075
42.666668
42.666668
42.78075
42.78075
43.360434999999995
43.360434999999995
43.360434999999995
47.761192
47.761192
42.216358
42.216358
41.884815
41.884815
41.884815
40.816326000000004
40.816326000000004
52.459015
52.459015
49.079754
49.079754
nan
nan
nan
nan
nan
nan
nan
nan
nan
nan
nan
nan
nan
nan
nan
nan
nan
nan
nan
nan
nan
nan
nan
