nan
nan
nan
nan
nan
nan
nan
nan
nan
nan
nan
nan
nan
42.666668
42.666668
48.338367
48.338367
59.040592000000004
59.040592000000004
60.377356999999996
60.377356999999996
44.817928
44.817928
47.058823
47.058823
50.793652
50.793652
50.314465000000006
50.314465000000006
49.844238
49.844238
57.761734
57.761734
85.561501
168.421051
163.265305
146.78898600000002
140.350876
155.339813
133.333328
133.333328
132.2314
131.147537
130.081299
122.137405
125.98425300000001
124.031006
121.21212
113.475174
111.88811499999998
124.031006
115.10791
117.647057
112.676056
111.11111499999998
109.58904299999999
108.84353600000001
106.66666399999998
nan
nan
nan
nan
457.142853
444.444458
410.25640899999996
432.432434
457.142853
258.06451400000003
271.18643199999997
275.862061
139.130432
140.350876
111.11111499999998
130.081299
133.333328
136.752136
144.14415
145.454544
150.94339
152.380951
153.84616100000002
150.94339
146.78898600000002
137.93103
116.788322
134.453781
113.475174
115.10791
117.647057
114.28571299999999
nan
nan
nan
nan
nan
nan
nan
nan
266.666656
271.18643199999997
296.29629500000004
313.72549399999997
nan
nan
nan
nan
nan
nan
nan
nan
nan
nan
