nan
nan
nan
nan
nan
nan
nan
nan
nan
nan
110.344826
135.59321599999998
135.59321599999998
133.333328
133.333328
133.333328
135.59321599999998
170.21276899999998
140.350876
140.350876
140.350876
137.93103
135.59321599999998
132.2314
133.333328
125.98425300000001
120.300751
131.147537
129.03225700000002
126.984123
125.0
125.98425300000001
nan
nan
nan
nan
nan
nan
nan
nan
nan
nan
nan
nan
nan
nan
nan
nan
nan
120.300751
118.51851699999999
117.647057
116.788322
116.788322
117.647057
118.51851699999999
116.788322
116.788322
117.647057
116.788322
115.10791
112.676056
114.28571299999999
115.10791
110.344826
112.676056
112.676056
111.11111499999998
108.84353600000001
111.11111499999998
110.344826
111.11111499999998
111.88811499999998
112.676056
110.344826
110.344826
111.88811499999998
114.28571299999999
114.28571299999999
114.28571299999999
114.28571299999999
113.475174
113.475174
114.28571299999999
116.788322
119.40298500000002
119.40298500000002
120.300751
144.14415
118.51851699999999
114.28571299999999
119.40298500000002
103.896103
98.765434
nan
nan
nan
nan
nan
nan
nan
nan
nan
nan
nan
nan
nan
nan
nan
nan
nan
nan
nan
nan
nan
nan
nan
nan
nan
nan
nan
nan
nan
nan
nan
nan
nan
nan
nan
137.93103
130.081299
139.130432
113.475174
117.647057
111.88811499999998
112.676056
112.676056
110.344826
115.94203200000001
115.10791
66.390045
66.390045
60.377356999999996
84.656082
84.656082
82.901558
85.561501
78.817734
133.333328
124.031006
121.21212
115.94203200000001
115.94203200000001
116.788322
118.51851699999999
119.40298500000002
120.300751
118.51851699999999
118.51851699999999
116.788322
117.647057
116.788322
115.10791
115.10791
111.88811499999998
114.28571299999999
116.788322
116.788322
111.11111499999998
nan
nan
nan
nan
nan
nan
nan
nan
nan
nan
nan
nan
145.454544
141.592926
131.147537
129.03225700000002
125.0
126.984123
128.0
126.984123
126.984123
123.07692
126.984123
125.0
125.98425300000001
124.031006
125.0
nan
nan
nan
nan
145.454544
120.300751
121.21212
120.300751
118.51851699999999
115.94203200000001
115.94203200000001
115.94203200000001
115.94203200000001
116.788322
115.94203200000001
115.94203200000001
115.10791
115.94203200000001
114.28571299999999
115.10791
115.94203200000001
115.94203200000001
115.94203200000001
115.94203200000001
115.10791
114.28571299999999
115.10791
115.10791
114.28571299999999
115.10791
113.475174
113.475174
113.475174
114.28571299999999
111.88811499999998
115.10791
111.88811499999998
109.58904299999999
nan
nan
nan
nan
nan
nan
nan
