nan
nan
nan
nan
nan
nan
nan
nan
nan
nan
135.59321599999998
132.2314
134.453781
133.333328
124.031006
134.453781
125.0
132.2314
132.2314
131.147537
129.03225700000002
129.03225700000002
126.984123
129.03225700000002
129.03225700000002
132.2314
131.147537
132.2314
133.333328
137.93103
139.130432
130.081299
133.333328
135.59321599999998
133.333328
135.59321599999998
132.2314
135.59321599999998
175.824173
166.666672
170.21276899999998
172.043015
172.043015
172.043015
170.21276899999998
170.21276899999998
170.21276899999998
163.265305
79.60199
79.60199
79.60199
75.82938399999999
nan
nan
nan
nan
nan
nan
nan
nan
145.454544
144.14415
144.14415
144.14415
145.454544
146.78898600000002
150.94339
150.94339
152.380951
150.94339
156.86274699999998
155.339813
155.339813
158.415848
145.454544
nan
nan
nan
nan
nan
nan
nan
nan
nan
nan
nan
nan
nan
nan
nan
nan
nan
nan
nan
nan
nan
nan
nan
nan
nan
nan
nan
nan
nan
nan
nan
nan
nan
nan
nan
nan
nan
nan
nan
nan
nan
139.130432
153.84616100000002
160.0
163.265305
164.948456
163.265305
163.265305
155.339813
152.380951
140.350876
nan
nan
nan
nan
nan
nan
nan
nan
nan
nan
nan
nan
nan
nan
nan
nan
nan
nan
nan
nan
nan
nan
nan
nan
nan
