10.31089931119418
30.473070880652187
38.50848127393107
43.7559728901844
36.74677463780015
33.783960738474136
32.06521751047076
32.7070058421108
31.928801966347667
42.20358148317722
26.80536594779041
9.591310123229473
14.402536261409262
9.320152035225384
10.182553311165288
10.480572376708539
7.0946725932683625
14.202236565247896
13.829540288848374
8.264137955302004
7.2683767697743615
11.00884354707954
3.8046544443870354
21.317448867609748
27.34542773598821
12.972294337414644
2.824056243438631
16.650966127029427
4.700168104060022
1.797845498553779
4.877280054286109
8.33007992769171
13.451081859698247
16.90189410623081
-2.4422243263905488
5.992906003638009
4.451024864212416
-3.3197958498941054
-5.886860014080522
2.7173486666122413
-13.279671674055097
-18.333382963043558
-3.943035846764873
-2.290607951162586
-6.368932224926276
5.347710729324745
-5.624605575114543
0.8309157223475846
3.996103653516052
8.579733639021832
5.1334751945635135
3.521219321348464
2.201200691156
10.914467502343195
7.719697349855333
-1.7589294057602367
2.8827137954542317
-5.534316451890299
-0.5661989317206993
-4.1348471597206435
2.4872030393192524
2.872800946606763
2.8392394202560376
11.826061735810027
23.846638595447377
19.99968128341575
10.249523177927193
16.90619721247276
10.250244480914233
2.1014090479047414
-11.64463634320266
-11.555992372175998
-10.901355109735226
-11.247162941862475
-5.5910777461034415
-14.361764153984444
1.5987937852731977
8.943040819036339
2.659248594488256
-6.999511203967309
9.531259577351827
0.6972308117047485
-6.961757379468214
3.251687384619164
-0.4769965650384288
20.56473820089316
23.091220685315193
18.048551480890747
10.884454014905119
21.984783651338915
10.306594777867119
10.326249574591024
-7.652451778937987
-5.391548035219163
-2.979326436827172
3.7245858556988414
-1.1208160825732816
12.045991342171678
23.331450628326774
6.9611631866104595
13.982258936962278
-0.07137946567958786
8.774280267048209
8.473276905464193
11.1973051445092
-12.9659788011287
-8.106566642789108
-0.8226708766893559
-5.107409240653982
5.68264626137976
-5.071282422862826
3.3598860667719697
3.6774481413586586
-15.636806396733
-8.49016098795952
0.9116220896300578
-12.085363268226807
-17.110851355764552
-7.393710235847303
-6.796377155720683
-2.0586462441977518
-2.2896836194922336
0.6765547208545815
-4.004604242571407
-0.9597774244264076
-3.755649111333256
8.916457780023553
6.088148663583032
13.47863885283324
3.669957789429009
0.5051545687556849
12.939885712716125
3.576185549324385
-2.474342665068457
-2.5859537553282506
-11.803811458348322
-3.5278317273473836
-16.09781837536634
-14.268401028445226
4.6880381002803695
-9.126199188262282
-16.098800965408174
-18.62634437428421
-18.69636920759292
-14.693511108208234
-18.384646043575785
-17.85056810253721
-15.347029225501535
-17.66854434524609
-15.539683409878025
-4.488374915475776
-17.85461128195837
-22.500541738350364
-13.761434162893188
-27.982773716089355
-23.95791617531053
-19.080136208159427
-10.798208665044848
-11.682932423598011
-13.410728687029822
-0.9919880506300944
4.071080147135629
0.9680060551981046
-1.030742607213912
2.9892720276052427
1.1679477222928212
-7.209262610122035
-2.979932791381665
1.9012742933520859
3.725814989533162
12.252024127909387
0.3021608498483491
0.2179549301057513
-4.400985146139318
-7.638239366970793
6.7781032391400995
-9.512388781341905
-11.31530228530112
5.60492824877813
-1.42329429307835
-2.5530709291432307
7.366499898509638
3.9164627677174066
-6.709200593452993
-7.51120419489965
-22.221918064037546
-18.26673980156949
-18.27434835461055
-26.509094676553644
0.1131604340582706
-4.9942121125477925
-20.489265443056084
-11.167566065989131
-27.47868159380567
-21.772447061895992
-27.55511049821143
-20.449113825220945
-15.21371475176899
-10.501784733313773
-9.528231716269081
-4.980358389920843
-8.728614436153087
-8.414757553946924
-11.541986006269017
-16.47180441185055
-14.7198745519905
-4.987331069509121
-6.119269515146147
1.1061390078890831
-4.6963859122121505
-5.582955316799072
-0.6639996675654245
-7.557737836835482
-9.718254337858447
