-21.00320776286375
-21.588343921087393
-18.82485973941008
-0.8101052017738266
-1.1527654387666506
-5.487004271696503
5.772505607898072
1.5397795264525551
-5.822111884665726
-16.709865021273156
-17.838450757646893
-13.527612641648275
-7.088236564346343
-5.185072068891352
-13.614182399818654
-14.078117633829674
-17.330458365541197
-12.024060420123586
-14.156010118896495
-14.22326537157184
-7.521216678887909
-10.424917229359686
1.600915807509856
9.283152434757126
-1.8546501488293867
15.228886487922633
28.01195379835044
6.576010460937057
17.697675015747343
14.79483547380492
5.0427582702630245
8.486632916714862
-3.762989605069871
4.124833518349272
3.68437188943321
6.153173301144316
17.675589023053398
13.326403450535018
4.925643391185501
29.579205985877003
29.73408330906716
39.351958116072026
28.64597772262323
20.487741412504715
24.924880883825654
36.06001069320003
33.3018844057438
34.369963187149445
18.23804757343928
16.495696734195047
24.63688364180904
13.347125815814042
14.670755388627384
18.793573981317675
-7.509227655500789
-7.52139942175071
5.305360631151308
20.942929739282803
24.07791031380086
-7.090712015170981
-3.679043545391255
3.829257493084178
4.416898640966688
1.3766920545316916
-5.020500931617507
2.044525611054639
0.4826222399120682
-0.1208160724201795
0.6957794419655103
0.4306908466361773
6.668031326592828
0.5275647515877184
-3.6428823046342833
-11.634766895242974
0.05095831897488686
-6.6542604070064035
4.391014393566636
-1.873534937752514
-9.684577521599127
-7.428788353034547
-7.826756403582207
-3.4741415675995158
-4.492802299665671
-0.9224852225871067
-7.352280683442018
2.249567068996398
-0.2529739366261066
-14.89678186223881
-10.35169297402759
-10.632375963169274
-7.822063814530196
12.173582486135574
3.1232098082676245
14.0806146838837
9.784100272607354
19.514514987826566
15.06393009127788
0.3038674472121402
8.662980861827148
1.4594862161573006
9.47821782766583
12.542868256979355
2.5453742584067203
-3.492093645362148
8.322436421352434
4.264503442640552
4.845462844042445
-2.9948233591573707
-1.0775905195831943
-2.0079895299819617
-13.774229161300983
-15.646551242675795
-26.567561165689305
-32.00016140815937
-13.931124500538786
-4.238568467618081
7.993480437926937
-4.0643486322588185
-0.7260367816624517
5.383724746237314
-8.703934596017875
-3.8740233960294312
-13.75750712788861
-2.821315290787663
-10.913652071389198
-11.303980309368644
-12.909295494917266
-12.851735658401509
-10.440139391751334
-10.541271687013062
-12.083157431843308
-10.707222225701994
-11.111518191046944
-10.74947016453728
-8.751181845456122
-7.436747733383317
-19.06598956215431
-13.496135168922446
-6.656043812265918
-5.771908035980662
-7.271421863915447
-9.767364565579447
-6.700877923808786
-8.418754604033518
-4.842133844795444
-14.735263661271787
-6.736337139224376
-8.644475820990754
-17.459334423825823
-8.346113827816602
-12.279579164522286
-12.166726728254462
-13.739080036262662
-16.71568028863753
