-15.018848275280476
-2.7910240120374543
-3.3636268052971845
3.3861760404108883
17.110940399227385
2.9737151843413328
10.923199244861674
11.648294363255392
17.720065134360762
16.771494870145723
13.368344727533426
11.310925912261359
19.28514652699376
19.91997619971827
17.12510612061567
11.829856713746324
8.848590279391408
12.249522896840501
27.48157014301175
27.39688289673652
20.277182281024178
23.24428755067771
14.740891221795593
18.45623090001241
25.745551122269486
10.825233617989829
26.301299601446747
23.553895634734488
26.65560379947681
14.0257499992152
28.2621282360006
16.599567192617027
7.22652551825438
1.270098867075719
4.851061979857158
7.754748599656508
10.004904748681557
12.000340715676892
17.014517265992573
-2.592412788498277
-2.681287351748717
-2.2765425108305832
-0.6623430773852157
-11.70331647347746
-12.604853383341734
-11.834785288577189
-14.514985281371086
-9.015377286995538
10.876644907154088
-4.7198770758849005
-9.29696419976344
-2.971610605098748
-9.765599016311764
-3.4892921109408337
-11.900391671599047
-2.5666762430271497
4.159290045492767
-3.1360067696618845
-4.7270352521103245
-3.4982785876247613
-11.875506104716168
-3.5987707255438828
-18.75817747507444
-10.376903729688582
-4.1852989095915785
-3.3494645079861933
-12.9211890704894
-6.626349037804703
-0.04622880852265797
4.032025678310319
-4.527250698565432
0.14593571160126395
-14.241526559050147
-16.565309878592082
-11.065822841120449
-10.752671578874464
-16.68459197185941
-19.606637186344454
-20.749598830553428
-15.274606197538882
-22.10165043542005
-21.17739480023394
-20.81390476255646
-5.444176749059944
-5.600211071282646
-16.89011310215812
-20.578260596743675
3.03098832545312
-2.415827632902832
2.3760175017970218
-6.974329412197398
4.99559816153101
-0.6891219746023984
-11.186944866700397
-3.534440379689934
1.8332058108182048
16.424587199537513
14.908695807545007
12.339181552488535
17.00045185350787
9.951445466957278
8.260570794080884
26.745646217635077
30.151975997593308
31.259821640337442
27.74983933806823
31.70224761626946
15.74970978491043
15.560366107301302
21.17277958751485
29.308502570604496
24.49573115005839
12.597321430536716
4.983214800397908
8.481910808474996
18.11572962003097
18.680154282992802
6.107504492960639
10.1867000666571
1.2804544230725798
3.6907858345303968
2.5895680027306462
7.892903004106773
-0.15890571784788296
2.531084934021913
-0.0591774828946368
0.8570974014904378
-3.5879834503035744
-13.337473482019055
14.440464998748446
-6.666726545465932
-12.839676468995485
-10.00399153899932
-8.432698637967459
-5.676867538722675
7.440919511544331
0.4536268860268624
10.330865739981308
-14.339432738849997
-3.586751585429293
-9.502597750400026
-4.095801091891769
-15.223543501671278
-19.39067624039429
-15.187762404398534
-2.371192310809544
2.778735013618006
8.59186393295708
17.163645619044757
9.282105605998506
14.725658029501393
23.468573987145557
19.607044112805816
18.548480808274764
16.17307125959973
11.105836411068204
2.6894232761289896
-1.8426594438605224
8.630463936979835
5.98887752781412
-4.871119725357398
-17.33447358642697
-20.547943875025453
-23.056316302261454
-35.97144364655465
-13.581288335598373
-21.797535705809565
-16.86348157872107
-28.01538117590909
-25.939735210971108
-18.973810554894765
-26.322058717451373
-34.58829396489135
-23.74005706787404
-33.51992633623386
-27.786098347114617
-25.24774982353982
-23.544383267815284
-28.067821811123924
-18.38766443360743
-11.8749926139471
-20.23023639863146
-23.45205272302611
-24.657334427202038
-35.81544500554611
-35.78490618013888
-32.674874781147125
-31.95213838281101
-45.34260760204589
-34.523644049555216
-32.51962775626818
-38.54972993415
