-6.922924727283935
-7.808797841071093
1.3612107007392438
14.726851368059751
-5.329390418957253
2.462314060924274
2.3291399125768093
5.531524120519621
7.341795438541861
3.6235911903681624
-0.5060354821553357
2.1548332490453617
-1.0865162216537083
-4.5786325580287786
-15.540636274060265
-22.390329927008125
-25.293408694564647
-34.13449407722548
-38.01257227819628
-35.35072953063819
-31.46818634678864
-18.6521359568342
-2.8359259293475634
4.9447551750333085
19.431275626977477
12.475599714445426
9.49123561634854
8.887762635012574
9.415727285772485
21.08956119225014
-0.9422536399565586
11.22441436894153
2.9647638385743202
10.202254458384141
2.9673363756245923
3.439348246724093
0.02878218872534808
15.514253624300238
9.818853462795166
7.834998342789253
6.763394810008537
7.347271793505268
3.69955495758272
-3.8484286990228336
-4.057789313903391
-1.6189491658747692
-14.67521077518904
-2.0408744185813035
-1.3910771081277542
-9.142034023648783
-7.548823445478063
-18.197248981968556
-22.15880263609163
-29.643280081142226
-24.784726371145517
-16.15848482647612
-3.472127055010356
-7.566315604767555
-17.105957110691982
-4.8463212170576195
1.906732776267029
18.142532152394093
33.96848973012242
16.24446087041315
18.021840262531587
25.34986359900277
23.108751341207107
36.53027004415204
26.486100728785892
27.613410513627453
22.712817281414328
25.181821053324928
21.284633119471145
17.424447614082037
24.460782790015987
18.913619145512726
9.583812636840472
9.921251338144005
-2.8100646011210357
-10.177351194661908
-21.58225734125833
-14.83897031460265
-3.835616956626287
-12.00657067253725
-3.4685121263630716
-13.792693257940366
-27.412759291040288
-16.946035052722525
-11.49534764269468
-0.4217749632931482
2.205879154823954
11.536534285851186
12.619337469473894
10.99695259772912
27.324912998194577
13.952806156874724
24.19947150337889
22.598330619644127
15.51978472317283
9.720438066160892
24.100631310897985
15.616689916989806
13.93350697963045
6.1566024128134735
5.34427138285084
14.299449855277429
12.606060703220933
1.8652378528861755
2.8082268015141136
8.951710013378795
16.783682712547407
18.290044714377988
5.522647073846073
1.8701790180365951
6.9121348393827775
27.352940053303424
13.615663336419553
3.147881956017479
-2.300791369290513
11.68461318164415
-0.6844723995472743
9.32111222513953
0.2648723930156157
0.7758108299644331
-11.946970953597784
-0.3376404029578762
8.04578524265645
-11.68630823067985
-11.106916816170523
4.648435407327836
6.217037573015632
0.5343732275688655
0.11103282072320443
-9.544137535187307
-14.822135402659724
-16.572738727365287
-3.696664794889809
-3.570271889153178
-2.028535744905517
-9.148670086329783
-0.5228955763411115
4.886884868414424
-12.705879703077473
-14.682885035124848
-1.0124918833229002
8.003764761341934
0.6666503386473487
1.0173633056120153
-5.891290199579518
10.629787207392557
4.251515906351365
3.502287850954504
0.25224867098294823
-2.6352474294106893
6.98640778980437
5.3590755392709095
1.4674744707445548
0.3674434363502077
5.099846952253627
4.2923305667643294
2.733531494564637
1.3709425897329162
-3.8646819130342833
-8.300935209427816
-7.635769040464338
-2.288263840499552
7.546878795783438
-8.160451348091406
-2.6737242658629974
-10.636497813030363
-32.114846981619365
-21.3560513379131
-27.757790086806718
-10.518778841657348
-9.867657494020824
-12.7284225592115
-20.572776838924405
-17.136206430013438
-7.340819091171443
0.1562190404109067
4.584404819263118
1.7622341540646378
-1.311189764465979
-1.8647797083977589
-2.558820863121221
-4.558248168885401
-7.203127177733897
-7.529251724154661
-6.568554111342883
-8.194334184483733
-4.331786794579923
-0.09519203680188973
-1.3439165171147422
-1.1284280156274438
5.5294281617194185
17.335454374020152
22.193777438579712
15.680889396354644
26.04153154560957
16.235684073033777
-16.948159997229947
-14.606268881000235
-9.041286756065961
-10.522039641512356
-11.690541876318829
-4.082989326256602
-10.310811894890657
-15.894268892291294
-6.352728887984812
-9.654753608553818
-4.5678654187793875
-7.395520847651988
-8.09527880123256
-13.131049450061205
-7.998558193517471
-7.504822169952247
-9.122146431016011
-0.8969578387836
-13.348129931746408
-10.922518031526646
-19.656244264528013
-25.902758475653357
-26.29444224346645
-23.800941142971052
-16.980415733610187
-10.634995804734038
-21.917331683815775
-18.993999805833898
-33.47643532982279
-23.903854535110952
-7.883306456556653
-17.9188893951575
-5.22890917853408
-15.724358824513082
-5.6492099566159855
-7.348003724353704
-9.948207414434886
-0.12743889573951614
-8.182427850853509
-0.8290307835840895
-4.6686713820331915
-6.588775419331527
-9.168256968389523
