-15.333942477711153
-3.047180081042022
-33.60644768676144
-31.11776618913799
-3.5408014575468463
-13.07177811437233
-13.675129625405097
-18.982028886181354
-7.0502506225176385
-10.290113084071065
-5.6234149036937024
-5.762663510756194
6.5720872056442765
3.125502313681052
-9.248432230836778
-12.463416224628698
-1.7761991182918624
-11.13723809106453
-7.84945098706039
-12.102101811492007
-8.071361941427988
-16.559317130999442
-14.386153668963669
-17.886797392538828
-8.480745610921929
-11.203868317346327
-11.130656806137113
-2.584974155568431
8.8818473857764
11.03802853635549
3.3971185025011605
-7.528636021285694
-16.21181487572771
-4.313837759511078
-11.693538442149196
-12.733952868620408
-8.934588342075807
-10.204467975884288
-17.72157757881569
-12.288957043309484
-18.898734802081886
-22.91733389485385
-18.010090748218122
-19.747271129137804
-8.918599635709862
-6.5437585237078215
-8.419499087870246
-7.478983130744405
-14.86401465589973
-25.587335550027355
-16.34817318494769
-11.918167602377233
-2.8096565015892923
-13.0916184505896
4.688251302246089
-11.559836505557715
-6.344880638604613
-9.905821892656954
-12.532031054171178
-7.100853559380255
-15.075077021399176
-8.099417479793352
-4.585652591371823
7.197012918051055
4.6727963584616665
4.372037243881058
2.4597424894051696
3.9466382649242653
7.661112167946662
10.373611332245265
18.48469044416133
17.797137707144028
9.691298100834471
15.087792657269588
8.53312249605364
12.203150446978647
16.886410951722755
3.7669815235916992
-10.852674828293765
-7.753799476000168
2.4366131309295023
6.054383949717118
7.2023307643237855
21.832872093681672
-2.878500876485076
-13.658244388306544
-15.645958374796624
-20.61254116622537
-5.237888969890571
-0.91158531635163
-2.497037857033504
5.354490128239826
0.7929551197986497
12.135969553841374
5.5184514023900215
0.6214838816362085
2.790385229457618
7.848975643535002
8.910517734034352
6.1168336519211755
-2.7689600748815812
-5.1551614003116155
-1.815465234935393
-22.509291720249013
-24.041988881241988
-17.75998451200911
-4.886638440537668
-5.060768742849941
-7.916305492653322
-3.082242480295897
-2.5050504293124707
-9.361302272784725
3.7427804860617657
-0.5205685347925246
-11.457521972233794
-18.676767557338533
-11.152454947772664
-0.7115253884312254
-11.48046408371273
-12.666246246528894
7.413329758294398
-19.158479684057625
-7.578054620536921
0.9396340325866096
-1.4674064464123495
-6.655487262054219
-9.048405634508542
-7.499009031767316
7.7786138747036775
-14.08221356142749
-13.345724654823337
-26.2954818504175
-14.926289350163904
-3.576020407367757
-2.723806355480716
4.291500511142313
-0.5018995883569788
13.862021336661108
1.053495836810016
0.3754111593940217
5.75080920014765
-7.845388874585701
-12.076442057522206
-6.381871018922404
-2.951924505373012
-2.795059727451581
-24.048135597863325
-7.160012346020792
-3.5152869994965203
4.886577814504153
4.695273218214523
-2.5793653412596567
5.669378086205334
3.980879541784855
-12.135783434459047
-1.0926931133699882
-5.496412726601516
-3.9839930644524446
-15.322147540269132
-22.65142874482037
-9.050217537581656
2.581539923229616
9.772869103951349
10.56377651636455
9.547080806132064
7.747491237945986
13.609922673746226
14.011204213337441
8.662701310963008
5.95819783300567
7.499639426589228
6.682491718986754
20.358904369736365
15.813961156030867
5.768623788120094
-1.5954682299934613
2.3712869193574857
-6.8914084865730825
-4.405516349946644
-5.284419279764103
-6.104882454231434
-0.5959291235999623
-12.531231934782785
-14.723865565584399
-23.83120594937302
-23.6984331451294
-20.82292370292408
-10.404103113550985
-25.58546913858571
-37.20946995619556
-33.9108500516347
-17.719347916062027
-10.828865890096953
-13.68422935583934
-5.986247939112673
-1.0580881103707438
2.817000410661418
1.9595475153860504
2.7039458861598127
8.464732000940955
4.8222776365490585
4.368071521611737
-2.7502556294082408
10.406383856460897
-0.16384489261788399
-0.5396548464135746
11.54980519319256
-3.9963138292386233
-1.4198303958780685
11.792190711272864
8.733006690454713
5.4130155405049445
13.450576269640043
10.035308738437116
12.77758107491166
11.803210387822142
12.362608438068971
11.852783251130088
9.546855637565992
13.858187962406975
13.60979009398968
10.361261297899137
-6.441565468971857
4.6490192247061435
-5.876458110282547
-0.6119290361448969
-1.153175178209492
-7.607872799465022
-23.356571625310607
-10.990885574279345
-24.183772575220924
4.400599801819922
2.316255022900232
-9.91596479533942
-16.527847865521125
-9.460999323297088
-3.840212848531975
-26.045129640772913
-7.6466055583715695
-5.243025863468178
-3.620544567600144
-3.089061341288537
5.6882932577446175
-7.510975107379496
0.10901169157418043
-4.701690742969861
4.304034042915813
3.999412831455768
-1.1871307220605245
12.776462559173293
5.814891325995282
6.4844239383887805
-0.3626546019430881
6.577699731686107
6.31558412607004
9.851678747299793
1.6956841613567373
-12.325259897517311
-2.2405722426310355
12.15759960079046
1.4710508355534266
4.890804641990269
-9.431705670480351
2.1202199406586204
-13.779763967092716
-11.41448439700148
-13.91759295860872
-15.998594745990818
-4.860735459468458
-7.1927238582647135
-18.588052013277174
-11.979056175688616
0.3213510596275674
-8.181897168255817
-5.613884959630512
-2.669455617261028
-14.993287481519122
-24.506488844184595
-16.325243759025035
-26.60454291615201
-21.991780346516748
-10.678055892350171
-5.172046511080646
-6.2243070652221215
5.560149812520057
2.4197462791498463
10.982343697089796
14.687212258300647
14.86192287304806
3.0276277753938228
-1.0222842215235834
12.634152687631733
0.5254336346578848
1.820976948923948
-9.791760602128127
-3.057064742352828
-1.256991605769862
-8.673798611553648
-6.5293658898984654
-4.0187651210004764
0.0512423781279161
-8.713278070215987
