-17.961413112212764
-5.388367184302193
-7.747362369736796
-1.814246540618144
-18.938291253879093
-11.167125890613287
-15.30870894049369
-0.6066826117067449
-10.029113896371232
-4.725689032016218
5.555431419918668
-7.065695077374038
-5.039701878800743
-8.306318723253515
-19.427649891051274
-18.86449766184837
-15.958503519231492
-7.690023235788889
-8.537066089098449
-5.522983661982192
-1.570126706052441
-0.10563026515727823
-3.849598348748661
-9.490491409712511
-12.477445282123115
2.692063800795826
-3.423468205857041
-8.889361593641189
-17.504528779579033
-9.937145808419904
-5.703904428170719
-4.108976506928142
-7.222277220420972
-22.094810730677683
-20.24317278661753
-24.846290930534305
-9.334439488725195
-7.566042140774148
-2.128814415811036
0.2326642603041099
1.8720900953746569
-2.5354000837402983
0.8526506529922289
1.9954177281187708
-2.131761772194024
-2.269428581355108
-2.081542498852051
1.0417321633095742
-0.13926408516530514
-5.4525416388227805
-13.051579144622039
-9.536995511973696
-20.235363294413983
-19.65515450787627
-8.715077294580164
-17.372925123688606
-12.141013721887836
-17.0330608686209
-16.398163703238815
7.054814410622301
-3.8492887092764616
4.2731043032577
2.444182756529132
-2.1808096801755434
3.846561023720988
-8.133780318791107
-4.212708958216288
3.969220032392725
-1.5285441601583445
-1.31927414662807
3.823092597788413
1.6719662538249795
6.783495287914898
11.657825311159673
6.173153233632379
8.512050969519159
10.462773867063019
5.3287247206003405
10.555826037046707
5.518568815982288
13.434887204234645
21.048871998748567
9.25050516144974
14.966744077896795
13.45680975016356
0.9854481610531999
5.805804273214108
5.926260871774101
-4.0072043834789435
1.0498511922915592
-5.935021753469043
-7.936153295274347
-10.246753800436565
-9.18181490144724
-16.644301166173438
-17.87023849197503
-10.361134438751453
-5.725556960118962
-3.577770004966325
-21.734654061185235
-19.150082968277648
-11.481389751867065
-12.491885427468993
-11.13885579634668
-17.54036697912276
-5.566081738631701
-12.146452702281685
-14.074995185580649
0.14915074636928854
-2.846959670620725
-2.7054585683717507
7.935313503460686
-0.4128850101702777
-5.235931661540754
3.874231537235193
-1.0224461738101265
20.30877639556897
5.125331385755776
1.7376513147195831
1.1005876760129047
-6.184248590460241
-10.851849543834762
-12.62139236883224
-12.821400493342662
-7.541110291381574
-21.156805290321017
-6.791533780762888
-22.30723936317939
-27.27807264584293
-16.991972322823884
-12.79456041511698
-9.426661066660394
-5.735052460810776
-14.311677554985778
-23.78057535405157
-10.926827294170986
-3.6127839332509337
11.805298176124252
8.53564344019342
6.4771286234682055
13.828558353614886
1.1375979960564284
5.0730766660486974
4.962081305852967
13.786475143026092
6.254405000347644
-1.0521830173154838
8.747927242654104
12.914971086340113
18.077843535582183
3.5508973193026563
7.300511576576516
6.85167648785434
13.918086819465552
20.767179318776364
16.661575552387337
2.1477859034962457
9.561827229942418
3.995008683023885
-19.30589031163868
-6.804500240233251
-8.355110641993111
-5.937459865746334
7.054334100951591
-3.5879574807252963
-13.254137268038065
-3.500881615841417
-6.391903613074773
-9.112595762666158
-7.331634472320559
-26.065123411663
-8.817615893908648
4.105601929143888
-0.9745995726425104
-7.890744663312214
1.6821988640846128
-0.20135909570153251
0.08878642415528305
4.75720774532153
-1.7514543191561518
-7.215442301821909
10.509673348453944
-1.4949195028998996
-3.495215896078478
-8.003241029353148
3.2060019916735203
-13.65617662840413
-10.29921033249681
-2.687162554027707
-7.700319442487968
-17.447781506497975
-10.528151278156509
-3.480563891869898
-9.473190780568789
-14.69884458598967
-8.582739598638465
-22.420869335493244
-26.106107473352786
-29.283580750196794
-20.003836717432147
-19.29644072822872
-20.176844741083084
-1.7257423700571806
-1.5297738569752943
-1.0108103545578615
3.695631757742433
-3.1130473602640167
2.7854588970982865
3.878782886254993
7.8099687408993885
-6.364577309963631
-3.9959355552868296
-20.46623872346469
-16.8881722949891
-8.550492481547831
-16.57480164815268
-17.136928958858604
-15.823384371262549
-6.374765749200653
-1.0706013334120943
2.646839630336628
4.328803946714942
5.386879037533742
-2.4577181952887504
0.9174910192311712
0.3267895821902721
-0.6060401621707245
4.2474207048515265
11.983796183055414
2.05334280136326
2.363892844532129
3.762455452990293
8.501116245433412
10.703934577001824
4.2293858816974215
7.01549922538482
2.440119495480695
-3.3465560662524902
12.802351353162837
17.68108687510318
-1.2020027514822111
5.947071528381572
-1.867825604175255
4.0193517775188035
-16.286981069038823
-15.882846180876387
-9.04067309174056
-17.98428155589993
-5.448951999842478
-9.45952479121662
-7.27317127820416
-5.288343387646076
-12.396344780297332
-6.3396244599126526
-10.414353400676116
-11.643679666006037
-1.9308652116169276
1.7834020609593166
-12.959143062388511
1.5373035821985113
8.446808654834513
7.148019732864963
6.023524352903075
-1.8035589824815228
16.889088427922715
7.5708674635141575
6.287711403985571
11.13790398712013
4.14685442565081
10.053575655854207
-4.975481524901146
3.214535041829819
4.596174756347331
4.590154544493464
-7.128431645972987
8.312435492964902
-0.4376153015155032
-5.866791993383074
-1.3000450737280318
5.624656053045831
-7.519886288389621
-16.46906784551085
-8.420772459701121
-7.119472878310682
-7.611313225806028
-18.17192720343639
-18.508182682512764
-19.71752879289319
-13.510548973248234
-23.154669491986798
-6.179146639381693
-19.688532629282815
-11.546611322853467
-20.388641140701665
-14.297633466771616
10.995584316977427
-1.2863960011617763
2.2966608309236096
-2.3914203624926067
0.15251401981785925
-2.50166504538976
6.2996844699896375
2.45235114173906
5.661605613201934
10.406181267114043
-8.823797311520329
-2.6874928292547406
-8.246014255443404
-7.330983536598951
-1.1958323769224026
-10.882929514725804
-11.63147950944422
-10.856350814803667
1.2473420044849441
-4.677392594034206
5.75126157777549
-5.498905755315951
3.8676140734873936
1.8645798400271412
2.4711432555611523
-10.964299520642903
3.112635299276985
4.532839264122827
-0.3674064769609583
4.794859022866518
6.8403231393783726
6.8991301621145205
1.9127411722628092
11.084318476350255
9.877515018706575
-7.835210666301257
-1.094141668630871
2.2119095927418595
4.827379508028391
-1.6568914321223909
3.293709895437333
3.3802820178150137
1.7361842973854318
1.8961993116379456
-1.3028173345848941
-4.0189528516753175
-0.3215277193456869
4.009031465487452
0.2590891160465437
-11.991933862640057
