-8.42670679344251
-9.239835594423804
-15.991658064475587
-12.117060975797514
-20.09771462738796
0.9284243150352424
-1.1521252312568708
-6.8184094439795135
-1.5879319853062113
-17.37250776279243
-19.420173129561
-1.3655756110462705
-29.35691176584145
-25.47220375216559
-17.499579340316874
-20.404740716979138
-13.274108718401367
-14.98259348685416
-13.427657970475952
-2.621364212137763
-6.068196663235575
-3.895108679031304
-1.618114193572855
-0.2386987364791741
-5.840952298127007
9.340692818879717
21.091787559579878
17.188248395517295
11.543017106422598
6.409555172445535
5.715709331628831
7.494543308538793
6.283045562181262
3.9653738122862983
3.8595134374094897
15.223935814291199
4.1160459159233405
7.972188015468537
-2.7282622792183955
-8.196061125905269
-12.623123208773189
-2.9072980314963885
-8.273442306820225
-1.8062280166076818
-6.574031633053986
-1.455954347798091
0.03622143754175016
0.4794017240547484
2.9774320546528417
11.13995198929542
8.96233250099106
7.223605415215228
4.895243312042824
12.753493176973526
6.346563607965026
4.841518109594361
7.20880357443858
4.729514753542827
-2.2084593199614315
-5.250669597672278
-7.267912215210482
-9.241412210280783
-2.910640540111912
-10.732173712058088
4.367664395937009
0.5402602199228963
6.775206397986334
8.009967827129067
-4.250646817417986
13.856960739473216
16.17167367438371
-0.1037832921506712
10.846879415755355
9.887789969100334
14.141907526896794
5.196597979695642
-1.2771980328363857
11.204758497860267
-0.9167168148886914
-5.2273103186972305
-20.291141783146642
-17.583602278916217
-9.065221177227688
-5.2325493841280375
-5.564335282485665
-2.900054308215587
-8.077038361647379
-1.4893571859386832
6.666959193784332
3.763963033121738
1.674444735101258
0.9361120281409828
-6.453900766596477
2.0929653886181487
12.354556447459846
16.409563485069455
1.468559719899304
8.215287451384771
1.9648424212023543
14.447837431450347
18.688891960880696
7.8695976133944265
11.089600086794796
13.27230284120127
13.448167452097143
17.65181537164716
13.85572444692361
-2.177490706052569
10.865740896521464
11.895339474288606
13.6273392497876
11.247400664448689
15.634005535487793
10.889186481131787
-1.1486519179490382
11.512513650941901
8.604744480483298
-3.1538334637709537
7.912936484534532
9.877044475671962
11.755010201913555
10.927364292088024
9.145999625902435
-6.957071507974897
-0.6182702681863755
-15.727811344231295
4.556466133178644
-9.488016889786783
11.08766491726258
4.425421450080005
1.5271429294941483
-3.336309907380541
-1.6649147596399736
8.1062862082991
1.709447945214022
-3.870523687068287
-7.512156162795218
-16.225956398953606
-7.790402262718496
-2.8268572025367344
-4.334378994939944
-11.981558626301329
-8.685927533948469
-6.977782101929879
-13.394220303775661
-9.023746925065758
-1.7222043854393507
-6.683885799207211
-6.0100822873268935
-8.756282432568835
-8.340613925996143
-9.789080570559944
-14.404256257217913
-20.985391164339255
-11.207237772147577
-2.3538018320966696
-9.610223879668904
-2.2343303704224695
7.7184496437814705
-6.873935793733335
-8.65073965023253
1.1907527460503666
-1.975327380841192
-9.444226237455512
-15.609741166688394
-17.571766349774492
-17.759667114404067
-10.718412765397952
-17.67315404099153
-5.976585817057936
-5.793513283486772
-3.06778567023991
-5.3562507932488685
-7.837891941105509
-10.217108512002977
-15.722993698240067
-8.494797299141188
-2.2717755139958182
-13.28841723543907
-11.181136220041619
-13.437949303504245
-12.872330096470904
-12.794223129375748
-13.172881086305663
-25.023914564961718
-5.569763545933957
-11.548405929570976
-23.81278562061256
-29.995123606416
-20.272823178822907
-14.94624762995904
-6.703543964189607
-14.676761692822618
-6.554309915563606
