-7.5411569966360865
-14.76858812591997
-19.502060320412426
-28.074679129424766
-17.56501191444796
-5.555019782541804
-32.10668272030732
-14.378229481992662
-3.061119784500137
-3.301397088532598
-5.450053565531706
-9.343416668619314
5.757546447310253
11.0349777167975
10.432070368555406
14.18987178869914
13.369596631449125
13.959982453704658
6.7089554566682645
14.895946517001535
10.893432534811303
-4.405542315869858
-15.516545502775939
1.98025218079025
-8.577738794319767
6.928863915567132
-1.0206498430033086
0.09282727238233117
-26.290105294035143
-10.641775400112305
2.6067650366100885
-10.687460432821947
-16.048960436607942
-12.340561912025757
-1.122091005021105
-1.7621612207578603
-6.7680341154465635
-8.577052558819394
-10.457851772116546
-4.628913592652238
-1.4695324153003744
-15.136770660769065
-14.996282595547981
-18.52405465141848
-3.5811330388388662
0.12410147174165
-14.967681952086757
-16.02230211791943
-1.1633472234265865
-17.823459805827802
1.2452967761867422
-0.2420349502151357
-8.224612494323935
-11.371389416504776
-8.026301438007168
-37.06305249927704
-30.211512279310234
-21.38528588135743
-11.280450679833445
-15.712426199762204
-17.07983813248157
-16.12727715703489
-19.98824584049253
-21.779047219743266
-15.143023204240615
-20.4639912323124
-27.71831011995405
-20.9022483410025
-1.3757063626309198
-10.05509170799268
-12.319226212448616
-4.219205300999214
-2.711090263091563
-12.609790482142081
-2.9936614337496965
-5.399386122204479
0.6614844060037405
-5.1443336057920375
-6.359231805129263
1.21126333620419
16.188095775522154
3.4774805672142817
12.379972807933726
6.4408666019895735
7.002983770604245
-6.970133466358579
5.5481506259763025
5.7053204266954625
0.9547679099066104
-18.01579169439693
-22.351019049778166
-3.5443627947883707
0.900135162522548
8.486698542693407
22.708520219699146
12.4048495720621
19.23357365652889
13.546150764546013
15.27640304519264
21.369594974085924
13.815190152606244
6.048815874476019
-7.326525863456662
-8.590110187182066
-2.687531019768288
-17.05177904179382
-11.95893515870066
-19.695883030606016
-21.681749987302826
-11.93153080411294
-24.337699016820586
-17.534972888083324
-27.588661814901236
-33.44447013830117
-26.63414780455561
-22.86908709895625
-29.89929597063607
-36.41987630699233
-31.85892052868257
-15.663610728459744
-7.308307158763776
4.247330035898093
11.05982729659694
9.051470625583347
18.106149642213364
16.096733085932687
19.373426350089808
10.90155787242196
18.900946182079092
6.7878876349498185
3.0406256936123848
8.415278017315392
5.649473465143278
-9.225363587553574
4.432424492505495
17.71662121619925
-0.1593155126700638
-2.307358977824626
-0.4698211946424738
-1.5379766795660426
7.802814449741078
-4.915091520343611
-7.651385007732892
-10.847192690795945
-6.1980712455709055
-22.873546621065287
-9.130892825938684
-2.7050286094708538
-9.927065470645184
-22.48775904226029
-10.985724132408473
4.175937797610766
-7.25651670241565
-4.908341819826346
-7.311069945035572
-33.882557819136466
-32.822106134898625
-20.940850503456584
-24.941833901493393
-33.119242243870076
-25.849506952768692
-28.087259384622087
-21.765200794828697
-24.79193543315196
-31.178928092169965
-22.984571338858146
-19.534735809930197
-8.356902826518462
-11.983080966357553
-22.27383788386244
-5.56580417227103
-2.744384153555373
8.149713874146173
6.415587682944925
13.560311967547907
4.8625677242438154
2.924218244796488
1.9934665047113915
6.690482628508352
0.020341734446553645
0.043080416830401515
4.9182280419083915
-2.536851408497312
12.74238214252717
-9.389756934862387
8.216641651445912
8.797033591430715
12.763901189528212
-1.9944844690663937
1.5706396603610946
1.942796621382601
5.54275455306091
2.3756101456271703
-9.182525892124671
6.972905971525379
2.104891144188279
0.8991610826227443
-2.2170585186434835
6.495072561030973
12.780747125743163
9.384210660036807
0.34585387703250225
15.481578801699884
8.834942599457793
6.572453363810687
7.601805380442568
12.865882364843573
6.05704131527575
6.693015633937044
2.357202794335591
10.936039769047243
-1.4541695076928558
-8.052501106250665
5.434045049168837
-2.8952509882226085
7.61079745442395
2.687718594126082
5.272134807803495
11.825470806221785
5.8055417565164325
8.379919319302651
2.442122601700495
11.400828327400633
5.04039270865121
-6.579224615142717
-20.0853981453469
-16.131234219524902
-12.229448670751907
-31.042215601034865
-23.002855020669767
-11.335163038813205
-19.927096152495295
-4.9038282177983605
-12.181403726275681
-11.149255129748406
-15.00784291357061
-6.293110043712593
-4.478571696597084
-3.0082529916451994
7.797352297121015
2.246287549016249
4.757821258158252
24.558739578138862
6.6097413118022486
-0.5887210201437146
16.54510695254998
15.209863642870483
3.752705168327524
3.766230732738459
21.35201519783248
-3.4155399459954427
-1.5855100176416856
-3.18582135764674
13.33433347570296
4.236903380916158
-2.428467193107448
-3.960990639934716
1.3210824442795182
6.973115235683392
10.721876276229633
10.331401451426727
14.580585699027932
7.998963135657762
11.189083154072122
19.8219543885632
