-10.27253402588016
-14.104831764593186
-14.755723651271667
-19.22512311489084
-9.383333873060712
1.138433060213876
-13.933017656992742
3.1992167550845227
-13.080417020072028
-3.4528187407222823
3.250176697832851
5.9869486729409775
11.375606807883985
3.6140622341107322
0.2769167006316958
-8.628306090569717
-16.19594648128054
-3.3198413015172563
13.169663476462308
10.591545785985037
10.755213449828815
10.311246032353607
-0.025279572548528983
-2.9415659602451143
6.046045682569049
6.056230839441612
-1.0716423084411966
-12.522164352052345
5.8366247804207845
-15.989157240617432
-45.38014456002711
-22.68383825475605
-29.71612859341995
-32.5915585384761
-26.509969477533442
-39.057189927347174
-37.824745440016436
-42.15812795510042
-25.963627788181814
-26.413686887514363
-36.027972193954355
-26.102101688077394
-39.65176128799799
-40.993970211821654
-35.43071480632074
-16.752184227999045
-23.387088436230364
-22.06051666957255
-14.099136863450255
-28.70848473301721
-23.70526607199531
-26.393855823678788
-26.493172540518866
-13.243810803456302
-21.459114058668433
-19.138228335140017
-19.197585479070998
-20.268854641188675
0.9227211353477685
2.299755319971962
2.50220089738534
12.847882131041471
2.846005313542862
8.703956999580619
3.0151679024166134
11.721636943456874
5.764590634419964
-4.291362349725675
2.3291922441577158
8.902923514506558
7.583997255338418
6.776882033504925
9.560179884946194
15.380334021058507
11.527822126629193
5.285648877393177
4.5880847626229135
1.6755598535462073
15.474560989900956
15.273032358756602
9.761968391679751
2.9483377332507437
10.992620050338225
1.9849036708838068
13.791019964179823
15.028295902806391
12.589266487614866
-8.71514519616481
7.301031306947263
10.429812200112892
9.844613043681674
-2.004283228126156
0.3971648940459117
-5.834468545382624
-4.756652377116323
-3.8046576053188863
11.244847932921568
-13.217150447620304
-0.7715861219895672
-7.958362718037927
4.964773165163557
-2.549765349465101
-4.621795885626149
0.9552470651224224
6.390247932739763
4.112404221895791
0.6970050876491415
4.778626641525311
-1.7584262147782816
-11.055576207117138
3.3036203246317517
0.4050136446546334
-4.940494347285382
3.2067901069672717
-1.6672493806078212
5.7197162357982405
14.780109740630643
11.764189219154296
9.656915200389953
18.467376711217728
16.282804595451452
15.801240138187909
10.823481183025274
21.792652054490677
14.931846215275689
15.223452430216682
1.7125796805037419
-3.850948780123929
-4.4839103470745965
-13.671369359915706
-6.849985857604926
-19.427320140597747
-10.591462911171304
-13.790928153546359
-7.825503705356917
-20.228724790887448
-11.194660605819713
-15.776988110199099
-4.6156370642546785
-13.750094373727048
-4.733191353755014
-4.664158076159489
-15.95027107374966
-8.46170275635537
-17.976327701051073
-16.628384624092632
-14.392206587371348
-11.301262525180185
-9.19809897025798
-8.348982992494488
-1.8138114655065116
-2.6102055858241813
2.068697942406392
3.888339239272978
-2.7384337700598484
-10.064195525137961
-8.920683973887554
1.1981263066692538
-1.3006801895572453
4.389479596902119
-3.6318081953363928
-4.90393309075968
4.153990518602393
1.673548587560986
4.0066196051742216
-5.175035136431819
3.3453602927476407
-7.5584818785828265
-4.612108181547242
-4.146346550987643
-1.3546564867838289
-3.6649650165011542
18.401305768848875
10.072275575900392
0.36679509793930376
9.123439313786754
3.2670280672901075
-2.1706959443307583
-0.11528438789620744
-4.508932002418558
1.2146874206667992
-3.5247678386865986
5.8055055576713
8.336585122574313
9.918768811806325
-1.5905811989807588
-3.371116213961784
-4.51179884853921
-4.787903034376465
-7.913504189384345
-11.428765001757483
4.382905709238655
13.009336937662821
-4.233544886178659
-10.840917802143883
-2.3641474646465204
-16.190167522609187
-7.449074831554452
-1.1806464151106673
-8.144313262541418
-5.742542814092026
-19.861684005699328
-13.271515421788006
-8.344488625840762
-4.948028031355449
-10.88994037695945
-16.64122135910002
-15.041743866249847
-17.04793907735682
-15.18162815420763
-10.898961845664694
-11.74637953196335
2.7954196046261734
-11.664370404929054
-15.953164628605672
2.2027441735096827
12.255237573986776
1.5965990048301064
-2.159654209204469
6.474877039020869
11.327440041193025
18.047350116584926
2.651263020480796
7.0985583266505685
1.557673203108362
-1.0943710656523362
1.6848500209425197
9.604296712694444
8.383770687553012
8.268047078005399
8.71236131457174
20.153341709184183
3.700707420653736
1.6156705366505748
-3.4666958788579523
9.226184275964343
9.817669158867261
21.760170995600387
0.4611967483774801
19.804513209580836
20.25826356229677
19.231210886534342
5.5588812257700875
12.80812050888445
13.913790737909588
8.292159042231427
4.2787629260913596
6.044121966492418
6.529659020294151
8.538951026662055
7.5333101996581195
0.1926649120580841
6.781507310934953
5.650643950065215
17.26825752321669
3.056987985683828
-2.216913349205733
5.203367003679247
-15.034610293087644
-0.7157676325598239
