-9.830965479370846
-8.37728974992028
-4.770101220140644
-2.8362688468909063
3.3500878130480407
3.2169824932687185
3.0146161480604903
-4.626966013375253
-7.578988453918628
1.6205840470330863
-0.5904042680085315
1.7792213367367615
-9.891165561677237
-9.394758451382172
-3.075243413523939
-0.5981736018987932
0.9475350474977616
2.6559795897175427
12.706729358003047
8.51522409931701
4.116458078527455
10.3584777107771
4.491624245268394
-4.699154453308314
4.350468489415774
-15.773009568405216
-1.1361829548845213
3.0685016411840866
-2.70565434988573
-7.949727779266714
-3.0890798850758285
-4.406390193411387
2.1008963726281245
-2.1223178728977907
-11.467030263194005
-12.390534349533295
-10.73108338296522
-4.4857309747908465
1.6544447249838317
-5.016854141307347
7.043732017858626
11.486591203215553
14.845453793281276
-14.781832985556695
-8.28473760922495
-15.63323018347498
-14.650325812115677
-16.033827061814858
-16.16429184523389
-30.76945928226917
-15.930563339180448
-19.847519265396755
-42.158350252106
-46.33829299021758
-37.35553034128787
-43.36546658907199
-42.60216346028568
-26.000713102152925
-20.33682864132832
-29.27986096963376
-32.67636513275205
-28.70048537817676
-25.936909117771968
-13.26401869537086
-32.692209444381014
-4.8953696938963915
0.6398909377826845
-14.799574362950196
-14.925541374972935
-34.36219103104793
-15.310486699450829
-5.2092344839525495
5.31245640883855
-7.636721060138705
-5.397441039877279
-20.067888682599765
-15.916963671207931
-10.066024597132484
-19.52418915623371
-1.7720400763899096
0.21147087612452584
-4.664388178583891
-9.721903068829556
-2.396101690319289
-1.076733919747833
-10.030011781553492
0.9102111124966928
-2.8768980708761127
2.6684237036852645
10.403037335988023
11.261376994664754
12.84291097908833
9.071535304396155
13.954453324658546
0.26663692729972355
4.3800907815250865
-13.3330027909334
0.6601657590866304
-4.503589054738798
-7.847901627854114
-8.786007413008765
-5.927432575430274
-16.839927594760173
-23.805763683399924
-12.303121817637177
-6.6268174843893455
-10.158265327698638
-21.610404732244355
-17.275356047688135
-17.311172128473338
-20.204130680653147
-21.318083698965825
-21.100055997637178
-16.84354753534693
-14.640590550799894
-16.796851357040474
-12.976679831977913
-3.5400751678002202
10.262904207093179
13.008033883004366
19.927539804049534
6.376672565126753
5.2165440833417085
13.758091291942431
16.521487785995735
18.016352087214123
18.296043843465387
13.420125668324072
11.584648448344705
7.303519995236093
6.786173882855243
14.134917350061775
13.958912078404126
7.327392447522974
6.247947646021879
6.325551275198871
9.522909763525657
0.7451260875443259
-6.658767008696515
-6.469485285619386
-8.03100785491746
-12.782582375361507
-1.4072029503980112
-4.322221243389821
2.631509751269174
3.7155486569014626
-1.3607813334633847
-0.4803029343736111
10.891822438640867
5.02934174555207
-5.16496085529281
4.58419178967101
-0.2045975989968451
-0.6495242565500169
9.985079524640348
5.9067568596225115
4.121138779955817
-13.14823085618798
-2.4330430161035577
-0.9359245290047012
-9.63882774074708
-7.528145622534988
-17.02491623679028
-31.619021400177928
-10.198968199521316
-4.046009572980937
1.0983705650255036
-4.933009573166146
0.2235604366436214
-7.877288439855047
-2.4672847512711926
-4.3326158154870775
-7.007972950010481
5.320939185792211
8.440725544862811
11.337255282673205
15.846384778915038
10.124075680570677
1.8535334631675742
8.113853665886833
12.760543323479249
5.241932704173285
-1.1720359056841183
1.6450258210770403
-0.8768053123619233
1.221552721232561
-7.302480375673858
-7.8241434940037475
4.9290113636219015
7.1642219612041975
-1.3187801369285594
-3.090142568875579
2.0799268533325344
-11.426263344961582
-20.11201637643748
-11.912483154141407
-11.552165915163949
2.3613658943092606
0.6370517465064047
-3.7722242588384662
-5.429384058192879
-0.6985107943866129
6.0383317501017215
5.7624215510190275
8.538228452006395
-17.023792091793375
2.231957833929176
-4.872375194834424
10.879918374465827
4.860330288055216
-9.918053362104486
9.085670538671392
-1.8909410064698116
1.729244428348779
-8.337454692128247
-1.4539280775952312
2.891735975565607
-3.004430899338
-21.930204184707627
-14.048696374595654
-16.22427209331484
-8.274131473888069
-10.183937705359584
-8.29754171221831
-14.127191472009535
-6.466039109043436
-5.6061572286312025
-9.639521246948533
-3.1562591071388573
4.827460789834314
-9.229703906434995
7.592521756155349
-13.746326783500649
1.6821900751442258
12.81413719350215
-1.098355415259682
-4.8579810905243335
8.719228174151732
-5.161595367307983
-10.017514364012566
7.572706550532386
-14.513670503563153
-2.925519729372291
-5.382739799732167
-3.7545942453828776
-6.98012597437805
5.18635698237428
-1.5631985327961853
1.2914883212282129
-1.900611412144097
-4.281359953611673
-9.426791036116331
-8.088685423200943
-15.971681812099545
-22.661437553499947
-21.620863781324935
-22.978354867331234
-25.91172689146277
-23.217255971889998
-24.404229619167857
-17.13539008631913
-16.158125980332848
-7.864314183942598
-18.522568574794217
-19.371000175463763
-9.401840599854204
-8.229433978936969
-8.171102163882011
-4.917754453816516
-4.570587792598389
-10.108042646346934
-5.244131244039046
-4.266826714489054
1.7984585575308565
-7.039973946103733
4.7349627434788815
13.421423104054613
12.040426332516189
4.737227584286505
1.887420978676125
-10.173807681724806
-11.787775920775962
-26.051879588542718
-30.102860003758455
-25.604279973777707
-13.37569391933748
-15.391298856741875
-24.745634869828105
-13.977352309027625
-15.159582433416796
-7.510372817012196
-14.434479739670042
-23.067188777235245
-20.241846280430643
-17.14734747261628
-20.24415626198289
-18.06070274226786
-25.50168365496641
-20.479193741568327
-25.74548444098041
-30.75639828896077
-32.8354595436697
-29.11150391922213
-37.447321354134615
-26.92009174578413
-22.049816653724832
-16.05828139510163
-17.480042054726205
-2.177715854763258
-2.0228216921776894
-5.867776152737638
3.3276185708244075
4.540587422457312
3.8871806043399433
5.998401639923048
5.8669660028969775
4.243687368526691
0.75282975891938
-0.6179545498917942
6.222835109831023
1.9310477390768308
10.856134290925072
4.009482291616617
-12.117960410846553
-9.4986774700914
-8.042459459645837
-12.808663985987115
-15.369906843845714
-18.340444698575435
-31.589664379062942
-32.01660175962499
-31.0537472200612
-28.441248596080452
-23.60865239235557
-16.557191222240807
-21.54290481255332
-8.461508052695164
2.447720782368685
