-1.8952333888644544
-8.334437608037524
-2.1671331990735565
-1.0517420297788596
-12.191712741922304
-4.768161134579599
-18.18453804624064
-19.9919876451013
-18.202328403833032
-23.928497179555034
-0.8598791691638189
-3.0983699818042894
-17.870954454581664
-1.971527576072157
1.1625117875170554
6.102746308346688
-9.568260318408237
-6.240999222808897
-7.710085702629111
-4.024225678235116
-6.325837446456021
-10.712672189260424
-17.336937244483323
-25.84782074199284
-9.29327082096967
-12.275692963751034
-7.9828492451119635
-18.389346188401632
-5.238626064312234
5.3522660355878084
11.263957010599075
11.562525640532346
14.283626810681016
9.369747611443682
6.312656273782472
-14.027591412196927
-11.348550433777296
2.0157995013931997
-0.3499830905213397
-4.745867288139033
-13.288151304663876
-3.6487847791768937
-21.10403180650832
-0.6962551446482492
-0.8932389093896724
5.45770491277817
-1.3411665749207031
10.864579542398014
11.705165036766155
-0.22164427707382844
-2.2052257239233213
-4.3080769820791
1.647131529133112
-16.24236526911829
2.2756728804698225
2.0168746333351844
-13.099481590132472
-8.765025096912815
-16.5786373397939
-26.7581358623582
-22.16931899433796
-35.740106990750085
-36.375716566150224
-44.96647694601543
-34.19996683376374
-21.792658422561498
-32.773426849066574
-31.22719082297893
-27.220124777585198
-16.63590601033471
-28.588702599248343
-23.032667159097272
-26.94130790512206
-16.324225681758573
-3.350621498590709
-1.2283804399537013
-0.4884048550071378
8.313466844226541
-2.3078785632541434
-0.3907675101218556
23.06277051412864
23.345635390957217
28.59259010554405
19.138831762853513
12.285640645563884
19.193053340780725
18.459348443693827
8.426410616131928
5.967111857915144
-3.2587818074997967
2.49800505426863
4.954576998633538
9.103927092663412
1.7564889767027714
15.854008074137107
10.607792868596214
11.663764239534585
2.2133483875011657
5.684646515144875
8.025557753255223
2.8489128069777845
-0.5944961194080739
-1.6206954659481614
-5.376603032069184
-8.69150662658577
-6.150507411501652
-0.9018038301135882
8.028047587476513
