6.60672635454538
-0.8465483534378804
0.7547479724205586
-1.494056298703964
-2.5019957391563614
3.059259857174204
1.2348654947149291
7.2090602221519084
7.40672705039492
8.528696849294745
5.349677353182941
-4.988652900750346
-0.8470187470661384
3.4234938474294285
-3.859470441803895
-4.286909270784326
-5.761610661347582
3.4120049414184708
-0.9159106017542936
4.750739705120409
11.237117222118421
16.52063670098731
2.700528400362812
-7.565447807505349
-8.91432352434931
-11.029544816040046
-10.268505792168657
-16.548889304986965
-20.80729808818965
-18.727941227003342
-8.625897007057786
-14.657072674572552
-10.037466086394463
-15.956312286144605
-11.686920272213163
-9.758937349822595
-11.069656633254104
-18.443551439302183
-21.486758750457483
-25.17271381880291
-25.297401450308055
-9.266594568763043
-11.046127436569822
-11.363077686393995
-17.373447161770674
0.4326180006760091
-13.432676109206042
0.9037277173995256
9.4653134301581
3.1130695451281083
2.8836184651147105
1.420540487470344
4.705781688502013
-5.001082964539056
-6.955242324151942
-2.9270679425539927
-1.0084245099336804
2.498050342672202
1.106347931151543
-0.058268272269441077
3.1580269865730717
9.650525288593911
21.955359321020644
7.557358199644415
-12.380454025066385
1.103752353951371
-3.978187711199134
5.162749043503294
-5.996393032596178
1.4243258513820032
0.5721110608087808
-4.514042262827083
6.363486319080717
24.55654468391967
13.845660208362204
6.198220400067438
1.6114549134647902
9.207831653571322
21.20528700571199
22.6168555350912
18.252041186111285
13.260453529803026
17.417025238635315
12.85791071681816
11.55910158483615
5.165012762069644
-1.165091925693362
0.3658812111814332
1.9417350742122328
9.19093279175524
11.146650863809636
7.01546125256251
3.708394050603787
3.3992558557847588
1.0747752234400658
-8.040025342818756
2.48112719916484
0.04434952529419911
0.3826609661962585
-6.1205175241759076
-7.66160388794518
8.447868530317146
21.394698973122264
18.223378413116272
12.358180757300673
4.326657827901478
-1.3517653212232026
-8.112923936501968
3.604202262513676
11.82301280625937
12.102041096966465
9.006177158490383
16.665177722980008
17.012347979670036
22.574053049131305
12.02057315719733
2.3989409089955496
5.590846644707806
-3.4508297118944604
-0.5460585295050053
0.9628205643859568
-9.14476458307096
-2.897728140741373
-8.170657447336417
4.022079353410189
-12.758497680919216
0.99398196513224
-1.8072411812907463
10.279920597509168
5.338439436870513
16.901658685385048
13.956540015749074
6.783161587967437
2.7275364536877453
6.616862898102497
11.546765361233225
10.74895578010654
10.188897808395222
9.879066414345848
14.190612926873277
3.970498158111577
1.8174651662448351
-8.721814782121555
7.8996054471511625
-10.25038085913572
-5.240034739800771
12.668885763607724
17.741802087462734
14.965195039922927
12.991589402282274
20.77405217982738
11.92682668034307
7.0781916677228915
11.53172686157956
10.43692044354837
-9.329988264489776
-22.245118812068647
-10.202132779213109
9.920545115625542
14.880764644826051
6.3929995749869315
4.692605559039093
-2.8423803123036535
3.2486406769223364
-15.367871098056296
-11.028562137307329
-10.595330523571336
-7.269311773083611
-7.541992257614044
-0.14578966627452805
-16.460351825344976
-15.918616371006715
-21.927789172294712
-19.850570643903612
-10.899271875569253
-10.847065118626942
-4.470324062676198
-1.6507973837366492
-21.55214217195325
-26.75667279163069
-18.922652958582344
-18.408608448612128
-25.174605650710408
-25.478590033121314
-22.43219366206244
9.088161367850512
-8.262101603978726
-14.353535656932168
-1.3100611134589522
11.48545487323119
-3.4386247402079175
-2.3715273590862957
12.011929693381306
14.186939738260524
-4.398060720629257
-2.3890009466295705
-5.3090812255958975
-11.15891227639884
-19.475230207718134
-23.695027507455023
-26.4590597823122
-19.756377899286303
-20.48417504594148
-7.826686553403977
-28.236614320476605
-24.37069301387622
-21.30090366568092
-21.4025961045808
-17.77562404170736
-31.77750532287828
2.7114981372306586
-21.812346703594226
-10.225512365982855
-2.2426737828737524
-4.287156644421005
-3.1294143032937796
-2.807383327718684
-2.7368452199904945
-9.329274916759797
-6.416757237247722
-8.966829993985598
-9.68486663291409
-5.400174601383176
-4.0893091179802745
6.429864444502156
4.925914731190638
-2.4916901148540886
-6.648527287518322
-4.218448415362514
3.562118279107209
16.540647023367868
9.654684143887074
2.7675949289256567
12.241890373589875
8.165027334186401
-12.614874637758966
-4.582770038546935
-12.350493115315485
-14.126070391991945
-15.376161228733087
-11.216813438612874
-10.95813966471591
-0.3426525984147941
5.0188555522808045
1.0775336414574594
0.4413003196142293
5.569514292310507
2.0415306571120357
1.333695095249927
1.6788543475772544
-2.9079983530259788
4.026879217042178
-3.5335140012376716
3.532080599818797
-7.1196988863797275
-6.251581687085673
-1.2641392535544975
2.587006991511529
1.3063763337732857
14.897246256939676
