-10.189582796527406
1.926147714207719
-5.907184699823885
-20.082042134571267
-22.08634516006905
-13.769271141079054
-2.6509318054404614
5.714778587536314
6.046778404626074
2.1523229567672733
-11.285729887576187
13.45252580232174
22.212447061821585
2.624914100097488
7.663834161592499
-11.161994553720591
-6.321731557767586
6.672609301958363
9.464837630307434
-8.437670669927366
-7.111183042269955
-5.5430470397024685
0.9747353000913942
9.51426351562728
-0.3732911846518221
-2.1004885902182027
-2.6810277719241613
-14.890838163818447
-14.303725048399182
-10.470914449646386
-8.014109033102468
-11.048082978846569
-8.702026410479847
8.293000010668642
18.44670223063124
24.159754122539912
23.183887205206734
22.78628757326723
21.437972313615827
12.117587543371592
20.10206293067061
12.102466236942544
12.389048874459275
7.703931878385823
20.673254702439333
4.8114796766714445
10.530479161389023
-0.376183787171034
-7.2151780181181575
13.51323131452464
25.404586551238193
37.58955547737077
23.59359419492765
15.55295423633418
11.461745862436885
18.825688373388182
18.374231585750294
14.657770294608511
6.48680262896698
8.045986025736182
2.3919964489543983
-2.155568604672679
-18.889281512380236
-7.41734895122346
4.024236540180048
2.00878026222062
12.671060302696945
4.896226700150745
-7.940332021551865
-1.1350116249428637
-13.70475653862874
-0.20353355031109646
-8.18971476432526
-7.164035585181496
-8.74554923331844
-0.003583634176204297
4.5809727854340245
-1.1219516074200468
-10.60149815291636
-18.78604632137328
-19.188964362141604
-13.657765050276053
-20.691973622563072
-18.97048043590475
-1.4725551397701713
-3.164069574794187
-5.14995649270822
-1.8484095619493717
-2.4231656030800317
0.4273287232993156
-4.419231921518737
-1.973627436021092
-3.7637383350948808
-3.7317159692455535
-17.815493619315262
-0.20260853371908494
3.7485026161792048
5.74796700108654
6.761097129641478
4.9463894812934495
5.330028194127876
6.126729857302108
-0.01802980412198849
-3.9694017622669886
6.2314508590741085
11.026614978930233
17.661714699664806
5.2593957870136645
9.071624303770948
-5.437268428606774
-9.993776412880079
-6.8722507032591915
-0.2585612225434143
-5.1280360022608615
-6.866229283405713
-0.5492017999465069
0.05397587332476169
-6.711883389182778
-0.6657448501937109
-5.15482991822266
-9.884602003947363
-5.357474195663458
-0.18575072683065186
-16.531832683996054
1.349336508464683
-0.7132398438530503
0.6338932804073556
10.90404231906152
-6.539700795697224
-25.836917393176805
-3.8659502210412073
-3.2145969884300394
-8.161357540998189
-9.2481904498971
10.13088803205664
1.6165745136194711
-5.881210631437651
