3.5314656427939135
-4.227988095038777
-6.992294164204117
-10.621996950921336
-10.206104196248232
-11.895930878832836
-7.633435002773338
-14.83883502239508
-9.683242563291515
-2.8861443945962577
-6.7965230755010255
2.2014457319059515
5.085122241408348
3.1147569076033585
6.480117773394976
3.6366723249610713
4.923545658058135
2.948510780269971
6.541208024407951
1.0984545185683223
3.4894492619509436
8.522766227183036
9.070646845607108
0.5579683647090685
-2.7725298649057994
2.8219572584701185
-2.4900588512330915
1.0213456689503435
-2.521706392067381
0.8701939296275654
-6.537997134509253
6.854379282869308
-5.497577916052838
-2.8713414021490804
-5.6375344103427265
-2.6942535628125674
-7.057933412482262
-12.79308873355113
-13.046777021376142
-5.8042922434036885
5.863109970398512
9.014573520328664
10.659055886939214
16.447073626817538
10.603395580931886
1.437669249653385
5.360679742282089
10.653324001861588
1.3748047804515708
0.9979092994381712
-2.9368176873974434
-10.332261063397102
-12.789473641416958
1.8315190069757488
17.57360803029347
5.306254904217566
-12.389644987893071
-7.3715425089726425
-11.96415710177552
-15.897001408854248
-4.954625144447757
5.2212582973278465
10.869420748066824
7.7923669723910685
-0.6097307725065287
-5.854927223121655
-4.05785909674309
-3.4996446405387878
0.5715340479033617
-0.6153844768367175
-1.0760315905934883
-0.21161534533110765
-13.972107095911243
-11.359579109760336
-0.029953123788997994
-8.878223882765514
-7.385759405281645
-8.862179829885164
-17.182804887219316
-15.05206405675334
1.8076586562743844
5.992384410306166
-4.728720903945362
-22.297852004634514
-3.0089078550317816
-10.12187530298378
-16.823003168886565
6.796071176117272
2.7683699625018576
5.248598052845058
6.524741311791866
-5.174897441627332
-9.271078495608146
-4.637838384826407
-4.959114329946919
-13.550662830175893
-13.806463641204221
-9.04533127708929
-6.769225644133001
0.7777548055753374
0.4399675342849383
-1.9632366842730289
-3.3333299033115362
6.975821552452916
5.5434114861378765
5.780387646040804
7.289481696031741
12.20071629443969
2.2416353292650872
-4.172092079347056
-9.848244551541766
-1.8971646249580003
-3.90446847076845
3.650226788489528
2.119602035555696
-8.462397560137802
5.212393760811478
2.209547840143334
0.7784719730560961
-13.463914336066734
-4.2696397110912905
2.8292247481958057
2.0616056897659063
7.348621531802897
9.503222892613644
3.54654800534588
4.187162005059055
1.042675447352555
-1.5527118348737452
3.3178583186159365
-0.03981476040939369
-6.213243626981673
-29.556175167218353
-8.34599283313717
-8.73099892747323
-5.7225353636567435
-2.378565455386907
-9.048188643754461
-13.804970750768433
-15.133836938109608
-9.069777786070171
-9.205940622489543
-10.35345811001202
-11.252594629496992
-2.99936401190274
0.7004976376859842
10.52086916965185
16.687346108479527
6.887783563282754
1.4008298037027105
4.307897392105243
5.992525556317553
6.356271298326621
4.467189124345972
10.37469305222358
12.265610338562839
9.214690285673957
9.63495541498416
13.237645218549845
13.53823542613854
7.466458803753915
-7.209476802920675
-8.823803707116555
-7.667581454961374
-11.920997028135398
-18.348742069641737
-18.02455290654956
-14.760813387058384
-21.66026122939012
-14.324095628829156
-18.506753076449076
-21.000164425586476
-5.611916439438819
-9.06254013623406
8.599152445406903
0.8569419179428925
-1.0503570640015458
0.6257505399771547
8.490176767825725
6.110285776150841
-18.870704988846914
-14.344020399418769
-8.612131549615441
-12.211055743450766
-12.075317030144188
-9.08066934178676
0.20695627239848968
4.629503891045653
9.73504636374138
9.587113771578167
13.528839428521053
6.632846286885292
10.523115407405172
2.898282485291296
3.590796136791892
3.9347798770302944
8.813039858042696
-0.08675706136923764
-4.348252470934833
-3.754687308041724
6.314305532350563
-3.7485185517914026
-1.4028969089583798
-0.6925137744240266
0.5530750485591664
1.9974110861805572
1.8641692983243985
3.6810072460699934
-1.0574972466961543
-9.271122786310093
4.488872523474889
-1.7967189556157948
-7.784357439127111
1.4556449098249695
-4.40383279910104
-1.197764836135055
2.1705668900239887
4.697870461558844
10.542565785923513
-12.875226041435775
-19.36853186253772
-16.602038092231826
-16.189107655160242
-14.098277757035452
1.2918331657640492
-6.452420591653228
-6.56321111475706
-2.0507568717701807
1.7124746601206016
-4.185677343113846
2.7208913613281958
3.95168687195013
7.2597032076104515
-2.2289016696987405
-3.0093395454418235
-6.031561161839293
2.3271466122889057
8.101501084069778
2.1679383838751787
-12.685831404791188
-10.823463172389062
-11.470799988374493
-5.568522968362962
-4.717055630526883
-7.365375837922858
-12.719677463634849
-13.675277460571262
-12.761063857346336
-21.862299273222966
-1.2006598065994858
-9.856405411814237
-7.360552337381713
0.2338350009958684
-10.91725211211864
-21.2368708124618
-21.347112070052205
-22.868680357528344
-14.720181157153466
-20.167679680878177
-8.862061246363284
-13.270641321776926
-22.37106893216835
-15.10411772142832
-16.92584816460166
-18.456903433412315
-10.392199992957645
0.5627494860396399
-4.976814443531131
-3.967294892142866
-4.484612211307474
5.804279774816536
6.764908723535175
5.499582684282173
-1.6615194585064936
13.254085249446804
16.92432279953949
4.2444610218819285
13.35137742680098
-9.436777428435674
9.509302166982938
-4.850175193736435
6.445057553245338
-2.7901124458690507
-17.544769124379165
-1.936129893498879
