8.025229756379911
1.1217975991287703
5.074256966332674
1.062064954619917
8.327796588962746
0.21496275681820184
15.011964882237358
3.050152149721693
-0.3400068726615336
3.217776830230754
1.8995064970782083
-3.9106325775096895
-2.4544277748046435
-5.802144528938482
9.677699765694856
-10.379292078287923
-1.8646625158725088
-9.248314776885216
-13.030795736256275
-25.728521322096054
-37.717861610033154
-17.34939837273133
-16.24046532343609
-18.417494936906852
-20.93627209011308
-18.312648677656806
-18.359294085122468
-5.397055913141402
-11.265094139574542
-1.4695742895633606
3.2187434042891714
-4.371323549314607
-15.222070925186767
-5.19373400639746
6.516659191425023
15.61753129556906
17.64083841638821
16.071638836437092
2.284615913761395
9.623871987508046
-6.648050577069889
-1.9536475167709648
21.06797864864684
10.7911546162981
4.53573916995266
7.14052331914738
-15.960132934574053
-5.763882382772329
-3.325901953181336
1.474463868893254
13.667990460415727
-2.7373870338943718
14.322466974036622
7.1393181972121535
19.91435535720152
23.587765083173924
21.555170632489318
29.241846255275444
25.425514881712605
10.044826850712472
2.4533359974375597
12.009054642385642
8.520729584429851
5.485576399744724
6.435227953988176
8.557918027273997
5.637539682553756
3.579935158800305
-11.492733815809267
-13.909127113724635
-6.907225309839082
-22.63093030513643
-19.551617279868317
-13.266432314770439
-11.070333533938769
-19.00878195294654
-12.493158410789945
0.7745867545203692
-7.978362861675718
-14.693367770984215
-14.020584022895058
-10.213708622710065
-13.085178381832662
-16.28871764681309
-11.903527442149331
-3.683555895854212
-1.041889781858765
-12.908363009960668
-13.843609740545794
-22.105653336013866
-27.561896558839308
-27.754845567335032
-17.6541713249998
-17.967938896379415
-9.098189241267317
-5.50444489090425
-12.459641718030367
-4.184334226092645
3.246923095745617
-12.538633616082445
-12.341341367299108
-24.31604879966668
-14.377426778286688
1.8851513976047825
-6.448903972993112
8.127290470088948
-0.11144685895807302
-25.37136769582889
-19.53457767856268
-7.809648864670192
-1.8319678410833558
27.29736038462925
13.527751539242024
6.849075730364111
1.8195173062749377
-2.3778817997530446
-3.776119836102804
-1.626133439267552
-6.148399669995824
9.283941354667007
4.385309205053678
2.9603603104335217
5.597315661650083
-1.4517773319067016
0.4484777999207966
6.278762560574032
2.547679247037232
4.6133047687621485
1.5676891039924468
9.625070280065419
12.977935476630908
-3.519748306842493
-5.913432286801701
-13.643088230102995
-21.469423491936933
-17.599663275963874
-25.77797996722497
-15.094207375772529
-16.98182339012569
-1.8711726788410077
2.8531311600422753
2.0294731346765493
-5.834237830583675
-10.304134874582326
-2.67529285663664
-0.4199647656495559
-6.244199049042707
-14.506743610948186
-12.266772558087258
-13.664107611347942
-27.123768368011184
-23.63089705646032
-32.656017492546894
-30.89151546055583
-36.34317575864402
-36.72731092007494
-27.427287160273128
-22.887627043509344
-15.971288957317952
-12.492836269104448
-18.872533328573603
-20.91476730097443
-17.531492033346932
-22.67459615521598
-15.549792087825383
-23.0367951371647
-13.276287725304902
-19.166112247611412
-22.442147219914613
-18.582619556265016
-23.45260381024333
-27.831767673172692
-24.69736252543493
-6.496792555632633
1.972768884276256
-7.700756486591136
-16.0356276203934
-9.176663444907467
1.904242641148517
6.401490022047351
8.241030853249496
3.349341005044425
7.126755297802919
-7.4209340286988175
-13.351639200379276
-16.633993845171908
-21.569198463348837
-17.015512133912633
-2.2128117059054766
-19.339262189596262
-23.3435995939433
-16.15148803085059
-18.94774710271634
-20.444010169723686
-18.477834938844808
-14.491022454957928
-13.342569723915135
-12.35805361576214
-16.488260064192048
-14.720104128648204
-28.91728721554462
-24.318792090623546
-29.345063008555144
-26.14579115738223
-21.05273087995247
-18.092974338545588
-17.515438165290956
-27.133243584340768
-12.996902060438142
-12.351591883759296
-8.388465331623442
-1.7627862750205419
-14.485156236792632
-19.085028847438565
0.9587968471898816
4.67910764615535
15.757161086276556
13.167270794530774
11.442864474591074
7.524784464582122
-0.35034465374283524
4.85196530958034
-2.3509981004982015
-8.175738702359487
-16.07317088411164
-28.80598834650691
-32.76962979505022
-15.14818218029967
-15.153873981252122
-8.667472025646791
-16.541502027869026
-12.995686057271852
-2.899858331474145
-1.6728299588894844
-10.314230032458156
-30.065780874901375
-10.361731859431
-1.715358874396441
3.2975005001324766
-3.4303194455407033
2.2773086898152317
-6.347368968277537
-16.176789202368894
-13.94099335441652
-13.583774557985356
-0.36017610603474165
17.540951316502607
10.697383480580367
13.117939548974626
6.534475084271468
12.140917372915835
14.556101974080098
13.086840030509336
16.870043189260734
20.210951011588477
11.640717510686242
-8.445572478319011
3.5338286987473486
1.0763173085511704
-12.503052321592035
-19.64126770860564
-7.522250677319873
-15.273504809322212
-3.673367164444629
-3.784937368714081
9.693481123790448
3.2562961005408555
-4.550115909639046
-14.209218497613994
19.788798315511087
-1.797922386957481
-2.0348566185191292
8.370942201886088
1.9467048337300021
-6.879818734360205
-3.051668558507483
-0.4551613446912938
-6.650051878070272
-3.7887687324991015
-15.52730643294734
-17.93635652562956
-22.566247838688735
-21.14517437330705
-8.116172869731137
-4.274608532446233
0.9872442568775897
-5.396209452530718
-11.658923350046933
-12.654248124630039
-7.638882465486294
-8.740538178993926
-12.36098618488056
-8.687566038375707
8.095870225350442
16.615056465607072
6.941520213122377
13.494859763277724
4.920933465624558
4.382185812989479
1.9235208476275576
4.635814578978135
10.341399836740713
-0.1689698122582441
10.075051394854944
4.156923606516823
7.168794985655258
3.355278966756293
-7.23812080736773
-7.35455599473033
-12.466071952387722
-5.980641485218097
-14.533329875886412
-6.6434532039637935
2.8348079484713966
-0.6119318331518991
-7.833603086836312
11.62520738867457
2.835260456586812
