-13.847936915675795
-11.764042588114467
-11.054172576300216
10.676657749764814
15.69574230514986
0.9722867920764621
-0.036394000097387434
-2.4804841500339485
7.1225805977545456
-8.331850317632817
-3.6497526556813917
7.859615358137564
-5.99034453907665
-2.291050224218638
-0.6932094606840589
1.1461332699703002
0.5104228338760829
0.3355366418690109
6.541803839239633
-5.152688770655958
-7.509205095121592
1.3413278717324577
-1.7763885382642952
8.816217153783303
8.445016505101862
-5.611925680568493
0.6223247230853034
-1.274654373305372
4.965104118587356
16.520171000090482
3.1786969735431674
-0.7645718499963207
-3.4311099305687414
16.093405830653776
5.556114713195805
4.59986081743559
2.409216885515109
15.967035097063981
3.2090627348164604
14.437955916308232
17.716926272342683
13.916954516854231
10.79571362648542
15.33894567923099
10.7725991846165
-5.227525875742718
-8.522650357249127
17.355803145202028
16.723548729998182
11.73410896611562
7.321542597987435
11.70628889265305
-0.8773266425185149
-10.37620623636369
-4.425668590363439
3.3931772231628496
8.692336941478597
-8.118038696709219
-8.679895198534135
-4.956331008657235
-3.776434034779289
-7.110694571609465
3.928964199892541
11.021111653320864
-11.082955726706142
-10.366460508236088
5.957893028599987
5.368533351939388
-6.139937956109179
-15.272306644909575
-13.084247237786665
-9.962743086880119
-4.509432588795856
9.421354707869087
-1.5639900831030933
3.6999336287348723
4.053796167610948
-6.311311080309805
-8.542482724108375
0.8308331344210909
12.154549298643087
5.38153244515225
4.193048062303722
10.653385521308424
1.2245955019996522
10.440283140969543
7.577726054137268
5.397864793405641
6.190097744179785
8.79831610649285
7.411420590910335
-1.9700224067725745
-0.6245482080390634
8.419822283217886
2.3961887961112214
3.2100064872253067
10.771633474013107
7.682073684111287
2.248791247941899
6.883711823760287
10.130543884844325
11.859446212826937
7.1052302080605365
3.733394874854148
3.2029411224595905
2.9181819932218787
1.0656420095758128
-10.334755425911403
1.6434215723914098
14.52599253072091
13.782539853679008
16.739356887836248
18.545080029409725
13.51613888038991
7.425019993271626
11.95061446733877
13.768062797925625
15.152361018459914
13.392654594935134
10.769944302476556
16.98506917746305
17.14707432332969
10.631673348987212
9.364297649133986
4.230714910264656
2.218130798210165
1.5639050043504668
13.80678795023325
-5.2050640324141995
4.459756473179463
9.71827175412833
