-10.565235519884027
-20.96831572050309
-3.153886911240153
-6.296056616945778
-3.214601493122517
12.828095918405195
-10.140015070401876
-3.2138857805747127
-4.593307112661396
4.722291897047219
-14.45950790211184
-9.681495444274947
-13.670263627409724
-13.098016624939373
-13.52411613326786
-18.6566956010193
-14.56899206397804
1.7586499501906792
7.404335646606293
5.787606679475568
10.043417305173456
12.881761492400232
7.396501781490313
6.761723433819662
13.313782704055981
11.512927822905061
11.342130107997349
2.97759399993097
3.101055739720765
-2.9709735182825527
-19.136102963794798
-13.076195770374296
-9.581704113070217
-13.17818785232332
-20.69179040701712
-15.852543189388296
-28.19105235733327
-20.286889659016122
-19.019712236361155
-9.617896167923618
-7.51990004719045
11.123283779602371
7.363485511931779
-0.27576078466137605
18.354781685873306
-0.8814818568674799
7.150976329901241
0.8991366428104748
1.5924210991258507
-1.9553539702705085
-7.041863587719631
-28.349249581063408
-20.046799941145338
-13.891367662403054
-5.9589825524055104
-6.458481174455082
-5.127887393231354
-9.541185153497914
-17.316083691127123
-23.71570725960139
-24.551785828973273
-37.93522176369483
-22.65304589781073
-27.18520316607437
-31.09319199936209
-30.181692851197724
-28.54824248086891
-30.61812915774291
-33.77373643742153
-16.615707396397983
-27.258919534932947
-34.85326295529965
-35.183898907225625
-30.808229964198084
-26.870010477335462
-20.349250339917027
-19.934589540467545
-18.492910984463798
-21.336143138499555
-21.411036720978657
-9.070426290261038
-14.236937284593392
-13.837567105899126
-8.219170191331655
-1.3884024738933125
1.5619783270824636
7.844049694149315
4.973062222325374
-2.104354114994779
-3.905891790321249
-3.5528801108258774
-7.558048637040181
-20.80095443735302
-12.834567941581914
-3.3588371250520823
-9.50972537235794
1.8291552765462729
-2.670696896128523
-2.016969967130788
-0.5278142325082839
-10.125603246072457
-4.178249118391015
-0.9345094818738168
-1.6196507691226971
-2.4902747767032016
-1.025762539125418
-0.9158755284105043
-4.632148288594384
-18.449582128980747
-7.992168195604813
-7.519743705486919
4.199787338202996
10.157982337187876
0.4448697005172992
4.841212369644098
-0.8635043470225903
-0.11921972175905075
-3.4013220465115737
-15.10396633866558
-11.791307912975954
-8.254243688364335
2.7659929349653614
2.9665293864228506
-4.416088167830626
1.0604905115775858
-0.3077994736165386
-7.139413212551018
-9.712093426526918
-16.77121077522861
-18.789203276304754
-18.73004885400219
-14.041107208898053
-6.801993922205846
-24.372773484197214
-25.71175546040922
-15.232642117290373
-28.269304185320678
-22.097255933750247
-32.07636185804279
-25.35432466148261
-19.223281362794683
-19.69532831443412
-11.124924779730472
-10.469432474468864
-5.414695582627238
1.3745879205252811
6.66765373266913
10.867554095240466
-0.7858222990490341
-8.971082010565768
-1.3480853892794935
-28.6377810719012
-22.80031627167077
-18.70660502133099
-19.49353693199833
-16.590766582424788
-12.097411709167813
-14.999423507580085
-12.869505913722415
-15.904546840697858
-11.402410763789652
-19.224271123872825
-17.72908690096368
-24.31567126472275
-17.17461215824388
-7.69469403198157
0.026897359755338395
-0.4797474022456989
4.578005404414231
20.052312868818273
1.4790182203862112
3.960187235810253
11.116647577116453
15.862743808112473
14.216360160214961
16.43973561923659
14.224118036471697
11.182404094933922
-1.917656410183041
-15.543476980676687
17.572150092127217
9.494650460635473
-0.8745587223984105
15.93316816693093
5.282937100135931
10.193779741802711
-0.1359574123392963
7.789537493279301
12.714788182739898
12.03015731411741
1.8497578374246293
-7.9221665947229365
-12.262769197997113
-9.495345059360943
4.394697698255214
7.406171115513112
10.722083422797738
13.061240670067328
-4.960863969440133
-11.658035993175027
-11.000626753286834
-12.35267986505302
-3.1570115497120015
-9.666848559026901
2.209055259204954
4.6443324326186435
-0.530556590748285
-1.7930176234630082
-8.71153923206581
-4.914889428691602
-1.7936558399463909
-1.591035407600872
15.355835123690255
6.6850717743404005
-13.647334650824952
1.43431625175999
2.399702406055908
11.849559556109837
8.06098499505951
25.048933654414625
8.29535167919474
3.7992086398030334
6.2341578495241485
-1.1586233728141793
-8.6765432857088
-1.901367281231632
-7.495292335791852
-19.60344975070756
-25.119801306797903
-33.66166931040139
-21.50689734949836
-19.937979417327718
-18.502784427826022
-24.01571414865669
-17.446511479342753
-10.382521122647699
-0.7369203834738407
-9.669857943221134
-3.5680311474040787
-4.7413850340704835
-6.960619310997839
-3.7361733013369034
2.537869633508301
13.592748940031305
14.197734371914999
6.990975582616006
-2.9955351020563104
-9.42359118825134
-16.886904094651964
-11.796092819709225
-14.11576876878978
-5.4635740676434335
-0.8968716432264681
-6.545054239319433
-5.189876400711759
7.6114421181784655
16.839111235211305
33.47012036735663
34.44934184993193
24.13637722504986
13.312208314344408
4.0580535107754745
2.7229628734207014
-10.060353388096235
-0.6544981642148804
-17.019959291217745
-17.32078730835853
-12.787038270726534
-10.279658254162037
-18.936264045103602
-16.553753049684243
-10.641389479379614
-4.968703103473342
-19.64896391663365
-5.482847510306069
-5.102840648516184
8.6098139964931
15.827819650535742
7.611298232314546
0.1989242010762397
9.19493233757446
-8.174567224765319
-2.5971733782867163
-3.2653842263935147
-13.885921676746376
-3.9344763932489504
-0.048176248765428316
-0.1538855486090166
-2.094288499663414
-1.4288562563378997
-4.398462026067998
1.5211795236303414
-3.006781201746363
0.4854437461899498
-2.167116940410168
2.3282901478550198
0.004904624031410364
-11.346132593727587
-11.616686246544258
6.312585178123369
4.957815334374472
-0.4266702427748407
1.4781426208306003
-3.9708339793610965
-11.908366088208444
-14.860862426223367
-6.212944403733528
-3.3156812779333293
-10.009635677451044
-14.755759318162283
6.15189336341553
-0.34147433404109845
4.3390191706475685
-4.492272875622278
-5.396106909877155
-9.82465803895593
-12.54216533834114
-15.384844112167187
-11.398495995064984
-15.619361631139105
-15.061943215624163
-14.300746090672133
-8.903039817125158
-1.0163642220451723
0.6997880631754946
14.006838697766726
14.695952301477115
15.474127869473431
18.961776570619183
18.34877133950967
27.028395446994683
17.163192713854972
22.662712739794003
28.59739840352291
20.13620549438476
22.77042439092344
23.646397482628288
13.60040765505567
15.709110906803575
7.248241366436974
15.444507796660904
1.3846101550390375
0.6691077968382949
4.087061311491924
-0.9891524398917784
-13.000972081420702
-1.8391864228970407
-7.2791942110819825
6.910036728200176
-6.061409678653449
6.533652640893662
0.7031825249328909
-19.296031581186146
-19.12591206074057
-12.49725457944002
-16.96394931516114
-15.747787005290279
-17.44431999778551
-11.8419812650724
-9.116686440700546
-12.552691553375285
-5.665623703211963
-6.817231727822162
-10.808962425026417
-16.279485760929305
-10.884320800884886
-17.235925253641337
-21.756508005537917
-12.693090179892913
-26.61387898727817
-13.388510836630585
-11.524273950050805
3.487655580373209
-12.505216561221516
-14.069221642899349
-13.084337452675891
-1.7492908903803068
-8.32980813046445
-5.204353209686951
-3.4028987419386714
6.494822565836738
8.639179619702734
