-6.714776496693967
4.304348595879678
3.4678191201684667
3.9931429936896468
3.443038350208002
-3.5363622682441465
-14.581263834618769
-12.422664754213198
-2.359765759285354
-11.736797057598507
-0.28847029281403114
-7.227385411592321
-5.4751145786243045
-19.934959378686923
-14.263401362032745
-7.459127510646112
-13.010475250596304
-2.687755700737422
-18.992652992840725
-0.3326282828440279
6.181060852895821
2.142464155076849
-10.624469554473896
-15.579199385328698
-11.370902225319144
-10.92848169505827
-20.622733092168524
-26.431454513229948
-26.011967315936126
-29.51473792861062
-30.00819716937009
-22.11940119488522
-16.712971151742558
-24.78036521269755
-18.79343353959344
-20.73309516967938
-25.492070856583
-30.38536967551807
-28.70061801207517
-15.196023010107567
-3.7153980222009393
1.6265960280870253
-0.05201846606076912
0.13970506712184466
-4.804241630151089
-6.300438942586354
2.2354568064890064
8.0785511576166
3.1843488274629013
4.3183240697511485
15.16504906537872
1.4905597680590623
5.1122083506442175
4.8511242446667495
7.839692207806738
2.2953276244817435
-0.9525498283357584
-4.740864096386739
-8.418502909757748
-13.179433530731389
19.16789456046886
14.493639723252866
6.510901206007385
7.864873925192063
-1.926184168053502
-0.6831506182160483
-18.10169124206445
-22.66383196779273
-1.5965620016467432
-1.9696764636642208
3.885699885864446
-0.06546927216419031
-16.239970174480774
-26.697967675235734
-27.814840276521334
-15.199557684823851
2.495823581388358
-8.54374415988041
-12.691864460913196
-8.09106966305086
-0.6288767731601769
15.261838976730607
9.1068087500032
-5.368123397130826
-5.735835007909304
-0.3345130338674737
-19.297037473010928
-18.04344636087876
-20.626109622286123
-12.59846194374413
-9.198585978972275
-7.575947997606566
-16.32651456913249
-2.693284216214624
-8.970763237261982
-9.219795929964722
-6.927108322374271
-13.832266704597993
-11.690891443081474
-22.034220616926252
-17.37764893507512
-5.33653449567401
-21.942640380227107
-27.57420585614826
-3.257278000965273
-16.068035709972296
-25.675433148055344
-22.190878960966263
-25.77446364841138
-22.2577791187184
-22.993227366174718
-22.107145464568323
-25.03272032920479
-9.632412081559918
-31.517044852725352
-22.93803228639293
-7.382599688064368
-7.499573418579644
-13.753403906498836
-5.865142568880392
-10.130178534521882
-1.3664651741494396
-1.8344051248604047
-6.192810618306362
-0.0580526299352282
-3.352404552696465
6.644159596842222
-2.0308042878031687
8.365339767868438
7.855657103665774
3.9301984340200335
5.520577120048463
4.033024175074855
4.7283741884851365
14.309935499723153
6.0579705998323305
7.192878577872735
9.30309878918978
-1.180658408915369
-0.02414040392942659
-12.704099831296682
-4.9883125488011375
-2.8912017094121802
-14.818460399694473
4.362939187946502
2.528559080340104
18.269034961156603
8.062441173185162
4.416469014684866
4.513040868064537
5.69024940281076
0.6359913269854932
6.417612599554224
3.8140423203827343
-6.708583049208306
4.50916882164389
12.026395970887844
-3.616685166294042
-2.6732539413197847
-17.91445511780844
-24.115628603289352
-15.441901037606256
-6.441770177957096
-3.7443345778065504
10.551748371801311
1.468300293931032
-4.220101294855716
-14.245300385756929
-12.114153053340473
-4.109192645446802
-11.501519390263061
-0.2836189107961861
-17.179015328326905
-25.15570180167764
-17.321006079013518
-14.586510358181494
-3.8792160461290974
0.5581293973667856
2.492624380746072
-8.08016957114104
-8.573450893573128
-10.92124454650501
-18.051083004082013
-18.472150225031022
-12.387637988190903
-1.5914096100704351
-1.1176528367134937
-17.373984804397963
-32.724592989623034
-16.721672604802507
-22.198010692651554
-23.03023029040597
-17.164310281918333
-16.29305076155836
-10.918183787561595
-9.143199939850486
-25.460218910474616
-21.171321884060283
-18.65489118671763
-9.922918157588564
-14.24771340195749
0.16199718629291768
0.9664042917806852
-10.480590395802887
-16.60259081230599
-18.960098892958552
-1.819377307228522
-9.193591324254033
-16.09662388915196
-14.88561761949261
-7.177719224815463
4.341083924639282
8.847840578050238
8.603918134328609
3.7769084043234784
0.003735410420542957
4.298221668144089
3.940698099349959
9.279485746758533
6.6273795482930895
8.80178208984602
10.385061211937584
3.537969118788716
8.159438777121084
4.649703929978392
3.5484010354980926
-0.9299322123485704
1.2838986291817545
-6.561888873708099
-12.654905820208494
-11.558940609900482
-8.208036822992035
-5.15896334782278
-4.649129100922972
1.922009956463716
-2.82124926397104
-4.947257475991835
-3.8363803384165465
-1.834322441215348
-9.189756079885269
-18.795276734470196
-14.93232974267853
-16.04534184243192
-10.057113443435863
-8.458250475658126
-6.772441586522021
1.137512066456137
0.5403446289137227
-12.548804150771073
-19.523476682114
-18.39545326170665
-6.313947821337884
7.01058456776443
7.780836435646468
-9.285211783064607
0.5478325548506869
0.5403066940303769
0.9443818251447668
8.02796969223071
-0.6777489494939218
-4.422426101496263
12.376722533067836
3.323930424217433
6.923312558286117
7.759212819252165
9.614452460310293
4.276385296638277
5.49266481572914
-1.0123068441304668
3.338957059786111
3.951159449244056
5.934990963313018
2.166585734817708
6.269650488630655
4.373031831358517
2.934249480211439
-7.073090453933589
-23.166029721927444
-25.629485684086127
-16.85038633760886
-11.848409342354586
-5.879932488465411
1.469280020616368
2.021217047106782
0.11322401422976025
-1.5370931818190057
-2.6352722701592324
-13.194553639335547
-19.57007378563187
-23.884302593762413
-28.999668708088073
-23.624947393854708
-20.739263466769163
-21.94380413041679
-11.461245292873347
-8.992251715705953
-5.851049720521213
2.428345371613787
-1.0130943351986377
3.948877238655865
9.691709090047457
16.451102011589086
8.213703517593256
7.375243058545432
5.527348119650551
4.268835104790751
5.8737687915887475
7.790802165389372
10.899924334819042
3.892286579744279
-4.937723676504047
6.9786774343065225
-8.419079191635545
