-8.41358919650233
-9.32612992309775
3.1431724118611433
-0.4396502900609367
8.441698915742043
-8.359999736854869
-13.995676988612207
-8.240384070324362
-2.1307478869178933
-3.1924827494811234
-5.496904566884713
13.474909634921143
11.49671424935994
6.358346376321155
4.476970518711967
10.991661266765199
-5.498295414939985
-13.55754883524734
-7.1254269074828676
-4.042640728590364
-12.913880752686788
-6.692600398626371
-0.8403176330900584
-3.4953891863252236
-7.0934182060465965
0.9984603981352408
6.233497035173851
12.787204603675866
19.16902158897714
20.69374563772087
21.481910874611913
15.270293440534177
25.524415651522034
26.918009594156594
19.10344610522351
16.188385487384966
19.17627619122181
28.78079429487197
33.09266160150377
29.066974646053037
29.62096966673592
16.352608408121142
5.1247823755284205
13.498078614274974
-8.407267660411241
-1.5293166694737756
-16.39667955678421
-3.0827091609773203
-10.931028744651243
4.130385254031887
-1.963990780180368
-11.993926436038914
-6.267252595460877
-4.023553366956455
-4.96533475844897
-8.466444810413169
-6.1401199676447815
-6.039028536556987
-9.340879381683136
-4.086631924983813
-1.8260997513698696
-3.2266904483387386
-5.64049230130653
3.5609533711829067
-14.58648435382606
2.0489773674896306
-2.821714271044402
-0.17566474664586434
5.615635268468988
-8.823770737793199
-11.71987751021678
-16.728474538844342
-11.178854808187491
-15.847844913796177
-10.744131516050933
-12.498592273929255
-19.157269602694896
-19.05263917566465
-24.5884602811946
-20.619693810916843
-21.360239380057518
-24.315764529036652
-29.026609449656853
-29.074778743446778
-35.21790081275666
-25.89521869491913
-23.25027402764298
-21.75462221623648
-18.358931926516775
-9.19816361563416
-2.7908344310460107
-15.462319610637447
-34.121606391896876
-24.909353333400297
-19.2683075691792
-10.601997022030039
-15.400268492004322
-9.346060318463401
9.565810292467843
12.020311393577574
4.391658042348029
7.051566938439525
0.1846862299204476
-7.980688873149178
12.237452303383172
-1.912689003251148
2.8978446381999974
-11.72631260996696
2.517759010725702
-0.5882024556175782
-1.9935122805841528
-14.697837175985866
-24.01558901543924
-6.132928122394563
10.632525835526863
4.565638201841786
4.134600236474308
9.024970268347843
-14.354238679539726
-8.238289363312573
-4.6941678053717375
-11.045093661523383
-16.709945726991027
-15.995828526347038
-12.361766020748938
-11.704115167511539
-27.593788637905426
-16.488258044896575
-2.1047644476941816
-2.5235200216473728
-7.046293422519947
-13.12414991205133
-16.809142779014394
-8.331522262021007
-13.370359843082113
-24.78978334806782
-17.782178864565047
-13.55699653209481
-7.199336555002772
-4.354080735607965
2.4116043107291136
11.665193787795316
22.950240829613247
7.254293729612048
1.077004388841083
7.465470371803168
6.191833060088737
1.8913596402605692
-4.458146984597552
-1.3107586638175284
-2.468145060168317
-4.4166383194228
4.120750164571262
-6.294444058427767
-14.905036418142512
-16.71813429764436
-18.789020473198686
-25.666725187454876
-30.53266159629327
-27.33216679319768
-20.50854138275775
-16.092874954363968
-13.315548947310415
-12.440241303706934
-5.524277191978654
-15.874647128948553
-21.08290327380668
-22.633377954740173
-19.719353913071615
-19.270678010292503
-13.68813926458823
-8.81990445614646
-5.487720254985808
-2.281551786057027
-4.537879630125142
-25.555246678139692
-10.794494830315257
-24.286418511925717
-20.39979737884153
-3.3507784101704523
-13.830961589534395
-18.81430269539351
-23.58467052460727
-15.02776192776876
-19.292306530571985
-28.10841179406741
-19.717083402609624
-18.350007964357086
-24.42577447437281
-12.108655361293296
-20.40468122210448
-16.24819947622819
-11.540387622964316
-6.445462905631926
-24.177263506851578
-27.274113688257852
-23.68203383376839
-16.809538992536446
-15.868669988811824
2.870970889789368
-8.704660590773875
16.54358401011145
12.703822712928824
2.23190432700627
10.702832236133077
-8.065086418137463
6.252511117109612
8.012310835804634
-2.147096276411721
-10.464882201138145
-7.1363881547338535
6.6151999246755
9.295678101510557
20.691082408983664
21.292996404818894
23.480277968913068
15.053224294849011
-1.6443733797426745
5.431210241728033
-9.747565727791617
1.5092924290225769
-5.618263826132891
-7.773410696166548
11.451310362378269
-1.778438876132007
-21.02052531571075
-18.5129170591747
-9.057964484360905
-5.00846883878064
-7.939279526139401
-11.347318489195967
-7.930805052553381
-7.067704348058872
-9.749336853179257
-9.717654337843491
-20.478748610881272
-14.192070745306838
-26.70496925128432
-42.52976893295867
-27.96938408169096
-24.03932141672648
-30.017558247746827
-19.319293272910095
-13.411938620803378
-16.516459672891102
-3.978203545065584
2.9471158268917312
2.1031424671677827
-7.192984167497626
-6.093205112132247
-20.745070263256935
-18.21698324235538
-16.339465742257744
-18.65685902077458
-27.715520663914393
-35.85031115201921
-23.17993205570221
-28.48238725204363
-28.69216904020737
-19.96461165659716
-25.97848853714117
-35.74335190979671
-38.44647044711592
-28.93491916334112
-29.0240339089305
-25.09220718954256
-32.66841169509281
-28.030456775247092
-26.08781412769675
-22.574352551769945
-27.983397337788574
-27.182451858022514
-24.117101394014085
-10.935956377739705
-17.840291327626637
-10.213058577901153
-14.815180604864604
2.3278056970960317
