-1.7229205653807471
3.531320408718825
-8.903484543554887
5.389951867101746
14.049365640818115
0.1000893438282154
-5.531947325022422
4.613225728236541
10.07967895153201
12.180792108679562
8.64961088065991
0.4079037758980417
-5.640796665605329
-20.211981880180474
-19.7385855385967
-28.383527937111026
-12.624789573866488
-9.576948636674802
-27.91442872327745
-30.123379597837342
-24.41929557613545
-20.444422945988702
-16.018238696270082
-7.860815350531068
-9.889894550843568
-30.577090379075123
-17.93110069724518
-10.575236532151617
-9.182316464719186
-19.196067602143764
-28.159362689744142
-15.579301656688775
-15.020728006799926
-30.547623130618387
-20.94730108901292
12.496865743935286
13.250309343692848
12.926075800386586
3.6943431338846313
-1.203053519024714
-15.28582830632194
-21.605027479204928
-18.57762023753484
-11.592369595298877
2.1143928955952056
3.1414959628963013
10.464425278360276
12.57752336008457
13.188426616918614
3.803828090816437
0.02800633510270583
-7.0327577129789605
-31.618868304515637
-21.28880168705055
-14.845830954802942
5.767018288892652
1.8481080107318533
-6.135880706979539
-0.5501904830602055
-2.9517111454336025
-4.7981287621059385
1.3606372514026115
13.828684496424913
15.490459909101453
5.3541912616808665
6.068719570935963
6.399960374281696
5.694445454189603
-4.6546374309780765
-12.715455222046106
1.491883662088665
6.480356443877687
4.788235695444095
5.053925286744136
4.3731586956467785
-0.4252558639799009
0.15467972807344765
0.8528026296340909
-5.043161919900916
-6.218599894940968
0.3243735575021037
-16.380975494831908
10.738241351249972
-9.828509462663623
-15.59589008531189
-9.625528967567176
-12.067733954891596
13.331151388812122
-1.8280832782657253
4.285863800680129
5.2461616655343315
3.3677454557628326
-4.4263352807838
-4.710142202441168
-1.8511216696156625
-3.863680519320829
0.4149443378041657
-8.391942959857397
-9.07288020616749
-11.412948942175705
-5.5821954035645
2.7842653018814385
1.5685833327954173
2.231077080917939
-1.1853527271020754
11.258528777820166
5.811817210007621
4.031911380782063
5.919632407525114
1.979526838760255
-7.394804635833587
-17.411866346758845
-6.414230546053193
-3.101300795344045
-3.7567546474679445
4.522105065476887
0.5672744277043403
8.625136187521736
-2.6573464233069
-0.9379283890780048
4.1890118204163524
13.461695324537684
12.250906936356028
6.627077628461231
3.5704866176376537
6.2078488675525705
-12.769188388160353
-3.574970052674027
-7.990103640801204
-14.393908138580002
0.4856649215494298
-2.7565174338871223
7.614147386997009
31.617418371138328
35.644617714040656
37.87309830936133
33.60364378188199
38.418696536873064
-0.2857478296039355
-2.084332052938453
-5.6581307662047235
-8.487704444342643
15.018639873014115
0.924845289882538
-3.6258483802377617
-1.7563402289181442
-1.9205532450646992
-17.971459827881546
1.1766593778513363
-5.0052631760473325
-6.308006010224947
-9.606383450781669
-13.878533919615595
-20.28201011520595
-17.622711171365005
-14.539036607319256
-9.1675359058769
-14.893609826954913
-24.14416097771853
-20.04418466469753
-13.678833165227266
-10.120845345094086
-7.7140715882808575
-18.97481277582905
-16.401647155961108
-17.122208574402894
-9.82037949411282
-17.918308570833815
-3.337927686028518
1.9527139561865592
-1.4401120994438437
-4.505794280882788
-1.8687912435450973
