-6.902220741705909
-3.532873151234268
-1.1237561916179222
0.7860016625101346
-15.666814887128231
-10.439537937263337
2.4342259566176696
-9.916512863636763
-1.8599238418591284
-8.789630709073581
-21.10490323627575
-18.65724942601239
-22.164184999815177
-8.027678145220143
-5.429067707764616
-7.292472326958626
-5.426937983641093
-5.015352628691574
-1.7767618329185364
3.357601241343466
4.623763985871392
9.972312510595826
19.213805797905646
8.969113293614866
3.4587074907298136
1.6174230054424816
3.0511922476626583
1.0754614111697447
-9.789325144975745
-12.3037664678511
-14.32727057572143
-14.865444716917667
-27.16959373716423
-28.29896900887277
-13.663124357615605
-2.4793486795369195
-0.07937959406112771
-2.1637479542844367
-11.297844406775873
-12.88536236797919
-14.542692932349405
-16.954248468536598
-5.018134886441843
-11.847053387985449
-16.527160299619936
-6.973674486113218
-25.996269055146065
-15.469818529023184
-2.693276575125523
3.4398117070869083
-3.5101951145619776
4.295167226820819
5.7440362464060035
-2.9512698577508325
-1.7099770909933265
-5.054124922523097
-9.051145445909112
-14.105635038329401
-10.26023948030748
-7.427077657232469
-8.132307279408124
-7.270816128891957
-10.057148830032332
-8.676856223412464
-12.857631352764573
-14.334224884484478
-4.086787190558509
-9.576619596805005
-1.0523458261627547
15.130846895231654
18.70045913809722
19.747571209510888
21.16230311436768
22.54906235590273
23.132452365228747
29.952595683965548
-1.84632070943408
-1.6860679058577277
11.058049003142516
2.802660719794273
1.733178491162514
2.0675121582198206
-0.8029778750772739
-1.797094560418863
3.461711234932876
6.646825336987108
13.527294181828642
9.942416666010883
14.33177411322666
4.693875091700515
-0.4577440564580171
-16.17536378875868
-14.477710848527787
-10.27568476879282
-18.15540067342432
-10.47756329683993
-15.806840255663117
-4.621752263145778
-4.371672730245408
-4.103493226422627
-3.9290191208873537
-1.1882934330975143
-5.543243212080162
-10.383670779973905
-10.581200969555123
-1.631328544615132
-10.326147544459577
-9.673399861896593
1.7381018893808775
0.9844284372855988
-2.6784885617802043
8.400620670378638
3.193054865117925
-2.0877174195520736
-5.939767971814512
