1.249792234605673
12.390366522709591
3.1754013059470347
9.221426259176793
-0.10899577094562847
11.970078920054526
8.926226699010952
7.251025349721522
13.0422835999723
5.62429099837891
4.484156755486054
2.622973231279756
-8.920770508268191
6.158742213364841
6.828399572931275
-2.1465236769424774
3.700963838021618
-5.827934069870883
-10.235704695109119
-0.09021746108739116
-9.290723167886199
-8.702662981213084
-3.8367980855268975
-12.571921601650931
-17.77462109973214
-1.3743273700418133
-6.050816655451128
-7.848827085978723
-8.44563138908753
-9.774549272123098
-13.100264618935167
-10.892975214807537
-8.990471257330459
-13.572044094288206
-13.937354510950724
4.031237318401619
2.2283092040239785
5.461370590603957
2.6558660618653263
6.245328643490713
-2.9473591556424825
1.2086408096469716
-13.29901836908201
-21.75465003212222
-17.986918536536788
-11.515131235846464
-12.051840973776285
-9.614441312358307
-7.948888381707753
-5.9977419539601575
-1.9952508944025251
-6.4791058094959295
-13.55553302942992
-22.116987831926565
-20.867345438493945
-14.185846686561144
-13.8995419249923
-21.880539886936205
-26.30469440987972
-10.485688675712764
-7.775686951481854
-13.37744575250549
-13.585248163311473
-2.1420107003343007
-10.89908695602686
-3.737848537333537
-9.40316497553464
-11.686246942568754
-12.234377397670837
-2.816216185042516
-9.762395252849345
-11.48147327446827
-8.450975216552768
-17.13987760108608
-11.811935915628984
-8.452249884556924
2.371361858634972
2.769145855884276
0.24172218873320214
7.572421562098657
-0.5185208687683767
-1.8853761932490047
-4.778133109063081
-5.288611068161584
-2.292461103975127
0.9368961615285469
-5.286689293836856
-17.917962563254164
1.8802001047057253
8.478534482167866
6.392844646001141
-0.2627352021699623
0.008922207916299062
7.265797461455691
1.7267992633510778
-4.9042035368903
-10.473714099399363
-0.11860493903808908
6.094972610786321
4.200913043509134
-6.146077973518776
6.781531082047197
5.4730074336725965
0.9378179463562608
-9.175350596053347
-11.179001162964585
-5.641464849774437
-3.7573629810728537
2.9159449562300703
-8.33927877704927
-10.883575586102808
-9.174658657690216
-11.28154758592598
-16.22929619612247
-19.933061261629305
-15.210631734194624
-17.070720602512147
-12.366795824258759
-14.332886614204853
-9.220289093432699
-12.824348435634038
-19.782898435581263
-26.94519966126806
-23.453041303750407
-12.754778267831302
8.378415614491601
18.968790731690785
10.652401835856766
2.7021498574183798
2.4129328215723342
4.438118056995004
7.353288031488598
0.3200365046200453
-3.965048730114917
-8.243197171093884
-4.495301180122658
-0.7128989982139271
-1.4552711723616714
-0.5462271304814401
-3.5767201099890884
-11.534728695417662
-12.984803561846485
-6.792643087214367
-5.158675568787949
-8.351018979536379
12.145052183339693
