8.150986701293192
3.0565224356161
-7.55740069292956
-4.066006782508682
-11.26575015162144
-6.707095054931267
-0.09029437639403706
-16.039743541355605
-24.62425498424805
-17.372786789026485
-8.42398727962879
-4.93714795664489
7.766880375310984
3.14970121252794
3.4607121669133174
-15.434720183187466
-13.703793012902613
-18.760880650192288
-17.282751004590274
-6.1729113607638855
-1.711762864936308
-6.617299906640486
0.919069351911238
8.482680188164109
-5.445056341439184
2.3861166831098832
6.0319307455940905
3.6052690319499887
-6.060553266466861
-5.477218999263501
5.228556086664419
1.205712455638254
24.627626833097533
27.83012848873176
18.622128610158924
19.499786619040254
3.063449191091652
-10.880578511685703
-15.520169592168088
-15.857877638252306
-8.313792652167688
1.6112454329596448
-2.061833935646725
3.185275629763227
-6.923032787334784
-3.0662010380149898
-6.162350636322158
-13.447668541218706
-14.979496946786034
-22.253085651513167
-23.00064231372827
-16.59978032647437
-18.681880884372138
-5.004754855154412
-4.1498730910715915
-0.7957053158577951
-1.2600889698916449
-5.4211718209228215
-10.87657388230764
-3.873280993148253
-4.940963069476318
-0.7076696293285318
-9.304753835157896
3.5798085515896085
-1.293632152721859
-7.380874422273486
-2.5401399977619348
-6.713661120073622
-9.23842713906077
-6.062285713486929
-3.4396938359960467
1.840096951780352
-2.331192496406302
-6.553930260144679
5.639160639061067
2.6821999406463912
4.401038619712575
-1.3855192048483358
0.062284246276761386
-17.655965244385005
-16.382757524210923
-17.109729016817933
-12.675013925038176
-7.425390549099031
-1.9877487781516452
1.4932049011112905
4.862613543565532
2.3448630464552136
-6.087538363656687
-6.814437919960238
-11.35765797203401
-9.33785309112873
-4.516145168588111
2.4880298628017776
-19.202708823933094
-2.3782391024618583
-2.9945013093324984
-8.590851741103815
-13.912160036568274
-12.016941827935995
-9.048384307092055
-3.3381267364694964
-1.1332568210112035
13.427737487992744
10.6258617278075
3.7716577681172048
-0.3784410629006669
-5.859849436773317
-14.843780034870731
-19.35931216089665
-16.296741607421907
-29.352618881411384
-20.349725418246663
-12.904399531926085
-10.859616990160944
-19.529899906462106
-17.944688338793796
-7.660351172307839
-9.896266305544593
-14.08627239420948
-23.14652823319427
-23.23684173981011
-28.021541940722127
-25.219847635082232
-16.366277318058085
-17.957767835894796
-19.46652538994244
-18.34469609245944
-31.62671039889258
-15.259265768298574
-7.540687217252369
-4.203626849837192
-4.415943922298495
2.9917171385009467
12.216254398507731
7.688368885672532
-0.057261583691256376
5.0470991511006975
-7.062642137719247
-14.246992417915854
-19.24546046220425
-15.19821057349232
-14.243808322777596
-24.566794073873524
-16.330638740599035
-23.48186674460084
-24.474486324023513
-12.563515276497387
-19.789274632858763
-18.90228188352217
-8.393280504776651
-1.6266971168322697
15.274132085457046
2.6603020353688573
-3.645197275905932
9.345081496702832
-2.292414905078597
9.388498589561245
-2.30427451417448
-12.384935454765762
13.965311546600926
11.278984870208845
7.996411046289822
1.395084954839493
2.7553464082939034
4.093573564539951
-3.918726665026452
-8.878694946949429
-13.534530028277647
-13.901419979802293
-6.528192609299133
0.8084997784084522
6.941324021903888
9.450627061971836
10.396708983008953
-2.1836716101211766
-9.559979381475395
-10.76718085600017
-11.501877061721725
-11.216928816647911
-30.455916135398823
-20.87578267230479
-18.177013313238625
-18.082685780456604
-24.504502837077688
-25.801631863265587
-11.457794773392026
-17.417458530168485
-12.84607761823406
-22.788963232381462
-15.993780506761905
-10.651590182867599
-16.895637877755046
-14.689349354153507
-19.23131066359961
-23.258854712982092
-11.559459669134158
-16.48799775325505
-23.313316781917486
-14.66683677803345
-11.38805913410159
-11.153328014963353
-19.374071795424108
-14.458985429869466
-16.857225020634264
-12.360084200324634
-9.301324890707654
-6.291620248773506
-8.394955227447394
-16.615862954714157
-3.950915568532203
-4.034613190022419
-4.569216931647917
-9.954737506982225
-7.671340517216338
-2.5113667439205942
-1.8241914174245224
-1.949025346291984
6.50669346867498
-5.582681426309824
-0.0167563380015251
4.32461689384254
-9.663055278719721
-4.803472885290423
-5.421237123104992
