-7.430761886078165
4.9686399029050285
3.3914303558723993
10.644696221837568
7.586027838512581
10.698196370496289
0.8596534379911109
-2.2419585224068146
-1.6784423221902198
-11.55624379674926
-12.315881541087384
-4.886556326397169
-9.476373221511283
-11.998464200923125
-18.713221091856333
-27.1690218583023
-27.464607406582413
-34.81472634948108
-10.420614363582452
-5.388405216218433
-9.192161658878755
1.1141816163466838
6.920722409394754
-12.15987559158432
-7.1651223524866525
-10.806852180564578
2.827319516955564
-0.4532189936591836
-5.206216130344339
-5.365203818195608
-6.065735575573298
-10.314932364414249
-7.970098876740375
-15.50920729986086
-5.817398296988151
0.8672885440969259
5.136425916191205
4.146220848861631
3.3384848179633257
2.7771972369971625
0.09688482507636044
-4.058625074021457
-12.606084137494252
-0.21843840133622008
5.065407754321945
-0.6014523929661308
-0.8752329876490887
-2.1109575690733484
-3.547818699497398
6.2010880764341945
1.1349151116130114
2.6372157388625834
-3.5414585067840063
-8.023674045746372
-19.221563764438727
-14.81556589723191
-18.407472759039468
-18.947826851216433
-10.556282404265085
-11.948716211341965
-16.504985004734355
-4.407020623947638
-24.667370787813034
-20.734490558080203
-21.507555496375165
-12.026845322208526
-3.2444594774281827
-5.022700107807814
-7.515265084368224
-2.734576736657384
0.8240121104211187
0.2309663172693312
0.3823564416960773
-18.923718986834853
-27.118669799905764
-19.92768445789761
-22.27106386302295
-23.22748118594675
-25.43563022065425
-23.35147921396937
-9.20286088027332
-5.03372539984233
-6.8060424720457045
-8.491065519404088
-8.642336827391679
-0.7367582423481295
-1.7913621914632465
2.046993751312757
1.3773795690605708
-0.6477762595940045
2.8700780555061627
0.3622238653538521
6.68800416821419
12.970107931972198
13.026454266826027
13.17291325327226
9.851334880596845
1.2934811727971491
4.214443323884465
2.267917114481839
-1.276165611554149
0.1236385749620414
9.490663331946434
3.756552310333072
-0.7969662783502096
-1.0965659674893524
0.2878278820697209
-0.3933176157427466
-3.0988504887400787
-5.7276819475147285
-8.144031415100713
-3.2357568116698965
-6.9259763260962774
-10.745721973768948
-16.98609302366419
-15.141752898422727
-10.742728870420937
2.9239435328114114
6.732890017722126
3.3257088175521345
6.536134041769362
-3.76704600899648
-1.0644909527771451
-18.294766385997807
-9.652082813733669
-0.9659778863619332
1.995862043841928
-2.316086698643108
0.1610483709223316
3.8636347385904783
10.84478152558891
-6.6392514137331125
-19.685655572410305
-22.250231096400405
-12.575366674300524
-6.191998070217317
-3.2738629753052524
-0.2598763827429356
3.727870299890069
0.5045378360406375
2.085633258111405
-1.4059316887028217
3.96296883522696
1.5889079021490906
-11.29986138898246
-22.667998536397857
-25.972208015791914
-9.539064218274467
-15.552692131373501
-6.285351689542978
2.497921292481157
-7.6358009391706725
-20.57288762482953
4.734029506448708
-10.809648312003796
2.33790428990218
4.668183987597152
-4.852381329456298
7.023980669533372
-24.156263207700444
-19.27089111576118
-28.114065541127097
-25.229175561386484
-19.15691085165893
-23.679082648184306
-3.831143862881378
0.5349232381442781
-12.554928997732587
-3.1465920913157186
-8.613684820996095
-10.966605357183779
-23.011261561431322
-17.358577240583287
-10.34247856423275
-13.283922705655565
-10.052612695157674
-9.933556817124657
-10.891349641327436
-6.515222482249026
-6.3221352831131865
-17.339313599750348
-13.470721248582688
-19.61022738523781
-25.736038357464768
-18.97851284135133
-15.55185497369467
-6.799102079961124
-20.50786939639902
-33.19268098368325
-31.42198859465548
-16.509765296112267
-22.482735045160574
-20.094406759692365
-17.1757665298111
-16.68318907646652
-11.67435099948563
-5.361996171086031
-1.856407374724316
-6.717635710869738
-6.3321431817689815
-6.802961146951324
-11.489081436011213
-6.019285726118326
-2.465232449813584
-4.743813841744668
4.744608368643583
-1.3647946101581572
-7.631897023113988
-4.572254903075175
-3.360268318063828
-9.211329055233637
-9.52177908575162
-0.28103325329481915
-4.432392753925826
-6.463533779947723
1.4597074711861826
-7.642666826476704
-0.831649544125985
-9.020313828352544
2.025267212375958
-0.9755963160382224
-10.686296050658177
