-5.904720140328001
4.91695092878159
4.641561871871944
7.662957165960286
8.669356402507251
11.76301633618291
-6.474518256662821
15.744884457390464
-0.12521257995022292
9.2392302959392
14.653440721982784
2.4232070030387374
2.195968142400635
-0.7632597611198303
10.682627631036365
14.690774915910904
17.726729412686907
8.654628953248759
2.390128907122021
4.037130869416177
1.6443200752216482
-3.736111153068419
-8.177404084194906
-9.953702172266508
1.147449717548676
-5.939464971818683
-5.755910129347867
-9.353218161797344
-7.799880296859463
0.7435313549321317
1.1806800143634841
-0.978536365710716
0.4452363599751066
-12.173387055647217
0.36028560613337257
-11.847287042729663
-4.716460117124028
-11.356023486595184
-10.62455094521293
-6.2240513739949135
-14.216560390599229
-16.14255456860182
-16.122019061627842
-10.660351493709353
-2.2847961459474475
-1.8076724504623052
-8.913065158748822
-12.110583747329477
2.393403882161832
2.5096348499380867
7.528700657227815
11.225169450807226
-4.496033439747062
-9.217529451128136
-8.37453191306624
-5.582046787267586
-0.17024332317887747
-6.2860109039721275
-9.13077958817646
-14.755086207055301
-12.74874363245501
-14.693699114825213
-6.422315244234781
-4.750634472094038
0.5908094254897633
-3.116138162096851
-4.0871273752575865
4.0803526878288565
7.548101969472871
-14.836519436905355
-16.157836840337435
-20.491821970085702
-11.446292274087813
-19.473305316107933
0.6278628428018789
8.17756741519025
-8.687978005449054
-4.201505914933003
-6.221709088907964
15.4682524017774
-8.348001164424367
-6.92809633110242
-16.591489224466976
17.562672880024994
-4.163210685306696
0.17607825531437116
-3.9239916054890442
-9.455436144501412
-9.132336127008577
-11.573947732272725
-10.004510401944767
-15.371165023740414
-20.70246668934595
-7.534507616800702
-12.294598571047075
-5.047662258490321
-11.300956268196465
-15.294557055060364
-11.99518521825783
-4.332629521662426
-12.190975747167428
-12.077031044262506
-13.618355434189153
-10.621894093514493
-5.451006423982896
-12.867907855261238
-11.32013686581873
-12.958817091168784
-8.459419515237219
-20.978187179573624
-13.496058607333305
-11.986356873220133
-15.562008470724273
-18.612490093307127
-19.27368954561489
-11.825581362243991
-19.514780786737628
-14.602214867036619
-10.222956230752489
-15.89531298754228
-15.095278280969538
-13.783111469299483
-12.238540662491975
-19.794022921512106
-12.265511925117936
-16.252671036092337
-16.184140459384615
-16.082153263387195
-20.961864341453452
-11.899884208145574
-17.425063445261127
-20.45249588575656
-14.866894555747711
-10.88949999443113
-18.880867477448106
-15.469567552353904
-20.46298142211645
-16.735366793739715
-13.307440827768021
-15.282843820357911
-21.220212521403926
-6.5531563322162505
0.12972169476430098
-0.8403498510619953
-8.146515137701043
-13.321106044696345
