14.47478375849644
1.146784080787525
3.441858896499837
11.971979606857815
7.089540892088187
6.488426388538478
10.895838802314412
12.579296244624741
11.849800237780569
16.343517613126913
10.832625616737175
13.953831735526881
-1.3476902899630796
5.023295053971356
6.354762404189472
6.859296195549253
2.1084847529442268
-2.16478482987744
-4.7721090367647845
-15.536301539200199
5.293761343155004
3.2514214728357915
6.3578812552709065
-2.3289893097419707
9.512413255159158
-3.6774053721675486
0.7976120350320708
8.519150043995793
-0.2989167127633581
-3.605435630719231
2.2334289637486777
8.875983270885218
-3.7213944310173943
-13.52147666540759
-2.9155174341653325
-9.77125778399775
-5.599870648389166
-6.287880508420353
-7.405136657829982
-5.503443460095993
-1.0150647019559675
-3.6943618464441887
-1.0514924038581126
18.42070764638473
29.41423042175402
25.686165304606448
32.59396612930014
31.546177626201388
23.916068174764018
17.54976051742971
18.70236613802605
21.65426311080577
18.699153862789718
7.384665198350384
3.3049204265059644
-16.615403424228028
-14.444823881868484
-14.706013924999946
-20.869251918851266
-11.528625818161082
-8.860758422807015
5.399301447519446
-0.3062396941057817
5.710906227496229
-2.592746562791144
3.5692885461652057
-9.678753781726881
-6.313648246918429
-9.973769259863813
-10.123072508938892
-12.654522986533046
1.3581613687685687
8.34166041377519
6.949054736650388
3.523932119290465
3.3266330256057506
2.8478239363705966
4.9240804766306985
4.258898836279773
4.263213500643785
2.8819070646786638
-2.1692998961948238
3.7985527415092584
3.2689743535773714
-5.998689132220815
-1.665897084077445
-1.4446879981974807
5.0533040972980965
6.593309769090898
16.349347107457852
19.25517305099468
15.56095488656775
20.03982027296384
22.350752784251647
20.395494525335234
5.967193712791982
0.10692034302168983
-3.994624990497568
-1.4977443964211916
-3.569390081453439
-6.319052484858396
-3.85573050409198
1.205136420458753
1.9170326267600104
2.173940333309647
-0.033917783361276065
-2.333651748273139
0.9648066295540412
4.6121509141163735
5.925798827282572
-1.19916798747846
1.9424819508672881
10.006768368600753
6.8376283908997175
10.294875196700318
5.551821475839835
0.6206454552717257
-7.210003103194456
0.6179960732612886
2.4265095180752656
-5.5832947162218165
-10.498440285811688
-20.66226099024988
-22.32985436598995
-35.34674462571878
-18.14602992773685
-15.110572118677855
-10.503247904441881
0.8242868259251745
-3.9279283388663577
-12.38410063663533
-13.42452916695799
-4.08787256441236
