-10.354697363437896
-11.987462250488301
-20.540802072837852
-8.769412598233263
-12.104164572773652
-17.9119520212092
-0.7766226601732589
-1.2369554580932594
-10.630533251823193
-8.760713129653354
-13.321518642461756
-8.725974617545184
-6.909702838230612
-19.952730489522207
-17.0597488923152
-18.017336299263
-19.701675580927105
-17.502581022432167
-13.900434407784818
-27.1872121784554
-18.3376678299418
-21.892825129215204
-26.01560694949859
-27.06353250200457
-27.33002568615952
-26.610615952363897
-19.342620388025075
-34.657853695923805
-3.9728104717186867
-23.96186317047792
-38.4775194815976
-27.25969010376573
-31.942613220189568
-38.631399999664886
-18.47023626063184
-14.494637617120604
-19.15720515149623
0.3645459012632356
-3.29606214168603
-16.913534117314352
0.8738985879805687
-2.877584132933652
1.4161892097171522
-4.496982420775959
-12.352479564697392
-22.74114629162725
-27.876593292854768
-22.111580795643622
-19.916962004831323
-11.570402906134913
-5.449241135269519
-10.264033884340774
-13.906414820244205
-17.55778739003187
-21.620624549193497
-14.325914566996007
-18.901181414403208
-29.076543123140244
-16.106779486105047
-10.058624842401
-15.812084237341342
-5.762782037949403
0.2974562699973833
-3.16731506687369
-1.4617694493127804
0.433016077553259
-1.476427903472708
-6.812110733788026
-14.191638948685553
-13.542392949121098
-18.188630978148826
-6.953330068854719
-19.430314411907066
-29.561018397436804
-13.487207483605822
-13.673197704753553
-2.0689955459189484
4.719551481350226
3.7080844361459526
6.848154251838262
1.3297202071059084
-10.70532104495523
-9.523292023438746
-19.83727674629569
-28.923457854696345
-26.367567975066162
-23.78569114473568
-27.33900711419817
-33.25186030564794
-26.413337688130824
-17.63412323088814
-12.119813142357376
-2.541599942372579
-1.4244205493095117
-7.812589617599389
-2.4695407871374515
0.9460475370289296
-2.8244550904297703
-3.404082310166493
8.732262390947742
0.8154981882157784
-12.221353402326365
6.80657188868558
4.627473508040536
-8.302667138046537
-9.952004223155628
6.417662012125664
-6.676074047065827
-8.10466928496005
-15.659778499803446
-31.27513123064161
-35.719598638629925
-28.68105598854635
-23.613484977045196
-8.382429226531073
-3.783021693748041
-4.48713763545789
-8.009516007994595
-5.139093740060902
-2.3209118952678978
-2.5945343088413186
-0.2759209436285034
2.8553368080250467
9.635322315048237
9.320360397624556
12.637248092651696
8.616917646069448
-2.0035118357273016
-7.718964137358926
-7.141983209741736
-9.877044917633356
-4.833819145574647
-4.880954190333329
-19.845220862175672
