-6.500403084540143
2.764295596065163
4.190619230230514
10.378207911565578
-11.425310851335714
10.67458321690228
4.759774869024052
-12.120576014528119
-7.038351727612147
-8.514487215582719
-5.528481140399463
-21.72478111397087
-20.792134527226004
-31.396180598994093
-4.772285513829617
-8.13333314915717
4.084711213409824
-1.7518106481464617
-1.0387611215702974
6.745989838681672
-20.928133083092817
-7.9323238813348675
7.332099816063439
-6.631401131659777
0.5898088707874337
-7.227564737682495
-1.8365197953491699
1.0513071731756678
7.054373288121222
1.5237663799845445
-5.745088666598956
-3.033673206867283
1.88109573066477
5.881244994255114
3.351813916499183
-3.242540139637457
3.0185786893482183
1.6286698270564783
-18.41201934828016
-13.919439684812591
-8.701253862271793
-19.27328961165601
-15.947509161581314
-11.534638124004926
-12.30630818968205
-1.7980815684394802
-5.1120199712266805
-2.1284889909071074
-0.9267973892370899
-3.7464904908115684
8.54670824481287
9.037077254551518
-4.554696030853881
-21.33309588866329
-8.685446012370102
-3.7739010240905047
-0.8996915693066674
1.0132270546308206
6.589424969365525
7.317964017304082
1.5361714677275402
3.632365355509609
3.7789034698470485
6.6761320962676525
7.7072743505729395
9.704021618460253
7.0932115706424295
4.2948901949176035
-4.22324420243957
-0.7421337269085493
-7.045503414577488
-14.513942502474006
-13.255343018842346
-16.574228436598233
-18.293022713190318
-23.365561967328595
-31.975622553821445
-23.626025096320692
-1.4865771692254035
-4.2975565314406765
11.424091959086773
-5.3945022935363935
-13.088142327638964
-1.2647150276612251
-6.8186014626108635
-17.134627059830226
-0.4927888107216806
-2.9940669569828784
6.064793578289197
7.153628278099254
0.7491958721506745
-19.62769578746661
-13.981948239793693
-25.522915496274127
-13.417092258991628
-4.667653904590459
-2.4885010878262355
-19.840034453598864
-11.034228224642797
18.022950378243536
5.541572363420075
1.5099719312797113
-2.9149301232062097
-1.6870917367392568
-18.379546189488934
-23.29585681305572
-34.320177001942575
-36.418239614116956
-34.024527372346
-32.27284378139902
-35.17667389565326
-30.086766274799967
-28.291197694045486
-26.372913806279165
-17.13752251895631
-2.2391649887501566
5.511741499459828
-3.2756738441510738
-8.727759948268309
-2.0499850096709205
-13.919245653155606
-13.115232526413514
-11.243309813703544
-23.29814986811857
-9.538699942075043
-11.5328140644525
-4.855924503551213
-7.144133157353514
-1.6498512934627665
-4.766021232198134
-5.451165324566108
6.1988702263317785
-1.6487360909365831
-0.96854886842079
7.074185500123475
4.769634420243567
-8.410887974670548
-0.6023760025892503
-4.063379910093252
-3.557307379843114
-8.772742133246275
-6.952795314766009
-4.658025518272175
-13.588104092820533
2.293497221490462
0.3136588886198839
2.277913765545476
5.886913329634415
11.60092514602728
1.311873095044663
-17.4513315891202
-13.859369989618068
-10.937938485701721
-15.482865813737767
-14.382674421756894
-13.790158477596107
-7.90173639160785
-8.358562866271875
-4.534577026205907
-3.0788258108486777
4.2526183223799565
-19.095052449464852
-15.590804567612807
-8.809356562524046
5.234484749242234
6.212514237512924
-2.5990512311777785
-11.32556790883306
-8.235296159686701
-4.033558078788155
-14.723500274855555
-21.585586547049967
-0.3658039511901703
-17.446728205869366
-11.904608905197987
-4.4090529764462385
-15.0394115045214
-12.360797857835061
-8.04455143257455
-14.749930004800207
-8.326690035441267
-8.87160678278164
-4.571065352277243
-8.887237465293792
-4.922327500047434
-9.433665962543634
-19.128068294641047
-22.537934849943728
-34.14475592157554
-34.672704809181155
-34.0098810859196
-29.84275446742957
-17.37711620882963
-18.18678354255956
-32.57194033260177
-34.5042128898817
-22.307492934720262
-13.385354654013886
-9.867441670541258
-18.251614103903727
-26.19324766579845
-5.786818660094789
-0.8918619677435422
6.750317569194831
7.4869792328108655
-17.738797673970303
-28.74877410183012
-33.231979617261054
-27.07592388878699
-12.886809193535793
-12.150010342998176
-16.350258154039473
5.623049721570059
4.2777437024338765
6.403392365021977
10.354533717049069
16.926695048584133
0.14939001684293554
-2.6411937419273395
-17.56474106518639
1.844291908343736
-5.410039875812144
-8.776015184581473
-0.9516736464102424
-2.329935066013438
-3.343209419800871
-5.944810661388272
-3.4062467170815895
-9.091791341332772
-12.066685411464086
-11.087218933505593
-10.716020263566463
-6.408250283415173
-16.14456694318368
-24.24405463228216
-20.169902092093604
-22.693935676511966
0.3033666765480238
-5.347290676255915
-11.66735341054363
0.4871317366964573
6.37686684180103
-5.140871068055542
-7.953790851366218
