-14.321348745778215
-3.321247773012522
-15.850260784298785
-22.93962832406568
-14.951406638827185
-31.765688457965673
-22.29559937576134
-20.88016486092558
-19.750693019720714
-22.294794351156416
-27.50908792426928
-23.769571549613513
-20.23393284041561
-9.32309478215981
-18.83480949574524
-14.860286443154276
-8.205916938939309
-0.43142390704117983
-7.202490718076915
-3.38199959772082
-14.66420568103259
10.011740279444084
-0.9845654025992552
-7.342795243591138
-5.938209621431157
-11.335138187875232
-10.933558396795144
-4.5774400364713115
-14.454963429258804
-11.376800777686505
-24.551965502298685
-19.189433809802747
-21.661577474107432
-28.49178227688189
-33.897762719176676
-31.961332617931237
-29.96311996774831
-25.025144631813955
-23.870230013827747
-31.285412038051696
-28.812951994559374
-32.72932772402111
-25.280666304790174
-28.456418106955876
-15.917384459629409
-9.848097590516367
-11.855138000207546
-14.787704260693689
-13.858169906925285
-3.3279950531269558
-11.538081263576505
-7.1798320993296825
-21.51599686211561
-18.121865674426537
-12.654648787595447
-16.13156705932267
-19.40003728307904
-14.792997452185526
-26.655742226870178
-27.434670237863894
-20.814793213840893
-11.987944007848466
-19.64916667497664
2.1493263350504432
4.4638166255733776
-4.557804765506334
-0.3199597528283403
2.547771430069281
2.104423020495144
7.551204455902684
6.003650298448648
-1.2500751024811552
-14.733350856510096
-2.812511649288506
-10.40933078973136
9.562603212390416
22.8175544384668
12.871570569372787
8.915192657758617
10.891836475980112
2.8738074824224515
2.781810656621486
10.184070479046447
-5.369628978667637
-2.0972792982536514
-7.755480126739577
-5.749117535707468
-11.661208703530535
6.42235827338714
-12.187642628604289
-0.3866537507079845
11.546869204414461
2.6968737129111253
-9.33727566553047
-3.841174207470599
-15.335584555128875
-9.519429625391892
-7.455777374033422
2.560177298262396
12.735285565185512
-6.876714174958417
-9.946246818242496
-2.776449896655937
-10.08184744687805
-2.753663170989824
-0.8196053545481214
-4.428159885846491
2.4163376451771854
1.380468807363565
-3.390360163965053
5.203284267330662
-8.132172988828511
-16.882254783008424
-4.963647635519361
-0.9647360117816528
-1.5106642542898163
-6.4519658671223175
-1.7533120445433847
2.5097738576769744
-2.6686176162725905
3.8213461381018607
-7.968784157817417
-13.816485906527847
-25.79033477479389
-24.983034051309854
-31.67530837528627
-24.256415879654995
-28.00993094264069
-28.661487269740647
-20.272956437281227
-10.8878847132509
-19.52678082274918
-32.95523649255085
-26.51097195272233
-27.133618358831658
-36.40029249780881
-16.200177690848285
-20.203494006465093
-20.58328680527676
-9.18430877414706
-24.12085826921733
-14.830784433567402
-9.872454993551244
-7.279291253840902
-15.935412449910205
-20.688632709373664
-16.998611581016753
-11.801375720115695
-12.907612644214584
-20.965248048615926
-26.06753074734847
-25.74759115186032
-23.68838839187477
-16.701211757411365
-19.18136652450147
-20.300980378115547
