-4.894992600524861
3.3121435650228612
-4.1728904262889746
-19.549419910279862
-21.04726445515703
-10.46112819082166
-13.167227833181126
-9.26648538004659
-20.637773644268265
-16.403131355279537
-27.26735246393504
-31.08952580771484
-23.421546939855432
-28.29861519006844
-17.220926478955775
-8.297869118336642
-0.3382339400047565
-3.2622336826778584
10.085656181041651
9.420859893698733
1.0372159342254057
1.6556969673885495
2.0977998979930623
-9.235318799943556
-13.911439120229653
-20.938531889994884
-37.06990785131391
-42.43517466402682
-38.11039797151288
-29.16838910459321
-32.03199462573278
-21.652329143881488
-16.915076473266467
-26.002465377109427
-15.723834402083925
-21.05603741297748
-3.270976040804569
-20.067029008542036
-11.075370377137213
-17.931310442599624
-13.288311285312881
-21.494438757485682
-20.759104285748734
-21.21182412546849
-13.607589288699605
-14.064622158117867
-8.95474312268932
-9.533171701067324
-17.937424427965066
-5.365750152206447
-7.680838971405477
1.7345685633031291
-3.74050850086434
8.360744645001885
7.4561207849455675
-0.0970021202491846
1.6598053270329804
7.298158280226346
-1.1816573962157557
-6.814764175582041
-4.887516005382034
10.034020601331566
4.25646925201194
-4.434977067890012
-2.6435433526708336
-17.607723420373695
-9.717110239993072
-6.138328118569818
-2.2233962550568016
-2.9775940778757994
-7.388902258452571
-6.580114438987068
-0.4669216773139045
-1.2521713898961355
-7.360694473494843
2.27119534857164
7.519930584187473
1.4685168322884905
-2.0612582525766467
2.12849758409793
-20.781904358136337
-23.50209217690774
-24.1256466148485
-19.226029746097005
-37.866870244565824
-24.288951237946414
-6.397223064977206
-17.071730506988835
-13.281912865677313
-11.781226785210205
-18.108812191410326
-22.848403855316448
-36.78320795789411
-17.052528519588382
-23.407473158921174
-26.704399022979988
-20.06564035062135
-18.32510778476781
-24.908471285474672
-15.811211720559495
-29.084262919456105
-18.733384200225693
-10.293056388406878
-16.223972247533528
-18.85191521738956
-6.734703388814568
-4.262481566529585
-2.1079884704990968
6.381943885130278
10.300333231469745
12.623147918259685
1.955179346242974
0.7507770483389491
3.7279099985933817
-2.2445316885128657
-8.462454009969887
-12.196212893849143
-17.36406475284334
-23.124136456753398
-20.000058059116405
-20.98441670592043
-11.144204211278039
-4.642473615140831
-8.799808447857146
-0.2230617717499198
3.9844741609759486
-10.053963279586993
3.772280125749943
-5.937880845745272
2.5592237803248628
-9.757377362111091
-7.561625164019215
-11.035932349544996
-21.88931350610401
-6.148958405306348
0.5305175987112792
-10.054876300317924
-6.25360547728805
4.905007140647083
-10.584872263429274
-6.536116970960123
-15.811119696775586
-2.185171626906436
7.4577716543771695
14.2639173373946
-18.26444049407063
-21.366627813521163
-21.366228212775678
1.6925101989017632
5.45491888512324
-13.410948831206069
-10.124015441912741
-1.1550740684159826
-10.772278318614434
-11.677760282456608
-11.7511232852679
-17.846032936839173
6.569741264169885
13.400746542560176
-6.0741429065201755
0.8475721037341949
-3.981909314459136
-4.498474627624169
12.15395348324806
-7.560519342012472
-2.0119528412708743
3.5549978699442493
-5.854044295086256
2.520165553385679
4.03362625932016
4.18668859059442
-15.519025705544367
-18.81975988066017
-24.026907943994132
-22.628451437448977
-15.816436443984935
-18.24659040643752
-18.46713220297123
-15.769475019082005
-20.71316710772727
-8.145083702683092
-17.29097438476368
-34.16953514334626
-19.209146551405553
-34.36978382581204
-23.98309033319581
-26.000778419458236
-27.05451080483725
-27.696097849647217
-26.496967838920284
-30.424176025646393
-18.183375906177552
-27.508173245731033
-34.88842483330616
-26.872238357838825
-23.70987518581019
-9.370632099100458
-6.4457284815839415
3.50080316665798
0.7417549593140649
-5.557711728119736
4.529237482822785
-9.088488944867123
-11.277961727273311
-16.974456261472685
-0.8961568451914483
-8.163722555437857
-11.048001514619925
-16.27707774937292
-4.530527464186185
-12.062097415172131
-1.9835189610501756
1.7359295432747863
