0.3629480991960325
-11.93394995839407
-5.545729184222303
-10.182870960120301
-11.05810563264568
-9.388895271355578
4.215866847797368
-12.923380951058087
9.807049619822577
13.049148626318708
-11.774544136595251
-10.887675236975381
-5.5746146392769305
-4.043756950076043
-7.219066696923402
-8.533540372394024
-1.2666722978736713
-10.738184509707818
-16.482910568087394
-17.240900171333898
-14.181052764642887
-10.770169896511028
-5.808398413462436
-11.786473335576394
-5.090925855226637
-10.843091701505555
-6.869119553691009
-14.280204896546204
-8.763205255254173
-5.2939021278152
-5.807665547861117
-18.604167575885654
-14.001496621071132
-21.24793466740796
-24.281889866199396
-13.624468930856464
-12.952817354093563
-15.913445521626226
-8.968065386275633
-13.07123581533756
-27.787604201132613
-18.345121961365145
-8.11230234691232
-6.844884124361032
-19.441648382883326
-24.71567838807968
-11.369569585750485
-9.484173937425146
-4.526120131462595
-11.64751879245168
-14.265630037857154
-16.412668242478713
-5.212771468165236
0.017140677129482203
-28.100629368526608
-20.338867282132547
-10.20623995776764
-25.516277810268644
-7.633134469725644
-16.803991145751873
-28.922588011510943
-23.021346008515085
-22.876996995495425
-21.73532159951587
-34.093822135561645
-20.22044035670445
-19.414261540871923
-15.344865043044546
-25.90330418805181
-16.492234176429744
-11.119151906501171
-9.167915012082693
-5.507733972259062
2.5354315179127838
2.4648295872813435
-8.460152295291952
-11.512942168357437
-4.822786507713828
-5.0732264420231195
7.380073032093158
6.7973889330889445
-3.4968369296238833
-0.5452375769566209
2.8446769063586794
4.0351698569512315
7.676081002398722
19.67447584433109
2.9115038065773637
17.252326607758402
7.166672418779161
0.37991500505092857
5.975608086324817
17.996206408095304
32.26349571348688
29.939725282856273
15.22607675992229
16.503243343350857
6.382672013524858
9.768809219855092
9.162420417160146
7.049533357749032
-1.872893573413316
-1.1027971496305835
-3.3732523874350213
-6.3836114106502135
-23.27986203073761
-40.29225535629128
-26.82856987465754
-23.068624893023287
-25.50341304110036
-23.50050512981814
-16.0072791248271
-20.061725075371317
-23.023731348607768
-13.120424712622595
-3.5020665434057885
-7.66779271824367
2.004373895260924
-5.666605428153937
-10.499867140711462
-9.964643243345519
-1.3129447487776815
-10.571414823425123
-9.798456834215386
-16.425472665286122
3.831348546832927
5.461575077159934
-2.5257531642477806
-5.186646164894567
2.8290088994559155
5.847140895220182
13.59573333552089
5.090270970592671
16.828667259199158
4.899035611341002
17.212367464595875
1.9036981347632045
2.2943923322226563
2.3345764484803238
-5.170893485416793
-7.263801612384068
-22.76727252134437
-29.62400720763127
-29.672696671042523
-33.37351291138053
-39.236082181494105
-54.348546676670416
-49.629973308433144
-34.34096979026325
-40.944726343785405
-42.87032970416136
-40.26195070521293
-43.07623644954339
-55.07227793974587
-43.4977876687534
-31.941742484317214
-36.47896710343422
