-2.8542311368489885
-24.82392864077282
-9.413257539194817
-18.79891113601621
-1.0308453453098003
9.13473434453264
-11.189874617710847
-19.801654549063738
-23.875713951923753
-20.16201243669165
-18.3663208043627
-27.393469237004467
-26.86660135042591
-30.168923154277664
-29.693821201549557
-22.16313153958165
-16.18108894991777
-29.026113009403065
-23.112052326104358
-41.90184886166036
-19.993797565047245
-26.748909487926174
-15.20237945445529
4.059040702541789
-1.5743092318070375
11.44284701360876
-7.441529443865344
-3.4596621462664303
-16.826159795220764
-4.521887789760086
-10.497970210043556
-2.0951785854898346
-12.81630288536155
0.69447753895274
9.622133899102804
-0.028944440906556113
-3.6641414070700336
-5.614126363707028
-16.273323707121893
-12.905927682705025
-16.711027484165673
-21.13718959856353
-12.92268903389417
-1.9481677691094907
-4.132618091453868
-8.634274781665187
-5.197506192349163
-0.4591815635762645
0.2416104384513184
-0.9575132063114457
2.4351488828484364
-2.552463992519537
1.2412844914377783
11.66947986011494
-15.831969439739444
-12.104805752542198
-0.4020521416681738
2.18093230442988
14.35624679201578
8.811833487771825
9.82648733875198
12.02567550531945
-1.980666392012932
1.1373404516714098
0.3430953374448143
-15.541518470048315
-7.740744741656768
-3.777686143299377
-6.665404649092742
-2.6548815099839005
-4.506136196428822
-6.904696000224174
5.863212410534487
2.1129894541318457
-14.858477596697053
-15.864644172386825
-18.53877106295336
-10.866184835063091
-8.95071450192567
-13.976104537835136
-10.103706906545916
7.0183141384187095
1.8784104025746449
9.189547882734828
2.6669853712928924
-0.5379397962335112
-11.420579960227645
12.343655460657015
5.420895729802009
6.990187006031905
-4.842177795322815
-4.2696660645769375
-0.4669245014274616
9.482422342766665
-4.872357144160327
-9.255578186987233
-4.593909877807619
-3.316972346422152
-8.210276256971753
-3.0951263181338264
-0.9741853246030026
-4.304993898807048
-4.658949416648446
0.7530175249126914
0.3249434752937821
-2.3416582563536776
-3.343403119728261
-1.7299969452190789
5.37009867583776
-1.7372541658540883
6.38280648305766
-0.9468547964291312
-0.8297098525974068
-0.1304646194295468
-2.643563403461439
