-20.058100966612717
-27.491476509628907
-25.726840792365714
-13.580202495733097
-23.1703731402903
-16.48340132021875
1.7808192267352472
-7.11647858075713
-10.58166849965724
-4.126049326031327
13.901727088236965
-0.6417378262868183
-12.516621470156515
-23.393794943214665
-30.020499657687846
-17.825925431048386
-23.739438576888965
-12.991155823529965
-20.359029402721127
-1.972063961712248
-10.95768931651092
-10.541688616185349
0.7298086872657809
-12.573015050130662
-5.504160409038888
3.8650080660266672
-0.5973406234883748
11.23939195536933
-5.447898958514458
-7.511480397866171
5.215503331928057
3.937638637083509
7.28263137289681
6.605811986698972
5.141157044602215
1.5920704272818926
-5.435166868785627
3.939518882822472
5.587725377558316
-3.2978965228326427
-11.124441918923305
-2.2651068764098943
-5.979547938588264
1.3523791177716544
-0.8928836607199263
-5.4336828842638045
-1.3280769632666634
-21.36671736345993
-2.6112313273161423
-0.5722461970312278
10.232864043533263
1.7373728956529653
-3.249233390350096
-10.437508241262362
-8.21586923865347
-1.7043169369567917
-5.1255426993422475
3.377644620289594
6.097628736139772
-10.904309331534867
-1.6550112721172268
-13.583552665831599
-17.501578083905372
-12.121048129205327
-3.394377079118315
-18.567344661621878
-31.921414153756103
-14.462845708819208
-16.156091115401516
-16.406024695814573
-21.544264427667052
-27.249149115649747
0.9750200927601046
8.073968602390343
-2.014706858112488
-15.532935107705331
-11.911537428764415
-10.802826271958946
-28.34481944641945
-8.95546696398417
-18.156563445877573
-2.2295392018647218
-4.370528962126016
6.776620319860172
4.506730137747691
-6.027277551291755
-10.900855933610801
-22.56064063765177
-15.434061971767946
-4.98981261352613
-5.450580805927356
-3.171873499616225
-9.217714298226467
-9.984692101021
-5.172176662055801
-6.197282972311332
0.9366400899241992
5.699495940280443
0.2805489160053949
-2.50085674733846
-2.530210589828921
-11.384897865328007
-7.333601434866594
-19.863632222065274
-12.734170954911287
-16.641218612809716
-10.732105051784938
-12.717699096978702
-1.7838854421363848
-14.177914495509016
-8.431116681362038
-3.428166123082033
-9.489218895764516
-2.260770066914312
2.884543377821013
-10.002059017944648
-30.06934337801765
-30.125724078199433
-33.178598514457995
-36.41634672058879
-21.85888096995208
-18.990530466638514
-20.113288206655465
-18.46366461092224
-17.009412620212668
-36.47290505748477
-35.661079847132896
-43.49796297096634
-38.69966409310958
-46.89530628564367
-44.26911064643693
-53.01708689709464
-14.922336185309348
-10.28565461417932
1.1134811222671188
-3.8476990857550484
-18.9510112439512
-22.356865308028294
-24.96227408806793
-29.607629580595347
-28.16014474912972
-19.211066477756315
-29.127833075208773
-24.574863843686465
-32.15697847902258
-19.92339611172881
-14.671260428784914
-11.783806994470613
-4.932289631444354
-4.122765333972335
0.6221014963491802
-3.4707010837975956
5.160945856388481
11.159211028389961
-5.325295473213573
-9.967448053810957
2.022249282729905
7.501692924190426
1.7117380230019383
2.6398649617894123
-11.598094297942698
-9.666276650232193
-12.569730278312395
-5.811442302576713
-6.992750914729037
-1.2900163378864935
-5.523533960571385
-3.376676619023034
-15.447177976455247
-14.899174790105082
-25.121465366023017
-15.410061052663755
0.4226516548627981
-3.8360139295823728
-8.504771101758912
-13.935349925110671
-20.00504522736345
-17.058864718841537
-0.6341793836030917
-8.633504228354324
-18.1632570748878
-12.356377086599743
-12.03245699460648
-16.248442503006093
-10.198607332120078
-12.8099222911852
-9.314878251785887
-9.88739589379915
-14.537919420040511
-2.328883207185462
1.632264506616587
-1.6850108199315177
-12.19770674681513
-12.802692861130692
-7.52842821061891
7.465240676791987
3.0750804732792814
13.92540995022804
4.578966377572282
20.32712599422753
18.994673315294303
8.260732395007862
3.3551462701598083
-3.534798400409968
