-23.95098089970909
-17.361779940189937
-16.565209930072704
-18.203975557451415
-6.463274442152926
-16.893192774387273
-20.686518178073467
-21.944664301798568
-8.589658519930026
-16.960893725397984
-14.109643098417287
-16.02147447853116
-26.690603107091174
-14.084370425529004
-6.179371625772416
-3.3320381148405387
-18.42139508372349
-9.606156963630756
-11.460731133268046
10.169714549441276
-10.529667430853307
4.626115616358706
3.2682200432842214
3.380807795059873
2.4766749172462093
-6.654035777031822
-3.9579569156302403
18.8655188462876
7.442925250303808
0.1810164498832112
-0.19546798401370494
11.361741410228634
-2.7720337563945336
-7.400228331651193
-8.271844257697385
-3.3243907225347398
-4.014227910507743
11.542660708070176
3.0633931494979816
-13.954761098720734
-21.185605990932594
-17.1379470021811
4.9605002341906514
-13.221605769418307
-24.63500039458157
-16.50178397709934
-30.781699879497584
-21.91388652279037
-16.016548639376552
-12.504221408228256
-16.30827653876144
-19.585273329553914
-15.298182277357569
-14.571841753342154
-16.53298245727538
-8.100541895661816
-3.8712973145972063
-5.770357351182812
-18.87801638440893
-15.538267913876329
-18.05271589458543
-19.72282562610401
-14.283747823864116
-16.484514932406118
-20.413173105524464
-31.098703702356357
-29.320933782668764
-30.487628879592236
-29.69722179252157
-28.66722363124668
-34.15089383477677
-36.793783348686716
-42.695841055027884
-48.4219339628476
-34.10934107266221
-29.356404472768897
-32.07177120604505
-19.366722691643677
-29.34909510553844
-30.26948786149807
-37.958607566238214
-35.220066222379494
-31.149352269240996
-25.619511436246793
-37.784825201443596
-24.641810635148058
-34.675450472673546
-17.766612503682364
-15.203541214333125
-16.8295194696596
-12.387128037618652
-15.757294225721015
-20.240394686487807
-14.287409436011176
-11.487562202600289
-2.101129577093615
-1.8977569781146848
-0.7593159938603941
5.3321118512709536
-10.187507105247633
4.394934256435337
-4.007830690288234
-9.867479954458476
3.0635335144677702
