7.645757934373572
-2.2186547993508072
-1.1974698713549736
-15.473178248487272
-6.012058024998491
-9.716394261766474
-23.36431765196086
-18.359769489950505
-37.068005004508095
-15.742272759624973
-19.895148348390496
-17.72937750806562
-11.061124391497836
3.7981623811894254
-9.596491307373107
-11.918475827930653
-20.010704611062177
-12.868451484318285
-10.840463932414751
-18.043898500192828
-22.97112005819601
-9.820142713461324
-19.818514869747286
-26.445711168238624
-19.174897671564366
-15.487996657888708
-15.749478080412278
-15.9972460716871
-13.158360650796547
-15.506099135079912
-9.91428320318633
-7.701052519007924
-12.379576694077592
-8.119388069524149
-5.522413660548023
-5.217158557339854
-17.174287469216107
-32.651822762157515
-8.776865945470867
-9.677177609976948
-23.68358449404403
-18.43920062939725
-9.162689001238013
-1.8246495187835303
-12.482311842503993
-4.816592742596254
6.865282669488066
7.969202081643356
7.2605141054823665
6.720276076443191
-4.486439880959155
-9.388316342453454
-4.7728817131041845
3.0556644399860704
9.170246335764931
9.171260909550536
12.428610560253649
15.647418804215
7.564126741147247
8.439550515281445
0.3458448311782304
-9.830069434288193
-19.78462510214707
-27.02290197290338
-28.71883902558855
-35.527733115977455
-48.929913910226496
-30.00463183722341
-25.583427614759174
-47.372203539908206
-31.53513498624208
-34.89360912289086
-32.64565147768947
-24.36008929724474
-52.17786718907215
-37.23050952279785
-26.54567961989148
-19.951916336147907
-11.387929636228044
-5.863970108704867
-19.463045552194163
-2.264954848132261
-17.421748115029626
-20.27937524348804
-13.422687979386929
-10.414515384897037
-15.487548332363412
-27.264883157753097
-21.849968596680913
-25.936229707919225
-25.572991429118638
-19.20368247668746
-31.33887607395619
-18.918902788995194
-17.771852621469833
-13.83590077564606
-18.534062783210928
-16.168124781194035
-5.771442144159602
-12.918019428578155
-1.137479732383378
-4.376024916764791
4.093888565593078
