-18.453587985436045
-14.04554579147424
-17.99849461136184
-18.52937937272333
-13.18711647780253
-28.171508164467554
-24.721622925451694
-24.73816784539006
-37.85541864438919
-22.181372222225555
-6.37130026683234
-8.146892730191453
-18.32427392702265
-16.48616621179946
-5.21735837026834
-3.6722198455301167
1.5005356877774731
2.5505752833904696
-2.4760786690963905
0.3215387155819985
-3.6481210340954178
-6.846517676914602
-1.7585337659442866
0.5373454136907139
-9.755117796466033
-11.308015350884107
-8.630594371850831
-2.5803333873665717
-9.96625529852925
-6.651551306922582
-18.89345983353204
-14.252416870768167
-4.3184232639840445
-0.5049669981577942
-3.3251876082056384
0.16525224955002993
-0.6141196706069924
-4.947294824255977
-26.62600107435077
-26.64732028097477
-18.25124145853868
-27.09539066598452
-24.35286795338577
-23.10334762234657
-19.55947702191993
-19.833329567993765
-17.60046881205293
-11.491924757852528
-34.21068958190871
-18.71486428394192
-30.687436462810243
-23.868034507721664
-23.794471234257266
-30.218340655930504
-24.600203054047324
-1.983017397209048
-25.236634653860925
-22.46242351600578
-27.48547174335588
-27.17862017109051
-33.68100477834551
-23.016576297161738
-20.21751993574393
-15.198239034958027
-6.237950977077709
-15.409170772782776
-17.449491806672224
-17.932403708670762
-26.09634797975159
-28.50788266413562
-33.6735572372375
-29.045549902227048
-47.39778855797054
-42.12350557372022
-15.989051214988065
-18.74620689831356
-14.594460597811912
-8.335479689794884
-23.161020872725548
-26.46485997206985
-20.870744065227665
-20.949871499729486
-14.9156104376921
-17.73877074080439
-12.27519747236967
-16.263164120264143
-11.780229589420609
-4.802264784935032
-21.80644820165192
-20.50963230657744
-31.49261557104799
-29.148021254914962
-31.441519558049464
-23.18135952074182
-35.37459146521436
-22.461588659141913
-27.821243661763283
-14.957585788704286
-12.609133295091267
-22.764595281146693
-21.834235110001604
-21.77881532913629
-21.39096304354321
-22.220840508665653
-27.925811042192255
-20.743443159417104
-32.149763349442786
-19.889817843294058
-24.233586366567263
-29.56115904792993
-26.22327657910556
-14.242151868100994
-19.826859700615827
-26.31383628935184
-21.844342566731687
-16.801319005916305
-19.524381752989203
-23.750152219263995
-18.823625770226982
-28.366115474154487
-26.99618668244481
-13.493003838099167
-27.432934048016246
-32.06836027270782
-26.93265620557756
-29.614257582521123
-17.239565919434522
-22.842071046295423
-35.60778079217317
-26.24740175283863
-26.512597104447448
-29.708513313870156
-21.035582831252068
-24.393749346752934
-31.12838940742536
-15.654681814046494
-29.15536723089911
-31.75837795630257
-31.62282882576956
-26.801698132587532
-23.790435821225394
-13.479031983438118
-18.79697481409493
-16.834261983181268
-1.1083538557258965
-22.10086008569543
-13.05986003349074
-9.952206533060986
-10.060256677050203
-7.584373218857696
-14.408864841534808
-12.487264313066204
-13.518980232614465
-24.07518444949045
-16.56407350417581
-14.489685696662571
-16.50894505321067
-5.2033153151438745
5.213290593508633
-11.583605381730013
-13.024361841496733
-9.624915443991641
-11.286907079552574
2.230943194403669
14.079886309691233
12.241029435924125
22.96646303522737
20.30234026430028
18.606412489607965
15.86711184477955
13.811623625492768
14.567611275717061
14.220356316055968
1.8934440845479348
2.8141661353692493
8.506111923834986
-9.02106717956121
-19.29932523732937
8.274117465681535
-4.056699871287816
0.6094281091834622
4.989728384710377
5.085692676663982
-9.810139719649225
-13.498902504629045
-9.288095651140283
3.8597364611203613
-12.300167040782366
-0.31796084951498915
-0.6927567893570036
-5.6628228554871045
2.1870703135812533
-2.9064648152306694
-15.699544714545402
-23.811565332472444
-13.318480227467306
-11.19205237111018
-12.038315929158712
-8.700569488801099
-8.650576576532806
-10.653638459098797
0.7483325299206843
-11.472732225450963
-6.0914300936323285
9.577589113058767
17.89506818994947
-7.988686224167307
-7.162826792556179
3.1000955341289567
12.813751880792386
-5.8141751133305934
-12.63012126754715
-25.2937821037218
-5.562439220368023
-7.392123880247402
-9.161991751991344
-5.200255792936087
-2.8644230738191525
-6.299255903557554
-8.579494817067513
