9.591806943707775
-10.196413152747986
-3.3249475424590536
0.08754693582952383
-7.883587563986588
-0.23173347138173514
-8.313169492116966
-7.988118488822512
-7.36915718864452
-4.6760794554328085
-11.65575619330636
-4.209911629243348
-18.549199380112945
-24.694642138836773
-4.07165651958865
1.0421953145129077
4.337063884292147
3.2494130745245267
-5.084468836666407
-18.22058121430481
-20.57856224150333
-13.314211478705516
-12.105229380934796
-36.78141549907178
-20.521068344279076
-35.66585659912805
-45.926748810222854
-48.5281787655377
-40.545053585909436
-31.523341642309127
-22.56682553988601
-19.97783310928709
-14.104737049399395
-8.87766679952861
-13.938860110839805
-10.963018548518123
-15.204439575736833
-21.13452694176488
-21.000832206256327
-9.991675297572923
-14.943867865111017
-14.108312932058457
2.156841840751364
-6.228207778842012
4.010145619047555
3.3885861332771383
-5.954734169760897
-2.0078068924692265
-8.364980540570643
-23.39550654988659
-16.082326661483002
-11.488796721454493
-11.715714882258046
-10.301290963843933
-42.314683750979036
-18.708375022143347
-12.225518733410533
-24.45728880115873
-27.100637780347448
-26.76430828692736
-20.23903100748107
-29.53832991755484
-19.111578996748825
-28.277746116724
-23.487712128856987
-16.43049787047099
-11.290485092677445
-20.582189473216754
-10.963156170332546
-8.82528944179905
-8.328286860081919
-3.8988382235284655
4.047259311333944
1.3870526443840394
2.842911837624141
-5.071890522622008
-1.6148958489797516
-1.8822178330436632
-10.69177070034793
-3.704167903627224
3.0698284847096002
4.253121500541004
-3.5045367620703898
-3.1355869823794613
6.552699829666607
3.5690197488356583
1.3512440754568231
7.8899785220421075
3.902509112917437
-0.5519275391599332
6.312708619762947
10.880276408631387
-2.449286131612779
-6.5165256889845065
-11.193100322732933
-1.2657633388473186
2.850432431199613
5.320025916027107
7.284746597091723
-6.467385739803383
3.7837447198110095
-10.792194296882212
3.2573529617185315
-2.0109645392057844
-13.876697274266087
-22.865442729693125
-22.219736169016304
-21.078777997944666
-30.22348437824196
-25.812125451744986
-25.51739607617711
-26.23517520306084
-29.971889028008214
-26.036554161327096
-20.432882828550184
-31.177182760046517
-45.907938060938775
-34.923025557651656
-43.3524193128705
-46.40650828905571
-37.90353373250521
-28.832436644541513
-31.389474147155237
-34.67908720481685
-35.94038222771161
-11.905606281230517
-16.805847826181154
-31.314680678152648
-50.087827900816706
-27.63541299199264
-40.28738048078048
-42.33161219277624
-36.6893815895509
-32.633854090282284
-29.18209767632695
-14.457960661830276
-19.096972591985782
-27.10551551115311
-38.33890905134672
-28.783043659988635
-20.576490678855144
-23.662734171871186
-18.87105436557053
-9.387998405234804
-14.729709030268614
-13.359082351437518
-8.349347824815053
-4.504671024996153
-14.71764071515004
-3.476813032566766
-1.2890286901632189
-9.395764965692582
-10.515227642352075
2.605605822683687
-0.041262030541510605
-16.01721291422288
-18.388153527383064
-26.973687039207512
-28.113203367281447
-20.278784894271887
-13.935161414855106
-27.23345227207049
-11.383577330947347
-23.454874060946388
-11.610159524041618
-8.867627574619146
-0.21569165102155552
-13.420090700874526
-19.759739062535157
-23.59655043561421
-25.638886073861393
-20.170390636622287
-26.48893589585577
-23.211960832172903
-30.598833841117834
-27.52707514423303
-36.68478991660181
-27.64259669574809
-17.483044653625093
-30.33591221795384
-29.068810558189806
-30.585423169788317
-16.976890766784088
-14.311730937724082
-18.021019132010192
-22.2953254575256
-8.921377862583455
-17.509006521053752
-10.342551425651553
-14.570986977209266
-12.289349389895673
-7.2778185885153315
-6.2843958625583625
-17.96799969432327
0.42988149848485024
-7.814526455859719
-10.997140287650671
-20.6822871449587
-14.837766584915727
-29.51215696603956
-11.369683545245366
-17.98282888503393
-17.224941955284578
-10.935177073771404
-15.981663979928227
-11.177314834663642
1.1812296578415211
6.791635209278005
-2.7100571600917016
-5.872465299476466
0.9907867639962796
5.928544623056724
-1.74127813525261
8.378693550929302
17.878467999402762
5.1591987864201325
-2.1549075494822065
-7.777315322889043
3.2355261735476764
3.00151186914706
-4.690456700550481
-6.451397036746813
-22.89941826578993
-8.630947747404068
-0.7370673335031646
-5.1723957662094495
-8.188445821636632
-7.342462434636398
5.324723937153262
1.3146762776506489
-3.567510289148482
7.011378093759655
-6.780811771860651
0.33235973688809584
0.03756635926571457
-1.843611062239077
1.4381471623238231
12.516784557028252
-10.239294197040358
-0.6294019974253398
-5.849503803083527
-9.21152566682357
-1.8771119390308602
-15.590810668659316
-30.233431639880408
-15.336881898990017
-25.969324156779862
-19.820486260910467
-14.134494897758234
-28.81877845929995
-23.250539894731613
-17.06880855991936
-14.67853408081665
-27.253581237310787
-14.004089597597867
-27.63598477340593
-19.173383076884907
-22.371567920788422
-18.3808718737336
-29.873112496295036
-18.190304485074467
-12.605150775629726
-18.07695483407415
-17.82480668407826
-23.206885242950836
-27.334672276201463
-29.76904693439611
-46.94865910083763
-37.79172067669892
-67.24752272513442
-47.43716736160777
-41.18415387314831
-46.80329946737621
-46.57752768112832
-43.316870790741646
-55.62233881972971
-61.5159663078735
-44.141876179002345
-47.28719801384469
-41.78193684578573
-38.0884478470435
-25.149752021239728
-25.732711232618236
-41.755910023020995
-30.7290909173584
-20.055374604990988
-26.48962331160644
-32.872645710707076
-18.636108078212487
-11.726525313360238
-32.70196309557423
-15.638757460362994
