-17.724387306037933
-17.077331309157287
-13.293936859641967
-13.320917081031348
-14.710988667254007
-13.499114398592393
-16.022281801123878
-12.705129020489546
-14.508540773588575
-11.444176779876175
-20.575904067942385
-19.813376279162725
-20.812020376244753
-3.9909073995016056
8.99932528781667
18.95705500813685
14.313146895724664
0.04624666872917441
10.312829172416745
2.8075927122403006
9.712145608697119
14.10115262547334
16.989891560688413
15.431176212515744
11.73331171717329
10.602647414173642
17.400376992677714
1.0437403367560238
13.372355881454506
12.423334696118046
4.060131917056232
-9.451347202895283
4.721385017960213
-32.505758441334464
-19.873226041076
-20.34922392578843
-15.739443475213232
-24.074850567888376
-8.430990449965144
-2.3545785513636077
-19.814587418593806
-17.824458765378864
-21.98109404996278
-29.363121694678373
-28.370503824766374
-19.91699925509997
-20.83759470828649
-29.597115211865372
-34.647886782220986
-19.319608263339685
-19.422420236481656
-20.132843806737668
-11.540236143211214
-16.849882891500567
-18.815588877779373
-20.052439130934907
-28.15388204280827
-21.27397847682972
-12.500820379899032
-21.758191685453976
-13.371168292710404
-16.98405733647423
-15.295681828899811
-24.047890672006577
-17.44585414046472
-25.079488983844787
-36.33552472044472
-28.402480293169013
-19.518358621310853
-25.708081278559398
-27.322844598230308
-7.780801484853791
-25.582791828157486
-16.301345473080218
-28.11982600192519
-10.551927490158985
-1.3218875380180108
1.2627913473305643
2.485572959498473
-15.197061547815535
-14.98120669901768
10.921211150722034
-15.002404400417873
-9.565249163617212
-22.912495183598022
-30.67241481326123
-21.589893770261398
-35.64322434240847
-11.237030046016583
-8.171501298089474
-16.031897598907953
-7.540673849555416
-24.99296542548911
-25.26611552787341
-22.83681055373549
-29.333217982483553
-20.429673251342916
-23.945857569495395
-16.923019766472162
-18.1844067331945
-7.1349153220442725
-6.656517495797318
5.5786012217581975
-1.5349707180627004
-2.6674146110884536
-7.482834228143407
-5.022741126504062
-11.735433901105832
-22.805080502695173
-17.38727854616004
-14.802667543403812
-21.444347409200088
-22.297359532450276
-20.530072671759573
-19.575962766764288
-29.330612238065683
-14.66257558658511
-31.22680200540463
-42.53082596740428
-45.17838129652336
-39.048107717266184
-52.499613278777545
-51.90104477304902
-45.12946252706699
-38.83757522142662
-30.273690735662512
-28.206691471715907
-29.95458460328166
-30.12250947188075
-24.027669021409856
-42.19404279318079
-44.15927179089189
-25.523444599331878
-37.34609639572109
-29.13730447956746
-24.111273194894125
-29.00837573129194
-27.84844240261669
-15.740361817702
-12.04960806324802
9.59483554804158
18.845019442388924
17.472815751354002
13.623416339151799
6.282731466139643
8.560927010830227
22.74893896455996
17.302623583331197
16.279797076572535
9.878441894245976
3.8216194938127415
-1.0062711798758728
1.5790447632452285
5.091002716127557
-2.8267762387365547
6.9614882992777725
-3.6251990985564984
-1.044748097726357
8.222956903237487
6.949360445952822
4.040502711932123
9.350583457491073
11.424490966199182
11.317651497823462
6.785198237206907
3.1574227610755403
11.877638492310016
12.81330317421449
2.3877070985678137
-2.6205375688524515
4.50805395700895
9.50179656777891
-0.8958244887460558
0.2447721121354825
-9.307297995859688
-13.301274802301393
-0.19465004234794006
-8.549740608292467
3.404036367121801
8.617922011508165
13.315680842021749
18.60873121100405
4.890398275799808
8.264246292525566
4.349412988430541
9.203509856240373
10.674110635446306
19.197984229234
15.995875209195207
8.78434943349568
6.724054638140224
10.602542921820968
6.161883764184845
3.119311228709058
-3.6248165250181854
6.131108744136252
2.198680067593987
-0.8175156988488598
-4.3051856278723735
-11.577377087700448
-16.700271362427586
2.9322835356693333
-15.567330796446447
-9.836716777938818
-5.794488292848059
-5.054391271044367
-6.3565078820453715
0.8538339286405698
-2.024950496019068
