-13.922746420173926
-29.792413791843124
-31.945606858801163
-30.847216451455463
-22.547785856474533
-29.91855307871366
-41.08420343658696
-32.05303864817542
-42.646708641578606
-37.144601483695006
-43.078854830283454
-36.43127041245882
-32.844082371864125
-31.30236261519268
-25.77982697865839
-25.07983176364025
-32.150829659271515
-22.81945939106577
-18.628508767303888
-27.272293995866185
-18.244019732269887
-9.649702337249122
-17.122878823944752
-16.353425601451463
-12.8030982161678
-10.828637147822185
-31.95049986883076
-19.41142292607345
-19.50538147717532
-24.596263062783784
-18.373338348094823
-12.685751980055294
-10.352112772927683
-24.45363548694193
-12.56149444698278
-13.057963403887866
-6.472855266797692
-7.918995189566218
-7.789959806850176
-2.7273890525046656
-12.472730485579634
-26.520998894749656
-18.80380816467213
-20.55255157306388
-34.41048342097443
-16.544869360084483
-16.57996669577206
-34.658172314558115
-32.28586724816548
-34.11828755894954
-37.98051313638853
-33.634778903913485
-29.04788767510533
-38.44947799476952
-44.995853401218596
-34.082910619915204
-29.379814953852087
-22.375665361540552
-41.504140898389075
-41.74208555820627
-42.64821881072254
-35.2515348747294
-50.66445495550161
-33.39492045832911
-30.72384939688297
-33.066721072544865
-41.683014312640985
-28.047137914899253
-33.9578493318018
-25.012091039306398
-16.112091944743508
-26.96058202900283
-26.682781087733822
-32.97921929944226
-25.45601038288392
-32.487021222494995
-27.165583968794426
-33.97716683862529
-46.27586820979339
-36.843714674948906
-27.204973508688504
-27.44514101814019
-29.082527901095677
-26.66513027517345
-33.67429370571064
-24.75735942021646
-21.840869814769736
-0.6357047778002143
-9.945296214828508
-17.857201785904316
-17.391697229921785
-5.883965650489186
-9.860133875273407
-9.343665627637014
0.360655387661836
-0.2081672010306856
-7.3257567795982865
-11.565855737069777
-11.790735177066226
-12.640547771237134
-11.676210979555496
-10.739597236317993
-7.84378679415455
-18.093756117512726
-25.16076372831932
-19.97971809987018
-26.910099544123035
-32.20354146054531
-23.029266494183933
-30.043238960834287
-19.93316350313421
-46.55865236850685
-16.846795079880764
-22.862898110464574
-22.47712369734819
-19.567097764790454
-35.42088910252483
-27.19927046796113
-32.17336217987978
-40.649514709102114
-25.621047893299107
-25.79796238046575
-31.763781037380713
-36.02946023060915
-23.881678905160758
-19.785475129132266
-26.353154383742012
-50.6823540773845
-46.223334469925874
-49.05580561452332
-44.98329665957673
-35.63780975248769
-41.322701812092205
-57.72349151014685
-49.40786615439903
-46.75720086482765
-47.96307384764317
-54.97670282266327
-46.0909580540876
-42.009854146072826
-40.78773538625711
-33.9006613559729
-29.96819290524404
-30.534113242310852
-29.939152104377733
-34.34181086428327
-28.123493452902373
-28.224073274126624
-21.969361109775285
-17.028614617810067
-12.581416384976487
-24.460856079352666
-38.73158406110183
-35.71642595926628
-34.241881205131634
-39.039115802791656
-22.325193968049945
-8.067747201315548
-13.148677332958874
-9.536726678865415
-7.608156268128296
-7.185910640251233
-7.557523135586496
-6.637161666809328
-2.799970827578044
-13.747210697923196
-30.751814601590578
-32.733258927990796
-37.11641473089604
-31.48952324844737
-11.255480793393
-22.686333319347774
-28.329740806461352
-38.008178674605354
-32.71577831750141
-28.938705481302048
-21.054507176163312
-17.09630000258605
-10.622776813922961
-14.284445652872545
-4.814457154302076
-8.397671707099308
-7.621506558229817
-6.9682859160459625
4.170220784916132
-12.89115707628242
2.1284386900440233
-16.09958872626335
-20.293856358518358
-25.96226568844367
-13.524592334583385
-33.80293914408515
-14.078238959088152
-19.040077009051693
-17.441351662313313
-17.337014972799142
-22.533193742090212
-21.25099319809546
-23.172256603878804
-21.030013039217454
-18.941082500581967
-24.02293027551059
-40.35725522755584
-27.779119959545692
-28.08608266808548
-32.6835982775207
-17.342494769457822
-18.250050043539797
-27.871627380072326
-26.008903779937807
-34.77074351058073
-34.06920254846081
-38.38130321254834
