-12.990811583746659
-14.824299285279086
-23.214557011803226
-15.067937011480387
-21.535044866877893
-22.444030672741327
-25.328815582635983
-18.844043466783713
-11.632871139804836
-15.454787850805133
-35.34149527530832
-25.62657112266069
-14.219105497619266
-26.71396528204119
-11.53946060186352
-19.799462132027386
-19.99668633724843
-3.728523040131917
-8.86297234639197
-9.236323601148275
-21.987469310261112
-15.063931367662455
-9.363553385389608
-12.6497630738181
-21.445327706170513
-17.868077818026627
-13.998050984600306
-2.7850598498745227
-3.795349660584504
-7.630386152481881
-6.722183447971936
-6.299944057571953
-12.22116655858322
-3.7210363889319136
-3.0409722017493777
-8.311689139646717
-16.809180482183034
-4.251835614565427
-5.269134637763044
-13.131287831213939
-5.17543582657667
-8.897179337245639
11.310505465438874
9.3180723140347
8.246218781447283
4.6132414080641375
6.9671723366287575
11.255704774864194
13.273093001406204
10.921447070177972
14.616737124828811
10.473380431210211
11.265621903153276
17.668957614152585
-1.0660116914567357
19.738123649638478
12.249544745494426
10.36894731426487
-13.618831806879404
-12.405758597434778
-4.214554530656599
-3.7600924951392902
-0.17468504720374048
-9.107582547275513
-13.781328629248184
-5.770630045748235
-8.2687035328401
-7.410020800063032
-9.947644901567793
-6.680538971333983
-14.77578969456475
3.5810576645920307
1.0364899831069396
-4.900668120870716
-21.77830236328353
-17.288396977428132
-15.821254824265035
-16.12375195464393
-18.61801223195097
-19.685734780411746
-19.55917585121486
-4.434482403256934
-7.572158145235138
-10.169416284566703
-5.5711024528725135
-6.681422849732094
3.4729815689897903
5.751350589685577
16.012128953663908
-1.6463158043703543
-5.902134213358012
21.157054810467738
7.901990079185213
-0.8044407241719399
6.103198098316424
6.435744388277799
5.1584210395322305
1.0474267995172164
2.5839210961355845
2.4348573189799656
-2.3591537259589033
-10.139753849275293
-2.4715597129245253
-3.8448124420546783
-1.9035293835686364
-5.2256571195688855
-11.639450020998721
-7.7683641123020575
-3.9257096591449177
1.3453476689502324
-11.118785149656752
6.799791436511046
8.942521747236302
2.2730250050133765
-3.0669002649423107
1.1777830753240044
2.203421115997719
14.5565005287015
9.354375074184649
-6.983088721797537
0.9857621575542544
3.085509102651609
-7.867743331860483
-6.218099016268378
-6.300284948440267
-10.504775061267043
1.3353270698651103
11.576705096866954
9.539062599924037
7.594555496555944
6.9769870227167665
6.787765057454377
4.625263805541387
6.003240363175196
3.9821636393401874
13.356415099070775
4.412018467063295
