-10.989899848929449
-8.293352301513327
2.5531950176416576
-18.754031350448145
-17.53937611478605
-1.837232580874616
-8.329772413418343
-9.832192724345717
-19.63463831233483
-20.85112104924957
-14.948367475336655
-16.889083686554276
-15.1037116735904
-24.26375481039711
-25.275265603089306
-22.76209976408897
-28.201276365901066
-38.789445424731376
-26.82318606067565
-19.700079266935337
-19.123731638287133
-23.54056127512296
-26.13945409232773
-9.68174910339013
-13.276395462523036
-14.525932917589278
-14.871241345747881
-25.97356573096078
-21.79103947695294
-25.08694494326471
-11.892113366425633
-27.37071732541469
-17.82817850100231
-22.728609533104137
-5.3034762872640595
-14.279503647367534
-35.2483545853597
-22.036976452246414
-6.5623822666620635
-18.987632234040703
-15.527265945890369
-26.179915858853544
-17.482515251869067
-27.76984087800012
-25.66978429221902
-8.382781797277278
-30.03056814056523
-18.825266759141165
-21.87125575143066
-42.920062416825026
-25.655058429591268
-29.24942284886617
-30.790263235948967
-16.387038420102993
-14.03623266848317
-23.239965063365542
-0.7034447882618419
-17.30330866059974
-6.694873202556084
-3.2090112144507033
-1.7747906316997026
-4.1833989170903605
-7.1724496640133735
1.1865977544777793
4.642707101608046
-6.1627885421161945
-6.027526468318587
-0.9183099733948918
-20.585575326859225
-6.464894234754688
-6.261047276435512
-15.129496714965976
-8.977480254756848
-11.563304532350571
-5.946002467396842
-12.26465589728675
-4.688758522163282
-17.437504883080074
-4.158355315968981
4.747963139772518
-2.6944060349714176
5.418503937473957
-2.5896465980227057
-3.0222552588699654
1.6743012558785797
14.255614651943828
-11.35290701520211
-5.187503452455335
-22.318077772834872
-35.624851210713594
-21.120746052014564
-26.22960555109493
-18.44768834688852
-9.962014176457982
-23.83224464674397
-31.39739004019053
-12.074418124628515
-23.12146958529373
-16.037027871232677
-8.717007951776418
-18.882600157462964
-13.669603080370159
-10.952293335426877
-19.860462928646538
-32.333344707649964
-30.395236669978903
-13.001847246061368
-14.57331146053693
-13.087532570836238
-1.6432083621226845
-12.8719329176078
9.893902145358522
-3.7119761568237504
-10.262654456224723
-18.710545350920263
-26.471993054216853
-2.6844249080374283
-6.069353672786223
-14.920555211494884
-19.744186588580707
-18.23318263774805
-17.25784707469195
-20.451544892873574
-25.11281148618638
-13.810228122066876
-22.11951269755797
-26.536739274616412
-21.962638669905377
-13.454168362268412
-10.30922939412515
-3.119496546499797
-1.4694656504595207
-14.040600849500859
-5.330339041219976
-2.3331002696858656
-4.183129062348433
-2.7996839976149683
-6.3552992188849435
3.013077720865069
-1.5248013420939022
2.6974452650058804
-7.314407496892394
-9.155977451908132
-1.874198440339984
-5.686503773408318
-4.622003622100957
-20.437384689957188
-19.991559478242817
-3.9559176491200954
1.1770917279707365
-1.7034521081701537
5.704151551012187
-6.337072812042223
-10.128425365892985
-17.57646930057541
-19.152890698892747
-17.636318691607926
-15.93713269005345
-23.266893146846808
-13.977924002272855
-14.416175956965166
-16.15932633595988
-8.077478102940383
-27.08074419721089
-19.321628282278173
-18.024444249653925
-5.553330814521674
-1.0375624015733886
-3.9763420130498286
-4.389944172082178
-0.20045347219857096
8.5004932203049
7.483172573891458
5.821401136420241
-1.1707713441562368
-0.5449971507387772
-18.364277950113717
-11.000242319172953
-17.09216249011666
-18.475700210465988
-19.92409991807207
-18.85928012542396
-15.232616553825023
-13.816371725449619
-5.380765184354683
-7.851236282322997
-8.558441424011091
-20.27282039805816
-15.146013296360376
-22.456221193952715
-20.21904162262782
-18.797948378719067
-25.491768605883827
-28.09898768021016
-29.58006859716534
-21.24775726796092
-7.648067611057012
-10.819577323656382
-11.991932770569715
-1.4930102734208064
-9.504313705156605
-14.542297748719426
-10.387894896584855
-4.957280358549252
-10.88415579885588
-8.170998637106509
-12.050273529546116
-10.500288811324186
-15.532687450713075
-13.133705383118956
-10.942006352585489
-9.082315451743096
-3.430034016056596
-4.603716037776317
-14.324882263652365
6.138135798784566
2.374537088682517
-8.37398888342122
-5.2652469334223895
-9.802623007909716
-24.044251595532657
-8.511161309542244
-13.170473301587922
-5.508184141807922
-4.3255164739672445
-4.559260969875505
-8.373476585541741
-8.471474856107033
3.4249360443637413
-0.3919122818495155
0.4359457254563327
6.657105340098388
-4.212418799563538
0.464904213277099
5.86191844481362
-2.348434663231387
4.509228896741621
2.8359302518571896
-3.1519278918154825
-1.222995400339921
-11.309689992206035
-12.038729475282302
-12.734961600924391
-19.793529629621247
-43.16427825372642
-8.106416902711103
-4.79787026339585
-14.619705420492586
-2.01248290159912
3.88697265070716
-3.190259431835893
2.5443557299451625
5.599080601130548
9.299837077189439
-4.015943052342647
-7.695152933325295
