-13.66608483031909
-14.7851405113316
-50.919516560742544
-42.01503006749349
-41.14976936155061
-27.420244948641415
-34.27678721146761
-29.633557243490607
-34.289456285111754
-31.9898083622768
-28.615987010090894
-35.1692190253756
-25.17860522825182
-23.315928412179378
-17.353278673389426
-26.99517140103107
-34.04197504992919
-33.436003387785746
-34.54647509537425
-38.29906553535787
-30.62837672143562
-28.776139901675364
-32.99711407855973
-38.67107423284466
-38.316472005145435
-19.40125678753156
-20.44118942283673
-25.74744535570178
-18.085566290018715
-30.065934483024268
-10.460890675339419
-13.776467696808933
-26.595265167158228
-19.13437263043705
-19.047627440962536
-32.29714304334904
-13.123413629978465
-8.688294712319633
-25.079380360025862
-15.99463588833876
-20.51681556390296
-14.934166014612615
-14.134280948830815
-5.515328136629735
-12.540605100289431
-16.72052201856443
-33.900175258505676
-30.78938450431898
-31.164396663777342
-25.652532815545555
-14.007989197775164
-7.100403915745328
-2.9070239930494663
-16.571407102153955
-20.637008493714877
-26.742490136896734
-24.26062154392196
-24.10439210782252
-30.400847361246505
-33.02194404553717
-47.21384964599268
-38.170813133225096
-26.29613949110709
-20.349304181214762
-43.47869330486887
-42.11879652044481
-33.14829940051232
-42.283311550988955
-31.928955784407254
-36.19967660964229
-23.0898857399874
-25.90541692147216
-24.737782404223623
-20.067667665288692
-19.69531585649337
-19.53202929273688
-25.378273443556193
-25.760771537001236
-26.354376272354934
-23.061687127076908
-23.172289498592228
-10.991671150832584
-9.658188172102198
3.3479985899066933
-1.7585153941929024
4.281186006803361
4.362618828217417
7.1223223143136964
1.211855693498591
-7.45845732261793
7.397284522098349
-27.733040784894985
-11.104375449952776
-14.287582782939493
-9.048612356047936
-14.168617647880833
-20.236375296783976
-11.02471545871721
-19.6306198583923
-15.061907770553622
-17.13404448038499
-26.40577196577659
-11.187716568503056
3.219686274731401
-3.995366587022983
-15.147688171616194
-15.914011344461189
-24.983124244692288
-24.249449954506282
-24.04273775418879
-24.102875693608603
-18.67847451335426
-5.194117085184638
19.51033257470763
24.598513542579283
22.68402766409591
13.859718394879645
-5.4916420807233015
-7.617957513886278
-3.788672723216889
2.929508907440995
-7.6525926787316445
-5.973002860945603
-11.131818171338367
-7.029367259328438
-4.683247036762767
-9.452496739558852
-13.288526603767876
