-4.599781871912934
2.8791168185638174
1.71523876378895
-4.743173906355081
3.665621242965928
8.144738583447165
5.374954383680228
10.252261111825767
12.967199331930846
9.913648179978972
10.618705485454973
3.82517438123658
0.3725019599575208
-3.541167441335056
-4.613545387117274
-8.072640607650968
-3.2074115801452785
-17.156955175167056
-35.11991197197034
-39.82941520801546
-46.31698890213852
-40.5443019868221
-40.53183558879147
-21.367765000619766
-22.016505983632193
-24.1927143933725
-34.917783751609576
-22.33402660070689
-25.14813539624829
-16.190172469936574
-35.07180238151358
-35.1444179682448
-14.036767119954693
-16.522588071163266
-17.669824941162666
-17.877843090722596
-29.217689712878556
-15.230622718889355
-25.49281868955419
-16.038594408264366
-16.266141568764994
-11.114451813632932
-12.174642372020436
-41.18928153658539
-32.62839646725732
-39.78931430096207
-34.405157358978826
-30.36209091681023
-23.23405633575618
-24.583273889327124
-20.719925041337053
-18.7263423666286
-36.09913870957153
-28.949024462041802
-28.57476168339932
-20.18994590967715
-22.63717858489875
-14.405024435616028
-9.61775762691958
-16.459003789998054
-21.03793941016386
-25.42165783775476
-0.6199006424100549
-8.946581491176001
-14.725335606865707
-11.063410497988539
-33.059125836923926
-47.73155942213974
-29.020829893816423
-29.31166235681781
-25.154456918838815
-33.66108962983593
-41.736474439002045
-34.83741009858943
-27.269325735288746
-18.614291579612285
-13.829384646474233
-13.939541714038636
-20.136463690686288
-23.439596160208215
-16.504996856110097
-19.39695590929944
-9.542641456126539
-9.811079199934245
-13.145769067693445
-11.65861629965307
-13.430432604672868
-0.058057351089290526
-10.898544999835227
-15.780679448482376
-4.513106404199496
-15.529421014954655
-2.9667978898034697
3.6124034906256135
-3.742630259459973
0.04497354592248422
-3.993198757008656
-10.876868534307897
-1.1525466502214552
-2.5747535888162023
3.02270515483573
-3.1169473466965405
-5.470985854434745
-14.124066920954082
-4.902810016363778
-14.920706457380154
-1.7149055024612858
-7.738023842440512
-8.140815885330456
-7.837255218217022
-8.439368460591599
3.605940462150937
0.21202867166757852
5.069324173827948
0.8254559511982419
0.8032023828712156
-2.57316376949564
-16.83586112176224
-19.190258805978704
-20.200328801809228
-22.393335733430494
-13.801732476847027
-16.581441321789054
-16.664960313915998
-4.787959915135163
-27.892623139394846
-9.218773234000412
-6.4780778690808605
-5.523573992669761
-5.696371388475988
-2.635125456781223
-12.584035436526255
-0.7396552071121016
6.973816458582874
4.371539908826393
-3.8747191012843785
2.8659436612123668
-13.216369990535268
-13.923133591204508
-11.03694681158504
-29.844197714910603
-35.40224060018292
-33.216520384390996
-47.075090992822105
-27.357606319387685
-19.393346737977122
-24.969118037312413
-37.013787079662904
-44.33391604306932
-30.40327364395887
-40.97818322617614
-38.35631664969353
-43.5561913744283
-55.40086136012785
-71.70555450501313
-48.520181904441
-33.949493705507024
-34.08126620198105
-19.721384765257746
-22.091456006169853
-36.176058746051055
-21.772844211058946
-8.813987391656127
-9.001098053810365
-3.1077562643851038
-0.3507437669845865
3.4827407030061983
-8.03204879111434
-31.32821350595808
-44.16561901116757
-20.334700164651373
-20.05939637862503
-20.920525855976447
-19.333680193904094
-12.082859519624765
-6.578397116727689
-2.2047709843763785
-16.417322600628527
-20.47115621356688
-13.58460366660687
-16.87514460537151
-8.446855247723821
-10.109024304868614
-15.019813311299535
-21.72435369333909
-25.472016161227298
-20.86949115231187
-18.506503159020802
-28.21974528096523
-17.585335172925273
-12.0643563608767
-14.425046853969427
-9.13879222603232
-11.179966349837509
-7.6974039038045134
-8.973255149883867
2.576966642171996
-0.9888130413495808
1.1189543488578853
-3.3883511938873125
11.275715625948255
0.8778798002246202
-3.1071320964351408
-13.739990395730233
-0.07704463698805082
-1.9389930841156489
-2.0362252095617634
2.485060483042191
3.5987810382651637
4.336595335405475
-1.2516741356350414
-11.395189274655495
-12.80019700523018
-11.29703099753278
-12.631800773456854
-16.22023949725633
-22.958096157018915
-25.068890673165267
-24.165707701317487
-7.214959440301148
-11.606122663159285
-13.994515197872255
1.5488681215360829
-3.2030654751818064
-11.842408345917466
-4.677657348740583
-5.916955718068701
12.214190103820163
11.160884415780453
5.847087324580644
7.649459545681328
8.016316258825963
-11.688606178966186
-2.998866850057148
-6.0429529210174815
-6.831628918568003
-13.407901456463373
-8.548087597048971
-9.031172002724512
-4.44413648200062
5.23705141599058
-4.819463977099948
-2.670662143508493
-15.029284768867226
-7.210584426836783
-8.392257616424237
-17.500466647469388
-1.0239941055509387
-3.5626816134937234
-9.173061854360247
-8.79790365586492
-18.095100039347752
-8.466860664812929
0.7097030731306428
-14.252524147675269
-11.390156182742956
-0.516261840742401
-14.320867493664403
