-0.13122465533306754
7.5821690123796195
-10.923778465279119
-3.6632179425213214
-8.58248168544651
-11.919046755765415
-21.573169697852826
-10.04308527855443
-14.08661308711048
-16.171019908834744
-12.664433039187847
-8.483091017131574
-1.7455703361390411
-7.079481143413384
-17.318146822231867
-20.5139683578027
-13.022621045146144
-21.593555313096747
-21.606057955429424
-29.659232576962797
-20.64084933416997
-10.13585666841736
-12.098281237461928
-23.572490178829945
-22.03081482504933
-18.304907513866922
-15.30375667643743
-9.428824057224276
-19.42559347998718
-19.62888766414973
-5.701244569723278
-12.890185204646952
-15.794646940195156
-22.68744057115605
-21.262000378299085
-18.574105238865997
-14.620091294378117
-17.398471547991452
-22.533268773316607
-16.680303443296822
-15.027809277871954
13.590578769816426
-7.213867382007255
-13.246358115200568
-11.223608068599825
-5.797535919025623
-23.94574949221379
-26.52106087597194
-29.04817097293105
-28.736949632946104
-32.310982030868566
-31.054107186290498
-19.949826675151453
-15.593701760893106
-21.812835927580988
-32.240778247208056
-28.302100865547843
-27.24039920408709
-26.64063896913373
-24.53558268512534
-17.852325913689636
-14.878676564162655
-15.35456596657556
-15.460302300580516
-17.380704820429965
-12.284464424879449
-29.0637145156729
-30.50574052829639
-39.92148015072925
-30.24145525641467
-16.72128586858818
-13.952701798816555
-10.820428647189932
-14.295082426865875
-16.49669058321031
-11.226610174583136
-13.487635949723613
-2.785391811696559
-0.884708205170793
-8.52310930602341
-20.043165583672145
-21.283944011173833
-27.511011972280837
-30.06117081545673
-34.14857429164843
-41.32971144306616
-24.79694503227477
-22.568560718995013
-21.910112966844807
-12.243354650005017
-19.12391241670615
-21.147494788749302
-18.823462362253427
-17.405485332728507
-9.675469639336782
1.210499773603663
5.484636204220965
-12.853134229933925
-18.414932726803016
-19.553837131714488
-27.00414522300184
-22.951673202048568
-6.972747447314006
-18.186431330207093
-21.736978889574537
-4.769341380171966
-15.667719174451573
-25.99257241273116
-25.29835811011092
-19.656650797011032
-18.186074621653844
-28.88016652473212
-30.39748810665433
-25.24449057580396
