-9.219444643902234
-10.373836901184488
4.619795106118335
-8.975298004291162
-21.480225679722896
-19.18524699622732
-15.322735037555187
-17.046990068818282
-16.559365637973386
-21.18866056199842
-15.808353729630484
-3.9305287253346943
-1.2341284786238886
-4.491458699893254
-7.669556711085153
0.4165778414773112
2.930107446048785
0.1764887195323592
-10.371947944042104
-26.446324041734808
-30.165935773794352
-26.27871536479983
-23.080181862870955
-17.049580303558844
-9.763823725157076
-13.2527267496889
-12.468196249987006
-26.73844462868064
-20.373556561998747
-7.106924065944856
-22.38758084714748
-13.523602540316162
-13.334169962638537
-19.818865995463018
-32.70439215451585
-9.689595560104577
-31.55865416907187
-17.572988504710704
-16.461952865326936
-24.18219106908661
-25.70832703610804
-26.289914877407462
-21.30486121988375
-31.16718561263935
-35.458616377084354
-30.59282013801466
-41.00758415099662
-39.44183791733685
-34.5278058097907
-19.40786978935416
-15.117409382764807
-18.034323161407773
-3.4364293145628224
14.659688742784375
4.221940705476972
6.4153506828110025
9.31129080082016
-0.2416887338969647
-15.537463605105572
-7.24343788128748
-8.421924208759632
-11.767888915846836
-21.723045768061915
-18.668513230003292
-13.367225035747573
-20.54209183088439
-45.422254208831085
-19.539405816502075
-31.350766673745536
-33.993042035780284
-30.671636400326317
-28.26292318692827
-17.752643490737697
-7.3968487502772104
-20.67459725630334
-12.183886650519499
5.181992941190816
-7.939707238918062
-12.136996569658713
-10.399147506338123
-8.644352609919332
-13.336158420173115
-8.205357132263678
-13.015659767105769
-12.58114074693038
-16.130150595601602
-7.823775596787852
-12.186112668455285
-7.577241275379277
-12.666125249956632
-13.496985691608286
-9.355732833213423
-9.825967125203077
-19.67599159475165
-23.253036385062266
-21.307554653935963
-33.721759940169356
-25.549915955592727
-20.728271073728248
-10.56033814005585
-14.10230221871842
-13.630878884374562
-16.845616166791544
-11.865459867382189
-12.318375228118251
-5.044461752047896
-5.6650336790416596
-13.245141152966461
