3.5185949743494773
-1.627298434482964
-6.624886919878567
-4.38880742283075
4.85007781567315
1.1388007355615035
-0.0749130564352037
-4.116505190607524
-16.491847909748348
-8.500787516765469
-9.134790988053288
-17.625542755864092
-18.15566393613621
-9.091826279558653
-9.684858213185901
-16.269103766472586
-18.03733740176396
-18.80657361911736
-13.355722357664426
-12.697165913725225
-11.353130676946616
-17.8506378517485
-12.392372484922682
-15.222049363283038
-6.450992519676277
-8.280673654300545
-6.465472331097471
-0.6314557810586077
-8.24564946833332
-4.602726741391167
-13.931204260290112
-2.5063261353341413
-4.597791569836363
0.8006778666955234
7.036572437830223
-2.5258622654843976
-23.247339553323823
-1.8413070852156803
-11.83272736874756
-3.920870287547753
-8.265190057260222
-15.669238822213964
-19.990700529001764
-16.028628167389297
-4.24771443025706
-15.403289506886505
-19.475624413721714
-15.13375830842936
-23.684217591813177
-35.469878693781354
-36.63166159077544
-25.45529697628113
-24.997038848394826
-12.110315733983455
-5.0074756497156265
-3.3313549975019563
-15.457923300760212
-20.933238816581046
-20.123453050177595
-22.32693720419458
-18.228160428561523
-27.445117642965307
-16.736387292949313
-0.5599332333592161
-9.988964022456503
-19.72703965375582
1.3842511087723282
-4.618003591041782
-6.214689619737407
-3.252820128638351
-5.878567773737802
9.108636514236172
3.6351461042086135
-2.841616219599935
-11.48374089928403
-1.5816363747733184
-4.050660868989831
-3.5809064278035216
4.862380090930785
5.813473513987023
14.048164025682842
0.24856088057071435
9.930854320257023
8.571065702494035
7.973659078250022
3.0093141038278706
-3.6274276069735336
-2.8832685439926924
-2.3525238116171745
0.1493681317779393
-17.969958919616758
-19.093954150186764
-18.72764128992371
-17.4895717642911
-14.656910388583341
-18.478311593290954
-19.60843016372763
-18.929699838694198
-19.179832078377558
-20.809659879027734
-19.63919146678348
-10.96547583416502
-22.489817709801088
-17.090014075689176
-9.105679747914182
-11.201765460030325
-20.579016457934486
-11.227181808629155
-9.846647271564956
-12.4195368174172
-13.799665145151126
-22.054866670019255
-7.3631752807716735
0.8670956468347937
-14.75881261845974
-11.004819842328622
-11.546365778367536
-4.64188747352432
