-47.29482538610032
-37.164141068069355
-42.24159381147134
-45.02093363998203
-25.23038063338209
-17.07858025390375
-11.769161916166796
-12.543217360310347
-3.5996849056425027
-0.059740920334315835
1.038666069354928
2.368833314524996
4.15353346990595
-1.3319837428084398
4.127510952292739
2.2980234219325704
3.695054595720582
7.422454008559183
21.352477527816337
25.36634515154973
26.177838721151577
18.31111911151832
16.612859231335193
19.631960684226986
13.804332286351734
12.361255321993124
8.226820659990493
0.7924262345033266
1.387785055576461
15.936033797302999
22.785912841546235
17.441851614873173
10.488211145186614
2.2672846054864424
4.2496477484009
7.837685844517066
9.368580882069349
11.446123699744337
19.198590684802703
13.997365832313463
9.254920438993055
5.327192831902253
-1.4373209639914102
-6.979410507940643
-19.020271838895503
-12.673471541862547
-6.621562916326032
-9.975261382469984
-9.61047030844905
-9.669483667008782
-12.38373058148858
-9.606637398807127
-10.478110019252897
0.7926510026175477
3.823156807046821
-1.721256773685414
-6.508949105882848
2.0222869335089797
-5.630446367626005
-6.56782945822116
-4.977982524945727
-7.675021758653469
-17.854246503304342
-9.617842781940723
-5.838466797967034
-7.52967149536155
-3.5180693229380138
-14.173482019466134
-16.331880906464125
-5.220989152545472
-1.021007332208939
-2.2852864756588573
3.7445876926550685
9.187072126788449
9.144891713197447
13.360686114406883
23.010369708794
18.038681411075487
9.546589082974142
13.196009862428587
23.48644988676445
23.659673435168923
11.311653214609015
5.959853031204702
4.529086670777693
6.975166341819894
9.488254089838387
-3.1147887676217785
2.112414154079382
-13.268831674865062
-29.34385727835613
-25.3112848549303
-16.05102822171565
-18.52952474566202
-8.810643556912062
7.861592928643327
-6.982775582495751
-16.20831621598704
-26.398695871015978
-24.107880437993547
-14.20132251264392
-19.292228545655366
-14.489464871736883
-8.918892532776244
-21.97551407207513
-23.922288788379568
-4.4975076816732935
-3.983927368937211
-9.466853263175937
-14.261335934767597
-10.564165043807217
14.334573333808954
13.707706747756374
2.0044246150960903
-10.403574942697572
10.289397043823893
11.519252273389617
-2.8102700546930297
6.312187276018032
6.870555910341742
-2.1712554658559053
-12.932087390972896
-11.431810446595135
-6.413132692818975
-3.0633646407485844
2.406373119735477
6.309452940335688
16.8699867467528
23.49218957314851
13.444580693253956
5.28551339297634
11.284066335956668
3.9804167821315217
-0.7094246676061063
-4.814858107782968
4.075840494104002
-0.35178336559773593
-0.9613646135371255
-5.641035542330928
-12.851209918048953
-9.103261934725817
-8.771555786829545
-10.672361991912018
-17.123571578924437
-25.552477259318053
-14.883937847161771
2.3325174302446303
-2.181753276086149
-1.3398542640820357
-2.385934517279489
8.294623532926511
2.723227040921285
9.978262904820973
4.0193327000288965
6.3715840489713935
1.9413494376467644
-2.7758478574113807
-5.554361510049954
3.4363668811380634
5.809621737136222
1.2017208046366192
-6.947774350590995
-9.933638625347044
-0.5865255316977757
2.6356110731297537
-13.5991615190364
-1.8237962730433168
8.98154541318278
20.171093240223893
17.595852892732832
11.06212596019541
6.3498913773907875
2.1981745367936814
-2.5618075691327657
-11.359762997629756
-11.033750062366071
5.762707745677608
-2.127679672091966
-23.55437367589297
-9.780049566307717
0.40822781290262544
-23.756105942526307
-12.353959286979347
-12.289705645581089
-2.5413727832216555
-5.4563423966145255
-7.853873920613744
-4.9895826052274135
-3.9568508350209046
-14.237186121725635
-5.448020865257576
-0.9198811618204183
-14.667143505613527
-6.020998701060655
-2.3027176370445317
-6.571489560993742
-0.4064564005805789
4.0245706502313014
4.763868024392363
-1.1857016205069495
-0.40134565608318135
-0.2386825080840073
-4.5012036989884505
8.023793933293787
-0.7515572010563154
-5.680138415571619
-2.7927068907844887
-11.08608748675368
-16.223806187025367
-15.19492612775208
-17.831898140571454
-6.5954002989530345
8.005606490971218
1.6928299549227497
-10.188911101832737
-15.043813864397318
-16.897899371006382
-9.386703045439733
-1.0730191295869629
-0.9184683410369164
-9.191704906624784
-7.573313495111553
-24.777471548459786
-31.54545227023077
-42.308686303822185
-32.955354883477646
-20.069980703600372
-20.00508285183332
-28.48778959855414
-22.919012405727557
-17.017141711812652
-12.427898499998367
-13.041235117220635
-17.185247902494233
-16.814736438845827
-15.976812501217394
-20.41313679005396
-35.22875375172031
-26.77411900715265
-23.79897714740708
-19.96560546478097
-22.86139663661267
-15.593454236804762
-22.84323377545796
-17.93036598075459
-16.512027223628937
-5.556804105734999
-4.67999791648413
3.0498566146368824
-10.869139050577251
-8.205791828371721
-9.2609394560216
-15.00417605036695
-15.742707939114466
-2.577778463836814
4.705155743561251
2.7149819185371413
-10.79471267424734
-2.2724595284022526
-1.388179035832642
2.084914772557036
2.450936547767576
3.950495280293066
6.848299221189263
0.1093165248594534
6.631323730973395
7.966445918767826
6.864659930224577
10.130854205580489
21.02206710984649
10.510783250247446
17.890922017069357
-1.183742568306705
2.9744423614651296
1.0244805537316393
1.8153726421788332
3.4720309798088325
1.8580603049681368
2.547056665365625
3.4766040357297987
1.5371635929798164
-1.479051859311317
3.0886563220788066
-0.06471307234163515
5.416617452711255
4.728928198579059
-1.1884086577483697
-0.9943932469637112
0.655646111918311
1.0638885965129752
0.7512671370361841
-15.744511452408318
