12.633763844232016
19.63155287025084
16.093337506793358
16.115480474275678
9.60539032072741
15.689022641143707
10.604234121106856
2.4927407815132967
4.2268589316801535
1.6631980370109596
7.036373758539728
-1.018049290163057
2.1641761644700326
-4.160543900520535
-4.3605682174132845
-5.809250082970286
13.238408677046086
9.75790446663988
9.779064847329181
-1.6470748206376449
2.974538534601951
1.8399318076755669
7.821745142258393
2.1134206870051933
11.82834218348652
4.750163895097716
16.22819710963968
4.664684094998507
16.835327043371738
13.179471817009006
19.00876986191705
13.172859581509542
23.428079066420178
22.79489816156215
19.232373822934967
19.501220202082425
9.63975221770178
16.819163600359452
7.642737153900454
10.15398078843042
5.199285576136561
0.1735519760513688
-6.043932223685906
-2.7733732153258646
0.8964023583629652
-5.681129707074177
-7.655975083365179
-4.397263686398159
-16.394606154401792
-10.844702844487463
1.5110551419215164
-8.092856475064124
0.4611092433292767
9.54858038867868
2.368058413878926
8.993299009160186
7.283544496104853
-2.1821106836888506
-3.4631460024371004
2.4262254443853903
3.1617511707385377
-4.079286915430004
-1.5409846325724414
3.2892585283474176
0.2958770477795973
-2.4985906063167267
1.8749074141830504
-2.8299143374818367
-10.991050561156387
-16.19063917412962
-9.133297328121298
-22.15480733022699
-14.429090433744395
-18.784796547924138
-30.011113966785054
-20.0892159107542
-15.168523883445092
-10.795073875527867
-10.210317574373619
-11.893668984346911
-2.3369770746760903
-7.527864400291422
-15.298939630506528
-3.545617552988937
-9.991438343778047
-12.633658328681548
-12.443572008664704
-1.0232968751571967
2.157204762400332
-4.962867150125099
-8.41825141603163
-7.138749206742197
-9.111895775468025
-11.217419889866793
-8.884332968219688
-10.86761140984401
-11.639700527214176
-1.8540745979671616
-8.896148265917706
-7.635089591984012
-9.104740326930292
-14.217119110600336
1.98478247160802
1.8404287852511327
3.767467860383172
-8.3811826764826
-17.188904216304234
-13.764585824384026
-13.635904380507816
-13.667569359786265
-10.691884089441407
2.2581293598203667
-1.3907715745058793
-6.053713842664157
-3.5684576105596753
-8.882386797598754
2.73602300120347
-5.027896045744061
14.579066463970337
5.932413871693617
16.849617401276323
1.1271223919193671
-5.084421431020104
2.545301437760642
-10.39141223473534
-18.1533220520522
1.437942807849071
4.263452334637253
4.060978262422088
-11.954839492182273
-3.649637842412465
6.746803409306134
-1.3138842909478177
-3.2116909483424605
2.2168303726078005
1.5990350152749926
-2.811275041851474
-2.417221966407001
0.2792087694595662
-4.754904259171992
-7.988729355544617
3.572114499592535
-6.355037478685894
-5.909653971872876
-6.245330761709693
-1.2639591928537142
-19.58501244731244
-17.262341019702696
-20.79932229100179
-11.421382861788334
-3.4359165703353067
-2.2514559680392496
7.844632849362347
15.813366775415853
11.195108250642368
12.392532017545767
15.953079651216527
-6.406212143101193
8.46760395117823
1.3795627644751671
-1.9887692872512672
-2.864975269804876
-18.14691166376914
-20.981492671692347
-26.486492618638334
-21.619108392105602
-21.89078185730777
-40.31863990661301
-34.00955349769022
-18.19742515351049
-17.053193248161175
-32.04195070690574
-28.426610393849305
-23.931355459956965
-3.2496187296328802
7.568647476380745
-10.31370064108995
-3.199904302231659
-6.1585570979183855
-4.1937859381357185
-2.985725914357308
6.28643328778602
-0.3664209854330212
-0.3766748963562212
0.4957138392802341
-4.2989459646302
-8.263358572690294
-17.745781230392137
-8.412775237611978
4.9638455390235885
1.8908569159537725
-1.4612721874781331
1.0447096385078718
16.386042499350413
6.896334689419772
22.427998188779412
23.57489731383644
15.757649476923985
16.282715598896928
17.04203535194041
6.35761065378692
9.854899291016805
20.589352084437724
7.647148419847048
0.478315395706655
-0.4574714322529161
0.5692190731187224
-11.944049255526695
-12.301091237258024
1.3054958968541923
11.666351435005328
12.487140147416547
-1.5428910326421823
13.711408291413093
7.046697425121008
9.360706895254552
9.32836194217993
10.596432550236283
7.729217020112287
-10.298963254489774
-17.331628750449294
-23.28128783820676
-18.805925492011603
-9.765111411130944
-23.529621912197968
-18.448910546151872
-20.025499875560023
-16.386337817732464
-10.200977247018956
-5.6917845714971325
-1.4363815540128124
8.694566289255459
-12.487574669984474
-13.69980979229815
-3.263691941173428
-0.3396468792662383
-6.358589519305908
-11.966695264613547
-14.914586872504977
-10.663944562752958
5.684345315571737
4.506368634196144
1.9478452288869657
15.589590024364812
9.481330015758944
11.31985439665138
9.141021791576149
16.00893307354745
-1.6098444981726323
11.463861123412578
10.858100044216863
-3.2064176421099733
-3.7590183026827377
-1.8513850609620282
-7.257886718856488
-4.419970967801664
-16.046575815892755
-0.626734480352815
-17.91507138989439
-20.520944691322686
-13.654834760829615
-15.445214727020257
-0.7319993931475839
-1.8872036141574489
-13.358477806410715
-7.430537852543657
-13.500623599258521
-4.368133474218869
-7.583406495969451
-3.4166729884812583
4.758668125899444
-2.75147865079468
-2.7165058272357245
-7.5535904516968415
-4.476351321361693
3.4221963786423086
6.128354163436706
-0.6777469540956638
3.5091686834978635
4.977949099696244
-1.6979524879392869
-1.325458643204572
-3.3525672296199467
-8.952466061064694
-5.845052757179278
