13.684506510135037
-5.956925229290332
1.5594821298769457
-12.259078434173961
-23.58586327076766
-6.662831794471308
-10.607872497286381
-6.073811009647131
-11.854399843544297
-8.408751087241718
-10.45544497446177
-5.5584718420514925
-1.8907047529616512
1.5861998825225458
-18.012263130849554
-5.4148155637749245
-6.625582808818831
-18.292636070395726
2.5008842645392497
-4.579739905407908
-12.592905227536438
-3.3208855551548027
-10.783305167664304
-11.632195096189475
-9.233199368833896
-3.000698512403213
-4.453923704462334
-3.614505114135705
-2.6669062558046104
-8.973609860052509
-13.398517087054124
-6.241434820168372
7.9751157678348275
-17.64290433293553
-25.766878403693404
-12.209739758441886
-0.4329720774519295
-2.827169883944966
-12.962104628789993
-0.6665842742969926
1.8000774270134097
-11.773117713162993
-8.204500473646776
-11.4719781718934
3.698074611496645
5.4031270555888575
-7.206748910886638
-0.23618459875927594
10.477306513694892
10.747446208422135
13.760129039027095
-3.9506739083549114
4.970452118032947
10.33237732832642
2.2063182429737727
7.447503997726147
-4.7587157258303385
-6.6171821920633205
-2.2623522059624372
-1.4200670798186432
2.5761813892087844
5.33655241497098
-14.001906153077199
-16.75208440404002
-6.451399995591407
-6.887009619461068
-2.539968645321494
0.11381491652308673
5.940130743937514
6.353140335157037
-2.9189846940167854
-5.455939596899112
-6.668974374092013
-15.118189753620502
-19.962163794429024
-15.118883216127994
-18.46496348737549
-7.814242790815763
-5.790432758094759
-2.347624877955724
-12.974689586996838
-9.783865483768494
-3.181761625097653
-5.038020503209376
-21.801120839833413
-11.466441674699881
-3.3694153493418435
-0.6504990166335309
-21.08293192797889
-12.638758129174912
-14.928051482219658
-1.1498996850006409
18.739316102206566
