-12.330430797504606
-8.927827169926644
-5.7706383342629115
9.504810298177178
-1.6785667575315564
6.9383868884770985
6.092062271848112
-9.229050814404015
-36.8914264511056
-38.0101041021162
-43.705456442879715
-38.62088005821267
-33.47331490700725
-25.74093204721113
-29.706136778135928
-34.457289541896785
-40.923785069336994
-27.42673192407341
-15.728770503229384
-14.993683393742113
-16.54507209521962
-11.090934882177628
-14.595760571832828
1.217689427236046
-10.229915892173342
1.6059041940797756
4.076016921791136
6.927866623521687
10.40817923527821
7.407665385775287
1.366370805592208
2.96250644232327
-0.4258352192308622
-5.960238555155712
2.8319454005537383
-5.728273321620118
-3.963890459882464
4.245942265979719
0.6868870285878542
4.335687740489192
-20.6463241274405
-15.129063714546936
-6.687780103644629
-1.4655111284842302
-10.801080014473959
-8.957685376370426
-4.942114395252722
-3.8454017364534554
-19.82843699742564
-14.271588340057068
-27.78720767504921
-4.893267816948948
-13.72087900799096
2.323601764875478
-5.946375565299393
-0.3284280458869033
10.221759454101312
10.848726080697453
14.546897659653485
7.786745416067087
-7.588375292250927
-13.945791773813438
-18.61301740677665
-28.54444542371082
-35.9345527491179
-17.642373965123568
-19.88347775455345
-25.88892160013891
-28.26171968553899
-24.33411795004283
-9.6801453689931
-10.053739391726316
-8.564693246912361
-13.166788804373073
-10.62788892710087
-9.517920773282349
-2.9579987768400406
-0.9390376397978156
-6.866297001731818
-21.101369227855987
-20.3813000851532
-15.241942041014592
-15.054468785662866
-18.229685308504127
-6.187881598825352
-11.205953792633407
-17.745363586183103
-18.33412888833731
-10.137227673938748
0.12090979816854207
13.133059597512391
3.108585562453543
10.235974156217212
6.525474165875477
5.9322536017716425
15.972108841305444
2.1362575009109537
18.85162510822529
7.494272647796618
11.235901580107685
-1.4552193710781145
-4.244552277404678
-20.160213581545374
-23.13348004443089
-11.162183511101446
-5.2683392848668165
-3.847045435066321
-5.503445072176706
-12.22439855463459
-12.555434103720035
-4.873811904651832
-4.629786735765044
-3.0692197296511936
-12.251169425541171
-3.7775500982576657
-13.453106248446634
-22.300843533874726
-25.405896272413532
-27.368905049185052
-30.031003868830084
-30.351222777265573
-29.220913863701487
-17.42515460465694
-29.69075171882681
-20.057838869161635
-1.1742242501639413
0.12458310524651972
-0.07370567442377872
9.015126488503784
9.932945758302855
13.498589781317945
-1.80938839911046
9.503522041627708
9.432989438937783
21.453843556200454
9.905557644582807
-4.282841271345864
-13.862263588175026
-23.31777620765802
-18.05237630824969
-22.92702214489605
-4.9474243713247885
-0.133608530914008
-8.948703449961027
16.866012258056582
11.535728794975007
-4.968795584501041
-15.057960783662061
-25.763490412029267
-32.40141087746041
-15.769350287754525
7.221510235892744
10.519250768994103
22.63189512212892
14.140461002200306
2.650882852820531
2.091441014179805
-9.216348424767194
-8.649635964562236
8.311224731439951
5.749942669286024
7.124207097216827
6.7784706086593935
7.768761370473005
-9.525065509793947
-21.93308265018414
-15.448767596521506
-24.09527490572755
-4.957901298237304
-1.3445032059699258
-16.580866011648446
-16.423445704793867
-11.482361584148686
-5.828964052442025
-8.648834252719283
-11.495113733681851
-9.96881994811207
-6.186620002975638
11.535571515293784
1.6717106527054248
19.497597311392642
-2.8974976837984214
-5.2711139966575455
-8.261066193017271
-19.003970037165143
-5.685918038320629
-4.250481413558721
-2.8173065920404525
-15.791904468124404
-2.05087869631398
-7.767111603878082
-22.865106495790247
-10.219187499944749
-22.93508870472621
-4.329959688610588
-10.450450143088103
-6.887050585590164
-0.5236480713145062
-21.10590270270745
-26.302516463556337
-13.280723684169136
-15.6877084561961
-20.08759751251224
-10.166634836737412
-30.071363004277305
-19.826028984166513
-18.203186673545453
-9.283792623508637
-15.778650697087876
-3.407757443101413
-12.98361673746025
-11.917483363036055
-11.078183149905476
-8.17253818539941
-5.745593273800434
-5.042810829523031
-4.577887616425072
0.8229653828833707
2.9934449449543146
