11.414440245892065
-1.8260602550592056
0.2401109374876125
15.579145741100652
12.615067327871301
20.888108984518816
17.371958037501248
8.339651341595559
1.4467233625311968
14.08945830159481
6.367835554203224
15.04979132994252
2.948287037616129
4.26468566855303
-16.693404151219333
-5.35981324324225
-8.908933677581098
-6.5469821478600725
-7.529622846478644
-11.66845281510818
-9.818762719820958
-12.864493223838416
-4.341820759643681
-10.436693598235447
-12.188319899777444
-11.62106736947418
-21.177604881067666
-18.152265918289142
-4.970492031507872
-5.27823890659424
-12.322081935855865
5.7075280535624415
4.594556537422418
7.583323681426675
7.795624540495165
2.1072706945061794
-1.392452350962999
10.053916550769683
9.609366679660486
4.306596930872307
-3.3982000217697768
2.7284891085510967
1.913867487836764
-5.668347598152707
-0.3522019871684817
-0.14517196686313585
-14.387409209765876
-15.7980842977321
-3.0816196052270337
-1.4728470870581192
0.5477512053634778
5.738197987258984
3.6520747718425377
-1.276604197814085
-4.061228697630737
-15.045885914678532
-20.18125191470923
-16.207031737356903
-12.65396789978828
-17.16743814571455
-12.28609447459954
-13.4977786372826
-0.3963013478559737
-9.83641862478126
-3.8364782219157054
-8.703817525073369
-12.771817026828014
5.473232431414725
5.378383494547813
8.529794293866857
24.375106658892804
8.917820071742643
-17.633783065986126
-20.11522833407118
-9.150098988876081
-5.3766928905264075
2.967245606569772
10.94482791073017
11.163158677404333
6.793708517341035
17.16919599843182
-2.505088500874936
-3.809621404223172
-10.547613623024676
-17.739049513372155
-17.370299908743227
-9.192594187955377
-1.7147087538660257
4.783025278256772
3.1690824095657097
14.638812219297307
17.748549359674577
16.092079522179002
16.327176780007555
17.14058780064955
18.870958121888822
15.870132246674574
15.67906494052817
16.722315398954155
15.682513802962902
20.59644765591944
20.230827430615413
19.98804571168952
19.115663184139322
23.195281532717104
22.591767555543395
9.3107513265081
5.896137010721987
-3.295276158150694
-0.3702266425406422
-7.594530543824392
-4.511451419497272
-8.632271094797149
-14.065826267599038
-24.332364797370307
-10.339747692159422
-6.91643367230883
-1.8367495182813505
-1.8331917920915413
5.055151969836512
10.817035827748503
11.154125491046395
-2.8494931639253758
-7.837042108229237
-0.4650001103402314
-3.889114210423142
-8.015675007374599
3.059799939631
3.8171664373053487
9.662613333775523
4.1375495587333635
-4.869432180847927
2.5160233930023725
11.913800821116276
15.007302269043755
12.468212497458662
15.547904600566447
16.00439981819478
5.4539483126079595
-1.1923349555234464
3.32760209472224
12.765255411641213
5.770291307298579
-5.548174123619453
-1.4671663518124054
-0.07719639873878419
-6.950321140763585
-8.778627620228347
1.0352430547261982
-6.614442051657932
-4.4440156647265665
-0.33202231108986624
-8.869388757491581
3.2345926638812004
-7.346632675640949
0.691574681216161
3.4454673236456252
-4.163214770952558
6.498450334480089
-3.151624936357923
-7.057716334481618
-6.4536233093825
