-2.120619234483243
10.754364525677635
-0.6452739077568368
0.41018529322149
-2.2763809271700404
8.16965913274959
0.8263461862940445
-15.995904490467193
-8.737672535842378
4.5733046360970615
5.981546050325508
-0.5774025551441522
-2.760207771363944
8.070705155365754
4.250267275468136
-8.164745011372384
-9.476123377364381
-15.876878063316811
-12.453302960771776
-25.823971947880768
-27.085396232586326
-30.847030599405798
-23.29243430864723
-13.029230864033913
-10.829971142848079
-9.085003207949406
-5.2786659149907695
-1.6234290068463946
3.299652527140865
-14.372650520034425
-9.84598219420694
-10.455355529855089
-16.49618295493136
-26.535433346727856
-20.950706573692468
-10.208455286213397
7.084485130651825
-13.640476250643609
-21.71444953212527
-11.028204530869989
5.574357732333233
10.395281792851351
6.573113139925214
8.612232207759158
5.447491001733669
-2.317099747739174
-12.883461671291835
-9.418639562982024
5.262652264257861
14.579864808683395
3.5663930661386027
-9.861813126936397
-9.436077165134584
-10.66363816028945
-2.9156377578278883
-9.671605093300368
-10.557955682379166
-2.326409084249885
-6.606307577651101
-15.85635188567055
7.310514301869231
-3.366979172320962
-9.872722956031897
-1.17277834282746
-0.875971706484893
-0.6179223999155299
-4.012099863145823
12.287784236724658
10.801571213307373
3.6617660455890846
-7.863357377475188
-3.833711915754772
0.7825845838996208
-7.390939218323608
-5.37260744945841
0.3672878089928615
8.008114627038353
17.024213528225822
11.854803752697569
5.828673575469931
9.054664923324172
12.330483339183926
-6.313916483786709
-16.226911415491188
-14.048232783990088
-9.100616014651843
0.5181268606311198
-5.6771341789447805
-10.57074585461736
-5.049858831125474
-0.42931938916383217
9.224141948825727
0.4603847516227614
-9.97471739623644
-13.475079473657965
-29.480556967592268
-26.792572997560693
-13.221004845490024
-20.176863284482142
-25.042074179607827
-16.83059250598844
-16.31926423931258
-10.415429536803757
-24.050086612542692
-23.36074554184568
-17.669291926945068
-21.330974647099627
-26.424510383912786
-25.129446038019186
-16.872208610864792
-10.654338248035408
-14.210960900809765
-5.791998250605388
-11.866460090929037
-12.4111838525504
-14.650884607949926
-16.756139965756212
-21.787940225773152
-11.807088775005033
-1.0737313945194205
-9.635580065521983
-6.554266566679607
-18.854237977718316
-31.204080896306237
-13.592015351798999
-11.285929638738484
-18.3516868437775
-19.93565488827789
-0.10692606072529368
-6.405180735633651
-5.135356790737021
2.3993852952713155
-2.0292010007489774
7.947522347996622
5.648123107644216
21.42399929941609
12.114950660037007
12.774979699180939
25.340594447350412
26.09241868862855
10.914975264609556
10.68095348882236
12.258141876306102
10.29947407611341
15.393417879593875
8.524147439093895
13.094930242826026
10.853065533969836
1.5990051743670135
13.585510952025585
3.6114192737292954
-11.670345615796954
-14.857539618616268
5.529855517405223
-6.6135665340250815
7.280369290480106
-3.1214595243956405
-5.9624451272405885
3.855888018982157
0.8078994713152534
-0.03281373725424558
