-21.633776449223838
-18.77157706763191
-34.099016868461064
-23.396558341370174
-45.33967059059175
-7.864239033512044
1.2363258534480244
-9.003074344041282
-9.406828603048764
5.094387702013373
3.7152844320855087
4.645686305997209
4.061971987196576
6.7601668603582725
-4.6203667343937145
-5.195694570332948
-15.190011497096375
-29.507941720034445
-18.55682305174344
-22.797846912847252
-26.398729995388717
-19.43305530859072
-33.328908779350016
-14.099632394318249
-22.223868649267907
-21.9974807961952
-19.16628194580698
-12.25453474812293
-5.907115884193728
-8.409676201181474
-7.509352754438543
-1.580202205528557
6.422065678679142
-0.5244542178365258
6.173610017666963
11.786351316897836
8.49411409490678
10.338699202991913
-0.0483574038446541
-2.9529528333686565
-12.826564747126836
-4.565790971354257
-6.3629781949807045
-3.195139655437633
-7.937696193969438
-20.633060278596453
-15.556086306634269
-14.436504031645153
-10.227073979692985
-22.39064901765769
-20.52351463157268
-10.603979537491005
-8.521900675609377
-13.446419267788295
-2.390155262013263
-3.85806299201706
5.201403222401184
-3.403041921369232
-12.587673038363107
4.775355326182279
-2.4851092217102617
-4.679892922926342
-6.141666132714546
-6.717057407810375
-20.34356053395766
-23.0879055263218
-12.04927303555808
-11.317493431866591
-13.763624725267697
-3.5306509462995312
1.570273397729935
4.051223198119184
12.414214196679964
12.66370105926919
14.716479516467414
8.628910966170814
8.700342664772581
7.894214417742415
16.22522409740222
4.413489975030908
2.8721832654116066
10.073452352924011
1.8737684378963624
4.7703833389075125
5.109625004734432
16.19034215743577
5.395587281823545
5.419434637061492
-4.9530770925987095
-6.593246758490863
2.067737010906812
-4.761367385234326
-5.687275732118902
-6.029678331004785
9.204710540179235
6.387754298406653
5.6178746252064835
-1.604651175013183
-2.3094540360730096
-5.431515628844293
2.076271610239776
1.8995638961526105
3.5936502266628634
3.732729092753459
8.712958681501588
11.772755844071312
12.216158339040652
16.318884121965393
15.821652370651094
-5.7425542370449305
-4.588529222564474
-14.847773404837287
-16.567678019768092
-12.55299069573055
-9.953909542155284
-3.0634585140402217
-4.17287993216254
-12.603530943112409
-8.767800848374113
-7.827423004953473
-7.269067457378822
1.5304861098967537
1.8231515294746303
2.397719039081197
8.463734292261378
9.631951182023816
6.552639804349838
6.573452368065561
-5.4868173456001506
4.543502751932562
14.349589323109988
17.08790237311934
11.709899106743945
-7.668681609210062
-7.741981188850946
-4.7431063349492355
-9.898180026100244
0.7634790900949494
-10.08584367594699
-4.872144712658479
-0.61992753736561
-10.816865858370313
-13.399993975310194
0.2210283422399336
-6.511501196062095
-8.912264625466063
-12.03396079804384
-7.3870754783864525
-7.7488150427897216
-5.618979921425827
-9.455943970714396
-0.9320576155730248
-0.4908888799945885
12.769172051948711
8.765177796837111
2.4056214415840462
-7.852380975351565
-4.228679603004801
5.826779239776
7.675690874334795
-9.36312256471954
-13.136489140424215
2.3279938468781056
7.65026616415163
-5.219814818591992
-1.835514373119122
-8.607277415382544
3.081613498564277
-2.0929980112846587
-17.150990711678098
-16.044536332003332
-3.5205306037790622
-16.426304374199873
0.5433090332092483
-2.713941074048557
-10.63235837801325
-11.410937032255573
-3.5057634115563863
-6.805765423100753
1.5284517495523342
-4.426508894529031
-4.197656171743018
3.365105057122007
-4.40184932558043
-0.4097922103430069
-1.7166438758329687
-3.0203319682941503
6.803825256152492
2.7063013717619846
-16.136602360815836
-12.413065830699153
-25.28732467693924
-21.62526194795264
-12.428677017494365
-15.109467017243064
-4.418937766198568
-8.440552362113204
-22.387617849313088
-11.368976567524399
-12.34901988077005
-14.836992466288002
-8.611402852696628
-19.437818292484952
-17.215416585431345
-15.243027769341635
-7.806352825193567
-9.922514743448119
-5.470351152236347
-22.67422650221825
-14.740196850427436
-6.438479849701585
-15.24493851099042
-16.930925183922596
1.5321712895674762
-3.0155737634500004
-5.5724092340860185
13.257879159183881
-5.803762385010128
-8.373994342158152
4.1337771704362325
-2.5567994685197277
0.8878366954909365
7.041878678482026
6.2898253049070885
2.9837703096718315
4.037660140590091
0.5217978383650489
26.495512506087646
18.70348995234978
27.97399621533916
14.243937245558755
18.276870251048038
3.477734690034413
9.275537945817726
