2.6640714937607384
1.3439991255639818
-2.402712878253161
-7.123594152901235
18.689011866026963
6.546526088024546
-9.651797860270332
3.9864678196787655
-2.9850479330689192
-6.193086864278529
-11.502308430095367
3.2525291181664504
-3.2027197290711276
8.920417828324815
5.039794124021023
-0.349744774263471
-1.383300168149248
0.17470063116148146
-5.514429540460439
-17.079752393888803
-18.78082316640202
-22.275035659843564
-13.160461356311336
-16.67486248466772
-4.7132569778719136
-12.490480237944725
4.283501112198102
9.998440203770008
7.045706640350972
1.1613982380866534
-3.102259646280189
-7.08811165298158
20.01501372403176
12.514479434037009
16.48331922151668
16.00993490979015
15.889828097833725
17.645040720728694
2.4217915347457346
-5.291632565462302
-11.190807642838328
-5.860883855963161
-0.2608732665521805
-7.080912344110388
-12.40341206478611
-14.189436667648936
-2.1875778969106303
-24.219615180163153
-7.434582297262274
-2.2535932540039063
16.87840598120983
-4.104460411523909
-3.4739100481534537
-3.250183295202389
6.709985117015711
13.442169426465776
12.019162182981624
10.441151463909147
13.180007445357461
10.095362146301524
12.488869167076846
5.537288815278496
7.542144717204327
8.432915416545251
0.14276989317117386
-7.043022280985173
-9.46301783740023
4.322921464656112
0.31870065785456386
0.3824116770293358
-7.964990541286374
-15.577040903468234
-9.009529296732227
-7.082640997885675
-5.791806456895706
-2.815650144295311
3.5682651074838816
-1.528540604407124
-3.3809447719518504
-3.6621294966632094
5.176065795192252
5.976029930333952
9.004148130990878
-0.6587299858970448
-0.7728775892747621
-4.356607477152377
-0.6741492570072737
-2.91137679086982
9.469987526470195
4.960980465981247
5.253711118266006
4.017699139819842
3.678824721347121
6.436697499959779
6.829160259279398
34.24964286573291
10.246141761838814
11.238140588388855
2.543061468895714
9.775760706764721
24.013031858689928
14.352133379907016
8.17620612462715
17.417940052224374
-1.3427047581578382
3.304216873847832
-0.7842866584237522
-14.634311153977109
1.4057150735704198
15.87472362415784
22.726463175485033
23.283543166757518
18.937958212302004
27.74134341696843
20.097896085029614
23.665773197795872
20.744390007200447
17.268236946286045
-1.8849466635376435
-8.675062307805543
9.565178716041386
15.90167345826016
13.054181355419473
21.607481059267975
27.50624055295452
29.031255115983118
17.483957013056546
17.552887070412748
12.300227875811643
-4.359707727746395
7.272821450513632
-4.470503989715923
-1.7456881634716142
-1.0186504439525834
-0.6588964318960318
-17.70322103814313
-12.215257809978066
-10.439020807748289
-9.929004817358344
-6.420427414275631
5.541146854375745
10.170578051083966
14.49792544920707
11.95676776759095
22.73488265125112
21.812783623056504
21.49436131475073
22.680782763501053
20.919101252973995
13.550329067367551
10.066643935550024
7.793857905175437
6.434246516676277
8.948162894124348
-4.1728833096025655
-4.8334588324145065
-1.5258220874600226
-3.8473449238276634
0.05007868904091933
1.637025080733883
-0.4823157859082226
17.949249807231904
12.918896108992815
8.861319896398635
17.31519496071153
12.293659210140321
13.437028449725393
24.134228178897175
9.469696964464832
-18.6879597831233
4.327804747681341
5.625306621127679
7.067048875965222
-2.3315191334945347
-8.494290720805848
8.562588494561673
-1.6087145998780052
-12.330119944971214
-9.573262641321364
5.152399315330903
10.101266552970314
-3.146648595538988
-6.902083064825595
-6.561016703713789
