4.120196216585213
4.975689194454044
1.168676308454046
2.42977497687098
1.119012729046918
-0.08673460940010322
-12.503542520252427
-7.5095052282575665
-0.6804195119816405
5.352836042951044
15.247186775596026
6.918901660853777
-0.059250023253663874
7.879425308147299
12.304725213683955
7.961207351622367
5.957422151471661
2.039607923026491
-5.262424601969808
-0.5859501339184588
13.13715568830908
12.577798452596399
4.468200549001766
-6.7759641919286295
-11.785865220365267
-11.457945438486831
-0.6117139922609116
-10.186032156600263
-3.198332697382184
-3.5018221636102216
3.0290370908963755
10.475984619870305
2.794950548497812
7.258246149779018
18.91888402813484
7.248553395639202
-1.3175762342291426
-1.981733394866364
-0.041750417911885655
-7.487169153056387
-6.142919826235835
-14.605004259579381
-13.047224232563796
-9.955843472659387
-14.875627087320929
-24.025940129112378
-15.139645560240938
-21.833007763897886
13.110360203006833
-4.485716198507278
5.590110066566514
-11.066043229836431
-0.4824276008415801
2.6365977351919656
5.375585989389973
-4.890911707344582
1.659566914006786
2.679857723291896
14.150822576950276
12.084081452512255
23.870325181643793
18.902337237951464
6.599532793360303
13.418507575767665
18.027210746368308
17.668838190802624
10.23245135604209
13.889903028784328
16.938354665565768
11.449055428442573
12.717469994596925
11.721191160627956
20.04134571267452
7.522050017782017
4.235056342386431
-0.9361095591475039
12.672356474905289
10.469012401516073
19.539244097625836
24.471493413729352
25.260627023172358
24.527293115621553
21.47102232587545
20.306156800349072
26.495459484351677
8.781581470336299
9.206230884296634
17.470252474378107
9.665010623106928
17.319962828850265
23.020671466983533
29.69673543748415
25.403578020331988
17.59128729246024
9.350831819844007
13.36637009495099
20.55325824560708
32.86903089932578
43.336424119023455
42.383335149810094
28.2184858608145
17.096022159924992
9.112739954568184
6.948196886001918
3.73062364715172
12.438758903801329
11.157376693598456
-1.9156522234985536
-21.963628679455184
-1.3804855492649848
-1.1862202982395744
0.7304590370407265
-0.262569423582918
-2.3659858348055938
-7.759150082896343
-4.3063264254836335
-4.0239429883936
3.5930536807037985
7.006780374671376
4.356186106430206
11.877747917861907
2.8510131050853857
2.9518605549414643
18.12776671496377
19.086773949546878
14.035087013764969
0.3777764765257067
0.4381030227056528
5.373637325035586
8.436571223288496
13.539763882974842
5.870846511390448
-5.104119268963464
2.268830735400777
-7.840088673288887
0.4712391195356592
-3.71281977530169
-12.960040941184495
3.724775427550708
3.1983374994613323
-6.340191784548029
-4.558158559652318
10.10249348292138
-1.652075727934667
6.158624873239474
4.5346057577919066
17.205146658371795
6.73914245440797
4.4665177681841275
4.091157913686383
5.507426818755309
-3.6918357396267543
-2.137217628064006
-4.2900615016080765
-8.909746597430768
-4.205132704750432
3.356372407481551
7.884650554942045
-6.488753742030503
5.46227921687675
-0.5569016378098898
6.4921059709840305
4.311831201902981
17.061593744508812
19.7700852497492
12.958237514808527
8.411083094127369
-5.877151302377215
8.171088993112647
19.605172052868834
25.27090519405385
21.04963763348694
16.088867966337183
25.601403644283785
22.243470830912013
24.621162281568356
22.03660372618315
27.324750937211146
9.613029890511005
24.215691538139872
14.180102108421554
18.495918949235406
19.772337400730567
22.037392045702155
18.463778347742323
9.606881669989491
4.134574558787943
-4.524519602721659
-11.20259774386096
9.317672106768631
9.29946968579108
15.758514271737214
4.67826774797144
15.203612628279323
21.87294738989158
21.438021957242576
6.5226847231453835
4.953030261418084
8.454578796229985
14.980257462379296
-5.889683639430134
3.493883053429181
3.12597903064246
0.29867948640976105
8.031076053816916
0.1775834370384671
-5.926433276702638
-5.2912780749635315
-0.8893970963960629
7.6194528722702035
-8.884975733890885
2.606908076679566
2.6975398492254747
7.626239883375341
5.875998340811508
-6.574908319324157
0.8897633787031176
7.882604628492395
23.07032357512943
4.861583684436633
8.998238170781459
17.195280371525172
4.852856426689855
-1.4364646272744592
16.716090271866474
-7.440735908577722
-5.0968647248870615
12.773430906414944
-4.0332171909242165
0.34820589398031704
-2.3412932138864577
4.332406730624877
-4.964567824000313
-1.569269796800739
1.2601367366799487
7.895105597548988
8.697615518703554
10.871620818678727
5.042264425548873
-3.7251312560787584
-3.038858767910335
-6.072601774432076
-0.2091196270712341
-0.7580865030704045
-1.6700276340544349
-2.8210405896892965
1.1052058607541562
3.1585545356321014
2.181912995705321
10.668128905795156
9.078673065615776
6.8022545143898165
5.0710809588284205
11.839330864998171
9.360124047169569
1.790589614648771
4.7061020701620855
3.250248079404755
4.5596696648183
9.84905130358602
7.8355345028083025
13.39899840810693
1.9656580024133363
6.553993580196406
-2.4660846970605084
-10.543511988297217
-4.121920128335988
7.060181082780888
1.3566823860847763
5.670605119101478
6.475535588345959
2.5814779198655784
-9.490060332916473
-13.54885293358435
2.2200036017547817
-7.209801351986664
-3.5374724460919365
-1.1325791260270792
-16.647257455614533
6.6847650235731635
7.6647675273136295
5.988185616973998
1.74291356536149
4.905739395512184
21.159340095851785
9.458796157902283
18.92570466985953
20.358549005817046
16.53277643749848
22.859031433235334
26.01770371734665
20.414084770928532
16.641478057590824
19.145811275272766
9.040965990616534
6.734914092597787
12.569025458349348
16.09506582058058
5.97002586143984
19.272901210998963
10.905451575379136
7.448229286794544
7.413611943411668
6.979091853776388
2.2606069370325974
0.8829362935329474
-8.422917736604646
12.925713641385947
-0.8200298266061735
8.949427516975524
-2.3352366404092724
-1.972397674930192
-8.886787329537993
16.254847627183302
12.130843025759663
7.664803961161697
6.394513523676308
-5.129074501390788
7.954906750196973
12.69106891223922
7.450804877845434
4.193547413903127
5.605861691174005
2.7731342971089936
0.651117602701383
-4.490155762504092
-7.219422770940553
-7.726050928327722
-0.31311090168557193
1.243988084856816
3.945931987015985
12.874578931327994
21.44870654370952
13.856167785571914
19.32292681359752
9.89791617035022
0.282395607028952
-0.3582485456215219
-1.276862151342133
2.4664524266956773
-12.223459288220873
-9.149957233858009
-23.309087563147372
-4.153423631240658
6.822165138949491
-10.898929784322707
-6.668182633799393
-8.137045421945304
-9.799579782721352
-7.3914803627580925
-2.569329668653086
-6.475696703875199
-13.961298942900305
-12.800866040317821
-2.382032507891904
-4.611218225988732
4.903099998872584
12.09150847168684
1.2079505123358971
0.9015153072408472
2.461117149367188
8.617159552753003
10.70409137037602
11.569321801732324
18.172038564269805
8.179019959859966
18.751058509211614
13.568591456937392
8.616557280047463
22.526893254936045
11.120227864204749
26.21454007454061
17.738004823792764
21.556732953241983
