-4.038567798563853
-3.1560501430012082
1.1347608412190795
7.133844812510674
3.764897752390876
9.078039110830204
5.51317368790412
-7.183640084986997
19.96225742493812
4.006645538658491
-3.5328732449805087
10.990871364349715
14.555651057999013
15.721709811497169
10.614491330907649
-10.936829896182944
-4.1415892960344936
1.8977405937068652
-12.639162255117535
-13.069044031368106
-10.616923889416725
-5.63900117177225
-15.071121268005585
1.1481993250654796
-6.24276831016496
-3.3582004851610767
5.22610819529703
4.392508934702551
-6.507650579193282
-3.843194075526456
-3.2941770565706165
-5.9755797547014495
12.249756018442259
-3.636414274182458
6.033782040886003
-4.683626191245498
0.8655679180946021
-1.3925669410492136
-19.62599191309944
-19.492711838726763
-28.98170875907406
-23.38302349648034
-15.413914068148786
-8.444181425510083
-13.564770447735837
-11.530669523082066
-7.6485017148862084
-7.983079842999736
-20.120468471355906
-5.497612184066992
-2.1076012899299235
-9.256059315920126
-7.267989544837563
-1.8559137742299447
7.427364362706068
14.970071234136169
7.0600409436021065
-12.483165772997749
-6.918323497774745
-15.34747191043024
-12.695316049359251
-25.215415706924066
-5.434768315285019
-31.074870630598323
-3.345525324008642
-9.098347851822416
10.728342015721172
13.161560001984535
-4.669177083041147
1.6969291157522888
4.7363544771918535
2.958881627940828
9.05393067549419
4.148073793634748
1.15907493433349
-3.692145929256865
-6.14726978979067
-6.000282709898089
-0.3470414111052991
-16.727282318254602
-14.1199031116125
-21.319834216268614
-8.090532055408195
-21.049180330007406
-24.67480010433611
5.34745184174048
16.166829336363694
15.44550938218138
15.081631467960912
23.04372727297953
13.643592303912833
23.30655707676329
24.01757080622091
18.271681084011014
11.571354103332345
15.302470620864526
25.125864471194053
23.503126076956207
23.5653972437995
19.71573081627109
6.940250642933183
20.180421478657767
5.62307090917189
7.915841843510767
-5.716595644945242
-10.422400124644335
-3.0282286907460136
-5.706814330617673
