5.654671247638161
-19.243770556764527
-20.991969031195538
-10.300543113188176
-4.683630902624813
-0.6901144108462384
-0.599906982756053
7.233521817913259
3.2809375138076238
-12.467954549698307
0.5571970008283542
-1.747738108089456
1.438073934744617
2.423621333253036
12.202421162445665
1.7418198166648482
5.491304810171203
4.1600068512650665
0.0994079107398202
3.8484076384978683
12.422059901666728
14.325612021248725
10.918031421080764
12.561219987548215
9.472344304573095
5.527762340705329
3.7338374348967056
15.242884134154682
14.064282644819812
10.116961491878916
13.563668706552091
13.30644746199871
9.53637365312674
11.850925652104175
14.362315884538653
-3.231783043682205
-10.107120778406653
-5.477814998973981
-10.820634425386373
-14.469294820536886
-16.068168867962438
-3.803480157013138
-8.916057114117407
-14.70025844595021
-11.336424432511668
-8.660403846181403
-6.1862653036603525
-14.805478936505557
-18.181075224635478
-4.026551371435916
5.317107206959586
1.790259576865222
1.0130738943273678
3.9065318320519626
9.065334771263007
7.030936216400014
10.566693512813494
16.101376433841732
17.81651154837605
23.289951639035376
21.319614609910058
25.39218532250629
21.748804243101436
13.167797606966332
-4.6056674200552985
-9.393546051681495
4.927835220729887
6.947895522888098
9.905792461994588
24.62634001467937
21.607435308897106
14.334228134200716
14.148659477562893
19.864911741795627
19.75536195272394
11.857048213207221
13.116828603170042
15.640202911191528
9.190397452347776
7.6857542418608125
-14.226025616413109
-13.887046682364785
-11.686620625460485
-9.770405600849726
1.6145422811022527
-13.425555597374562
-6.643774357426024
-9.950677703638151
3.5089027203835945
5.613877706740844
-7.069916191446168
-6.6193622631282425
-10.55400658617801
1.7782463172779803
6.331525648437908
12.712055941928224
10.408772893853849
2.77749977233707
7.102665804700613
4.249437521900236
10.477851344709173
-2.7761177638020293
-2.8757028675409084
8.951164984045421
5.940799351671162
-9.190809406654301
-17.637873528989388
-17.136522262729407
-13.20002547537491
-2.4209594419824483
-2.835706967246976
-3.769577987721834
3.3998508110197374
-3.96370221323442
1.0115919807195084
9.471491936759067
-2.1223961119481456
-16.44830198140975
-6.007294629521256
-7.833580870171298
-14.965141532582061
-12.272798313374622
-8.650195054227634
-16.24625331722868
-7.394398185488505
-7.723917276953462
-0.2308819102263941
-5.1343287949284715
-11.771193184134448
-11.305404273842347
-4.1439330347295975
-7.135289562863384
-3.228178987320232
-1.2779941942778479
-7.744652457959354
-6.751976713615509
-7.6079837238797
-6.130432592982728
-4.8838168317559525
-4.183501570023832
0.5230892189067367
0.3396039241775244
-1.1262090231280972
-3.5278166354638563
0.4270988441052445
-3.9255345922730362
-11.284312321610551
-16.976399998588928
-13.944822353965936
-5.679844935789267
-4.6112399723707584
-10.327674333993672
-11.541557375762643
-11.447559705164606
-9.6901466913287
-20.268439692543314
-22.864088208490724
-13.004145561362028
-7.584142265640963
3.855960024393344
0.5036265628262642
-18.95350575377185
-16.81287483465623
-17.547040386207353
-3.429909774280624
-0.15768269276782002
14.136275451342218
-0.5129904319567081
-6.130509414580708
11.403893155033998
2.30679259382367
-2.0010733391240327
-8.481153893070344
-8.121167473489134
-22.454705080437698
-27.026508608890968
-28.08212919739725
-17.227355202919387
-11.532297356134059
-4.638448703606602
-12.82366572334903
-3.717314688264436
-7.050373472507952
-1.1618682071715885
-19.579114397282734
-8.998947807599574
-15.916666699264926
-9.556493319077578
-16.673511550129682
-21.720353468524813
-2.1025711755568546
0.2726190486541575
-1.3482473182900192
-1.7221182395747028
-9.325158292734981
-14.137604619522973
-8.411781894489831
-4.847093168649577
2.080395637226726
-7.604012180091507
-8.811085520855984
2.0009229983014825
1.6272818587378368
-3.2894808724974114
-17.50783550047365
-17.234045771687047
4.904809163055486
2.794020274513569
16.109363627631527
1.8607543575298715
2.2128144555046685
-11.014711835271585
-10.356983665226203
-14.771660677640483
-16.237518990783187
-6.0248555366667
-1.1427121694379672
1.4973731290578078
6.892989400648201
12.47652428348186
14.552905958578911
-2.0351650634944307
-3.310606419172621
-13.282811959566065
-20.31108292224621
-17.99047138807147
-1.813486621486625
-13.430223605296616
-18.18082795383974
0.29657906710945736
-7.730440557042463
-5.071110271336677
3.5465978936250173
-0.2278624259765705
15.662113017269595
-4.129046548888718
-5.132943404401459
-7.725196481742151
-3.0175852382413924
-8.861352586388568
4.325115299034735
-2.402965789709796
-10.076218858952846
-11.554563670728259
-6.1082518746911525
-17.862501424570233
-14.90876463126132
-16.35554511633566
-6.307256896450688
-13.823401593512402
-14.152561399074163
-18.318344568299324
-16.899859931266302
-20.502537134136
-23.65667942179945
-16.20143609854129
-30.57303422988709
-1.3158370568283762
0.9989090108592528
4.279266880491102
-14.032646282847564
-3.3038304230351576
4.885497617941224
2.7399982987294744
-10.26284571346903
-2.3621021319755084
2.629312286388335
4.9088343153861
2.9550919894088703
1.887677610232115
0.6979395216359849
-4.8477057566580095
-16.738049307351986
2.513492509338727
-6.247529486499393
-9.28133275701397
-16.071890164625312
-8.51447400009296
-3.0746582706980345
-1.7019010919870396
-1.041190002265567
-6.2485660576855215
-12.101664294815965
-9.280275520282867
-1.0112949337387962
-6.037586962887599
4.525189530571451
-0.5032303845197208
7.955753141731192
0.8775975253477625
-7.9016418184577795
7.146123585396388
-6.046754047484665
0.9035961584286384
1.4679021733737485
4.312475408871775
-15.082433271259484
-5.333549272739913
1.9427110030139232
2.332648356344383
4.410125340005721
2.3601921094791947
8.378305943713498
-7.007831443762008
-20.492532482645572
