-1.2421808096506728
2.82793543283941
9.91621613123504
1.7328453896795435
3.556144819885392
18.651855043447206
10.74012014067683
-17.50794243732901
-16.22751996156814
-12.736363095533445
-15.420360599890044
-15.597389719497825
2.734839251210081
3.1721944191451836
7.0924196333709695
12.186384446721338
0.5729448832217912
4.129465051151201
8.045544632472991
12.207120438989834
2.645049897861912
17.308941800991906
7.092564757511349
4.683751013309287
14.605042036580961
1.7964578799672333
11.390044026826178
10.777089790067382
1.8017397522900132
13.0758345260998
8.840172208143636
12.620255553268025
7.277323905656719
19.849796033725084
16.161192412849672
10.473711421574624
20.103049827921645
15.991147945303974
10.165543388951539
13.825121818609741
17.356747546546007
3.5722625090086164
7.166564831653293
10.420015429954894
15.218203471116686
16.42596311023146
0.5544049934776902
-9.811914251458667
-8.173518313322857
-16.986291157716337
-22.510991794286102
-17.38450986418798
-12.359524705009177
0.34468416788494755
16.51729293519456
16.13604992511587
23.750239666417627
30.300627596836534
29.090987417065325
15.982121870815648
24.226636083428396
22.940685595947908
36.885047182841646
34.50750287507124
27.610642423885214
21.792923237560377
19.017110897876
26.927833871405557
25.940545773405344
17.09685457056283
36.669634168799135
33.6440656930981
19.16949670854502
16.092547972286372
16.994352869981054
19.984560525480852
9.355320675982023
15.248454355480614
-1.1074690374534564
5.520955671412724
14.269366620237241
14.919490883838165
9.81102708849836
1.255428623264614
-3.8963875262776
-1.2680625040404068
1.9776932256976216
-17.069660495978006
-6.440909399708014
-5.582250314715916
0.6974965295737989
6.666746610664395
20.307630568292414
16.09449642475246
20.26682689685181
26.002310006410198
17.485048386879726
19.53879922984877
14.610723080860796
8.30586812317301
3.7400753654969296
15.074090118458091
7.8160840108504335
22.25791017301278
12.613177885404506
10.09125855564925
-5.1375487449596555
2.915403116116237
4.168393710570913
3.0952254971476663
0.7135198910738138
-7.600526515625878
-6.068409084213745
-7.588960059676102
-5.222285156679842
-10.370278190097427
-12.377438912452018
-6.659094265024662
-5.760729151313428
-6.690633761225772
0.06250964520616611
-3.197275301797937
3.9704522345518214
2.246968289810193
0.5735819086930536
-4.488634761275012
-2.638370512391307
5.18245729507013
9.83601477663696
16.850192325888607
19.339972659462973
35.717482616217936
28.9171173950985
25.0308408913365
14.580910940407234
28.631276139332982
22.60252750517721
16.879577616954748
3.5848911806689934
2.7509440986978317
8.591092236668635
10.758174667035856
10.246693888402604
0.6647968649875013
2.783486239669246
-8.096974428986186
-15.414338619335224
-3.2210928524651234
-0.4080477962598432
-4.769457138229491
5.420733823318755
7.81641384697217
5.639738256042656
-6.747639660476991
-17.097553642235493
-23.380430945473012
-14.729076167065143
-15.134571125049991
-13.535885893982758
-12.615780274174767
-6.74471545601762
-11.074877954465071
4.767571513897998
-2.8905724701791202
-21.692079773511747
-19.905621103064643
0.8290993250944445
-11.496624550863688
-12.42116407705317
-11.224226575642577
-15.411049391915874
-4.47263524177223
-6.4672741192357295
11.585405405469384
20.19293933179967
10.623272942935099
2.637445083448132
2.6666772917991395
2.430265264083717
