-14.216263355836727
-8.092432738272821
-11.30813447893214
7.730978953244429
-8.165728472905823
2.695436770910544
-5.193570587163455
7.128663109529175
1.9525233004725044
10.79956910371552
12.371073931571368
1.45902131300099
-11.517564220696528
-19.025375493623702
-17.75958787358273
-20.569842113429363
-0.6548143223301472
-12.631084422430055
-24.702518744807147
-20.75590634172959
-19.43122003318514
-16.889287022524652
-11.24193085459374
-18.850341190447907
-21.392201304587907
-15.503920246717165
-16.04504347267817
-16.948165522658314
-19.368117250630924
-13.403724842392382
-7.0041277619965605
-15.256667572354408
-23.38325282365293
-14.302316865214836
-24.361382854612433
-24.88283062709041
-26.360278292906326
-34.315848972644986
-26.37902019581725
-20.13046601378685
-7.786232869064124
-2.003608441105814
12.894309695515995
-2.2081227079404355
6.8415963511373565
5.9805587548079515
17.407014795341468
1.0591956177879025
14.302397682065434
16.774104415511903
16.28453902118447
6.492386328769538
-5.680850488200942
-10.534312587515812
-3.105685999518435
-10.058580131893297
-4.2748044959801135
3.7463276535916346
4.083517000342595
1.879532506570401
9.508518499552943
7.481319779545898
-7.528634364450754
9.174135316384668
19.751102860087688
26.55539997623668
24.860806931120443
17.737993386564323
8.036837793393481
12.578254442120476
8.479469339994168
8.851720496361088
-6.588570682653657
2.8419543180254534
-6.0250657145165185
-3.6126099783733463
-15.982733408408114
-10.412882223360787
-3.6445004952335567
-7.457643091107808
-7.479513853646361
-6.7073936123208275
-2.8727581764353856
-14.75930943016876
-12.109404178803556
-2.7553078237587174
5.1539977148453335
-6.508483099957732
0.8972332958645826
6.137106639026558
-9.791302223389948
-9.963899001604123
-7.583487002366848
-9.829569666913237
-19.87693505583373
-20.68833916377494
-22.151723154353327
-15.534567208512827
-15.91043882679871
-17.731010739396364
-17.827661312578797
-8.41793471224865
-6.359582741773746
-12.524794092618663
-9.317832020067902
-18.188185054991237
-3.018436681222465
-12.451431731270896
-9.895510833518259
-12.604364931793256
-1.863676354454708
-9.004791168033979
-13.627729198143447
-15.991564032368865
-23.99741797597209
-16.65402085102936
-5.768414610067778
-8.663234939519336
-8.392168505639187
-5.4605719286440495
-7.362096272732207
2.2638407444435966
-2.9729363308975585
1.2558533883166818
0.5757939586429848
5.623178431550995
-0.6254539843555961
-10.122605312454734
-4.304466713779231
1.972133510595964
4.074352317159401
6.452945365308058
13.422800347826751
11.908790604189265
7.598200673297546
-6.502438739561006
3.6063384960118414
-19.697106111386205
-16.38732032325629
-37.41885042167445
-23.491245200645768
-15.247967286117653
-26.406290077854784
-26.245405303010926
-30.283895603435003
-29.902138379409585
-28.497876968599968
-19.638742459800287
-11.279498952503989
-35.957787947348315
-14.526163187091491
-31.15099126627752
-23.663348050735785
-27.459910349672484
-24.22591540248835
-28.62689931368436
-30.28495818617632
-25.016731431052364
-21.22069777034607
-27.40212029452445
-29.681426593427478
-22.232817950221015
-26.88845180288249
-16.339403016933044
-10.871290856495943
-11.004619230096012
-10.602887447517524
-14.702153099623306
-8.302944019199272
-6.166993036777949
-7.261267172278694
7.24383577036537
-6.498936019706607
2.1546282569742026
-0.5240645695448776
-7.0574830019901205
4.449113264217366
-0.8236829775143657
-5.297608836812136
-16.723417455549825
-10.09754151805684
-17.860528527805847
-30.64855777640225
-27.96961314002343
-27.847743934945765
-29.35327357401719
-20.41856632280849
-30.56019881593235
-35.44132053109709
-38.10620691294912
-34.784283819953856
-28.914593026383663
-37.212073852693095
-28.550373733649028
-20.68202032537293
-29.555278806747662
-32.50104295221957
-25.609583898438252
-28.898239373914127
-19.096493498365376
-21.104801210477763
-11.616084252741873
-11.873949782578089
-1.0452424192298406
-11.388517470983185
-7.241275785224812
-16.02884823874249
-11.303516759973988
-2.330400347627069
-0.6720254274113755
-14.806017525158833
-6.142642457941495
-0.2796592893483329
11.472917082312513
3.2207108007554908
8.185987169070465
17.678243637594218
20.879829050354303
6.99627154656041
9.912384125772427
9.896807786525072
14.64488248084461
14.655884080855264
8.862920980724137
6.130600544856395
7.2616370319931365
9.734333298863005
16.830602030569775
16.997113607676788
17.655877591621422
11.52914618800208
0.9990143941288178
2.721614690120524
3.495110471847428
8.659413460526212
0.5899541950858316
2.0201615815708607
-8.263390955962095
-16.001786021549496
-4.863199956499991
-15.127674250472396
-14.431514494731562
-21.541614213040624
-10.303003936140382
-1.8896586225529184
-6.014399672001545
3.3677706204329643
7.073340365336425
-3.0287867952313703
-12.553986951902022
-9.312209525080908
-20.949968373848805
-15.89307516164949
-26.409040352327647
-11.689570214223835
-8.511491752724963
-6.9817971812716175
