-26.43163465535812
-21.825545677671922
-16.733969604768006
-20.051641898009766
-20.262298104854978
-22.7753772980954
-19.445566989678625
-29.044537675395397
-13.047415283235535
-33.78830347401255
-18.061120690922586
-9.724814788649235
-9.430931252882283
-21.288093803893204
-10.072267636172834
-15.752085950546196
-10.340276325758516
-17.98083425982669
-23.332006085265178
-6.945164710610032
-7.644878964399287
-17.22109022997914
-2.9908607467625057
-3.7722670395554263
-14.373305840079553
-1.789578554913646
-7.067028432663356
-19.597957150131066
1.051985670545437
7.097956935056779
3.2780903986422794
-5.3559112204607855
4.828889454668942
-5.510134845623949
-3.613013041452413
-2.1822360688538214
3.054209225557649
3.910171348064906
4.15949487899229
-3.7637151908210367
4.257719359295858
-5.8410936477814825
12.776624085972776
10.117387040021526
13.002056432631875
6.52160069488069
3.054582975470314
4.866291147214537
0.5563665583205802
7.894548517052107
0.8153793267846379
-0.7454678035987105
-0.594491711873048
-2.4225167022925147
-2.3474136752449373
-0.9286340647203988
3.885953263061249
5.021491297653948
1.3767455732666871
-3.635261071622663
-6.074859254686327
-7.397458875180613
-17.901221918854095
-5.7697275330498
-11.923640514934215
-12.570893340755054
-18.287967575475353
-9.23759322850215
-11.187240396158929
-14.420450554364994
-14.08373065715439
-12.034496229746438
-24.81593572744313
-12.003202987696163
3.9488605395104335
-14.162132158860937
-7.111727594387531
-12.956905080828033
-12.877593504499536
-8.896013617315589
-9.077732888833827
-5.530065753698117
-9.770372585138258
3.4790955472264664
1.1080206786919329
-11.399297420657065
3.0679717700584064
7.395259187963711
1.9685767008898207
-6.564488048143077
5.653263357956067
-7.450797010308764
-4.259095113053807
3.0588149921154093
-0.8737713325786579
-4.5944412949838105
-11.180667015866726
-10.835158335193631
-9.704641086425738
-10.757880382383213
-8.163005387945569
-9.020747895269308
-24.47386168171449
-18.651056022404624
-4.491092476497194
-16.159322769991295
-10.12543007701047
-9.18484868964048
-13.32646649217534
-13.736229394871971
-15.813227786780656
-26.068395068496557
-22.83753761363805
-7.717091642064414
-8.25703976106336
-17.236061817731038
-13.669179354185648
-8.677448747936548
-4.778753593747666
-4.826825155323574
-12.227496660880725
-5.413583517191238
-15.394546900247756
1.4084604680769282
-0.5770847566499473
13.030460419098034
2.2556593592318577
-0.9351811620107614
1.4670324093036968
-6.650270645094776
0.17276917329711228
0.6880428294023515
4.438259713697926
6.773919851424298
5.810830408522798
3.2382138488225847
-3.1781151455808763
7.307821696683316
-4.850677083181113
-3.6885225926623453
-2.9003684752116565
-8.210886718165236
-1.368151446109857
-0.7283722543353737
5.994517992262025
7.050917812427014
10.401785414899587
-4.219888311687884
-3.3527612445974087
-0.2400356070349072
-2.4412671218535285
11.615148858006187
-7.320674207264157
-17.07140712680772
6.777173166982681
0.18679022950174606
-5.059716144611588
-15.656206934183455
-1.4384385387423877
5.921399037698642
-23.32808101332871
0.7171501107691562
-3.5695969984189313
-1.805024169138029
-4.150992738939107
12.189644583926304
-6.535344761454793
-6.140790206534359
-7.560918969126702
2.580433733408571
-4.153192972315978
6.383649801918306
-11.418070125079806
-5.0283939907374195
3.8338034254848345
-6.647657744104235
-8.443280293699765
4.457202789544562
-5.6005345205791786
-1.5389908704499289
-5.98674106966608
0.3790818243853338
-8.947815632943858
-9.748243977351317
4.202563728156943
-8.305829743853625
9.921649109403733
-2.373424366402507
7.264856401596061
-10.689506860413166
10.382065378576721
6.984967253345977
-4.837264883575298
-8.50540674316187
-2.7495062994119213
-5.413320448218646
2.2053099485047207
-7.062485827561457
-1.9304360021612368
12.984859962638554
-4.660171369217384
3.879184715514958
-0.5403104776273358
0.3999067184926037
4.569886281757568
13.275847903860777
0.7588029527816562
4.961982469030488
3.2874793717814725
9.619248092097338
6.516092944873423
5.116426359511394
7.179189361612938
0.3899752676601268
4.9941235360208305
3.9445815187449993
-7.435182300068396
4.076734064682465
-0.6297503344055756
9.923318278138996
-2.274264752851161
1.9290654452085936
-1.1739090463120427
-9.03092712119142
-14.758898985457034
-10.270268644546222
-15.079475875642252
0.7651861929112214
12.139075512288619
1.0007913083475335
6.1558170167459965
4.036421898582924
-1.8299417437223944
-0.6972736520663088
-2.023867259164017
3.5732770612366047
-7.280988051635221
-6.599956792044206
9.36754745285531
0.6878675744045497
6.531822237058517
18.20562192048863
-0.7365014072952221
4.313755538494308
12.008384202120268
13.488961781982098
18.79184414068887
0.21237302971505495
2.849131718140083
7.968620553310489
7.9378500068327495
-1.0135334189641256
5.49721565414708
-9.73886834821578
-8.801699625035623
-15.391515003534998
-10.757326870203569
-9.638597859141552
-17.62192088332449
-7.79218000141747
-8.934860411161697
2.3087558356022786
0.922029286707307
-2.0224182555819983
3.2855179618535417
5.5441538809273565
12.037034130005507
1.6824031284148808
1.5679773749887926
-4.76629948692117
-1.3092439332678012
8.543816802994947
-3.8416154354916263
2.3145025393700247
-7.0166854916251875
0.6190676568938134
4.161740883608888
-0.4867835014757504
-3.1476453225536467
-8.465839005808544
-18.705035169640265
-2.787964701095312
-4.594394236954587
8.233504950700771
-10.316522622333297
-9.252386052586637
-6.060958327466349
1.0664906159007768
5.7478676652665355
-0.9097733255607264
-11.134571563789368
-14.734055131852848
-21.47137979772864
-30.273157963760422
-23.170343015071744
-27.3109821611266
-11.85483091642844
-16.512696870037967
-13.906497997013984
-23.57002862888566
-27.43880069818732
-13.023890946133163
-15.812725546338319
-23.439434947166177
-25.192506999983443
-22.0340372141914
-25.75129380680384
-9.691587881771232
0.28397062938150675
2.2917395167304155
11.908307317318062
6.288179381590773
4.585505583656731
2.2882949293313843
5.926536167826988
7.831514361569765
2.324604698735479
7.578981734357949
16.355336313445935
1.1207151863569833
3.2194647421087272
1.2493510338029905
-2.803082385505467
0.5192490717554468
-4.6118870652262025
-5.02997887335968
8.149532591076879
-15.595736327893439
-16.658813293113635
-26.161907123524283
-14.905226322490444
-44.494220408372286
-42.02401515121482
-50.4630059479898
-34.019965658812254
-41.26883593922923
-35.863972934886064
-36.847689970303385
-33.735499412525314
-18.417687541556887
-26.79133626964537
-16.29431213587162
-2.128506576675276
-9.854944319631166
-8.718648594205295
-3.726250296351415
-16.874762090235276
-15.770074816291974
-17.878628967329444
6.5252441581084915
-16.65655812149665
-9.545475389036373
-14.151376545978035
-9.836847960441117
-21.649506735780268
-13.649065076296795
-18.58941630164948
-20.633277621107663
-19.5081433181337
-29.113745067692623
-15.943466296489234
-20.869845809220784
-22.542017158496765
-26.514379556234413
-17.918551178682986
-12.619099442932198
-16.72211208188593
-2.402302476669166
-6.861222253309897
-4.31483641119933
-3.360493535342955
1.023752451756084
-8.191729964673474
-3.608925674388359
3.9564787317674113
2.759319414684458
16.539480356749653
9.180065351751736
5.479340994559043
15.493111261722513
25.14878721783027
14.993468248109266
22.087889853879425
20.646818848953192
14.769009925469167
14.901200345754232
9.346804339264473
6.654923347791038
7.872799794736619
6.142176070761929
0.055232525344864364
7.124101823068577
5.79734200232533
14.332481552949979
6.06488620779886
2.2211876059460067
-0.20084066604020034
9.407876488500449
-1.8012435202212815
6.5534206105370165
14.628203068176862
12.127847964689984
16.710199018673528
16.155437927525096
12.843805181821251
9.137918342986953
4.80321605561422
5.848548736321544
8.535730584959833
-3.4697319951581966
5.291868552880444
9.599621165582313
1.4777269842957872
-0.4604019873875782
-1.0172483326053854
2.083878787836132
-3.038210395214372
-18.304568311498073
-3.412367775681009
-21.224046592692236
