8.732180708876571
2.7134107895860793
6.9199773289490905
14.461927273359834
-1.6893916304183427
8.849597561526757
-3.063008886197638
5.420620734284549
-10.3753267588552
-19.27493490204345
-29.504440064582663
-13.866387420796045
-32.353464565582925
-37.99217134235947
-34.12374176218921
-21.602299979693107
-28.22670869683102
-27.38671256619961
-29.32599086592216
-11.622553119819596
-17.807539858763594
-22.25905603241018
-26.595057517927977
-23.791461846028337
-12.555389109823654
4.8087553613309515
12.75585512661012
5.3644910891216835
16.439821822957313
16.303549333882316
3.5477816756596385
-7.056205396507198
1.862520103435774
5.580256152990347
7.335288467172647
-5.31880873711905
-10.510027725550684
-1.6589186912268432
4.115473926426283
4.043674747827492
7.819572342180527
17.46614296242165
17.31068611178943
-5.455707185201431
12.201026162774054
8.277996292750192
1.8959385427655304
2.612621428038792
15.516119947518435
9.48699003251803
-1.2720959860667362
-8.57950846172366
-9.388567666617043
-5.801837503103632
-6.794992308767497
-16.303116527892676
-21.807794782067518
-15.488985088606247
-10.907637656405056
-17.91320074854225
-15.6125769246648
-16.769908584662062
-17.123958614576058
-13.74519838914901
-6.547284453507527
-15.299831368314251
-2.2925224905046315
-5.022419821872708
-15.172941382073633
-8.850795600707126
-22.91175482050766
-21.368973648820187
-25.06740905719788
-27.44478737685604
-24.14111597435585
-15.927655679338985
-13.469314747406928
-8.981569668188754
-9.594956213486013
-4.176011374478326
-1.158348887757782
1.095617830932897
-9.06005487787881
6.414668431705861
6.671001984722308
5.30082455489538
6.36198652447459
5.0081028389755895
7.287387226457971
-13.760945723584662
-5.499341602132458
-7.561578846973988
-13.33511031935632
-15.057720055853641
-8.855500316473012
-14.090960461118991
1.2726993978471404
-10.928933707733087
-16.000265185003204
0.8589301483902292
-2.4884333604314803
4.387703122442988
-7.03182131322981
-3.882341782430245
-0.6898207675961222
4.667453241988394
1.803454840237148
-0.3532186069411487
-10.525909366699286
0.4934492920099408
1.3513518127305586
-1.6009425126522665
-3.7047271940108297
-3.4438925013775754
-5.254468038788273
-5.927474703058298
-3.5631761550073136
-8.351492725929178
2.6900081198564307
7.124864312409141
8.134463378033866
6.8913355145717885
-8.059933119150013
2.7600577740803636
20.41106299334946
1.5372278566231845
7.0265710863009145
-1.4240690805250882
0.7579360757492839
-1.9721889486135624
-5.8142772542486
-10.18313466561166
-16.097542874016476
-22.015523246643816
-36.16511664464389
-19.989722081429502
-10.651029237912098
-17.465114439342617
-17.044528628512605
-17.239978557762438
-24.807739544999407
-31.42617183075797
-35.160874801687946
-29.76141367005428
-17.24702671691746
-32.640500478812946
