-1.461922143576307
-10.929339022682969
-9.674623141499183
-0.3703937238890184
-13.272892098917346
-22.59426358076173
-31.822167766260403
-15.418339251779365
-24.550559635516173
-32.590161127744864
-27.735859898961426
-30.310418895032925
-23.770772183110466
-17.77493624047269
-12.255173930879135
-32.758204711076544
-12.593108685075645
-5.155541904563199
-12.815600512717245
-11.042167467934869
-22.37265085387236
-7.894374229613963
-4.847407950575222
-4.14512333598294
-16.456151742152958
-13.578692234113536
-0.32181193258312607
6.5791549568118946
14.856000295102485
7.384642208943699
11.167337225724449
6.064840713398253
5.249078379571898
12.914176444874634
10.525135001190662
9.89803665113182
6.163880577086522
5.348593411472521
8.751196478789277
-3.7772279278243417
-3.0204070773344616
-8.028677027288946
-3.3617066853168613
1.5571348635471347
-0.7832637374061371
-3.211817813132143
0.5883908686328166
-3.056822718213451
-2.6713783700132034
-6.390782941828738
-1.1450888920943891
3.0778140676401584
-9.605814230347763
-1.945879795121567
-3.867885178839965
-12.144181102219065
0.8973768193959019
-6.000660297796856
-20.164246796853927
-7.415411667104733
-13.540309110996294
-12.808594751145439
-0.2991320766548226
-7.3160671887609725
-20.382632180873426
-0.8638951546237805
-23.4437020158928
-15.602204049126387
-2.4347667721773774
-13.678565854407365
-4.832325706274637
-4.038179604328347
1.8114484166454496
-5.312152911915703
3.7198958466730185
1.1243133825444855
1.0227566075338372
1.3210205725504045
6.017482866044812
14.244456875526163
11.42389459764561
8.982416516088588
6.238952597476834
5.376082177237895
-8.572744343160753
0.8864303899175703
-0.3228143659365137
1.7128705246219984
1.5907954407645117
6.4122540855392325
18.565752061334134
2.1729750552900047
6.985844874485347
10.12635623861927
14.359311598956914
13.527614759592586
8.628930110112393
9.860045173231043
11.042452822835076
12.522349151983626
17.13599439043242
12.168051736801514
4.803139890133659
-0.5138022829576309
8.174907527715277
10.146755002156748
-6.515274536462332
-1.63912180875491
10.202892149962203
11.536635423150791
11.378898654892913
0.2944086185980989
-0.13341919054302834
-1.9734962490429613
-20.93894269452485
-25.739401566144732
-27.830714652146696
-29.060297505179967
-18.23864363474518
-27.773218958914576
-29.727632727207
-23.338043872450232
-13.76406460821541
-25.072277331458764
-3.193395771754449
-13.72556057767743
1.7746400696605769
8.146933037094144
-4.541617326055143
-4.944567885694265
6.373679396375419
-7.766952958000145
-15.430334180112775
-11.590503675578644
-3.57742013230955
-12.095486442202056
-12.367130800126278
-24.634546023272673
-23.20536945751515
-18.909310233903287
-26.4374994855202
-32.16372825226997
-19.96148438466658
-17.478328634766473
