-9.091544563607393
-1.9514360317117263
-8.31157714984212
-7.90554683057769
-6.293359409077847
-5.92548566233765
-1.4887169613648463
-11.546060130600898
-0.6647354037676644
-3.8824478303699284
-2.884756186867995
-4.768212853586574
-9.90433171462099
-6.596028040170981
-7.724867215891638
-2.5058541109053816
-13.65313921741193
-0.6579666282014142
-9.002295761813246
-6.3036253418972965
9.962433070734109
4.804007411524342
11.408118425520215
5.782850150523277
2.1124922605224588
6.705579819800183
7.773604249273175
10.793832173624883
-2.9112791506071547
0.6639936958426059
-6.597660301129162
-8.567359958991489
-7.2391205969940815
-2.2173682654431435
8.25482084856478
9.732794962338696
4.461473675899827
6.584154969796629
3.636092815552408
13.367744762643952
10.87950206051131
-0.08671284423658226
-0.4611617280810786
-3.8088766503821567
-3.7295689369975515
-8.356860791608401
-12.264279604965939
-10.946206502987987
-6.784399561500759
-3.383887016162082
-7.736353936286372
-0.19839699483006748
4.1519527206903835
11.177154786496198
-0.798688931095484
3.2439412446855647
-8.866084644005449
-7.073628628043298
-2.6536205161238358
-2.0584425244764755
16.68603619190919
0.6976273725679485
19.566203470978838
-4.759969558982903
-8.214704270722446
-5.303727442024692
1.9790907409894425
2.555823432487913
3.000046175374451
5.97942009238163
7.705353888665543
4.465702282113387
6.337647213181207
1.955139311510188
-1.4693946118717698
8.305848682534139
9.719198176968767
-1.0031516678629286
8.460279484853373
11.232120973290739
11.658419862707968
12.053392907528169
-5.577530974351848
-2.549029513897466
-3.3713188940186414
-5.8991156730418215
-2.696718087310142
0.3132482883384045
5.012368801769166
1.0613301424101709
-3.1111472735928074
-5.9242830654855725
-5.902861215865894
-8.778637082685442
-20.64839034516455
-18.487942449074165
-9.471748558704745
-3.563729750001924
-2.0117966947603527
5.966986988546729
-7.575027632628378
-1.3533703410371287
11.90374334619577
11.6546675135617
10.669347402103764
13.306583902012598
-8.438595939399935
0.8024002404482126
-7.578342691658963
-12.3556318751018
-9.190165322565273
3.8592032440738704
-2.536102832057483
-5.246315605763164
-5.559948260501112
-3.775775575001195
-8.913691538656792
-14.042690419841644
-8.159824139432667
1.7693342522343245
0.7420036067598494
5.498160746724173
-0.907531130878648
8.179759902709565
7.741145856424504
19.22887430057792
30.958729711427445
25.53930963713895
31.496806439121972
41.37168410734554
34.690469727597396
35.592055510852774
35.24365601211679
32.106514107132156
22.49902714122601
29.602457797785764
34.42989629317837
23.333076710659107
27.000796111560927
29.621770017124486
9.970179488517335
8.173164510676756
-2.5366911659220333
-6.473656853211594
3.3995005759561483
11.284467536409768
11.220397625059533
9.777512837547592
12.490628243739508
6.3001177849135175
-0.6946610034387828
5.193601370327747
19.228383569446756
13.495347983981919
3.2643091763924437
10.581716370946914
8.657415192165711
-1.5280350635389042
2.1343654932896867
-5.554166717803931
-3.220156940964044
5.992100512763292
-1.6764436819049868
-0.12412010854350584
-8.580986921469746
-8.466632495336746
-6.518354093298159
-3.999864690837987
-14.99684265954958
-16.948346969332697
-18.988049788467745
-11.348906444069913
-1.0967666431601768
-1.5466448206291732
4.875734900283372
-1.7659083405604032
7.963483599516351
0.8113953426861398
-5.183111094369177
5.442740107506012
-1.1684779748758178
-6.654823376809621
0.9507732903567664
-3.988533295488232
6.799395041383246
-0.7848658317140799
10.217069633322552
3.711529379844285
14.718907294077065
0.8876644343266695
5.1935065260371935
-3.4812567771578764
-3.9677933770615286
-4.6647543386244585
-7.6922129528021435
-1.4560762118803097
-9.208855137718864
0.05151893608007559
0.10982774141000708
-3.958112436016788
4.1204882002555046
7.111097402602018
0.7217163717251649
-8.136291781374632
-2.7689303436196155
9.065610218530118
-3.027766634488985
-0.05158120252796726
5.9619233289489975
9.61041610708966
15.780144655866794
6.2600767388044325
7.010059291372277
5.2340719924820185
8.823994887294115
1.128086187208904
1.369296648665545
-0.06963656292875292
-2.4446750199986984
-9.780347354407104
-7.294668371893919
7.988848256440015
5.0867154992156784
0.34310628402297605
2.234119038523084
-5.5688590014853165
-14.578729768610089
-6.430900443276613
4.510433919842748
11.769879498188304
