11.4372487747578
12.699740798980422
11.058878032198855
9.847591366718053
9.679421315996091
14.786118771874804
8.249671314348054
-1.837706438109183
-1.686196873101205
-15.613925373531696
-1.4232945501474796
4.8372537452988675
-0.012883499742589222
-14.510430660674805
-21.428179321309873
-5.375730159782317
2.3032546329483683
17.795593031955498
14.542100437849868
1.9995223488305365
14.151726627138364
0.5027832750796046
6.083768079391829
7.509264577484857
9.866774862540034
-8.231573540938385
14.703123648433115
2.593499533311666
-11.133412430467468
1.9922565458212111
14.902923980276306
7.731993604641959
-0.5269619144867472
10.12949428678165
3.4550010928876014
0.10908688691036758
17.56832357993727
12.928664852783568
-7.141586767326103
-6.39451504190504
-1.484034200500277
-3.0003556591688225
0.5096131966265451
4.719133184127816
8.559126135286313
-4.187942190467286
-0.1524578889897012
4.477673832354776
7.241369455394528
2.447206817978828
8.786119898335134
1.4682578232204908
7.836552237783952
9.277095533291938
8.029665986389503
16.083709437404412
17.18498233682205
19.438742590634728
10.537552820160542
6.141011743745817
18.155449069870574
10.05435595337366
4.281307624629323
-5.103123068549825
-0.591872568212079
-0.008351387199655792
-2.4419638766210148
-1.063694542453752
-0.4087018204382106
0.08867255375666523
-3.628480444089632
-11.612408298685105
5.063573324332441
3.694896008472788
-8.983328925224837
-5.878077973370347
-10.064242641218689
1.7010085573540503
-13.517500726074516
-12.02728818597636
-6.0079156798941895
-0.4273117531445566
6.558928011973379
11.172650451029472
26.197355255755863
27.93330844245191
32.33455098565887
32.336854864004785
32.0295589773795
34.36631081052865
27.51548958267125
16.5743200430972
14.700612123940429
17.168342363272167
24.21218060856091
8.082343511662764
9.04461425415895
10.215641996880112
2.4458566602523093
2.946355480500197
2.6444289318827754
12.545497245794946
8.041299536722294
-1.831139151222709
1.9163508227764936
6.273280594855818
9.90266700175856
15.39021121937071
1.1503700924621407
1.1745403134122228
-7.395856806732029
-8.300839658722948
-10.067174516077227
-10.078294942048927
-13.967173919182134
-3.5597769480370736
-6.3608023638803175
-6.57575821150231
-6.414838333909774
-9.718072107289917
-24.1308599929403
-23.07515350741808
-6.634955790999412
-17.700466728447573
-20.83022723548977
-23.24466901817637
-18.499981323708447
-25.753901291399945
-33.63459662754968
-24.743319284275497
-14.73919712366956
-25.021955908563648
-15.849413685239265
-14.538260628090852
-3.948480024058072
-16.14451293744591
-20.91698113883168
-5.545590753776536
-0.3540400513343278
-4.6863884587705025
-11.532157425320925
-22.86803781382309
-9.799773179706913
-7.814196418148963
-8.352054058678071
-10.420816776079294
-12.318193540661184
-9.413577970514377
-11.839523838787533
-2.6247173113940274
-2.0206012841780634
-13.752449894093235
-5.861917012944812
-30.11015586518761
-4.363923815643022
