4.7325753020072785
4.291197271689367
12.628805236890972
13.800031721870964
6.561947339136004
-0.3550788054343665
-4.940002294778443
-10.945286284645114
-11.141874727761712
-7.248059896794207
-19.341129772337602
-9.937265784050972
-15.138535312540851
-7.873793780693655
1.5241894068867887
8.373674042874756
9.44753632023417
4.7807751236760465
7.499576047337801
7.098559941699182
-6.249590611736789
0.5312879366903789
-4.550760614834118
-11.668932290760006
-0.2325687319387266
2.9416098829293884
-0.03595764645022835
-11.527788770282033
3.5348056672451937
-6.122216069688715
-7.441278434346957
-1.1037657120974027
-4.178126048326224
9.904714428891854
14.45556432930891
11.198308910938588
7.576737839776072
0.9512489635776652
7.010103196538432
15.930527269515965
14.252085777513539
18.497942908605822
8.83859846437559
13.545510890355155
24.093775935925773
35.60504746041302
23.32783507583284
20.687771649775215
22.446044701412053
24.748988702465176
25.01153179332293
20.590173248823486
17.89741552019072
10.82503717934035
26.35999458898398
16.491191421421895
15.906027367369028
14.079939912973638
9.73130846873776
27.2493396155904
28.091693858287908
21.978126862887414
25.044224341433786
28.827034799514347
31.473428098969283
21.30805871444189
26.20322010773747
27.415209232483893
25.300834225779923
32.696103955396765
26.466324327645445
37.76447342618364
26.59335806889116
22.707697478134488
16.11387358841396
5.456238567255653
15.372916482008677
15.446186857588069
7.8258848421357765
14.728926474756365
14.150900402671029
18.852945028129106
8.98247473943374
27.01669013530448
16.123658806501073
2.2532749114710398
11.448619781298135
0.8644637890177702
-4.992565201622221
6.53925376283977
0.7165474784084235
1.5409988259084615
-17.417274791972144
-12.808473908527093
-15.767303746872127
-9.031825452245947
0.23399440491418544
-3.677217627003768
1.217024080508115
7.053515069280848
3.9207271328139783
6.6356230641317655
8.797961811048879
-3.300123750374381
-3.2059677031920404
-3.071506094117572
3.658694303668332
-16.08832010750249
-16.059193330669775
-8.51361611039404
8.193187822990964
-3.459093115602438
1.8572537613768123
-9.447639720324224
7.373077962260518
-10.94162679801654
-5.717670521322117
-2.7327759414317803
-3.0141429635752766
4.107297686764255
-1.0041709216515935
4.589395497139524
1.0825888274903814
0.9731900295305184
8.446973022424192
9.811233642012633
2.40173343684425
13.087776743187938
14.193700182607289
17.478268067958847
16.79139925331073
12.443709479748136
6.522029632154119
8.64354638385964
12.640707408170275
6.664724684060157
-2.8002895449371907
-2.8637533623570985
-3.9676566126096526
-2.1608072996263097
-7.310852432285402
-11.017158489450962
-13.722770887278699
1.3389834282165678
4.6823672705214365
-17.260975553072168
-3.5039506306629336
3.4546842484036566
-8.0952885118748
4.031308964658645
4.014998742536445
0.28061368786097884
7.890917823230207
4.772868388650436
4.248460893152311
-2.8996836855024952
-2.569389578115435
6.4378066181049896
16.397517973077232
14.252134016406538
17.075252344019294
16.61304243084434
12.944215321135905
12.563905128170877
1.4289675883152324
14.457618159023962
13.08868003271067
22.124821719876376
12.47928952665027
9.980101756182972
12.127144040461982
3.1974157056457297
4.151424513426172
4.231236649702556
8.944707605284295
3.2417309401090177
7.783782083638487
4.879142800355679
6.4237289927268755
14.955646921070572
-1.5440574531697149
-2.8032823184120854
-4.640903440501002
15.28750908437693
15.919434479325664
19.32802951868115
18.140193862152103
20.860150835552254
21.086564523375877
16.648370900545792
22.467274413257698
16.196298271173802
21.38622688775819
13.05539950722723
4.521331013852175
16.455693588331926
7.026803448334321
10.440899164899257
5.2870268025990494
4.935653718112348
15.306585791727993
6.522854966429085
8.388611442786026
13.488059318634395
11.872267099949068
12.830504953445239
14.381333301194722
1.1755325752748471
-3.8926256931573153
2.234239018218912
13.12477741937498
7.093031371684593
12.624436748073492
0.4150088526977568
6.015889711562553
4.669906366623282
9.632139179964481
7.283135254160005
13.995322902636255
12.365677330713346
5.0350042766020096
11.932751860269114
7.78416018119663
1.2948051149734696
-8.612933932017947
12.131158349504533
-0.8566099013495834
9.013430363611512
-5.4277228060318174
2.766288482281925
-1.5555750220665903
2.016941005993674
0.3402854261782653
0.2497131534230121
6.217825936369069
6.192420325663522
3.8116620394245513
-3.9049551643403597
16.663307520539476
-6.790714347552087
-17.471558381116377
7.199666729666438
0.4448257013595149
1.5619556598441575
-14.03246091475634
-9.545899231174053
5.909706181598454
-8.859001336972149
-5.308574708327165
9.459901218357606
-13.252026347548034
-9.312253845284788
-22.373233940688706
-17.89072006206954
-10.32058659012812
-4.798995153770316
-1.5021079420033896
-4.900444782278912
-6.378542853631733
3.8915230736736968
3.3357149649312614
3.444073009155069
4.856706040261642
6.339418104811389
0.964335643232088
2.7683514342924984
8.872674559096977
1.5728222902451812
3.0418989130369
5.891084807431097
0.21116222682342575
4.312950250650329
12.158435019810026
5.283408225826453
-0.4433251655293313
-5.71014052570913
0.020047677847874288
-0.1307113373611138
8.119163741380127
17.723732146324622
10.540808713645713
9.504519405060812
21.261414693602823
20.379238698133303
25.70552225647265
20.084975849903053
24.75007678799449
31.29886225936181
20.21207590845904
12.084621252651212
1.261228152960938
3.0889603302391717
9.152336151449411
7.342520710221812
4.527821578579216
0.01519085523092646
-4.918521922277408
2.481805861764851
-1.8558982158981359
-6.575172885318864
-2.296297409574556
-6.7983502662386135
-3.3932716944427272
14.926000005324305
11.71258949712215
3.8922700569360673
0.638059949660213
8.607533908660107
14.205577116238295
14.877470882869046
20.131461153788575
22.13341207946239
16.65166675129545
18.01768169863365
16.420727573875574
13.399511025805676
3.8765799328915582
-0.4194067120651562
0.5018532827142576
-3.3728098420813355
1.6307800185167016
-5.6852094715751385
3.559997649275245
-10.960984014099752
4.6123517588780745
9.430862952078172
6.011754485589732
-5.5508562556362
-0.7050640422792573
-5.133497774960006
5.0582098292627045
-13.812190267718586
6.836970432473068
6.95621194041556
-3.3512284222980426
9.079730859836689
3.1417875959421933
9.510980888654993
6.9356222381602075
12.39324137964772
3.9001064938436967
10.6238696510866
-16.002269799765493
-1.854398171758009
-6.435504642145619
1.1256916634835143
2.4117020799090323
0.7592522006826303
0.041299549693926164
6.093803738783926
-1.1481750371264048
5.3295337941582455
10.404532049035085
-2.1917743989333163
3.6802863357186286
4.829977659061618
-3.824100916468129
4.64675298840893
1.9087438720881849
2.9184575746156316
9.78698305580197
15.856677978662765
8.571720204578055
14.263436287940099
11.772627911466966
2.9270803272230084
2.8044340053092816
8.13354624156798
23.207900273131727
12.649907505654726
12.466010684759624
9.462330035480779
-8.492333295634698
8.450192598661259
7.215601359625773
4.950993207240178
-4.003702513770645
1.542199116393139
1.7747905779774342
6.7247653691514575
6.088080333871233
9.055206412721718
-0.8033819410627143
-1.8244799229857749
-2.7734787741722053
7.569105779014055
-3.5533413329074968
