6.4087029751889455
1.654267374786197
3.1522947277953537
-3.36539316923459
-6.5016890496092365
-11.035120516682241
-11.388709981109624
-15.97804890130728
-26.37644346107081
-16.162140833501056
-12.010227650847588
-16.437520742865342
-5.097322170788778
-9.009858005791765
-8.868627487953928
-1.5757390577184929
-9.088320283733664
-0.19321732853428544
-2.362268578572376
-12.601356667736876
-9.980078874810042
-1.5384326869627063
7.176487685079322
0.9158570152503436
-11.077749282765954
-14.592145056078186
-16.32221687537485
-7.01489896641173
-5.689137265844574
-3.597774643794171
-13.841136119993935
-1.8844819042197012
-1.3045407553742714
-5.387953556126276
10.839288630885642
6.7547862650479376
-3.781389844949148
0.3181067638074203
9.399881165122089
-5.739727898699425
-9.048291889736582
-6.029906405168608
-0.15481346183212674
-18.891553370317105
-33.415511600092
-55.14444200386632
-43.858257578671996
-39.94414639994271
-30.702270182547945
-33.234921497717785
-38.46303244460314
-27.734257142133032
-40.040795917309254
-21.979189751983746
-31.123476926186534
-31.370586674553927
-18.18722157570952
-17.094973680236187
-13.767128711774127
-18.31239835733408
-18.86187622756742
-24.289167116280442
-23.304752443096266
-21.011691086612046
-30.085721045637268
-32.94653656446198
-21.439363029676578
-24.769033794604308
-18.943546617302193
-20.002690226148246
-41.96997563214549
-21.56873554185765
-6.932353414428768
-4.768952290912548
6.054968363339151
2.4790706568034526
-4.7602409248067605
-2.6807339067213642
-6.9731341634339525
-10.521464600759238
0.2120645901249917
-6.540574654289931
-4.584365628486713
-3.4383375940936785
-8.26332162345648
-6.5125489889307895
-1.0651946359214155
-1.2154230742485672
-2.23644626659069
-1.84157747862008
-12.039019206319375
-11.855865735935078
-8.572523920560485
-13.048774355489506
-7.1997228020143345
-13.379585047271053
-16.1377528074869
-30.202254668471877
-11.105791852226679
-16.08314145830227
-18.070454326729006
-14.309625547670626
-3.521421942950272
0.4622738796677172
-21.958821560424084
-21.91054947669528
-21.510512567001907
-21.36100092576864
4.448453213421767
-1.7947956403101657
-1.1290075705457607
3.264339537735657
-0.4475962288336544
5.585116348867924
10.627122289968034
-14.484188265798828
-3.8377034601127193
-10.860412100264464
-26.443447505016394
-11.227741615247583
-17.456114667036463
-24.29051183466818
-35.951327497999586
-30.648298161816406
-20.867407530718307
-20.35375255149938
-19.943801989509648
