-2.284624054231124
6.8137462595074165
-2.3926416280778064
7.7540186587355455
4.378934899145347
1.7034691513725528
13.456861512628887
-5.864272006486412
4.861913839031458
2.5003025324413226
11.056051566946097
10.368200294071046
7.875562799805588
6.681794881584812
-4.622308356831873
4.663984827210082
7.737923908910893
5.353256497107068
-3.741768434117144
-15.690221114824322
-1.2416110431715972
8.540476507573006
9.602941533224381
5.336304318592863
6.942454664613801
12.15586139079318
7.87989209660216
13.797941701445449
17.702401417649423
8.702334196899184
6.8946130571680975
10.613846616782883
0.6288607190487944
0.1403871545852962
-6.851712470643507
-1.6711960124410972
-15.147895114590865
-5.346782424607334
-15.508777928055954
-10.026425148047624
-10.598816772362381
-17.972531688333575
-4.6209873646265684
-10.30952508815667
-18.529010020560623
-6.742058178085627
-9.372981574136569
-14.440477871758628
0.5862018269325339
-7.756837612216536
-6.7922925749802125
-15.092152273463313
-14.455501517684837
-10.71588668141564
-4.940388803607722
-20.78936685045106
-2.9806166585379748
1.2053838589305306
2.9447206321232846
11.102823186993122
22.57048137977551
16.816254889865743
6.4093364969732125
4.371744218988089
7.42338537951359
14.090060588622002
9.105187446131053
21.175758931233574
16.514726350646768
16.294105699651993
11.198760842933398
17.527181784541934
12.317970773682527
7.650704237824041
13.366986614877614
5.477975963604659
0.661738512153057
-2.7712189715144384
-5.307061012250692
2.33218408422111
17.63725822346254
21.521904447153148
27.45138148261836
24.191524720787054
26.81552688701131
19.845437729965028
10.353950903744193
12.576030498886619
16.011147495126913
0.4062197602707873
-3.647264440599756
6.454661791258171
-7.540234911546534
-1.0882100305468514
0.3113289998519341
-13.213700041309409
2.619266457646493
1.6745811764649134
-1.391593064166179
-8.092295748579973
1.6197296395179956
3.369456706667622
-8.288605170498919
-5.150985561978519
7.224023504960016
-1.5249126473599481
5.254806038028115
-20.63181521728717
0.5848485006366639
-2.1174821875542085
-4.453194547432396
-11.095918340722955
-11.274781634726546
-13.60480670043463
-10.913637661132732
-6.87534636058762
-15.139715561440985
-14.876616064567768
-22.15102611483275
-21.065816108891816
-27.575027522981628
-35.69493041394495
-21.385201854401426
-38.96924117219707
-40.67021553896944
-27.405110529869177
-22.878785273685427
-16.714857199452148
-16.47543761470295
-33.163071398995385
-20.77376501165313
-14.422832183822804
-22.045829708461113
-26.97734647038466
-33.09652384101943
-33.7521016457336
-23.586560214512
-18.867761993627745
-10.111823657961594
-14.021765461507332
-15.9615950172356
-20.715416494236077
-14.840692891690097
-14.702180186177271
-11.576939006139975
-9.71954097579104
-6.481540884009094
-2.9775250259305888
-1.8799178678600124
-13.657859266606119
-14.857740674277391
-9.91634281861708
-9.147414082701232
-10.396968732045844
-18.155904073714755
-10.985473772109295
-5.131084194116744
-3.2525125900617557
-4.566530849400872
1.5097494005130532
-14.546797058577551
-3.090210288736557
