-5.157227572017625
6.182867578548657
-6.943606454710974
-3.756181045862863
-13.033655623284426
-14.745850938826829
-11.727436556553767
-2.0868922962513268
3.2677501193507705
6.678281209057202
11.259953914907562
13.040226698255037
23.26065907767579
20.49690152348483
16.690913106767134
2.2952313160263715
17.105909766123208
11.791134128985885
20.57924222499036
11.680755500509596
26.276401056876274
19.189547709095226
30.111355647760124
20.007462197575965
32.47670226610689
25.567084527249808
21.681966592909216
19.1131073017576
22.174226985048822
15.280928288944194
18.130665436089586
10.18564187091864
3.8893705743814455
-1.9896675330724625
1.5722713462362647
5.855216776787918
2.8252305982927446
0.2508972565237371
-3.0353756740697238
-7.20510919199009
-0.5057435190634432
-5.08968149263573
-1.0788289252492054
1.1776493795301697
-3.897871426459304
8.268377021236294
3.1869231830015874
10.316819404684516
8.393094546335133
2.6066895823288805
7.897738889660883
4.611339159601147
5.2573178483198495
4.798748270910671
6.2222413682829965
-0.2766632333634543
-0.7123937618094809
-2.471589880191087
6.714607166460017
8.824721238486516
13.306335188649573
16.938016684485042
13.055198469344964
12.558870093076505
20.74125556164629
24.61891544499403
25.19078897090873
19.458220970731205
9.938994157111976
6.774637488302687
-9.393120042065028
-0.6932675530026742
10.154923421113047
4.671401259378636
1.3987203264447652
2.7016375070755334
12.407247322040362
-6.265314622221171
16.250952475335787
3.8146290299207264
4.558835011877237
14.208927684281493
6.1604019113838655
4.155611900740157
18.172267822265443
19.795431966955487
2.7626688361402243
19.075297147797198
12.219004221936235
-3.75318898083833
-8.14054066618344
-3.4491096210979317
18.863782614354566
7.909009497367327
-1.142014972362726
7.245258084840793
12.108028531748099
-11.731816945402413
2.3443897851605446
15.623260053334231
7.679463743072017
15.502553306422891
16.209636252205772
5.43437102766409
24.525290827699713
10.790351803141036
-5.107337821381862
-1.2381324222236925
-1.8375153345364788
7.206898389949655
1.0727397399888223
0.9469118963839636
3.6213258366243375
-4.858867758189182
-6.784035235378712
-3.7660346560459304
-6.287695184971605
-3.2740195674152037
-6.405817555040736
-9.506876879888916
-3.1521344156915028
-8.635160954716337
0.9339901355452942
-8.737233877173383
-13.452202389788663
-14.541600764327976
-16.47916999001153
-17.93491198073523
-19.681305768453104
-16.51330379599064
-9.536727692369539
-7.932790382103727
-15.57319908413417
-15.669911018478146
-15.807315624877901
-7.513788931372697
-14.142678345909726
-7.377518182372527
-6.8814974484116656
3.1859307195603384
-10.39544706689874
-13.173321607777455
-4.790164584428132
-12.456517389110573
0.25227927185159066
2.2781015324313705
-0.1709845271141016
-2.8293269244620687
5.2962175996507215
-9.268174992083717
6.156668879413581
6.0940649043515975
17.321999068973476
17.956666641442705
15.35138348661878
1.999254344716616
13.953216547457561
6.380275523449483
7.856436033098071
5.257266267288274
-9.326298297257146
0.6678631107234371
-9.695559118540906
-4.580506799194514
-4.6396262181538255
2.9098947629004788
2.100925370021223
7.121709576317961
7.176536987116017
-1.1732239423382935
-4.87878044119145
-14.420378164361134
-7.755368215583492
1.8187982493159205
-0.11113422335000496
-11.217104079628024
-8.218716838891721
-3.149813273071348
1.8742670689071372
-2.7545039587999947
-1.253006097619915
1.8719272442221675
-10.75430088664575
5.978211450381683
9.93042795229365
2.5426454369157865
3.9021050562062447
18.757281830821878
-2.810787929918409
6.610207230499622
1.3308893715473735
-1.9176348269469117
-13.201801310899455
-13.587186679830802
-12.970053504743964
-9.008831371219213
2.205735329093753
8.62696049910902
5.046157294273168
3.3230902214148714
-0.08673177752123112
3.839894267746248
4.893275010006921
8.544813890774224
10.883748882595231
15.715342355315453
7.221007886895642
-3.229233988803798
0.4611478854295498
4.754868174811582
-2.662692356810417
-1.8627885473179304
0.2942147019338713
-10.372047086558483
0.4936586757115349
5.950953477822671
-12.740293350236106
-1.9690668255136927
2.263025538409412
7.020667293293173
1.7867715210011754
5.8437369002690485
2.2507052334007325
4.113719099997918
-3.877913213489673
-4.9449758173489045
