-0.4156724310433437
-6.2090753602821245
-1.3735585698225528
-11.657949716373984
6.123812432606052
-0.6663572079413058
-0.33442074773192004
22.209675607800666
-4.970098102717472
-7.3201589534025375
-3.132714617212152
-1.2966277907227206
1.2026683427632512
5.055087218724814
7.1633199127883085
4.112994757001545
12.541439095652953
13.603183726418028
18.645829334724507
11.152390620465019
10.98858514353608
8.30686572485938
2.087827439646992
1.691686745244636
-0.40563539730106224
1.1722162242107683
-2.43421830053694
6.0816203154506585
3.5988301655867465
3.6524212960116533
9.40986840557412
-1.8116903536661584
0.4653507631174114
-17.618060222346102
-2.505659340064354
-5.479860979459784
-3.455939671456651
-1.6992455127264123
0.7334205551209477
3.3854237709473187
4.0989209261586925
-0.8130473524674788
4.633697081990904
-14.525581142560625
8.328095079146564
-5.519236427509909
-13.156625709273165
-3.5729244164068303
-0.004791436865298176
8.262526699432327
-2.228075576276361
-5.934731564695929
3.211180273769912
6.527624666515182
18.02536414593945
6.691400682062486
12.380638170097866
0.023593490189045725
3.584987249670294
2.6580143140652743
6.541236678587407
-4.355870356031264
-8.927543005975421
-1.0946608652856733
-7.9382984111706945
-2.460420324416692
17.39784076799489
4.159433346304965
11.518534720047546
21.287382027160994
22.628235276179236
21.49244312177336
10.75397835623584
10.872955327087231
16.834070629691436
4.4398935533796955
-1.4590236786999742
4.392995464037453
5.8222716701403865
-13.61284680153974
-9.137242284192967
-13.962727290278814
-18.650250747639262
-16.6292537100135
-15.925332939423619
-12.49125936195577
-7.350333665836022
-21.244331499162183
-9.878569046406538
8.358648415455427
2.9253316985846114
-1.9156528013460896
0.27826203937161753
1.8154696417061176
0.9382797737301072
-1.8717873636954567
-17.339848805702008
-15.396419420067394
1.5047753581467649
-7.401700782550638
-3.760127231731212
4.296875988198779
-3.279885778544004
-4.876068273852329
-5.216109092770057
-2.584009100274415
4.883783023171916
-1.4518841828507487
1.778602141531071
11.31031501384881
6.025465632058292
-1.2499573269758375
-8.227659605472207
2.147887159681184
8.041995566734109
-7.422614249754334
10.683524888014713
-5.9520057555177015
0.3487066775707404
-7.795015126264187
-2.4638678981601982
19.18471553352348
-10.124121724314756
1.0541354464939852
-4.077380412034277
2.202761803584268
-2.0905756388743653
11.989355173461938
-3.36608519149961
-10.586629052346586
-4.583171432158618
1.4905748478747527
-4.5718901458101815
-6.067526912499544
3.8670558217918
5.995841485466827
2.3502464499422384
-16.89519137869096
8.954249482487375
-1.1668556633322775
0.902182616618498
-6.682895795504483
-25.219343181272748
-12.290945354946418
-4.564798883632705
4.1588116315863335
-3.2086137690440615
-6.444871405920957
7.032422112737862
2.2435817823781994
5.130957541180386
4.9329830398408685
4.326732413599472
3.737622240066724
3.9120616277724483
-4.115939432530985
-4.294848171522164
-2.267367819989124
-4.848684217253805
-12.11549884096248
-12.881350191184284
-3.065056659589337
-2.1888620841943838
-13.015152357245155
-3.67463462994016
-12.91217453631661
-7.884140380466649
-5.557507410019455
0.6517654331289804
-1.8588537687754598
-2.9948868337327093
-12.061914061387574
-11.733250726100788
-0.8222020989785548
0.5203691875736791
-1.6428625924734723
3.661224865301872
5.8975749030385
-3.2467336245055898
0.5486996633411647
-4.542485419498941
3.0182971825978937
-6.510893137942983
1.4821632812591143
1.0330465292684268
3.760624391417378
3.0202242454319017
0.31397496914412243
-3.5017888393174657
-1.6765727337533074
-9.909887883651988
-2.7378887730057397
-11.926219709679856
1.4156136140398772
-15.182562506957787
0.4531703639437415
-0.9204750035650906
-5.9712170023426685
7.645624578097907
3.994489271725485
-6.35440746990456
-3.4482778522504303
-13.426981719936947
3.5926721918870643
1.228491271269039
-5.006075006680028
-7.408935188687778
-1.1955996677920764
16.735504178478926
12.401934431641829
19.933778118399662
17.119801016071893
24.378220257957796
8.772124369373168
16.921688852150947
21.169682689307123
20.71918950018182
20.181674862053455
8.99656985941535
14.889823365362506
9.671298086655707
-7.578929290922865
-11.5292487232064
0.052499777227217714
8.607447181236573
-1.7131672474354698
-2.9295096283841873
-2.04411815012052
9.061040210645656
11.265136061768365
0.6173346371849135
0.2193944188892224
0.9899031402519493
9.867342015529198
8.047646834779128
10.97737450053298
4.277912012489004
9.35130640907444
0.8048220204289724
4.544384149887839
-8.000224245376192
-16.346754895130733
-11.720076733546858
-7.177753221772791
-3.653192086121052
6.6923906564987306
6.868916796777581
16.454867503154766
10.626005736670225
-1.8615527582729012
5.057218384103591
6.730683154015839
14.324943021623767
10.894997257491253
7.045936821316857
-1.3186250197636344
7.2451865374230415
6.498835415846047
4.710420833502077
6.445479501298572
8.558768021356096
-6.984871877561883
10.747965623449774
22.118449288915862
-2.7705648558288174
2.574807811748516
-3.1034985667594173
-10.533065260150364
-11.972641325511994
-5.167558210583957
-7.005126008620549
-10.09863606749389
-5.902312815140463
-2.564329480213692
-1.9057642814305815
1.1170668479099568
5.1519664148426205
-12.629022149276668
9.355798708977117
1.4692490927256807
9.347335418236312
12.4964271846443
21.258563826817525
2.4637827804426617
20.76274510635122
-0.007121048662868627
12.209769286717055
