-6.774073038747336
-9.161875816105855
-13.67509743406072
-15.515724753123548
-26.507549381679176
-16.435341712764718
-23.44036811461029
-31.507083126079603
-16.074794574102846
-16.621636710868554
-29.0219371345576
-19.689274755237822
-28.990820356336712
-24.787061556300074
-9.694065964865734
-16.079564259575974
-25.249799470830453
-15.653098077516624
-19.63018813918265
-6.59651247964373
-11.071414748746529
-25.554325099352976
-21.063573165572574
-15.13655667453444
-13.246224716273254
-25.197550376040486
-30.43800553330448
-17.649782501254478
-10.520564495811463
-9.075699587145168
7.2513943607512035
5.5189738400877655
-0.550950335248317
6.343094128905763
-6.5707975063150945
-8.96485725740599
-23.31603234045573
-22.92252377074659
-20.116282648661283
-19.1019981376816
-31.044652991827732
-21.698522840881427
-23.994214392319673
-29.40701032706916
-39.06484191192331
-24.739400691346226
-3.994526884975608
-11.398930054050407
-13.821602484208153
-15.539901923145239
-4.849910346269542
-6.784167326296865
-16.298222296980473
-7.213372984528292
-8.138878392123559
-3.894744579819261
-1.5013688602280448
-28.45312984960401
-7.606509300772247
-25.18228096759927
-12.310086936921893
-1.910776050078221
-6.940166264493003
0.16226299997662752
-0.21859956934775945
-4.030159304955808
9.134682463415524
13.719458878516727
23.419942495117073
16.36169096557119
5.243527710287407
22.251429060831494
6.654392735586557
0.6085741090240426
-4.1477443118587125
8.813274157335005
15.901240371178
5.623142574334911
9.062290229075836
11.433637078986676
17.99433718175114
9.632778397510307
6.681860822043128
10.769868022552886
18.781952884035107
11.871772851271023
10.371894575586264
13.537588901183634
23.689909164486284
7.9248124545728995
15.348309496489966
8.217487507677
16.170113186273642
11.333776017966835
-1.083338010043077
-6.369936034270504
-11.998245696618259
-7.247709783560494
-5.421168561620075
-5.921382130969201
-1.595054019799917
-8.466362246783888
-7.5572942339188645
-4.3584093873337935
-6.325129646829634
3.88788234729808
0.9535542783488452
0.3716152090285734
0.5252361207652216
3.826050569465645
7.617519718862949
3.1648465183911147
2.8862964491000103
1.1822515069871204
19.185548716221255
9.492953792956357
-8.398195557202182
-13.867975446581529
-5.27245447077025
3.4762810728904165
5.895428412989321
2.694741965163417
-6.3358352430894245
7.37867450574708
10.709060144788161
22.518421844581464
15.675319218412604
19.555834090690407
12.362265459149064
12.770840500150944
2.4224131925043038
10.003873651573462
-5.405338945281256
3.969763017136031
-1.069947684773905
-5.039620520498358
-1.2057769665715523
-5.007893334979659
-2.5114019798950604
2.9983099194470504
4.813209505484302
9.209729666512267
10.913109008145963
2.8149153627454973
14.043758471514828
17.55033829815846
12.672896056701145
10.355525713814306
5.701013667991205
2.5617033444339152
6.15134020203666
-0.6894741713637751
6.8304465755651975
12.867635061310759
8.25344237632261
13.969872692410965
11.484666687366175
12.825049961432955
12.682845718206261
12.924963413933115
20.351492917402872
26.724036802862848
12.140263610829127
14.613050813462177
6.8583885713347605
-5.269713739034662
6.518049246827856
4.270614655563653
11.237498945094734
16.602087909676587
12.665993522095905
12.025921250922627
15.503776008931313
10.398522785879123
8.692419342107334
3.776084082983246
5.8819729881734295
-2.5421325389637124
2.4587500958246844
-2.2989074470780677
8.607263176087049
-0.21634311067910564
2.4287948608711383
-12.857452137578075
-2.670303243541821
8.611160367936469
-6.640014160943023
-1.9657070231874991
5.2546471984835
-7.0025101114343515
