-5.712046505156982
-4.833648915073986
9.078862270892602
10.788877914664683
-1.2199898739982757
3.541917206742196
-1.7749250511817307
-1.760855702763924
1.144038719997426
-1.9364822211519883
4.185703190992103
-24.116767218551853
-7.707011152813896
-7.775915022019537
-22.50949647554872
-1.7154386454086183
-14.015913742738418
-12.61648711780538
-5.094619873280871
-7.435538076800618
-8.510950089532479
-5.421166386142539
1.8869356820046261
-3.123734504934628
-1.1210791328842635
-6.409673912787869
-3.7956630241670513
-5.67658250250088
-17.89183868216021
-32.09346777949027
-19.786127988185356
-6.793942426721946
-14.801506616592686
-14.027643889104153
-17.747520819279195
-11.70212154668888
8.736476792960062
4.257449914910462
5.255415061912631
-2.5685572126163616
3.983979525275764
2.9983170166040565
-4.302636054602959
-24.218788800116812
-13.113320998402962
-16.788782116993776
-9.060152216522562
-14.996156513618233
-14.160635028873134
-9.067764363155147
-14.56368313546416
-19.01176801439497
-19.051311623036614
-9.77385849426261
-3.0103227403546966
-1.2523502964925393
-1.3905323630884854
-1.3894956688659263
1.0491702690726028
-13.147236503341606
-14.651081572493052
-11.91327584751782
-26.64903039815595
-30.55704824504361
-24.28307884836786
-15.733792195177374
0.7904348690598735
3.7167475147733846
-0.4558052955338163
7.497361905406875
-1.109843606872737
0.7697724857458804
2.5739298010064005
5.990749281444288
1.0651163096086236
-0.7384823142506096
10.93280261882336
-3.1441134056701285
1.2011560576106657
-2.7469433517236825
12.478833155980649
12.328860124703331
5.106303773161623
5.946260343203562
13.974539861335142
15.150726650593498
10.41067954570189
22.259400269768406
14.521102825767064
11.242826254172137
18.174280416829824
-1.9292897605856345
10.927475225618469
19.005806393207294
10.11523182906933
0.4889660944435339
4.428692937441318
10.295166762007073
16.765740212357187
-3.3412046791141967
-5.74211021704391
0.17702154772471845
-7.098105047974012
-14.301928066350794
-4.2440123595466295
-5.4601935330672875
-13.211015234772775
-2.212273574449489
-8.436663582346007
-17.05904124515685
5.902767228836779
-0.9259731101504328
5.5558302277168945
-8.517879982695947
-1.4501865620072518
-2.5152227515528307
3.7744076032300176
-7.720226236922119
1.5949959061849448
-18.83833556346827
-5.561146533803789
11.27592189769301
-3.805139745762052
-1.5199237741040994
7.829925751989753
2.9922621695684115
1.896075798283796
-1.0620308379826828
-0.9336133568244666
-17.173154606675382
-6.834949373249607
-17.079333871673903
-13.030208969436526
-17.726746891921575
-18.971095745709786
-29.436639258495955
-33.21542304464638
-5.473841842627704
9.462290545313984
-10.614283995249522
-20.647676437229947
-4.574800687511177
-5.907432407985982
-0.6103021241565263
-6.040849042155566
-2.0073682447627474
-0.5538079806030045
-2.977670628679961
-18.032658167488503
-17.9327544016183
-11.808394814222837
0.7580303497154248
-7.821215102245393
