-17.691678935612053
-4.844712609922606
-9.745872689493497
5.153245431600869
-2.0523270332644925
-17.868527278277647
-2.5561118707527424
-5.621098202302341
2.4130671206998877
3.6209610786507342
5.0977637702577665
-2.5529182453617985
-2.6627233940918247
6.420473397021557
11.242395184099099
7.137947754652679
-2.828212119430233
-2.4281697021435265
-0.10851912162348312
-5.634733701258651
-4.679408714854733
2.6023832256112365
5.590148872503137
-8.97253311775825
-0.3820034689672957
-11.478806449934051
-4.340370476917248
-19.79977936850044
-15.25601988885386
-18.799619658532123
-19.784663439728515
-11.889532078282867
-18.0115989216803
-11.050153306794341
-17.34903557915861
-21.55795761374672
-24.838941046600226
-28.060166052986432
-21.139259053715165
-13.47776606338023
-11.499147507117865
-12.728716467472902
-5.441234379093522
2.914949105990136
5.659480448484382
0.9427935310193504
-1.0647463440874771
6.431206387967028
4.70593233980933
-1.2555271512280701
3.2921439599209346
5.185656612673982
21.740094155118665
9.588564571481609
9.557604526696407
4.958306589044843
-7.994248587092075
-1.4540551545493614
6.282714260018251
8.823523094601894
5.37589258323256
4.568480811038161
4.05389042187662
-0.5616206562833644
9.30673161496792
12.341312299885512
-10.86941826743291
-9.432221911733599
-2.7784688225262486
-7.973885689822887
-19.245303121015386
-13.968027701972256
-10.81536627031807
-10.756865956317089
-7.344578232737104
0.9578338918704734
-1.2388470394935216
-2.9386022071175346
-22.330019179694702
-17.287848644296087
-9.822951943259534
-14.772031006120276
-15.092584690840855
-22.251750027288317
-43.99376742072359
-19.85254352558811
-17.06290594205137
-14.075972438991467
-5.021209644459412
-9.299078507894123
-4.834281547314262
-6.062482343097249
-10.714880831796512
-9.234496896821632
3.1143967931365264
5.454016092366526
-2.9154968496371825
3.5333914104079724
-6.0052702186061975
3.0736060394393387
-1.135253457734274
2.7194309339251332
4.428432469850691
6.873472479525471
-0.4568853724574144
-3.5601008609555804
7.205114232987382
0.11718838402808768
-9.333777790886126
-1.4183153119034997
-13.125847400238454
8.763137266059719
2.1964403735791884
-0.1438126469480314
-4.2847454440234705
-4.642126464539264
6.696683072262597
-3.830420327238463
3.5733825374335173
8.038399895495344
2.87100585645611
-3.0129876920964698
-5.674488780303697
-2.2527684530944616
-2.2285484718219446
-10.592113026523572
-24.14944116124799
-13.182922813539793
-14.143670130932989
-19.399894673211342
-18.18494678406914
-15.658746805454822
-17.48169012631742
-16.41051097679115
-13.763229803502993
-21.905810915190845
-22.556573041624564
-16.931824924380468
-5.087764116088791
-1.5843083963154485
-15.216887307707596
-14.691302244286796
-8.033253525166666
-14.416140553359707
-9.5631610547452
-18.341847947587148
-14.581285421900755
-10.117894971600933
-9.533989302764803
0.9310610434507663
-11.05778388679122
8.324513627858607
0.5572453851447405
-1.937769294240388
1.7453926976812788
5.206998364415472
9.292318322317259
13.954028656875266
2.6238498069495386
12.400186623011663
0.02980241686740408
11.22719872493331
9.327703417784424
2.8891734395216444
2.098111411807825
3.0412258938255645
-6.520378571291054
4.379220355998133
-2.787617782764963
-1.7500289822168873
1.6249282826791132
-8.2005336858466
-13.525481095548232
1.4834603852478383
-6.405270583218436
-2.875331527614268
-6.744919334018182
-2.3531790484952166
-2.969446332215753
-0.980609713688794
0.6214235287382577
0.6506071736040726
-6.469613416122276
-11.596550519173078
-3.107313292608662
-3.08679850894022
-10.94363590243602
2.9316463554062158
5.8675039182013835
-1.6434854679439463
12.567190480272806
16.41392843821923
9.051394903745779
0.10001348606774528
10.675794822181869
11.558679793739149
6.602555612551267
4.240821364470449
11.061653092233305
28.40106643158557
15.314865709438205
10.894395334705713
18.190484993815893
17.93710181787137
21.736710185058087
26.44220002483823
10.3416157851662
10.464634614148137
12.228424330224442
1.607829566321254
9.956161411532754
-4.384551230796643
3.5709914773546982
-0.6969726278358581
0.5987267055539821
11.041258579692366
-5.448898686479897
0.3025112959671708
2.566442534186568
-2.7050251530518645
6.594063354337997
7.92434817633052
8.232915764839948
8.874955639081207
15.350228478210573
2.8740909934947485
7.794183339564903
1.4264856765500191
-4.633567835715751
12.51057961653862
22.622198272563292
21.112064187514036
7.522189761379659
7.116983055334468
9.063095826295637
12.427250472032194
8.36304267976182
12.35136091016006
5.0400899352318165
-0.4133987061645059
-3.834769360764062
0.2718027118878804
1.5405417731457531
-7.359939106465406
6.484832316050824
1.0260345247869056
5.184312733830748
3.9133769779924648
3.219558463694904
2.61587137325152
9.89848407781492
5.124685476583896
11.664275255486366
3.429664048816005
17.26462132932595
10.691732196727273
-2.64628330358054
12.821567248613366
11.437758176231627
15.000462133419385
15.488199256784368
5.715862944091558
3.626608688519912
2.9787040269039537
0.03976659306344274
-0.4146031998381464
5.375944029596266
11.714176272754502
16.548441790435987
19.58410259833523
21.008607565272733
22.989066262287963
22.115406852478987
18.93440633892871
21.827897423804817
22.789091873352803
16.612394536709136
10.944930076200645
17.73348959093659
21.119718037094103
17.965767505251073
3.642370850345925
11.165881369882626
8.354757615051367
5.09106884276856
-4.414596145751472
6.673665175504478
32.55857616960371
24.2980628952702
18.20647934463056
2.7275927974879832
14.966174865871828
16.357931933644014
24.589780165204225
5.416922219974515
3.663761080221253
0.9809513875218212
